0.005
-0.00183
-0.00183
-0.00182
-0.00182
-0.00182
-0.00181
-0.00181
-0.00181
-0.0018
-0.0018
-0.0018
-0.00179
-0.00179
-0.00179
-0.00178
-0.00178
-0.00177
-0.00177
-0.00176
-0.00176
-0.00176
-0.00175
-0.00175
-0.00175
-0.00174
-0.00174
-0.00173
-0.00172
-0.00172
-0.00171
-0.0017
-0.00169
-0.00168
-0.00167
-0.00167
-0.00168
-0.00167
-0.00165
-0.00163
-0.00161
-0.00159
-0.00158
-0.0016
-0.00164
-0.00167
-0.00169
-0.00168
-0.00165
-0.00162
-0.00159
-0.00157
-0.00154
-0.00149
-0.00144
-0.00141
-0.00143
-0.00147
-0.00148
-0.00142
-0.00135
-0.00129
-0.00126
-0.00124
-0.00132
-0.00151
-0.00172
-0.00185
-0.00185
-0.00174
-0.00159
-0.00148
-0.00139
-0.00132
-0.00132
-0.00138
-0.00141
-0.00136
-0.00127
-0.00119
-0.00114
-0.00109
-0.00109
-0.00114
-0.00119
-0.00122
-0.00125
-0.00129
-0.00135
-0.0014
-0.00138
-0.00125
-0.0011
-0.00102
-0.00104
-0.0011
-0.00111
-0.0011
-0.00109
-0.00111
-0.00114
-0.00117
-0.0012
-0.00123
-0.00126
-0.0013
-0.00133
-0.00137
-0.00141
-0.00143
-0.00131
-0.00105
-0.00094
-0.001
-0.00104
-0.001
-0.00093
-0.00089
-0.00088
-0.00087
-0.0008
-0.00068
-0.00057
-0.00047
-0.00038
-0.00028
-0.00016
-0.00004
-0.00008
-0.00044
-0.00091
-0.00118
-0.00107
-0.0008
-0.00059
-0.00078
-0.00137
-0.00217
-0.00274
-0.00282
-0.00228
-0.00152
-0.00096
-0.00071
-0.00071
-0.00066
-0.00045
-0.00019
-0.00002
0.0001
0.00022
0.00032
0.00012
-0.0003
-0.00064
-0.00053
-0.00019
-0.00026
-0.0007
-0.00109
-0.00128
-0.0013
-0.00102
-0.00062
-0.00035
-0.00044
-0.0008
-0.00109
-0.00138
-0.00177
-0.00156
-0.00081
-0.00015
0.00025
0.00058
0.00077
0.00073
0.00048
0.00017
-0.0001
-0.00064
-0.00154
-0.00263
-0.00351
-0.00388
-0.00315
-0.00182
-0.00075
0.00025
0.0016
0.00262
0.00273
0.00199
0.0011
0.00059
0.00092
0.00158
0.00195
0.00203
0.00211
0.00193
0.00137
0.00077
0.00032
-0.00011
-0.00062
-0.00122
-0.00181
-0.00216
-0.00217
-0.00214
-0.00226
-0.00243
-0.00255
-0.0026
-0.00265
-0.00236
-0.00135
-0.00006
0.0009
0.00055
-0.00055
-0.00123
-0.00082
0.00018
0.00088
0.00116
0.0014
0.00145
0.00099
0.00041
0
-0.00033
-0.00074
-0.00126
-0.0018
-0.00194
-0.00126
-0.00036
0.00028
0.00074
0.00098
0.00075
0.00037
0.00016
0.00004
-0.00014
-0.00044
-0.00076
-0.00118
-0.00195
-0.00291
-0.00379
-0.00465
-0.00508
-0.00397
-0.00207
-0.00063
-0.00017
-0.00015
0.00022
0.00097
0.00171
0.00224
0.00266
0.00311
0.0026
-0.00014
-0.00445
-0.00783
-0.00682
-0.0025
0.0009
0.00161
-0.00025
-0.00225
-0.00288
-0.00256
-0.00215
-0.00137
-0.00032
0.00064
0.00133
0.0017
0.0016
0.00081
-0.00064
-0.0021
-0.00334
-0.00455
-0.00593
-0.00724
-0.00729
-0.00641
-0.00575
-0.00556
-0.00539
-0.00495
-0.00434
-0.00373
-0.00255
-0.00044
0.00184
0.00359
0.00447
0.00373
0.00121
-0.00136
-0.00321
-0.00487
-0.00675
-0.0082
-0.00816
-0.00644
-0.00393
-0.00177
-0.00035
0.00048
0.00079
0.0005
0.00017
0.00004
-0.00008
-0.00036
-0.00075
-0.00114
-0.00128
-0.00096
-0.00053
-0.00066
-0.00213
-0.00433
-0.00629
-0.00649
-0.00562
-0.00524
-0.00555
-0.00587
-0.00574
-0.00465
-0.00144
0.0029
0.00682
0.00904
0.00993
0.00982
0.00949
0.00953
0.00983
0.00988
0.00921
0.00705
0.00262
-0.00231
-0.00628
-0.00931
-0.01089
-0.0107
-0.00875
-0.00639
-0.00454
-0.00273
-0.00074
-0.00041
-0.0025
-0.00615
-0.00731
-0.00305
0.00332
0.00784
0.0096
0.01007
0.00897
0.00698
0.00532
0.00319
0.00101
0.00169
0.00417
0.00591
0.00609
0.00508
0.00264
-0.00023
-0.00249
-0.00389
-0.00497
-0.00607
-0.00707
-0.00756
-0.00683
-0.00523
-0.00275
0.00014
0.00267
0.00241
-0.00431
-0.01575
-0.02704
-0.02962
-0.02136
-0.01212
-0.00685
-0.00562
-0.00607
-0.00663
-0.00731
-0.00699
-0.0026
0.00529
0.01299
0.01841
0.01747
0.00816
-0.00221
-0.0097
-0.01404
-0.01498
-0.01412
-0.01226
-0.01013
-0.00814
-0.0072
-0.00708
-0.00735
-0.00747
-0.00742
-0.00749
-0.00828
-0.01
-0.01009
-0.00539
0.00108
0.00605
0.00746
0.00551
0.00093
-0.0035
-0.00673
-0.00971
-0.01224
-0.01414
-0.01608
-0.01829
-0.02049
-0.02247
-0.02271
-0.01727
-0.00237
0.01887
0.03791
0.04637
0.04365
0.03811
0.03209
0.02076
0.00508
-0.00834
-0.01323
-0.01469
-0.01906
-0.02609
-0.03315
-0.04198
-0.06756
-0.10281
-0.11749
-0.0917
-0.0349
0.01389
0.02308
0.00599
-0.00271
0.00672
0.01953
0.02283
0.01086
-0.01562
-0.03352
-0.01561
0.0255
0.05462
0.05498
0.0389
0.01751
-0.00323
-0.01811
-0.02713
-0.03836
-0.05781
-0.10958
-0.24091
-0.27893
-0.03976
0.16742
0.11975
0.01671
0.08573
0.21924
0.23225
0.11691
-0.03364
-0.10541
-0.09611
-0.06601
-0.04478
-0.04138
-0.04539
-0.03486
0.00233
0.03356
0.02968
-0.02066
-0.13129
-0.23534
-0.18467
-0.09116
-0.10542
-0.09123
0.02693
0.12118
0.1036
0.02481
-0.02347
-0.01139
0.01488
0.0205
0.0207
0.03659
0.05597
0.0605
0.04952
0.03627
0.00894
-0.08469
-0.21079
-0.28874
-0.28954
-0.22423
-0.11135
0.01916
0.1198
0.13716
0.12629
0.10523
0.06796
0.03532
0.01673
0.00391
-0.01239
-0.02925
-0.03475
-0.02397
-0.00077
0.02559
0.04388
0.04159
0.01486
-0.03947
-0.08436
-0.09933
-0.09572
-0.08353
-0.06188
-0.02773
0.01153
0.0308
0.02703
0.01628
0.00868
-0.00013
-0.01381
-0.02829
-0.0342
-0.02471
0.00337
0.04556
0.07836
0.07842
0.05918
0.03192
0.00347
-0.00914
-0.00173
0.02076
0.04952
0.06592
0.06442
0.04733
0.0197
-0.00518
-0.02358
-0.0408
-0.0576
-0.07075
-0.07515
-0.06091
-0.03777
-0.01696
-0.00035
0.00432
-0.0178
-0.06309
-0.10948
-0.13436
-0.12078
-0.0724
-0.00772
0.03242
0.04296
0.03312
0.00709
-0.03479
-0.05941
-0.05307
-0.03085
-0.00315
0.02628
0.04518
0.04893
0.04943
0.04727
0.03521
0.01913
0.00541
-0.00462
-0.01124
-0.01305
-0.01271
-0.01368
-0.01575
-0.01743
-0.01873
-0.02285
-0.03421
-0.05255
-0.06797
-0.07215
-0.05933
-0.03028
0.02881
0.06373
0.06044
0.03595
0.00689
-0.04935
-0.09353
-0.10387
-0.07749
-0.03889
0.00379
0.04622
0.08548
0.11413
0.12209
0.11057
0.08809
0.04705
-0.0023
-0.04619
-0.07878
-0.10039
-0.11148
-0.09338
-0.02606
0.03287
0.03984
0.01186
-0.01793
-0.03092
-0.03129
-0.02331
-0.00694
0.00816
0.01714
0.01308
-0.01723
-0.07093
-0.11956
-0.13091
-0.10692
-0.06613
-0.02822
-0.0051
-0.00351
-0.01485
-0.02058
-0.02057
-0.02098
-0.01307
0.00227
0.01633
0.02687
0.03717
0.04695
0.05216
0.05406
0.05538
0.05623
0.0541
0.0473
0.03801
0.03152
0.02718
0.02103
0.0125
0.00307
-0.00385
-0.00542
-0.00552
-0.00837
-0.01766
-0.03916
-0.06085
-0.06352
-0.05252
-0.04355
-0.04427
-0.05255
-0.06087
-0.06255
-0.05034
-0.01708
0.02592
0.06551
0.08776
0.0834
0.06545
0.04102
0.01937
0.0112
0.01137
0.00688
-0.0064
-0.02765
-0.05245
-0.07799
-0.0922
-0.08209
-0.04761
0.00169
0.03975
0.04317
0.01905
-0.01661
-0.04453
-0.05404
-0.04379
-0.01707
0.01679
0.05134
0.06846
0.06578
0.04926
0.0232
-0.01623
-0.07132
-0.13848
-0.16111
-0.12322
-0.05979
0.00352
0.03877
0.04088
0.04222
0.06158
0.08953
0.11176
0.12473
0.12991
0.13139
0.12319
0.08894
0.02377
-0.03963
-0.07111
-0.06595
-0.04128
-0.00099
0.05083
0.09608
0.12608
0.14118
0.13862
0.12968
0.12599
0.12575
0.12295
0.11049
0.08056
0.03588
-0.00795
-0.04202
-0.0515
-0.04105
-0.02641
-0.01869
-0.01968
-0.02322
-0.02973
-0.06044
-0.10019
-0.12027
-0.10452
-0.07402
-0.05165
-0.03917
-0.02598
-0.0061
0.01768
0.03727
0.04547
0.04531
0.04601
0.05123
0.06115
0.08043
0.10669
0.12251
0.11724
0.10581
0.09987
0.10576
0.12214
0.13674
0.12953
0.09432
0.04575
-0.00162
-0.05504
-0.11828
-0.18429
-0.23885
-0.27119
-0.27532
-0.22294
-0.14327
-0.06027
0.01792
0.07379
0.10615
0.09493
0.04911
0.00798
-0.01639
-0.03791
-0.06478
-0.09224
-0.10404
-0.09439
-0.06506
-0.02399
0.01397
0.03415
0.03108
0.01533
0.00436
0.00589
0.02387
0.05306
0.08133
0.09913
0.10515
0.1082
0.1159
0.12658
0.13202
0.12425
0.10254
0.07382
0.05655
0.05969
0.07056
0.07849
0.0885
0.10349
0.12046
0.13699
0.15148
0.15621
0.14203
0.10529
0.05073
-0.00645
-0.04973
-0.08091
-0.10513
-0.12421
-0.13595
-0.13837
-0.1314
-0.10884
-0.05935
0.01268
0.07578
0.12195
0.14874
0.15322
0.14603
0.13568
0.12289
0.10532
0.08504
0.06812
0.06407
0.08515
0.1305
0.18046
0.21223
0.22228
0.21369
0.17052
0.09553
0.01366
-0.04342
-0.04423
-0.00625
0.03094
0.05809
0.07731
0.08286
0.08049
0.08333
0.09971
0.12267
0.13258
0.1289
0.1277
0.1353
0.14542
0.15286
0.16001
0.15496
0.11962
0.06855
0.02977
0.01078
0.00678
0.01608
0.03202
0.04244
0.03845
0.01425
-0.01997
-0.05337
-0.06799
-0.06384
-0.06173
-0.06983
-0.08028
-0.07961
-0.05818
-0.02061
0.01898
0.06544
0.11194
0.14451
0.16932
0.19696
0.22066
0.23396
0.23835
0.2388
0.23704
0.2277
0.20678
0.17928
0.15553
0.14487
0.14753
0.16063
0.1844
0.21743
0.25171
0.26923
0.2669
0.25552
0.24519
0.2456
0.26084
0.28435
0.31416
0.3366
0.32821
0.26885
0.16374
0.03681
-0.09248
-0.16692
-0.16865
-0.10888
-0.00689
0.09718
0.14877
0.14017
0.10618
0.08697
0.08767
0.09577
0.11001
0.12374
0.13546
0.15031
0.16921
0.18954
0.20827
0.21877
0.21572
0.19701
0.16159
0.12345
0.09549
0.0829
0.08288
0.08769
0.09225
0.09545
0.09861
0.09749
0.09354
0.10077
0.12772
0.16393
0.18148
0.16307
0.11686
0.07541
0.05222
0.04855
0.05054
0.04362
0.02881
0.00977
-0.0155
-0.04368
-0.06689
-0.08522
-0.09829
-0.09996
-0.08288
-0.06367
-0.05676
-0.05689
-0.04943
-0.02814
0.00264
0.03626
0.0643
0.07897
0.08624
0.09474
0.10644
0.11846
0.12837
0.13713
0.14747
0.15921
0.17185
0.18814
0.21048
0.23737
0.2639
0.28401
0.28774
0.27707
0.26116
0.24831
0.24197
0.24524
0.25266
0.25598
0.2484
0.22976
0.21084
0.19962
0.19547
0.18917
0.16424
0.1138
0.04452
-0.01272
-0.04435
-0.05987
-0.0675
-0.07196
-0.07008
-0.06513
-0.06215
-0.06145
-0.06101
-0.05957
-0.05797
-0.05741
-0.05746
-0.05664
-0.05309
-0.04181
-0.02001
0.00301
0.01344
0.01017
0.00662
0.00987
0.0188
0.03306
0.05336
0.07645
0.09684
0.10969
0.11372
0.11568
0.1221
0.13346
0.14688
0.16013
0.17337
0.18607
0.19561
0.20329
0.21005
0.21625
0.22016
0.21909
0.21452
0.20985
0.20504
0.19404
0.175
0.1498
0.12352
0.09936
0.08111
0.07539
0.07674
0.07578
0.07185
0.06621
0.05687
0.03647
0.00217
-0.03357
-0.06106
-0.08331
-0.10179
-0.11797
-0.13036
-0.13147
-0.12405
-0.11728
-0.11468
-0.11565
-0.11591
-0.11402
-0.11308
-0.1123
-0.10801
-0.102
-0.09735
-0.09572
-0.09816
-0.1038
-0.11255
-0.12745
-0.1468
-0.16813
-0.19124
-0.21168
-0.22769
-0.24132
-0.25339
-0.26282
-0.2713
-0.28049
-0.29067
-0.30156
-0.31412
-0.32949
-0.34569
-0.36169
-0.37381
-0.37426
-0.36408
-0.3537
-0.34894
-0.35319
-0.36425
-0.37783
-0.39342
-0.40899
-0.42336
-0.43731
-0.44904
-0.44657
-0.4264
-0.39778
-0.36025
-0.31959
-0.28095
-0.24428
-0.20846
-0.17793
-0.15451
-0.14125
-0.13821
-0.13867
-0.138
-0.13633
-0.13466
-0.13264
-0.12796
-0.1174
-0.10376
-0.09177
-0.08531
-0.08358
-0.08255
-0.08109
-0.08009
-0.08004
-0.08057
-0.08162
-0.08327
-0.08499
-0.08648
-0.0879
-0.08942
-0.0914
-0.09449
-0.09865
-0.10362
-0.10917
-0.11483
-0.12034
-0.12586
-0.13144
-0.13659
-0.13929
-0.13904
-0.13655
-0.13335
-0.13006
-0.12779
-0.1267
-0.12718
-0.13065
-0.13741
-0.14438
-0.1465
-0.1413
-0.13148
-0.12275
-0.11678
-0.11188
-0.10667
-0.10249
-0.09997
-0.0989
-0.09858
-0.09843
-0.09803
-0.09775
-0.09828
-0.10081
-0.10599
-0.11472
-0.12681
-0.14027
-0.15301
-0.16516
-0.17813
-0.19222
-0.20294
-0.20763
-0.20796
-0.2065
-0.20595
-0.20627
-0.20607
-0.20484
-0.20295
-0.19995
-0.19595
-0.19207
-0.18867
-0.1853
-0.18165
-0.1778
-0.17309
-0.16287
-0.14882
-0.13603
-0.12569
-0.11667
-0.10963
-0.10335
-0.09636
-0.08835
-0.07957
-0.07098
-0.06294
-0.05507
-0.04723
-0.04109
-0.03694
-0.03347
-0.02881
-0.02192
-0.01289
-0.00214
0.00928
0.02053
0.02976
0.03752
0.04438
0.05019
0.05359
0.05408
0.0512
0.04469
0.03491
0.02293
0.00904
-0.00765
-0.0283
-0.05288
-0.08332
-0.11661
-0.14858
-0.17906
-0.2035
-0.21367
-0.21391
-0.21392
-0.21499
-0.21469
-0.21243
-0.20919
-0.20602
-0.20365
-0.20245
-0.20295
-0.2048
-0.20727
-0.20951
-0.21152
-0.21364
-0.21525
-0.21559
-0.21412
-0.21091
-0.20625
-0.19979
-0.19143
-0.1803
-0.16688
-0.14933
-0.12998
-0.11221
-0.09681
-0.0844
-0.0739
-0.0645
-0.05686
-0.05205
-0.05064
-0.05193
-0.0545
-0.05663
-0.05829
-0.06025
-0.06277
-0.0655
-0.06839
-0.07301
-0.07891
-0.08429
-0.08774
-0.09029
-0.09341
-0.09666
-0.09998
-0.10513
-0.11439
-0.12845
-0.14481
-0.16273
-0.18294
-0.20353
-0.22157
-0.23499
-0.24502
-0.25226
-0.25801
-0.26348
-0.26854
-0.27249
-0.27451
-0.27445
-0.27233
-0.26838
-0.26321
-0.25652
-0.24817
-0.23836
-0.22817
-0.2187
-0.20877
-0.19452
-0.17448
-0.14282
-0.09592
-0.04694
-0.00238
0.03922
0.07365
0.09569
0.1038
0.10379
0.09528
0.07909
0.06335
0.0519
0.04458
0.04318
0.04914
0.0589
0.06782
0.07508
0.07985
0.08102
0.08173
0.08404
0.08726
0.08993
0.09176
0.0945
0.09892
0.10187
0.10177
0.09817
0.09106
0.08024
0.06695
0.05346
0.04066
0.0279
0.015
-0.00032
-0.02056
-0.04535
-0.07347
-0.10028
-0.12696
-0.15038
-0.16619
-0.17563
-0.18045
-0.17912
-0.17329
-0.16765
-0.16339
-0.15906
-0.15469
-0.15058
-0.14724
-0.14345
-0.13637
-0.12462
-0.10896
-0.09136
-0.07264
-0.05111
-0.02899
-0.00868
0.0087
0.02042
0.02985
0.04005
0.05041
0.0581
0.06272
0.06561
0.06766
0.06781
0.06658
0.06556
0.06536
0.06566
0.06623
0.06707
0.06841
0.07119
0.07543
0.08121
0.08771
0.09468
0.10138
0.10698
0.11101
0.11341
0.11458
0.11491
0.11419
0.11281
0.1115
0.11037
0.10924
0.10829
0.10855
0.11052
0.11353
0.11697
0.12147
0.12761
0.1351
0.14257
0.14954
0.15645
0.16352
0.17029
0.17631
0.18082
0.18346
0.1839
0.18396
0.18479
0.18591
0.18662
0.18701
0.18827
0.19061
0.19301
0.19476
0.19577
0.19572
0.19493
0.19432
0.19407
0.19376
0.19296
0.19126
0.18787
0.18286
0.17661
0.16845
0.15794
0.14492
0.1293
0.11105
0.08871
0.06407
0.04167
0.0243
0.00991
-0.00434
-0.01748
-0.02885
-0.03885
-0.0466
-0.05227
-0.05659
-0.05975
-0.06206
-0.06435
-0.06684
-0.06923
-0.07139
-0.07343
-0.07536
-0.07609
-0.07501
-0.07054
-0.05734
-0.03543
-0.00943
0.02326
0.06017
0.09103
0.1135
0.12769
0.13517
0.13596
0.13084
0.1251
0.12176
0.11986
0.11844
0.11729
0.11597
0.11396
0.11011
0.10425
0.09687
0.08927
0.08282
0.07795
0.07474
0.07332
0.07347
0.07362
0.07323
0.07283
0.07263
0.07265
0.07435
0.07847
0.08615
0.09619
0.10667
0.11546
0.1226
0.12756
0.13061
0.13221
0.1328
0.13341
0.13425
0.13492
0.13528
0.13455
0.13089
0.12585
0.12134
0.11682
0.1132
0.112
0.11439
0.11822
0.121
0.1227
0.12414
0.12478
0.12441
0.12402
0.124
0.12401
0.12376
0.12333
0.12291
0.12249
0.12198
0.12143
0.12062
0.11891
0.11652
0.1141
0.11256
0.11278
0.11528
0.11812
0.12008
0.12176
0.12314
0.12262
0.12099
0.11983
0.11927
0.11885
0.11958
0.12119
0.1226
0.12403
0.12595
0.12664
0.12566
0.1246
0.12423
0.12405
0.12441
0.12581
0.12737
0.12849
0.12925
0.12904
0.12749
0.12581
0.12468
0.12373
0.12252
0.12104
0.11953
0.11778
0.11535
0.11268
0.11024
0.10795
0.10558
0.10309
0.10055
0.09796
0.09523
0.09244
0.08947
0.08583
0.08183
0.07799
0.07435
0.07068
0.06687
0.06301
0.06001
0.05877
0.05803
0.05669
0.05496
0.05362
0.05315
0.05378
0.05502
0.05602
0.05668
0.05738
0.05832
0.05938
0.0604
0.05996
0.05648
0.05071
0.04408
0.03725
0.03175
0.02814
0.02583
0.02367
0.02119
0.01838
0.01597
0.01473
0.01542
0.01795
0.02382
0.03158
0.0386
0.04472
0.05104
0.05782
0.06217
0.06253
0.06225
0.06304
0.06326
0.06336
0.06506
0.06937
0.07502
0.08081
0.08559
0.08864
0.09009
0.09012
0.08917
0.08772
0.08587
0.08297
0.07826
0.07071
0.06031
0.04801
0.03477
0.02162
0.00851
-0.00482
-0.01759
-0.02816
-0.0362
-0.04215
-0.04623
-0.04865
-0.05097
-0.05375
-0.05661
-0.05995
-0.0639
-0.06783
-0.07144
-0.07448
-0.07623
-0.07743
-0.07901
-0.08096
-0.08299
-0.08547
-0.08908
-0.09353
-0.09785
-0.10202
-0.10641
-0.11029
-0.11297
-0.11411
-0.11363
-0.11169
-0.1084
-0.10344
-0.09615
-0.0882
-0.0809
-0.07395
-0.06691
-0.06021
-0.05428
-0.04977
-0.04619
-0.04283
-0.03876
-0.03307
-0.02313
-0.00786
0.00857
0.02307
0.03506
0.04153
0.03909
0.02996
0.01646
0.00171
-0.01246
-0.02288
-0.02831
-0.03098
-0.0339
-0.03803
-0.04217
-0.04609
-0.05165
-0.05921
-0.0678
-0.07715
-0.08602
-0.09273
-0.09678
-0.09932
-0.10167
-0.10454
-0.10823
-0.11256
-0.11667
-0.12101
-0.12642
-0.13034
-0.13168
-0.13058
-0.12767
-0.12338
-0.11847
-0.11315
-0.10683
-0.09922
-0.08987
-0.07574
-0.05627
-0.0349
-0.01371
0.00427
0.01431
0.01651
0.01239
0.0054
-0.00053
-0.00617
-0.01185
-0.01544
-0.01656
-0.01563
-0.01259
-0.00859
-0.00503
-0.00283
-0.00187
-0.00129
-0.00412
-0.01195
-0.02172
-0.03025
-0.03891
-0.04869
-0.0585
-0.06725
-0.07468
-0.08062
-0.08412
-0.08435
-0.08012
-0.07339
-0.06669
-0.06076
-0.05474
-0.04725
-0.03847
-0.02963
-0.02037
-0.01045
-0.00171
0.00508
0.00944
0.01232
0.01421
0.01561
0.01666
0.01703
0.01693
0.01727
0.01855
0.02083
0.02303
0.02412
0.02332
0.02069
0.01608
0.01064
0.00531
-0.00021
-0.00709
-0.01564
-0.02527
-0.03641
-0.0489
-0.06096
-0.06975
-0.07602
-0.08178
-0.08693
-0.09067
-0.09294
-0.0938
-0.09332
-0.09164
-0.08904
-0.08596
-0.08153
-0.0743
-0.065
-0.05534
-0.04651
-0.03846
-0.03118
-0.02424
-0.01772
-0.01124
-0.00432
0.00252
0.00888
0.01494
0.02077
0.02584
0.03038
0.0349
0.03983
0.04491
0.04812
0.04894
0.04708
0.04155
0.03149
0.01824
0.00306
-0.0121
-0.02448
-0.03359
-0.04049
-0.04651
-0.05187
-0.0561
-0.05941
-0.06281
-0.06682
-0.07124
-0.07551
-0.0791
-0.08158
-0.08266
-0.08228
-0.08017
-0.07556
-0.06689
-0.05356
-0.03534
-0.01304
0.00974
0.03185
0.05361
0.07059
0.08078
0.08572
0.08739
0.08729
0.08361
0.07652
0.06817
0.05969
0.05049
0.03966
0.02676
0.01026
-0.00739
-0.02706
-0.04547
-0.05955
-0.0694
-0.07436
-0.07463
-0.07186
-0.06683
-0.06122
-0.05574
-0.05079
-0.04526
-0.0373
-0.02764
-0.01806
-0.01022
-0.00377
0.00195
0.00749
0.01396
0.02193
0.03229
0.04392
0.05539
0.06589
0.07588
0.08601
0.09627
0.10604
0.11464
0.11971
0.12162
0.1212
0.12064
0.12135
0.12294
0.12389
0.12263
0.11876
0.11202
0.10382
0.09508
0.08518
0.07442
0.06365
0.05312
0.04211
0.03168
0.02313
0.01636
0.01031
0.00439
-0.00221
-0.00994
-0.01856
-0.02721
-0.03542
-0.0427
-0.0465
-0.04647
-0.04212
-0.03432
-0.024
-0.0118
0.00193
0.0138
0.02348
0.0307
0.03467
0.03748
0.04036
0.04371
0.0475
0.05197
0.05673
0.06051
0.06292
0.06414
0.06529
0.06684
0.06844
0.06933
0.06863
0.06658
0.06389
0.06122
0.05832
0.05439
0.04786
0.03841
0.0271
0.01423
-0.00017
-0.0158
-0.0316
-0.04456
-0.05357
-0.0591
-0.06155
-0.06097
-0.05749
-0.05274
-0.0502
-0.04995
-0.05058
-0.05117
-0.05167
-0.05194
-0.05187
-0.05118
-0.04909
-0.04531
-0.0382
-0.02855
-0.01824
-0.00675
0.00806
0.0241
0.03767
0.04832
0.05505
0.05851
0.05915
0.05733
0.0542
0.05128
0.0491
0.04748
0.04573
0.04338
0.03984
0.03478
0.02762
0.02018
0.0146
0.01194
0.01029
0.00758
0.0036
-0.0011
-0.00724
-0.01439
-0.02127
-0.02689
-0.03091
-0.033
-0.03297
-0.03131
-0.02773
-0.02306
-0.01819
-0.01359
-0.00972
-0.00597
-0.0016
0.00431
0.01203
0.02065
0.0288
0.0354
0.04079
0.04464
0.04615
0.04401
0.03836
0.03083
0.02349
0.01718
0.01183
0.00804
0.0059
0.00512
0.00554
0.00661
0.00802
0.00903
0.00915
0.00831
0.00665
0.0042
0.00069
-0.00394
-0.00885
-0.01324
-0.01688
-0.02008
-0.02258
-0.02323
-0.0214
-0.01736
-0.01109
-0.00298
0.0058
0.01411
0.02162
0.02917
0.03727
0.04558
0.05349
0.061
0.06788
0.0738
0.07801
0.08049
0.08073
0.07935
0.0767
0.07343
0.06993
0.06601
0.06172
0.05746
0.05397
0.05142
0.04963
0.04789
0.04575
0.04276
0.03915
0.0353
0.03094
0.0258
0.02064
0.01584
0.01109
0.00588
0.00063
-0.00387
-0.00752
-0.01045
-0.01232
-0.01305
-0.01255
-0.01105
-0.00833
-0.00569
-0.00415
-0.00414
-0.00542
-0.00775
-0.00998
-0.01116
-0.01045
-0.00827
-0.00455
0.00042
0.00613
0.0118
0.01731
0.02253
0.02528
0.02606
0.02601
0.02549
0.02412
0.0216
0.01794
0.01309
0.00713
0.00016
-0.00782
-0.01563
-0.02227
-0.02814
-0.03306
-0.03611
-0.03847
-0.04122
-0.04428
-0.04713
-0.04961
-0.05195
-0.05437
-0.0568
-0.059
-0.0608
-0.06159
-0.06097
-0.05861
-0.05538
-0.05217
-0.04814
-0.04293
-0.03761
-0.03296
-0.02923
-0.02631
-0.02411
-0.02275
-0.02218
-0.02227
-0.02326
-0.02551
-0.02858
-0.03166
-0.03399
-0.03515
-0.03514
-0.03361
-0.0307
-0.02726
-0.02368
-0.0197
-0.01573
-0.01236
-0.01037
-0.00994
-0.01082
-0.01279
-0.01575
-0.01946
-0.02325
-0.02657
-0.02938
-0.03204
-0.03495
-0.03748
-0.03869
-0.03856
-0.03771
-0.03585
-0.03301
-0.02952
-0.02554
-0.02105
-0.01672
-0.01316
-0.01072
-0.00874
-0.00665
-0.00435
-0.00204
0.00024
0.00301
0.0073
0.01213
0.01622
0.01965
0.0229
0.02521
0.02646
0.0268
0.02615
0.02456
0.02279
0.02109
0.01904
0.01729
0.01663
0.01716
0.01851
0.02055
0.02307
0.02594
0.02871
0.03061
0.03044
0.02825
0.02403
0.01823
0.01183
0.00514
-0.00299
-0.01169
-0.01834
-0.02221
-0.02475
-0.02684
-0.02821
-0.02825
-0.02759
-0.0269
-0.0258
-0.02401
-0.02165
-0.01882
-0.01558
-0.01258
-0.01024
-0.00891
-0.00824
-0.00811
-0.00906
-0.01115
-0.01387
-0.01663
-0.01927
-0.02159
-0.02382
-0.02618
-0.02848
-0.03056
-0.03314
-0.03631
-0.03972
-0.04366
-0.04805
-0.05201
-0.05551
-0.05891
-0.06158
-0.0634
-0.06477
-0.06591
-0.06664
-0.06657
-0.06577
-0.0645
-0.06277
-0.06024
-0.05612
-0.05024
-0.04182
-0.03134
-0.01921
-0.00674
0.00646
0.02029
0.03302
0.04436
0.05357
0.06116
0.06564
0.06734
0.06699
0.06517
0.0616
0.05659
0.05103
0.04578
0.04088
0.0362
0.03215
0.02973
0.02924
0.02983
0.03053
0.03055
0.02985
0.02891
0.0287
0.02924
0.02977
0.03048
0.03191
0.03391
0.03548
0.03509
0.03301
0.02973
0.02452
0.01785
0.01165
0.00603
0.0001
-0.00649
-0.01415
-0.02267
-0.03035
-0.03652
-0.04157
-0.04518
-0.04684
-0.04614
-0.04275
-0.03651
-0.02854
-0.0201
-0.01126
-0.00201
0.00726
0.01638
0.02546
0.034
0.04168
0.04799
0.05301
0.05643
0.05878
0.06035
0.06064
0.05972
0.05805
0.0558
0.05279
0.04908
0.04444
0.03789
0.02999
0.02136
0.01092
-0.00119
-0.01307
-0.02316
-0.0317
-0.0393
-0.04538
-0.04977
-0.0529
-0.05563
-0.05824
-0.06037
-0.06155
-0.06178
-0.06049
-0.0577
-0.05373
-0.04907
-0.04368
-0.0373
-0.03047
-0.02394
-0.01744
-0.01035
-0.00291
0.00396
0.00918
0.01315
0.01654
0.02049
0.02525
0.02994
0.03395
0.03726
0.03993
0.04155
0.04099
0.03809
0.03341
0.02789
0.02204
0.01631
0.01107
0.0067
0.00343
0.00095
-0.0013
-0.00362
-0.00587
-0.00762
-0.00858
-0.00869
-0.00744
-0.0045
-0.0007
0.00318
0.00816
0.0147
0.02184
0.02919
0.03722
0.0453
0.0525
0.05691
0.05888
0.06016
0.06151
0.0629
0.0643
0.06584
0.06756
0.06931
0.07076
0.07167
0.07179
0.07077
0.06889
0.06692
0.06532
0.06399
0.06274
0.06159
0.0607
0.05912
0.05611
0.05208
0.04712
0.04059
0.03305
0.02564
0.01873
0.01108
0.00313
-0.00312
-0.00752
-0.01092
-0.01343
-0.01549
-0.01746
-0.01951
-0.02158
-0.02354
-0.0252
-0.02641
-0.02682
-0.02643
-0.02495
-0.02262
-0.01992
-0.01751
-0.01557
-0.01425
-0.01325
-0.01228
-0.01141
-0.01042
-0.00848
-0.00619
-0.0044
-0.00314
-0.00217
-0.00165
-0.00192
-0.00338
-0.00585
-0.00897
-0.01267
-0.0173
-0.02227
-0.02526
-0.02581
-0.02434
-0.02107
-0.01649
-0.01148
-0.00639
-0.00112
0.00342
0.00643
0.00805
0.00925
0.01054
0.01285
0.0167
0.02182
0.02728
0.03175
0.03482
0.03653
0.0378
0.03901
0.04002
0.0407
0.04112
0.04148
0.04181
0.04175
0.04136
0.04098
0.04059
0.04018
0.04019
0.04059
0.04101
0.04105
0.04062
0.0397
0.03798
0.03488
0.03119
0.02685
0.02082
0.01304
0.00441
-0.00417
-0.01325
-0.0226
-0.03075
-0.03687
-0.04113
-0.04353
-0.04371
-0.04157
-0.03752
-0.03218
-0.02646
-0.02082
-0.01515
-0.00887
-0.00182
0.00512
0.01161
0.01793
0.02379
0.02844
0.03186
0.03423
0.03515
0.03443
0.03234
0.02899
0.02447
0.01931
0.0137
0.00757
0.00225
-0.00194
-0.00553
-0.00786
-0.00844
-0.00747
-0.00532
-0.00175
0.00253
0.00683
0.01131
0.016
0.02053
0.02418
0.02661
0.02813
0.029
0.02924
0.02918
0.02912
0.02896
0.02887
0.02918
0.02966
0.03011
0.03094
0.03205
0.03289
0.03334
0.03368
0.03449
0.03558
0.03646
0.03713
0.03771
0.03801
0.03828
0.03892
0.04032
0.04214
0.04354
0.04403
0.04349
0.04229
0.0406
0.03808
0.035
0.03185
0.02914
0.02675
0.02445
0.02234
0.02046
0.01857
0.01715
0.01662
0.0166
0.0167
0.01691
0.01689
0.01631
0.01503
0.01321
0.01085
0.00828
0.00566
0.00289
0.00005
-0.00278
-0.00573
-0.00874
-0.01164
-0.01411
-0.01596
-0.01713
-0.01846
-0.02019
-0.02171
-0.02279
-0.02362
-0.02401
-0.02404
-0.02384
-0.02358
-0.02321
-0.02233
-0.02121
-0.02042
-0.01979
-0.01901
-0.01855
-0.01843
-0.01827
-0.01798
-0.01776
-0.01786
-0.01837
-0.0193
-0.02037
-0.02148
-0.02285
-0.02416
-0.0251
-0.02626
-0.0279
-0.02988
-0.03249
-0.03572
-0.03911
-0.04229
-0.04506
-0.0465
-0.04674
-0.04653
-0.04699
-0.04799
-0.04827
-0.04779
-0.04721
-0.04625
-0.04466
-0.04275
-0.04091
-0.03916
-0.03732
-0.03537
-0.03355
-0.0321
-0.03099
-0.02963
-0.02781
-0.02585
-0.0241
-0.02258
-0.0207
-0.01859
-0.01721
-0.01701
-0.01766
-0.01844
-0.01903
-0.01957
-0.02029
-0.02118
-0.02198
-0.0225
-0.02267
-0.02257
-0.02216
-0.02115
-0.01972
-0.01808
-0.01603
-0.01388
-0.01259
-0.01235
-0.01311
-0.01533
-0.01883
-0.0227
-0.02621
-0.02877
-0.02962
-0.02935
-0.02851
-0.02732
-0.0258
-0.02408
-0.02261
-0.02181
-0.02138
-0.02117
-0.02164
-0.02277
-0.02417
-0.02535
-0.0265
-0.02812
-0.03002
-0.03182
-0.03342
-0.03462
-0.03517
-0.0356
-0.03619
-0.03661
-0.0371
-0.03816
-0.04002
-0.0423
-0.04463
-0.04677
-0.04878
-0.05063
-0.05175
-0.0517
-0.05075
-0.04954
-0.04827
-0.04702
-0.04586
-0.04473
-0.04359
-0.04247
-0.04156
-0.04091
-0.04038
-0.03963
-0.03843
-0.0366
-0.03415
-0.03147
-0.02939
-0.02846
-0.02763
-0.0261
-0.02417
-0.02245
-0.02112
-0.02035
-0.02026
-0.02104
-0.0225
-0.02434
-0.02607
-0.02754
-0.02888
-0.02996
-0.0306
-0.03084
-0.03093
-0.03097
-0.03093
-0.03079
-0.03065
-0.03095
-0.03214
-0.03385
-0.03545
-0.03647
-0.03741
-0.03882
-0.03993
-0.04025
-0.04016
-0.03956
-0.03807
-0.03551
-0.03207
-0.02733
-0.02207
-0.01718
-0.01284
-0.0087
-0.00461
-0.00136
0.00016
0.00091
0.00166
0.00161
0.0005
-0.00115
-0.00273
-0.00411
-0.00545
-0.00696
-0.00867
-0.01052
-0.01232
-0.01394
-0.01578
-0.01787
-0.0197
-0.0208
-0.02121
-0.02106
-0.02046
-0.01949
-0.01821
-0.01678
-0.01569
-0.01493
-0.01426
-0.01368
-0.01331
-0.01305
-0.01287
-0.01281
-0.01269
-0.01236
-0.0121
-0.01177
-0.0109
-0.00919
-0.00691
-0.00417
-0.00122
0.00173
0.00494
0.00851
0.01162
0.01396
0.01562
0.01641
0.01614
0.01472
0.01257
0.01006
0.00727
0.00439
0.00199
0.00015
-0.00138
-0.00284
-0.00386
-0.0039
-0.00327
-0.00226
-0.00038
0.00203
0.00414
0.0058
0.00721
0.00802
0.008
0.00709
0.00556
0.00345
0.00047
-0.00295
-0.00629
-0.01003
-0.01372
-0.0163
-0.01787
-0.01887
-0.01914
-0.01859
-0.01711
-0.01511
-0.0131
-0.01149
-0.00967
-0.0069
-0.0035
-0.00008
0.00344
0.0069
0.00987
0.01261
0.01545
0.01838
0.02145
0.02508
0.02855
0.03121
0.03327
0.03487
0.03556
0.03546
0.03479
0.03382
0.03284
0.03231
0.03207
0.03176
0.03118
0.03013
0.0284
0.02665
0.0252
0.02342
0.021
0.01817
0.0155
0.013
0.01032
0.00724
0.00399
0.00099
-0.00165
-0.00388
-0.00489
-0.00498
-0.00492
-0.00495
-0.0049
-0.00472
-0.00452
-0.00437
-0.00396
-0.00307
-0.00207
-0.00095
0.00051
0.00125
0.00097
0.00055
0.00005
-0.00126
-0.00327
-0.00546
-0.00764
-0.00995
-0.01249
-0.01482
-0.01652
-0.01737
-0.01745
-0.01698
-0.01602
-0.01447
-0.01217
-0.01024
-0.00919
-0.00864
-0.00777
-0.00614
-0.00427
-0.00263
-0.00105
0.00044
0.00148
0.00157
0.00084
-0.00051
-0.00181
-0.00229
-0.0017
-0.00037
0.00131
0.00304
0.00474
0.00561
0.00529
0.00398
0.00228
0.00036
-0.00108
-0.00162
-0.00124
-0.00054
0
0.00005
-0.00038
-0.00147
-0.00278
-0.0038
-0.00423
-0.00417
-0.00371
-0.00283
-0.00157
0.0001
0.00196
0.00373
0.00506
0.00577
0.0056
0.005
0.00463
0.00506
0.00604
0.00689
0.00708
0.0063
0.00445
0.00186
-0.00101
-0.00402
-0.00715
-0.00971
-0.01132
-0.01192
-0.01161
-0.01059
-0.00819
-0.00491
-0.00179
0.00053
0.00205
0.00274
0.00272
0.00154
-0.00066
-0.00342
-0.00654
-0.00973
-0.01262
-0.015
-0.01687
-0.01814
-0.01868
-0.01846
-0.01768
-0.01677
-0.01601
-0.01478
-0.01274
-0.01085
-0.00941
-0.0078
-0.00613
-0.00479
-0.00321
-0.00112
0.00102
0.00302
0.00506
0.00706
0.00884
0.01016
0.0109
0.01079
0.00944
0.00719
0.00493
0.00346
0.00292
0.00297
0.00332
0.00429
0.00521
0.00536
0.00489
0.00399
0.00196
-0.00142
-0.00572
-0.01001
-0.01397
-0.01783
-0.02143
-0.02489
-0.02846
-0.03197
-0.035
-0.0371
-0.03789
-0.0374
-0.03589
-0.03368
-0.03122
-0.02884
-0.0266
-0.02461
-0.02301
-0.022
-0.02165
-0.02213
-0.02364
-0.02596
-0.02856
-0.03024
-0.03044
-0.02963
-0.02844
-0.02654
-0.02436
-0.02251
-0.02091
-0.01944
-0.01843
-0.01762
-0.01657
-0.01528
-0.01388
-0.01234
-0.01086
-0.00979
-0.00947
-0.00975
-0.01014
-0.01034
-0.01042
-0.01065
-0.0112
-0.01223
-0.01368
-0.01534
-0.01649
-0.01687
-0.0166
-0.01568
-0.01395
-0.01164
-0.0092
-0.00678
-0.00447
-0.00228
-0.00006
0.00206
0.00365
0.00477
0.00572
0.0065
0.00697
0.00715
0.00727
0.00751
0.00797
0.00868
0.00975
0.01099
0.01218
0.01336
0.01473
0.01651
0.01879
0.02162
0.02454
0.02714
0.02888
0.02968
0.02969
0.02921
0.02822
0.02672
0.0251
0.0238
0.02305
0.02285
0.02324
0.02409
0.02537
0.02689
0.02848
0.03007
0.03152
0.03266
0.03367
0.0346
0.03504
0.03478
0.03383
0.03272
0.03174
0.03095
0.03037
0.03014
0.03006
0.02996
0.02981
0.02981
0.03015
0.0309
0.03182
0.03251
0.03296
0.03332
0.0334
0.0332
0.0331
0.03319
0.03339
0.03382
0.03462
0.03584
0.0372
0.03838
0.03894
0.03888
0.03821
0.03708
0.03555
0.03341
0.03071
0.02785
0.02512
0.0225
0.0197
0.01666
0.01346
0.00985
0.00585
0.00197
-0.00157
-0.00483
-0.00769
-0.01022
-0.01251
-0.01454
-0.01624
-0.01807
-0.01982
-0.02095
-0.02189
-0.02314
-0.02427
-0.02505
-0.02575
-0.02691
-0.02849
-0.02998
-0.03122
-0.03242
-0.03343
-0.03399
-0.03386
-0.033
-0.03159
-0.03
-0.02835
-0.02659
-0.02471
-0.02279
-0.02087
-0.01898
-0.01721
-0.01556
-0.01429
-0.0133
-0.01184
-0.00999
-0.00836
-0.00673
-0.0047
-0.0026
-0.00064
0.00134
0.00297
0.00398
0.00506
0.00661
0.00846
0.01014
0.01144
0.01272
0.0142
0.01576
0.01724
0.01865
0.02012
0.02167
0.02305
0.02441
0.02621
0.02806
0.02944
0.0304
0.03098
0.03081
0.03027
0.02987
0.02922
0.02825
0.02773
0.0277
0.02784
0.02851
0.02972
0.03123
0.0327
0.03398
0.03502
0.03585
0.03651
0.03685
0.03662
0.03589
0.03506
0.03463
0.0343
0.03361
0.03286
0.03227
0.03144
0.03049
0.02968
0.02858
0.02684
0.02448
0.02188
0.01934
0.01736
0.01633
0.01643
0.01681
0.01699
0.01728
0.01754
0.0168
0.01546
0.0144
0.01381
0.0135
0.01341
0.01299
0.01179
0.00917
0.00557
0.00177
-0.00162
-0.0045
-0.00683
-0.00858
-0.00975
-0.01037
-0.01073
-0.01107
-0.01156
-0.01226
-0.01315
-0.01422
-0.01569
-0.01712
-0.01802
-0.01816
-0.01756
-0.01619
-0.01448
-0.01266
-0.01072
-0.00873
-0.00698
-0.0059
-0.00561
-0.00602
-0.00683
-0.00761
-0.00829
-0.00902
-0.00976
-0.01044
-0.01101
-0.01128
-0.01122
-0.01142
-0.01207
-0.01274
-0.0131
-0.01305
-0.01204
-0.01031
-0.00831
-0.00639
-0.00464
-0.00322
-0.00226
-0.00199
-0.00257
-0.00429
-0.00659
-0.00899
-0.01156
-0.01449
-0.01769
-0.0206
-0.02276
-0.02399
-0.02444
-0.02411
-0.02294
-0.02127
-0.01945
-0.0177
-0.01594
-0.0139
-0.01164
-0.00962
-0.00778
-0.00583
-0.00397
-0.00243
-0.00123
-0.00027
0.0003
-0.00008
-0.00139
-0.0034
-0.00565
-0.00769
-0.00883
-0.0089
-0.00812
-0.00667
-0.00434
-0.0022
-0.00083
-0.00021
-0.0002
-0.00091
-0.00183
-0.00252
-0.00266
-0.00215
-0.00094
0.0008
0.00276
0.00472
0.0063
0.00713
0.00738
0.00725
0.00691
0.00672
0.00721
0.00872
0.01118
0.01397
0.01656
0.01872
0.02028
0.02085
0.02035
0.0192
0.01786
0.01639
0.01454
0.0125
0.01056
0.00884
0.00727
0.00571
0.00403
0.00224
0.00038
-0.00106
-0.00166
-0.00119
0.00001
0.00195
0.00432
0.00672
0.00837
0.00897
0.00858
0.00766
0.00643
0.00553
0.00527
0.00551
0.00587
0.00629
0.0068
0.00734
0.00769
0.00751
0.00648
0.00516
0.00407
0.00327
0.00215
0.00018
-0.00231
-0.00498
-0.00805
-0.01125
-0.01414
-0.01623
-0.01759
-0.01843
-0.01912
-0.01968
-0.01992
-0.01981
-0.0195
-0.01886
-0.01775
-0.01633
-0.01497
-0.01402
-0.01332
-0.01268
-0.01254
-0.01312
-0.01416
-0.0154
-0.01675
-0.01775
-0.01815
-0.01787
-0.01699
-0.01567
-0.01439
-0.01345
-0.01302
-0.01276
-0.01251
-0.01301
-0.01431
-0.01543
-0.01642
-0.01803
-0.02
-0.0217
-0.02285
-0.02322
-0.02279
-0.0219
-0.0207
-0.0191
-0.017
-0.01436
-0.01202
-0.01029
-0.00873
-0.00717
-0.0061
-0.00554
-0.00517
-0.00483
-0.00431
-0.00313
-0.00153
0
0.00119
0.00213
0.00266
0.00246
0.00127
0.00022
-0.0001
0
0.00043
0.00152
0.00272
0.00353
0.00378
0.00388
0.0042
0.00437
0.00394
0.00251
0.00022
-0.00253
-0.0057
-0.0093
-0.01243
-0.01449
-0.01542
-0.01574
-0.01555
-0.01434
-0.01238
-0.01037
-0.00944
-0.00993
-0.01081
-0.01124
-0.01094
-0.01009
-0.00871
-0.00755
-0.00687
-0.0063
-0.00545
-0.00423
-0.00287
-0.00157
-0.00034
0.00074
0.00137
0.00173
0.00208
0.00235
0.00245
0.00246
0.00229
0.00189
0.00195
0.00274
0.00385
0.00495
0.00606
0.00688
0.00724
0.00736
0.00705
0.00606
0.00484
0.0037
0.00238
0.00073
-0.00112
-0.00246
-0.00299
-0.00286
-0.00242
-0.00167
-0.00056
0.00083
0.00251
0.00441
0.00643
0.00834
0.0099
0.01032
0.00962
0.00875
0.00799
0.00695
0.00614
0.00594
0.00616
0.00659
0.00735
0.00802
0.00841
0.00889
0.00951
0.00994
0.01004
0.00995
0.0102
0.01068
0.0109
0.01076
0.01046
0.00969
0.0086
0.00807
0.00834
0.00894
0.00905
0.00837
0.00691
0.00462
0.00159
-0.00151
-0.00442
-0.00737
-0.01
-0.01178
-0.01234
-0.01249
-0.01322
-0.01457
-0.016
-0.01688
-0.01731
-0.01765
-0.01786
-0.01766
-0.01695
-0.01605
-0.01533
-0.01459
-0.01359
-0.01238
-0.01112
-0.00988
-0.00897
-0.00874
-0.00862
-0.00816
-0.00747
-0.00652
-0.00506
-0.00348
-0.00213
-0.00103
0.00028
0.00241
0.00553
0.00941
0.01366
0.01799
0.02163
0.02455
0.02687
0.02866
0.02969
0.03039
0.03113
0.03167
0.03185
0.03171
0.03123
0.0305
0.02963
0.0286
0.02738
0.0263
0.02544
0.02419
0.02217
0.01938
0.01624
0.01286
0.00883
0.00498
0.00209
-0.00024
-0.00269
-0.00532
-0.00825
-0.01154
-0.01469
-0.01724
-0.01892
-0.01921
-0.01844
-0.01755
-0.01727
-0.0178
-0.0188
-0.02003
-0.02138
-0.02226
-0.02199
-0.02062
-0.01844
-0.01602
-0.01365
-0.01122
-0.00867
-0.00621
-0.00433
-0.00306
-0.00228
-0.00172
-0.00126
-0.00133
-0.00219
-0.00292
-0.00306
-0.00285
-0.00253
-0.00225
-0.00234
-0.00274
-0.00319
-0.00359
-0.0038
-0.00342
-0.00249
-0.0012
-0.00018
0.00014
-0.00033
-0.00116
-0.00211
-0.00288
-0.0033
-0.00322
-0.00276
-0.00205
-0.00044
0.00227
0.00563
0.00916
0.01282
0.01637
0.0197
0.02285
0.02567
0.0275
0.0282
0.028
0.02676
0.02492
0.02297
0.02087
0.0185
0.0163
0.01469
0.01391
0.01429
0.01581
0.01822
0.02121
0.02476
0.02745
0.02882
0.02932
0.02952
0.02944
0.02874
0.02735
0.02616
0.0252
0.02373
0.02176
0.01976
0.01801
0.01677
0.01605
0.01556
0.01502
0.01421
0.01296
0.01123
0.00926
0.00764
0.00682
0.00603
0.00478
0.00398
0.00345
0.0022
0.00057
-0.00088
-0.00236
-0.00344
-0.00367
-0.00331
-0.00265
-0.00163
-0.0006
0.00015
0.00067
0.00138
0.00288
0.005
0.00731
0.01008
0.01341
0.01696
0.02031
0.02325
0.02569
0.02742
0.02802
0.02769
0.0268
0.02546
0.02381
0.02226
0.02103
0.0202
0.02048
0.02209
0.02464
0.0273
0.02963
0.0311
0.03156
0.03097
0.02943
0.02716
0.02508
0.02362
0.02271
0.0226
0.023
0.02286
0.02211
0.02125
0.02085
0.02098
0.02145
0.0217
0.02144
0.02082
0.02
0.01874
0.01683
0.01447
0.01258
0.0113
0.01022
0.00952
0.00955
0.01046
0.01127
0.01125
0.01092
0.0107
0.01019
0.0096
0.00934
0.00928
0.00926
0.00922
0.00841
0.00672
0.00492
0.0033
0.00157
-0.00022
-0.00175
-0.00258
-0.0029
-0.00309
-0.0033
-0.00379
-0.00481
-0.00604
-0.00716
-0.00817
-0.00874
-0.00864
-0.00811
-0.0073
-0.00603
-0.00462
-0.00339
-0.00206
-0.00023
0.00235
0.0047
0.00612
0.00721
0.00835
0.00907
0.00957
0.01024
0.01047
0.01017
0.00978
0.00921
0.00826
0.0075
0.00716
0.00703
0.00701
0.00714
0.00742
0.00785
0.00849
0.0091
0.00934
0.00891
0.00781
0.00631
0.00494
0.00395
0.00332
0.00296
0.0029
0.00302
0.00332
0.00385
0.00393
0.00332
0.00256
0.00173
0.00068
-0.00005
-0.00025
0.00003
0.00049
0.00082
0.00051
-0.00055
-0.0023
-0.00434
-0.00629
-0.00776
-0.00823
-0.00762
-0.00665
-0.00588
-0.00571
-0.00596
-0.00643
-0.00741
-0.00897
-0.0109
-0.01296
-0.01486
-0.01614
-0.01642
-0.0157
-0.01429
-0.01259
-0.01117
-0.01028
-0.00981
-0.00959
-0.00914
-0.00788
-0.00617
-0.00448
-0.00239
0.00006
0.00236
0.0042
0.00567
0.00693
0.00812
0.00925
0.01046
0.01174
0.01245
0.01256
0.01248
0.01255
0.0128
0.01357
0.01503
0.01718
0.01925
0.02098
0.02297
0.02502
0.02631
0.02643
0.02564
0.02431
0.02273
0.02095
0.01945
0.0186
0.01854
0.01883
0.01909
0.01939
0.01975
0.02001
0.02008
0.01995
0.01959
0.01919
0.01897
0.01879
0.01848
0.018
0.01745
0.01694
0.01691
0.01712
0.01701
0.0171
0.01796
0.01917
0.02044
0.02201
0.02395
0.02613
0.02812
0.02944
0.02975
0.0294
0.0286
0.02706
0.02456
0.02108
0.01766
0.01465
0.01147
0.00931
0.00871
0.00906
0.00949
0.00967
0.0093
0.00856
0.00793
0.00742
0.00678
0.00613
0.00543
0.00441
0.00279
0.00048
-0.00254
-0.00594
-0.00938
-0.0125
-0.01468
-0.01533
-0.0141
-0.01212
-0.00959
-0.00665
-0.0037
-0.00155
-0.00062
-0.00087
-0.00172
-0.00277
-0.00363
-0.00418
-0.00446
-0.00458
-0.00461
-0.00476
-0.00486
-0.00432
-0.00372
-0.00376
-0.00398
-0.00422
-0.0052
-0.00653
-0.0076
-0.00904
-0.01092
-0.0126
-0.01392
-0.01487
-0.01512
-0.0148
-0.01419
-0.01291
-0.01096
-0.00902
-0.00771
-0.00708
-0.00716
-0.00785
-0.009
-0.01075
-0.01311
-0.015
-0.01598
-0.01626
-0.01592
-0.01499
-0.01357
-0.0118
-0.00972
-0.00784
-0.0065
-0.00576
-0.00554
-0.00574
-0.00627
-0.00713
-0.00838
-0.00998
-0.01173
-0.01314
-0.01418
-0.01502
-0.01496
-0.01385
-0.01237
-0.01102
-0.00978
-0.00879
-0.00821
-0.00814
-0.0084
-0.00886
-0.00913
-0.00896
-0.00818
-0.007
-0.00566
-0.00421
-0.00277
-0.00176
-0.00159
-0.0023
-0.00363
-0.00501
-0.00609
-0.00701
-0.0079
-0.00854
-0.00896
-0.00941
-0.00959
-0.00924
-0.00844
-0.00756
-0.00678
-0.00607
-0.00573
-0.00659
-0.00846
-0.01079
-0.01385
-0.01714
-0.01981
-0.02211
-0.02426
-0.02561
-0.02598
-0.0256
-0.02444
-0.02278
-0.02085
-0.01896
-0.01728
-0.0159
-0.01438
-0.01203
-0.00931
-0.00685
-0.00428
-0.00122
0.00218
0.00571
0.00928
0.01204
0.01369
0.01382
0.01302
0.01197
0.01041
0.00818
0.00583
0.00366
0.00169
0.00039
-0.00014
-0.00013
0.00007
0.00041
0.00105
0.00187
0.00274
0.00403
0.00554
0.00624
0.00607
0.00549
0.00473
0.00388
0.00304
0.00198
0.0005
-0.00129
-0.00336
-0.0059
-0.00891
-0.01189
-0.01409
-0.01563
-0.01697
-0.01779
-0.01759
-0.01613
-0.01395
-0.01145
-0.00892
-0.00712
-0.00677
-0.00713
-0.00762
-0.0087
-0.01027
-0.01168
-0.0127
-0.01339
-0.01365
-0.01357
-0.01327
-0.01244
-0.01111
-0.00939
-0.00791
-0.007
-0.00611
-0.0051
-0.00455
-0.00502
-0.00656
-0.009
-0.01158
-0.01364
-0.01542
-0.01701
-0.01769
-0.01774
-0.01777
-0.01764
-0.0176
-0.01822
-0.01899
-0.01952
-0.0205
-0.02189
-0.02303
-0.02401
-0.02505
-0.02588
-0.02674
-0.02787
-0.02863
-0.02884
-0.02876
-0.02829
-0.0274
-0.02619
-0.02503
-0.02426
-0.02366
-0.02302
-0.02248
-0.02223
-0.0223
-0.02238
-0.02201
-0.02064
-0.01869
-0.01679
-0.01496
-0.01312
-0.01169
-0.01104
-0.01111
-0.01147
-0.01194
-0.0126
-0.01334
-0.01391
-0.01401
-0.01396
-0.01425
-0.01463
-0.01482
-0.0149
-0.0147
-0.01382
-0.01253
-0.01098
-0.00871
-0.00577
-0.00245
0.00051
0.00289
0.00478
0.00627
0.00725
0.00766
0.00767
0.00762
0.00732
0.00637
0.00511
0.00395
0.00285
0.00151
-0.00013
-0.0017
-0.00277
-0.00308
-0.00251
-0.00109
0.0012
0.00392
0.0067
0.00904
0.01074
0.01084
0.00963
0.00795
0.00646
0.00536
0.00488
0.0045
0.00375
0.00289
0.00234
0.00219
0.00229
0.00253
0.00294
0.00393
0.00596
0.00821
0.01003
0.01148
0.01237
0.01223
0.01142
0.01051
0.00961
0.00881
0.00824
0.00715
0.0054
0.00379
0.00252
0.00128
0.00025
-0.00072
-0.00206
-0.00342
-0.00429
-0.00439
-0.00397
-0.00333
-0.00249
-0.00162
-0.00141
-0.00173
-0.00222
-0.00321
-0.00414
-0.00402
-0.00332
-0.00265
-0.00152
-0.00006
0.001
0.00149
0.00166
0.00121
0.00006
-0.00169
-0.00417
-0.007
-0.00923
-0.01106
-0.01317
-0.0154
-0.01765
-0.02002
-0.02198
-0.02318
-0.02361
-0.02356
-0.02316
-0.02232
-0.02123
-0.02019
-0.0197
-0.01989
-0.02017
-0.02043
-0.02096
-0.02114
-0.02064
-0.01965
-0.01824
-0.01622
-0.01435
-0.0131
-0.01257
-0.0122
-0.01155
-0.01101
-0.01079
-0.00998
-0.00853
-0.00705
-0.00586
-0.00487
-0.00436
-0.0045
-0.00534
-0.00688
-0.00875
-0.01023
-0.01125
-0.01196
-0.01233
-0.0124
-0.0125
-0.01292
-0.01362
-0.01419
-0.01448
-0.01456
-0.01442
-0.01406
-0.01386
-0.01418
-0.01513
-0.01636
-0.0175
-0.01784
-0.01741
-0.0167
-0.01606
-0.01539
-0.01406
-0.01178
-0.00867
-0.00562
-0.00312
-0.00145
-0.0003
0.00036
0.00076
0.00112
0.00143
0.00148
0.00116
0.00111
0.00169
0.00233
0.00277
0.00325
0.00376
0.00421
0.00501
0.00613
0.00717
0.00814
0.00918
0.00987
0.01028
0.0108
0.01112
0.01085
0.01012
0.00928
0.00844
0.00761
0.00681
0.00622
0.00571
0.00509
0.00442
0.00377
0.00303
0.00268
0.00296
0.00293
0.00244
0.00215
0.00226
0.00253
0.00304
0.00361
0.00392
0.00387
0.00357
0.0033
0.00326
0.00355
0.00435
0.00558
0.00724
0.00917
0.01123
0.01282
0.0137
0.01452
0.01561
0.0167
0.01793
0.01952
0.02079
0.02158
0.0223
0.02318
0.0241
0.02442
0.02415
0.02349
0.02255
0.02142
0.02054
0.01996
0.01941
0.0187
0.01789
0.017
0.016
0.01485
0.01387
0.01309
0.01216
0.01103
0.0099
0.00897
0.0085
0.00907
0.01031
0.01173
0.01372
0.01615
0.01773
0.0186
0.01949
0.0201
0.02012
0.0198
0.01903
0.01751
0.01509
0.01201
0.00881
0.00576
0.00289
0.00061
-0.00102
-0.00211
-0.00257
-0.00265
-0.00297
-0.00382
-0.00502
-0.00641
-0.00801
-0.00989
-0.01186
-0.01375
-0.01535
-0.01643
-0.01622
-0.01505
-0.01344
-0.01084
-0.00687
-0.00296
0.00024
0.00317
0.00592
0.00793
0.00895
0.00926
0.00867
0.00757
0.00651
0.00555
0.00469
0.00439
0.00452
0.00477
0.00515
0.00584
0.00685
0.00793
0.00888
0.00971
0.01033
0.01037
0.00994
0.0093
0.00847
0.00741
0.00631
0.00527
0.00419
0.00263
0.00084
-0.00054
-0.00104
-0.00096
-0.00101
-0.00109
-0.00071
-0.00026
-0.0001
0.00008
0.00055
0.00128
0.0021
0.00303
0.00455
0.0066
0.00872
0.01065
0.01239
0.0136
0.01403
0.01356
0.01214
0.00981
0.00774
0.00601
0.00383
0.00156
-0.0001
-0.0008
-0.00096
-0.00106
-0.00118
-0.00111
-0.00063
-0.00047
-0.00117
-0.00191
-0.00233
-0.0029
-0.00372
-0.00454
-0.00526
-0.00559
-0.00517
-0.0043
-0.0032
-0.00164
0.00039
0.00265
0.00496
0.00728
0.00951
0.01155
0.01328
0.01466
0.01573
0.01627
0.01634
0.0164
0.01623
0.01551
0.01476
0.01412
0.01307
0.01187
0.01084
0.00887
0.00619
0.00399
0.00242
0.0012
0.00063
0.00033
-0.00023
-0.00089
-0.00156
-0.00258
-0.0034
-0.00346
-0.00297
-0.00241
-0.0018
-0.00134
-0.00115
-0.00078
-0.00007
0.00071
0.00152
0.00249
0.0037
0.00498
0.00607
0.00697
0.00784
0.00873
0.00962
0.01059
0.0111
0.01075
0.00958
0.00802
0.00663
0.00545
0.0042
0.00276
0.00134
0.0003
-0.00058
-0.00162
-0.00289
-0.00419
-0.00544
-0.00665
-0.00781
-0.0084
-0.00843
-0.00823
-0.00808
-0.00802
-0.00797
-0.00809
-0.00858
-0.00928
-0.00983
-0.00987
-0.0097
-0.00963
-0.00941
-0.00903
-0.00904
-0.00923
-0.00902
-0.00872
-0.0087
-0.00896
-0.00942
-0.01022
-0.0112
-0.01217
-0.0131
-0.01413
-0.01533
-0.01637
-0.01718
-0.01816
-0.01906
-0.0196
-0.02051
-0.02163
-0.02212
-0.022
-0.02158
-0.02044
-0.01881
-0.01726
-0.01589
-0.0146
-0.01382
-0.01347
-0.01318
-0.01299
-0.01313
-0.01367
-0.01426
-0.01449
-0.01477
-0.01553
-0.01626
-0.01672
-0.01725
-0.01801
-0.0189
-0.01975
-0.02068
-0.02191
-0.02303
-0.02372
-0.02387
-0.02395
-0.02437
-0.02449
-0.02404
-0.02366
-0.02343
-0.0229
-0.02211
-0.02128
-0.02025
-0.0191
-0.01808
-0.01711
-0.01604
-0.01496
-0.01427
-0.01422
-0.01407
-0.01339
-0.01321
-0.01374
-0.0143
-0.01456
-0.01464
-0.0145
-0.01428
-0.01419
-0.01426
-0.01432
-0.01383
-0.01301
-0.01247
-0.01222
-0.01196
-0.01144
-0.01079
-0.0103
-0.01027
-0.01073
-0.01126
-0.01187
-0.0131
-0.01474
-0.01627
-0.01753
-0.01828
-0.01816
-0.01765
-0.01717
-0.01632
-0.0152
-0.01426
-0.01338
-0.01225
-0.01107
-0.00997
-0.00886
-0.00796
-0.00744
-0.00699
-0.00637
-0.00561
-0.00509
-0.00505
-0.00517
-0.0054
-0.00615
-0.00693
-0.00716
-0.00738
-0.00782
-0.00806
-0.00832
-0.00897
-0.00953
-0.00995
-0.01065
-0.01147
-0.01208
-0.01229
-0.01211
-0.01158
-0.01068
-0.00942
-0.00828
-0.00741
-0.00661
-0.00601
-0.00579
-0.00592
-0.00609
-0.00607
-0.00539
-0.00401
-0.00289
-0.00218
-0.00117
0
0.00083
0.00171
0.00281
0.00366
0.00459
0.00603
0.00727
0.00795
0.00859
0.00913
0.00897
0.0081
0.00689
0.00557
0.00417
0.00266
0.00115
-0.0003
-0.00163
-0.00242
-0.00252
-0.00299
-0.00396
-0.00457
-0.0048
-0.00507
-0.00513
-0.00489
-0.00461
-0.0044
-0.00418
-0.00361
-0.00286
-0.00245
-0.00252
-0.00281
-0.0029
-0.00286
-0.00317
-0.0037
-0.00412
-0.00455
-0.0051
-0.00556
-0.00609
-0.00686
-0.00744
-0.0076
-0.00733
-0.00697
-0.00683
-0.00712
-0.00762
-0.00806
-0.00852
-0.00908
-0.00934
-0.0093
-0.00917
-0.00889
-0.00828
-0.00724
-0.00581
-0.00409
-0.00243
-0.0011
-0.00006
0.00073
0.0005
-0.00057
-0.00172
-0.00274
-0.00345
-0.00315
-0.00219
-0.00116
-0.00024
0.00059
0.00084
0.00076
0.00097
0.00159
0.00241
0.00383
0.00557
0.00699
0.0076
0.00741
0.00695
0.00655
0.00604
0.00557
0.0054
0.00555
0.00578
0.00598
0.00582
0.00519
0.00455
0.00403
0.00342
0.00293
0.00281
0.00301
0.0033
0.00356
0.00375
0.00382
0.0036
0.00307
0.00232
0.00116
-0.00044
-0.0015
-0.00184
-0.00199
-0.00219
-0.00231
-0.00249
-0.00262
-0.00243
-0.00191
-0.00124
-0.00079
-0.00049
0.00002
0.00095
0.00217
0.00324
0.00421
0.00561
0.00684
0.00697
0.00658
0.00637
0.00594
0.00537
0.00519
0.00489
0.00389
0.00243
0.00145
0.00163
0.0023
0.00275
0.00271
0.0025
0.00247
0.00291
0.00378
0.00423
0.00412
0.00381
0.00338
0.00275
0.00213
0.00159
0.00092
0.00046
0.00059
0.00119
0.00202
0.00291
0.00382
0.00473
0.00555
0.00632
0.0072
0.00792
0.00804
0.00837
0.00945
0.01032
0.01061
0.01075
0.01046
0.00931
0.00785
0.00632
0.00431
0.0026
0.00189
0.00131
0.00047
0.00007
0.00024
0.00064
0.00148
0.00267
0.00337
0.00387
0.00487
0.00598
0.00673
0.0071
0.00701
0.00624
0.00544
0.00508
0.00519
0.0056
0.00626
0.0073
0.00876
0.00987
0.01056
0.0114
0.01219
0.0126
0.01328
0.01455
0.01592
0.01692
0.01748
0.01799
0.01854
0.01857
0.01822
0.01808
0.01807
0.01796
0.01829
0.01881
0.01858
0.01768
0.01675
0.01615
0.01547
0.01389
0.01179
0.00991
0.00852
0.00737
0.00635
0.00516
0.00376
0.00294
0.00277
0.00278
0.00289
0.00322
0.00365
0.0041
0.00464
0.00514
0.00543
0.00542
0.00511
0.0045
0.00378
0.00311
0.00255
0.00206
0.00147
0.00091
0.0006
0.00082
0.00145
0.00236
0.00339
0.0044
0.00517
0.00565
0.00624
0.00712
0.0082
0.00912
0.00966
0.00966
0.00926
0.00872
0.00799
0.00691
0.00652
0.00701
0.00726
0.0071
0.00713
0.00719
0.00714
0.00791
0.00919
0.00993
0.01039
0.01125
0.01264
0.01405
0.01497
0.01545
0.01577
0.01581
0.01556
0.01546
0.01544
0.01519
0.01492
0.01487
0.01493
0.01506
0.0153
0.01523
0.01472
0.01381
0.01265
0.01134
0.00994
0.00852
0.00716
0.00573
0.00414
0.00322
0.00317
0.00334
0.00359
0.0043
0.00506
0.00539
0.0053
0.00497
0.00442
0.00398
0.00363
0.00232
0.0006
-0.00015
-0.00042
-0.00091
-0.00054
0.00042
0.00071
0.00067
0.00105
0.00143
0.00144
0.00108
0.00059
0.00018
0.00013
0.00023
0.00001
-0.0004
-0.00064
-0.00045
-0.00005
0.00028
0.00042
0.00042
0.00045
0.00049
0.00038
-0.00006
-0.00085
-0.00215
-0.00384
-0.00542
-0.00648
-0.007
-0.0071
-0.00692
-0.00632
-0.00545
-0.00452
-0.00341
-0.0022
-0.00141
-0.00101
-0.00071
-0.00036
0.00006
0.00066
0.00134
0.00191
0.00229
0.00256
0.00264
0.00246
0.00203
0.00168
0.00156
0.00136
0.001
0.00068
0.00018
-0.00071
-0.00155
-0.00214
-0.00259
-0.00251
-0.00166
-0.00099
-0.00069
-0.00019
0.0005
0.00104
0.00116
0.00092
0.00024
-0.00057
-0.00134
-0.00256
-0.00416
-0.00558
-0.00679
-0.00787
-0.00792
-0.00712
-0.00617
-0.00509
-0.00364
-0.00233
-0.00144
-0.00073
-0.00001
0.00062
0.0008
0.00057
0.00029
-0.00004
-0.0006
-0.00072
-0.00018
0.00042
0.00087
0.00146
0.00198
0.00221
0.00207
0.0018
0.00159
0.00102
-0.00002
-0.00108
-0.00187
-0.00237
-0.00248
-0.00227
-0.002
-0.00185
-0.00189
-0.00196
-0.00195
-0.00184
-0.00167
-0.00146
-0.00151
-0.00186
-0.00165
-0.00082
0.00003
0.00049
0.00061
0.00044
0.00031
0.00057
0.00079
0.00056
0.00011
-0.00046
-0.00161
-0.00299
-0.00396
-0.00419
-0.00394
-0.00345
-0.00253
-0.00104
0.00015
0.00103
0.00245
0.00421
0.00564
0.00647
0.00683
0.00672
0.00624
0.00533
0.00426
0.00341
0.00319
0.00333
0.0035
0.00382
0.00435
0.00487
0.00535
0.00592
0.00657
0.00726
0.0083
0.0097
0.01122
0.01235
0.01281
0.01241
0.0117
0.01128
0.01123
0.01126
0.01079
0.00982
0.00868
0.00759
0.00648
0.00514
0.00388
0.00324
0.0029
0.00247
0.00212
0.00187
0.00149
0.0011
0.00081
0.00038
-0.00018
-0.00068
-0.00125
-0.00207
-0.00309
-0.00386
-0.00399
-0.0038
-0.00368
-0.00351
-0.00309
-0.00235
-0.00127
0.00015
0.00161
0.00309
0.00487
0.00678
0.00841
0.00907
0.00895
0.0083
0.00723
0.00589
0.00524
0.00541
0.00617
0.0071
0.008
0.00883
0.00951
0.00968
0.00979
0.01038
0.01145
0.01238
0.01218
0.01076
0.00865
0.00635
0.00394
0.00147
-0.00059
-0.00195
-0.00291
-0.00351
-0.00349
-0.00306
-0.00241
-0.00142
-0.00036
0.00016
0.0005
0.00122
0.0023
0.00326
0.00364
0.00406
0.0051
0.00626
0.00723
0.00838
0.0094
0.00928
0.00819
0.00665
0.0057
0.00572
0.00572
0.00524
0.00479
0.00441
0.0038
0.00327
0.0029
0.00221
0.00143
0.00094
0.00055
-0.00006
-0.00104
-0.0023
-0.00371
-0.00508
-0.00632
-0.00739
-0.00826
-0.00884
-0.00886
-0.00841
-0.00756
-0.00648
-0.00532
-0.00429
-0.00318
-0.00147
0.00013
0.00086
0.00065
-0.0003
-0.002
-0.00369
-0.00467
-0.00478
-0.00439
-0.00345
-0.00233
-0.00147
-0.00107
-0.00106
-0.00171
-0.00263
-0.00338
-0.00407
-0.0046
-0.0046
-0.00397
-0.00278
-0.00122
-0.00007
-0.00005
-0.00054
-0.00086
-0.00066
-0.00033
-0.00033
-0.00021
0.00043
0.00073
0.00042
-0.00016
-0.00113
-0.00225
-0.00259
-0.00241
-0.00245
-0.00239
-0.00203
-0.00188
-0.00183
-0.00142
-0.00128
-0.0017
-0.00215
-0.00229
-0.00214
-0.00134
-0.00007
0.00073
0.00117
0.00181
0.00237
0.00242
0.00188
0.00142
0.00148
0.00165
0.00149
0.00096
0.0004
0.00008
0.00006
0.00014
0.00014
0.00023
0.00052
0.00043
-0.00011
-0.00079
-0.00138
-0.00192
-0.00231
-0.00247
-0.00238
-0.00216
-0.00182
-0.00096
0.00002
0.00038
0.00039
0.0005
0.00041
0.00028
0.00064
0.00133
0.00218
0.00347
0.00489
0.00595
0.00691
0.00787
0.00822
0.0084
0.00918
0.0104
0.01144
0.0119
0.01153
0.0101
0.00871
0.00783
0.00681
0.00566
0.00481
0.00392
0.00277
0.00149
0.00029
-0.00067
-0.00092
-0.00081
-0.00099
-0.00135
-0.00116
0.00039
0.00235
0.00345
0.00347
0.00304
0.00274
0.00287
0.00352
0.00455
0.00569
0.00661
0.00711
0.00723
0.00702
0.00636
0.00508
0.00336
0.00158
0.00028
-0.00015
0.00047
0.0017
0.00304
0.00415
0.00474
0.00452
0.00371
0.00263
0.0013
-0.00009
-0.00133
-0.00218
-0.00279
-0.00359
-0.00433
-0.00471
-0.00526
-0.00594
-0.00617
-0.00593
-0.00537
-0.00407
-0.00215
-0.00011
0.00156
0.00279
0.00327
0.00371
0.005
0.00623
0.00664
0.0065
0.00635
0.00651
0.00767
0.00951
0.01064
0.0113
0.01246
0.01359
0.01415
0.01455
0.01462
0.01406
0.01352
0.01311
0.01193
0.01006
0.00826
0.00729
0.00684
0.00626
0.00571
0.00547
0.00564
0.00602
0.00636
0.00655
0.00653
0.00624
0.00594
0.0058
0.00551
0.00485
0.00387
0.00289
0.00206
0.00121
0.0005
0.00034
0.00042
0.00045
0.00087
0.00137
0.00127
0.001
0.00118
0.00182
0.00272
0.00388
0.00506
0.0062
0.00744
0.00852
0.00919
0.00962
0.00995
0.01007
0.00987
0.00935
0.00842
0.00734
0.00642
0.00555
0.00457
0.00361
0.00278
0.00204
0.00124
0.00045
0.00008
-0.00001
-0.00009
0.00002
0.00016
-0.00004
-0.00028
-0.00032
-0.00073
-0.00142
-0.00173
-0.00193
-0.00226
-0.00243
-0.00265
-0.0032
-0.00374
-0.00413
-0.00475
-0.00535
-0.00554
-0.00557
-0.00543
-0.00477
-0.00389
-0.00311
-0.00225
-0.00123
-0.00018
0.00103
0.00211
0.00217
0.00183
0.00206
0.00226
0.00209
0.00243
0.00314
0.00361
0.0041
0.00459
0.00447
0.00496
0.00688
0.00775
0.00727
0.00719
0.00744
0.00708
0.00665
0.00643
0.006
0.0052
0.00423
0.00341
0.00304
0.00307
0.00256
0.00142
0.00052
-0.0001
-0.0008
-0.0009
-0.0005
-0.00019
0.00047
0.0017
0.0028
0.00355
0.00426
0.00482
0.00503
0.00484
0.0041
0.0027
0.00053
-0.002
-0.00396
-0.00555
-0.00728
-0.00839
-0.00873
-0.00873
-0.00819
-0.00713
-0.00622
-0.00529
-0.00373
-0.00198
-0.00051
0.00081
0.00173
0.00167
0.00097
0.00004
-0.00128
-0.00275
-0.00404
-0.00521
-0.00561
-0.00437
-0.00277
-0.00182
-0.00076
0.00053
0.00137
0.00225
0.00347
0.00373
0.00295
0.00199
0.00062
-0.00112
-0.00223
-0.00254
-0.00246
-0.00176
-0.00062
0.00057
0.00194
0.00353
0.00402
0.00348
0.00291
0.0029
0.00339
0.00457
0.00593
0.00677
0.0074
0.00817
0.00816
0.00726
0.00607
0.00508
0.00423
0.00317
0.00227
0.00194
0.002
0.00192
0.00127
0.00055
0.00037
0.00099
0.00171
0.00174
0.00123
0.00062
-0.0002
-0.00115
-0.00195
-0.00286
-0.00403
-0.00525
-0.00631
-0.00727
-0.00841
-0.00982
-0.01136
-0.01234
-0.01242
-0.01203
-0.01169
-0.01142
-0.01096
-0.01026
-0.00961
-0.00927
-0.00927
-0.00942
-0.00948
-0.00936
-0.00927
-0.0094
-0.00984
-0.0103
-0.01032
-0.01009
-0.00991
-0.00925
-0.00839
-0.0083
-0.00874
-0.00903
-0.00939
-0.00981
-0.00987
-0.00949
-0.00879
-0.00789
-0.00714
-0.00691
-0.00709
-0.00748
-0.00781
-0.00809
-0.00844
-0.00849
-0.00803
-0.00717
-0.0063
-0.00569
-0.00594
-0.00702
-0.00837
-0.00989
-0.01171
-0.01324
-0.01442
-0.01557
-0.01622
-0.01583
-0.01456
-0.01317
-0.01217
-0.01123
-0.00995
-0.00846
-0.00707
-0.00592
-0.00467
-0.00304
-0.00113
0.00013
-0.00015
-0.00099
-0.00151
-0.00219
-0.00294
-0.00306
-0.00284
-0.00265
-0.00172
-0.00017
0.00115
0.00135
0.00027
-0.00204
-0.00425
-0.00558
-0.00712
-0.0094
-0.01151
-0.01232
-0.01151
-0.00893
-0.00586
-0.00375
-0.00246
-0.00138
-0.00111
-0.00159
-0.00231
-0.00349
-0.00544
-0.00754
-0.00939
-0.01116
-0.01284
-0.01402
-0.01408
-0.01349
-0.01285
-0.01144
-0.00901
-0.00639
-0.00374
-0.00055
0.00255
0.00498
0.00678
0.00779
0.00736
0.00563
0.00303
-0.00043
-0.0038
-0.00642
-0.00903
-0.01126
-0.01179
-0.01094
-0.00959
-0.0072
-0.00429
-0.00206
-0.00019
0.00195
0.00412
0.00587
0.00713
0.00837
0.00971
0.01012
0.00927
0.0076
0.00622
0.00555
0.00542
0.00581
0.00707
0.00875
0.01023
0.01122
0.01172
0.01156
0.01068
0.00935
0.00802
0.00706
0.00647
0.00591
0.00533
0.0051
0.00499
0.00463
0.00426
0.00379
0.00293
0.00244
0.00267
0.00309
0.00345
0.00408
0.00538
0.00705
0.0078
0.00739
0.00629
0.00469
0.00287
0.00155
0.00083
0.0004
0.00011
-0.00031
-0.00126
-0.00215
-0.00246
-0.00265
-0.00255
-0.00146
-0.00001
0.00113
0.0024
0.00369
0.00431
0.00395
0.003
0.00188
0.00064
-0.00091
-0.00296
-0.00523
-0.00707
-0.00843
-0.0095
-0.00971
-0.00917
-0.00816
-0.00661
-0.00451
-0.00284
-0.00189
-0.00149
-0.00161
-0.00232
-0.00348
-0.00469
-0.00566
-0.00637
-0.0069
-0.00718
-0.00732
-0.00743
-0.00721
-0.00644
-0.00519
-0.00383
-0.00261
-0.00147
-0.0003
0.00085
0.00176
0.00225
0.0021
0.00155
0.00101
0.00067
0.00049
0.00056
0.00083
0.00118
0.00129
0.00094
-0.00003
-0.00116
-0.00207
-0.00313
-0.0042
-0.00479
-0.00534
-0.00598
-0.00596
-0.00608
-0.00718
-0.0082
-0.00865
-0.00919
-0.0095
-0.00902
-0.00848
-0.00798
-0.00695
-0.00601
-0.00553
-0.00478
-0.00358
-0.00241
-0.00164
-0.00138
-0.00185
-0.00224
-0.00187
-0.00119
-0.00073
-0.00058
-0.00092
-0.00173
-0.00207
-0.00207
-0.00251
-0.00341
-0.00437
-0.00526
-0.00543
-0.00456
-0.00354
-0.00273
-0.00158
-0.00029
0.00064
0.00128
0.00157
0.00126
0.00096
0.00106
0.00087
0.0003
-0.00007
-0.00034
-0.00066
-0.00067
-0.00048
-0.00038
-0.00045
-0.00041
0.00012
0.0006
0.00052
0.00023
0.00006
-0.00007
-0.00026
-0.00048
-0.00062
-0.00089
-0.00159
-0.00256
-0.00339
-0.00365
-0.00378
-0.0042
-0.00456
-0.00494
-0.00581
-0.0065
-0.00676
-0.0074
-0.00804
-0.00796
-0.00756
-0.00719
-0.00649
-0.00544
-0.00425
-0.00299
-0.00225
-0.00269
-0.00332
-0.00332
-0.00292
-0.00247
-0.00201
-0.00231
-0.00335
-0.00418
-0.00454
-0.00476
-0.0047
-0.00452
-0.00448
-0.00401
-0.00302
-0.00243
-0.00234
-0.00218
-0.00231
-0.00274
-0.00265
-0.00225
-0.00214
-0.00207
-0.00189
-0.00194
-0.00188
-0.00134
-0.00097
-0.00059
0.00048
0.00115
0.00077
-0.00015
-0.0017
-0.00412
-0.0061
-0.00763
-0.00968
-0.01156
-0.01257
-0.01306
-0.0134
-0.01349
-0.01282
-0.0115
-0.01031
-0.00941
-0.00855
-0.00782
-0.00718
-0.00636
-0.00591
-0.00618
-0.00603
-0.00562
-0.00603
-0.00652
-0.00642
-0.00633
-0.00656
-0.00692
-0.00762
-0.0084
-0.00824
-0.00735
-0.00643
-0.00556
-0.00482
-0.00446
-0.00436
-0.00425
-0.00401
-0.0039
-0.00423
-0.00475
-0.0051
-0.00522
-0.00553
-0.00619
-0.00646
-0.0062
-0.00587
-0.00558
-0.00527
-0.00535
-0.0056
-0.00541
-0.0048
-0.00411
-0.00332
-0.00231
-0.00111
-0.00007
0.00074
0.0016
0.00236
0.00258
0.00268
0.00302
0.00336
0.00372
0.00442
0.0053
0.00624
0.00743
0.00865
0.00948
0.00979
0.00986
0.01017
0.01062
0.0108
0.01018
0.00893
0.00772
0.00642
0.00463
0.00275
0.00126
0.00026
-0.00087
-0.0023
-0.00284
-0.00247
-0.00214
-0.00231
-0.0028
-0.00366
-0.00457
-0.00516
-0.00572
-0.00639
-0.0067
-0.00667
-0.00659
-0.0065
-0.00633
-0.00613
-0.0057
-0.00496
-0.00447
-0.00412
-0.00313
-0.00186
-0.00096
-0.00029
0.00036
0.00074
0.00097
0.00125
0.00137
0.00151
0.00208
0.0028
0.0034
0.00434
0.00531
0.00555
0.00529
0.00501
0.00458
0.00415
0.00409
0.00405
0.00381
0.00368
0.00363
0.00339
0.0031
0.00295
0.0028
0.00276
0.003
0.00332
0.00357
0.00385
0.00395
0.00374
0.00364
0.00365
0.00329
0.00272
0.00226
0.00133
0.00017
-0.0002
-0.00007
-0.00018
-0.00028
-0.00019
-0.00017
0
0.0005
0.00064
0.00039
0.00036
0.00038
0.00008
-0.00006
-0.00006
-0.00063
-0.00139
-0.0017
-0.00171
-0.0017
-0.00149
-0.00144
-0.00182
-0.00185
-0.00149
-0.00148
-0.00184
-0.00224
-0.00287
-0.00355
-0.00369
-0.00386
-0.00459
-0.00483
-0.00454
-0.00484
-0.00537
-0.00531
-0.00521
-0.00545
-0.00575
-0.00594
-0.00602
-0.00552
-0.00459
-0.00424
-0.00453
-0.0049
-0.00521
-0.00543
-0.00525
-0.00451
-0.00337
-0.0025
-0.00198
-0.00127
-0.00031
0.00059
0.00101
0.00094
0.00058
0.00055
0.00122
0.00151
0.0011
0.00104
0.00127
0.00098
0.00063
0.00063
0.00044
0.00001
-0.00032
-0.00086
-0.00157
-0.00173
-0.00173
-0.00238
-0.0031
-0.00342
-0.00382
-0.00439
-0.00483
-0.00535
-0.00593
-0.00601
-0.00589
-0.0063
-0.00741
-0.00881
-0.00994
-0.0106
-0.01086
-0.01148
-0.01255
-0.01331
-0.01361
-0.01386
-0.01462
-0.01576
-0.01665
-0.01732
-0.01811
-0.01852
-0.01837
-0.01817
-0.01809
-0.01789
-0.01764
-0.01739
-0.01658
-0.01535
-0.01426
-0.0136
-0.01324
-0.01291
-0.01257
-0.01253
-0.01261
-0.01254
-0.01226
-0.0119
-0.01143
-0.0106
-0.0094
-0.00865
-0.00854
-0.00845
-0.00806
-0.00757
-0.00727
-0.00717
-0.00711
-0.00696
-0.00672
-0.0064
-0.00598
-0.00516
-0.00439
-0.00442
-0.00476
-0.00484
-0.00482
-0.00459
-0.00344
-0.002
-0.00107
-0.00007
0.0013
0.0023
0.00267
0.00261
0.00261
0.00292
0.00352
0.00376
0.00311
0.0029
0.00378
0.00506
0.00614
0.00705
0.0077
0.00798
0.00818
0.00854
0.00904
0.00956
0.01001
0.01014
0.00997
0.0096
0.00921
0.00884
0.00809
0.00703
0.00641
0.00627
0.00626
0.00644
0.00683
0.00702
0.00715
0.00752
0.0079
0.00807
0.00807
0.00821
0.00863
0.00876
0.00841
0.00817
0.0082
0.00818
0.00788
0.00735
0.00679
0.00603
0.00471
0.00321
0.00206
0.0019
0.00219
0.00207
0.00201
0.00265
0.00329
0.00378
0.00464
0.00553
0.00601
0.00661
0.00734
0.00747
0.00718
0.00706
0.00736
0.00786
0.00815
0.00818
0.00805
0.00783
0.00764
0.00782
0.00826
0.00869
0.00907
0.00948
0.00982
0.01014
0.01055
0.01058
0.01
0.00957
0.00923
0.00822
0.00676
0.00533
0.00386
0.00255
0.00182
0.00108
-0.00007
-0.00089
-0.00119
-0.00148
-0.00211
-0.00297
-0.00344
-0.00357
-0.0038
-0.00392
-0.00354
-0.00279
-0.00186
-0.00067
0.00028
0.00064
0.0011
0.00181
0.00188
0.00159
0.00162
0.00143
0.0008
0.00039
0.00015
-0.00042
-0.00043
0.00046
0.00141
0.00232
0.00374
0.00488
0.00536
0.00616
0.0072
0.00751
0.00733
0.00726
0.00729
0.0075
0.00841
0.00949
0.01009
0.01043
0.01088
0.01137
0.01186
0.01234
0.01248
0.01224
0.01193
0.01162
0.01112
0.0107
0.01046
0.01013
0.00962
0.00909
0.00892
0.00905
0.009
0.0088
0.00873
0.00854
0.00808
0.00761
0.0072
0.00671
0.00614
0.0057
0.00571
0.00611
0.00671
0.00751
0.00843
0.00903
0.00945
0.00995
0.01016
0.01005
0.01023
0.01092
0.01194
0.01242
0.01219
0.01176
0.01155
0.01158
0.01149
0.01113
0.01071
0.01032
0.00986
0.00932
0.0087
0.00796
0.00717
0.00641
0.00554
0.00461
0.00392
0.00335
0.00265
0.00187
0.00135
0.00158
0.00196
0.00177
0.0016
0.00189
0.00222
0.00264
0.0036
0.00468
0.00559
0.00709
0.0089
0.01009
0.01083
0.01155
0.01176
0.01144
0.01111
0.01082
0.01047
0.01057
0.01107
0.01156
0.01209
0.01293
0.01383
0.01434
0.01427
0.01423
0.01457
0.01473
0.01446
0.01399
0.01343
0.01276
0.01225
0.01202
0.01199
0.01211
0.01236
0.01242
0.01232
0.01228
0.01195
0.01107
0.01014
0.00936
0.00849
0.00795
0.00802
0.0078
0.00714
0.00661
0.00617
0.00561
0.00561
0.0059
0.00564
0.00511
0.00476
0.00401
0.00305
0.0026
0.00216
0.00124
0.00021
-0.00046
-0.00064
-0.00043
-0.00014
-0.00023
-0.00045
-0.00033
-0.00012
-0.00007
0.00021
0.00046
0.00004
-0.00057
-0.00087
-0.00104
-0.00102
-0.00052
-0.00003
0.00016
0.00059
0.00248
0.00233
0.0018
0.0013
0.00043
-0.001
-0.00278
-0.0043
-0.00522
-0.0055
-0.0055
-0.00543
-0.00553
-0.00571
-0.00567
-0.00528
-0.00455
-0.00352
-0.00232
-0.00115
-0.00023
0.00029
0.00056
0.00069
0.00007
-0.0009
-0.00134
-0.00142
-0.00154
-0.00158
-0.00174
-0.00233
-0.00307
-0.00369
-0.00433
-0.00477
-0.00469
-0.00466
-0.00499
-0.00525
-0.00532
-0.00542
-0.00517
-0.00461
-0.00452
-0.00478
-0.00489
-0.00532
-0.00616
-0.00647
-0.00655
-0.00726
-0.00803
-0.00823
-0.00796
-0.0076
-0.00719
-0.00628
-0.0049
-0.00368
-0.00271
-0.00169
-0.00035
0.001
0.00121
0.00029
-0.00094
-0.00175
-0.002
-0.00176
-0.00125
-0.00046
0.00029
0.0008
0.00109
0.00131
0.00154
0.00176
0.00195
0.00209
0.00195
0.00131
0.00048
-0.00014
-0.00035
-0.00037
-0.00041
-0.00044
-0.0003
0.00013
0.00093
0.00219
0.00353
0.0045
0.00473
0.00476
0.00516
0.00571
0.0061
0.00644
0.00681
0.00713
0.00761
0.0083
0.00887
0.00919
0.00932
0.00909
0.00854
0.00817
0.00798
0.00761
0.00708
0.00666
0.00655
0.00685
0.00756
0.00791
0.00764
0.0071
0.00672
0.00666
0.0067
0.00664
0.00644
0.00626
0.00621
0.00612
0.00592
0.00573
0.00557
0.00534
0.00509
0.00487
0.00461
0.00434
0.00413
0.00391
0.00364
0.00331
0.003
0.00272
0.00241
0.00206
0.00178
0.00161
0.00151
0.00128
0.00098
0.00088
0.00089
0.00084
0.00101
0.00128
0.00096
0.00056
0.00078
0.00101
0.0009
0.001
0.00114
0.001
0.00146
0.00259
0.00317
0.00324
0.00357
0.00419
0.00443
0.00344
0.00207
0.00132
0.0007
-0.00008
-0.00049
-0.00062
-0.00076
-0.00034
0.00033
0.00041
0.00051
0.00131
0.00242
0.0032
0.00331
0.00221
-0.00018
-0.00263
-0.00422
-0.00466
-0.00296
0.00035
0.00287
0.00348
0.00251
0.00083
-0.00116
-0.00201
-0.00142
0.0001
0.0023
0.00489
0.00716
0.00846
0.00842
0.00658
0.0029
-0.00057
-0.0022
-0.00158
0.00104
0.00421
0.00563
0.00511
0.00324
0.00085
-0.00137
-0.00261
-0.00326
-0.0039
-0.00417
-0.00391
-0.00383
-0.00379
-0.00339
-0.00334
-0.00392
-0.00446
-0.00487
-0.00531
-0.00487
-0.00372
-0.00273
-0.00217
-0.00187
-0.00243
-0.00383
-0.00501
-0.00533
-0.00489
-0.00371
-0.00237
-0.00147
-0.00088
-0.0003
-0.00029
-0.00097
-0.00172
-0.00259
-0.00382
-0.00441
-0.0043
-0.00427
-0.00482
-0.0058
-0.00673
-0.00727
-0.00737
-0.00701
-0.00632
-0.00518
-0.00423
-0.00424
-0.00463
-0.00479
-0.00508
-0.00552
-0.00566
-0.00556
-0.00533
-0.00448
-0.00327
-0.00235
-0.00181
-0.00146
-0.00132
-0.00108
-0.00032
0.00082
0.002
0.00256
0.00253
0.00213
0.0018
0.00181
0.00233
0.00299
0.00333
0.00319
0.00268
0.00193
0.00102
-0.00011
-0.00113
-0.00172
-0.00173
-0.0017
-0.00216
-0.00269
-0.00287
-0.00326
-0.00376
-0.00371
-0.00323
-0.00267
-0.00196
-0.00144
-0.00162
-0.00194
-0.00185
-0.00149
-0.00102
-0.00032
0.00051
0.00135
0.00202
0.00239
0.00221
0.00181
0.00163
0.0018
0.00217
0.00265
0.00278
0.00231
0.00153
0.00077
-0.00004
-0.00064
-0.00082
-0.0009
-0.00125
-0.0019
-0.00277
-0.00384
-0.00486
-0.00564
-0.00608
-0.0063
-0.00645
-0.00665
-0.00687
-0.00711
-0.00733
-0.00744
-0.00724
-0.00693
-0.00673
-0.00655
-0.00625
-0.00577
-0.00532
-0.00511
-0.00493
-0.0046
-0.00423
-0.00394
-0.00374
-0.00352
-0.00319
-0.00267
-0.00216
-0.00191
-0.00161
-0.00108
-0.00111
-0.00169
-0.0022
-0.00265
-0.00329
-0.00372
-0.00379
-0.00368
-0.00382
-0.00436
-0.00525
-0.00607
-0.00637
-0.00599
-0.00528
-0.00483
-0.00488
-0.00537
-0.00574
-0.00575
-0.00572
-0.00579
-0.0058
-0.00568
-0.00546
-0.00515
-0.00484
-0.00465
-0.0046
-0.00466
-0.00458
-0.00441
-0.00437
-0.00445
-0.00456
-0.00478
-0.00507
-0.00532
-0.0056
-0.00599
-0.00626
-0.00638
-0.00648
-0.00655
-0.00654
-0.00648
-0.00635
-0.00612
-0.00603
-0.00622
-0.00635
-0.0063
-0.00626
-0.00613
-0.00579
-0.00555
-0.00549
-0.00549
-0.00553
-0.00568
-0.00582
-0.00588
-0.00586
-0.00582
-0.00577
-0.00552
-0.00503
-0.00436
-0.00378
-0.00349
-0.00348
-0.00351
-0.00327
-0.00296
-0.00297
-0.0031
-0.00319
-0.00344
-0.00373
-0.00379
-0.00378
-0.00377
-0.00353
-0.00315
-0.00288
-0.00279
-0.00281
-0.00291
-0.00302
-0.00312
-0.00324
-0.00332
-0.00321
-0.00302
-0.00289
-0.00286
-0.00286
-0.00279
-0.00278
-0.00297
-0.0031
-0.00301
-0.0028
-0.0026
-0.00242
-0.00232
-0.00233
-0.00237
-0.00235
-0.00227
-0.00216
-0.00204
-0.00189
-0.00172
-0.00161
-0.00155
-0.00153
-0.00155
-0.00151
-0.00125
-0.00103
-0.00102
-0.00118
-0.00133
-0.00134
-0.0012
-0.00101
-0.0009
-0.00086
-0.00085
-0.00088
-0.00094
-0.00098
-0.00102
-0.00111
-0.00123
-0.00127
-0.0012
-0.00103
-0.00082
-0.00065
-0.00053
-0.00044
-0.00034
-0.00026
-0.0002
-0.00016
-0.00021
-0.0003
-0.00031
-0.00022
-0.00008
0.00013
0.00033
0.00042
0.00045
0.00045
0.00041
0.00035
0.00032
0.00032
0.00031
0.00036
0.00046
0.0005
0.00053
0.00058
0.00056
0.0005
0.00049
0.00049
0.00046
0.00044
0.00047
0.00054
0.00065
0.00077
0.0008
0.00071
0.00059
0.00047
0.00036
0.00028
0.00023
0.00022
0.00026
0.00032
0.00038
0.00043
0.00047
0.00051
0.00054
0.00057
0.00058
0.00053
0.00045
0.00037
0.00031
0.00026
0.00023
0.00022
0.00024
0.00028
0.00032
0.00033
0.00034
0.00033
0.00032
0.00031
0.00029
0.00029
0.00029
0.00028
0.00028
0.00028
0.00029
0.0003
0.0003
0.0003
0.0003
0.0003
0.00027
0.00025
0.00025
0.00026
0.00028
0.0003
0.00034
0.00037
0.00041
0.00043
0.00043
0.00044
0.00045
0.00047
0.00047
0.00048
0.00047
0.00047
0.00046
0.00044
0.00042
0.00041
0.00041
0.00041
0.00042
0.00044
0.00045
0.00047
0.00049
0.0005
0.00049
0.00049
0.00049
0.00049
0.00049
0.00049
0.00048
0.00048
0.00048
0.00049
0.0005
0.00052
0.00053
0.00055
0.00055
0.00056
0.00057
0.00059
0.0006
0.00062
0.00063
0.00063
0.00064
0.00063
0.00062
0.00061
0.0006
0.00058
0.00057
0.00056
0.00054
0.00053
0.00052
0.00053
0.00054
0.00057
0.00061
0.00066
0.00072
0.00077
0.0008
0.00081
0.0008
0.00077
0.00073
0.00071
0.00069
0.00068
0.00069
0.0007
0.00071
0.00072
0.00073
0.00072
0.00072
0.00071
0.00069
0.00068
0.00067
0.00066
0.00065
0.00066
0.00066
0.00067
0.00068
0.00068
0.00068
0.00069
0.00069
0.0007
0.0007
0.00071
0.00072
0.00073
0.00073
0.00073
0.00073
0.00073
0.00073
0.00074
0.00074
0.00074
0.00074
0.00074
0.00075
0.00075
0.00075
0.00075
0.00075
0.00075
0.00075
0.00075
0.00075
0.00076
0.00076
0.00076
0.00076
0.00077
0.00077
0.00077
0.00077
0.00077
0.00077
0.00077
0.00078
0.00078
0.00078
0.00078
0.00078
0.00078
0.00079
0.00079
0.00079
0.00079
0.00079
0.00079
0.00079
0.0008
0.0008
0.0008
0.0008
0.0008
0.0008
0.0008
0.0008
0.00081
0.00081
0.00081
0.00081
0.00081
0.00081
0.00081
0.00081
0.00082
0.00082
0.00082
0.00082
0.00082
0.00082
0.00082
0.00082
0.00082
0.00082
0.00082
0.00082
0.00083
0.00083
0.00083
0.00083
0.00083
0.00083
0.00083
0.00083
0.00083
0.00083
0.00083
0.00083
0.00083
0.00083
0.00083
0.00083
0.00083