0.005
0.006631975
0.006646403
0.006660887
0.006675364
0.006689944
0.006704504
0.006719272
0.006734294
0.006749656
0.00676511
0.006780754
0.006796397
0.006811666
0.006825665
0.006838278
0.006849715
0.006861788
0.006875344
0.006888308
0.006896866
0.006899286
0.006903038
0.00692034
0.006946778
0.006970702
0.00698639
0.00700043
0.007020719
0.007048562
0.007079598
0.007101852
0.007109588
0.007105778
0.007104635
0.007119685
0.007157389
0.007218857
0.007287025
0.007353648
0.007404047
0.007384664
0.007275025
0.007135139
0.007026677
0.006947791
0.006874326
0.006791695
0.006699868
0.006598092
0.00652975
0.006648246
0.006949404
0.007283139
0.007492617
0.00752749
0.007548883
0.007669167
0.007847634
0.008007654
0.00813133
0.008199625
0.008150416
0.007736295
0.007032148
0.006244883
0.00568081
0.005522757
0.005674429
0.00604632
0.006559191
0.007177069
0.007756039
0.008150856
0.008345215
0.00852009
0.008746353
0.008999857
0.009235584
0.009445368
0.009631782
0.009782346
0.009868134
0.009867921
0.009628112
0.009077927
0.008299394
0.007589765
0.007193971
0.007031315
0.006915246
0.006826649
0.006937665
0.007604048
0.008745832
0.009901422
0.01084127
0.01122485
0.01086373
0.01009145
0.009253668
0.008507698
0.007751591
0.006876381
0.005968954
0.00535978
0.005431212
0.006575965
0.008801031
0.01112986
0.01252447
0.01232836
0.01002122
0.006398496
0.003163797
0.001614204
0.002410032
0.004271412
0.005827327
0.006927486
0.008143445
0.009811757
0.01177696
0.01376242
0.01552901
0.01609171
0.01506358
0.01335057
0.01196673
0.01082214
0.00969979
0.008676756
0.007919954
0.007207619
0.006057193
0.003411496
-0.000542884
-0.00411938
-0.005740883
-0.005190862
-0.002699757
0.0008616955
0.004292555
0.007555562
0.01112831
0.01405599
0.01473808
0.01378395
0.01260979
0.01155485
0.0101997
0.009071479
0.0090297
0.01067548
0.0141627
0.01848386
0.02200482
0.02345624
0.01884495
0.01053059
0.003647674
-0.0008344909
-0.00412643
-0.00693678
-0.009184752
-0.01047113
-0.01037238
-0.008067209
-0.002177148
0.005516214
0.01250943
0.01773299
0.02072403
0.02128125
0.01892416
0.01552867
0.01191553
0.008749441
0.00748788
0.007838823
0.007969157
0.007080346
0.005040681
0.002621507
0.0007501016
0.0005671954
0.001276333
0.001471767
0.001010318
0.0002395796
-0.001126187
-0.002774805
-0.004251265
-0.005582909
-0.00687099
-0.006875123
-0.002592598
0.007950534
0.02083444
0.03190771
0.03810032
0.0419604
0.04740349
0.05450216
0.05836765
0.05350447
0.03720904
0.01794587
0.003271518
-0.008682461
-0.02056578
-0.03117317
-0.04044044
-0.04601151
-0.04595502
-0.0378843
-0.01975478
0.003274914
0.02182132
0.03036641
0.03293404
0.03731706
0.04545044
0.05387247
0.0584473
0.05671274
0.05130122
0.04593041
0.04013965
0.03169575
0.01863807
0.001898212
-0.01440917
-0.02606386
-0.0316921
-0.03248966
-0.02937509
-0.02220769
-0.01207522
0.001287399
0.01286592
0.01867641
0.02102324
0.02490201
0.03186077
0.03954833
0.04593852
0.05162206
0.0545012
0.04747527
0.02746506
0.004094506
-0.01187877
-0.01405182
-0.005636039
0.002471285
0.00473218
0.0003948304
-0.005955892
-0.009394928
-0.01002586
-0.01024425
-0.01075926
-0.01069101
-0.01044698
-0.01113517
-0.01340529
-0.01596953
-0.01746467
-0.01304046
-0.0002098547
0.01348505
0.02040664
0.02078605
0.02109595
0.02415369
0.02817577
0.0307398
0.02965237
0.02239144
0.01105787
-0.0001462069
-0.007600422
-0.01240255
-0.01812683
-0.02666511
-0.03420361
-0.03469365
-0.0280677
-0.01971272
-0.0101571
0.004658994
0.02668069
0.05191224
0.07033745
0.07730901
0.07485121
0.07168904
0.07174936
0.07151825
0.06379834
0.04170448
0.01353046
-0.01435215
-0.03706965
-0.05561342
-0.07576649
-0.0971751
-0.1137385
-0.1178255
-0.1038973
-0.07423142
-0.03859516
-0.009039177
0.00692375
0.01634122
0.03031062
0.04951909
0.0668144
0.07435611
0.06792166
0.05372443
0.04361443
0.04321715
0.05059386
0.06414741
0.08644441
0.107653
0.1184884
0.1169999
0.1094099
0.1007458
0.0921561
0.07918075
0.04999017
0.007911282
-0.03772552
-0.07563847
-0.0937239
-0.09096719
-0.07831992
-0.06631072
-0.0577008
-0.04467717
-0.01525584
0.03497916
0.08545786
0.1084354
0.1037962
0.09204422
0.078597
0.05659967
0.02308478
-0.02060375
-0.06139856
-0.07837501
-0.07134253
-0.06038297
-0.0585739
-0.06158619
-0.06115379
-0.05762871
-0.06188842
-0.08290691
-0.1045638
-0.1128002
-0.1023285
-0.07564315
-0.0517825
-0.04707839
-0.05276169
-0.05256132
-0.04163195
-0.01583182
0.02146881
0.05971521
0.09762262
0.1340349
0.1613419
0.171862
0.1511715
0.1013998
0.0585212
0.04411414
0.04379857
0.03638353
0.01712565
-0.005075834
-0.02705639
-0.04661405
-0.05201793
-0.03727222
-0.006462311
0.02161812
0.02902845
0.01865473
0.00387334
-0.002976114
0.004374199
0.02338994
0.04529532
0.06519171
0.08723957
0.1138474
0.1403183
0.1568192
0.1618991
0.1602357
0.1564801
0.1509248
0.1378989
0.1012428
0.03356958
-0.05291638
-0.1004884
-0.09488398
-0.07426084
-0.06488451
-0.06299107
-0.05241237
-0.01933954
0.02644212
0.0619849
0.07986939
0.08607118
0.09339125
0.1059187
0.1187995
0.1245172
0.1146933
0.09651717
0.09392581
0.1182227
0.1525877
0.1614946
0.1185121
0.05696855
-0.02354779
-0.1624038
-0.3300198
-0.4792948
-0.5776499
-0.6493444
-0.690182
-0.7053787
-0.6596708
-0.5103155
-0.1800314
0.1941876
0.4872381
0.6472924
0.7138587
0.761339
0.7754754
0.6973716
0.4904812
0.1668186
-0.164267
-0.4196743
-0.6478958
-0.8416052
-0.9167728
-0.9267502
-0.9493548
-0.9671835
-0.880347
-0.5377502
0.1535219
0.8869252
1.232827
1.188679
1.087726
1.123763
1.178041
1.084711
0.8692411
0.5282644
0.08013423
-0.358302
-0.7483905
-1.131794
-1.426955
-1.4679
-1.399243
-1.40086
-1.472436
-1.527627
-1.516702
-1.46414
-1.403115
-1.341606
-1.239138
-1.042378
-0.3967017
0.7037208
1.658302
1.850431
1.494046
1.237199
1.176903
1.008826
0.6710956
0.2832806
-0.06923929
-0.3924004
-0.7219666
-1.048811
-1.22221
-1.254339
-1.256489
-1.251393
-1.239895
-1.205662
-1.145478
-0.9234282
0.2100034
1.803741
1.894979
1.000919
0.5103514
0.6037735
0.7395571
0.5908756
0.265741
-0.02086254
-0.2078378
-0.3628325
-0.5471824
-0.7221419
-0.7552916
-0.567334
-0.2134833
0.1154805
0.2329973
0.1671818
0.1324386
0.2175697
0.375534
0.5190888
0.5738097
0.4996996
0.1586498
0.01637032
0.1238252
0.245561
0.3871833
0.4842592
0.3765154
0.1120824
-0.08015613
-0.2611666
-0.3874561
-0.4437095
-0.4989287
-0.5911747
-0.6902789
-0.7520155
-0.7310169
-0.623485
-0.3971168
-0.1818457
-0.09074558
-0.05665178
-0.009434167
0.0352414
0.05676783
0.06650346
0.06273279
0.009608459
-0.08850309
-0.19866
-0.3014008
-0.3467612
-0.3155971
-0.2274534
-0.07713009
-0.003528046
-0.05216759
-0.09929307
-0.02953168
0.1169032
0.2355326
0.2993595
0.3379771
0.3272167
0.2536961
0.1757833
0.148551
0.1494248
0.1191697
0.03280817
-0.07384182
-0.144236
-0.1271237
-0.03350198
0.1305212
0.3290952
0.4683303
0.4745517
0.372754
0.2686881
0.1688735
0.1062305
0.119324
0.1776782
0.211759
0.1777961
0.1035766
0.04428532
0.0144429
-0.002897994
0.001390774
0.06504394
0.167634
0.21228
0.1429801
0.02584844
-0.05745764
-0.07788099
-0.03270385
0.04602585
0.137787
0.2345121
0.3340512
0.4127838
0.4779286
0.5138176
0.5042082
0.4315376
0.3018765
0.1615947
0.02262909
-0.1316202
-0.3409061
-0.5734225
-0.7260331
-0.755149
-0.6799602
-0.5402498
-0.390548
-0.1801243
0.1062811
0.345467
0.4477167
0.4882527
0.5719292
0.6958334
0.75345
0.6814195
0.5255061
0.3608433
0.2293325
0.1340936
0.04571343
-0.05962614
-0.1522059
-0.229438
-0.2909934
-0.3233038
-0.312008
-0.2364687
-0.08890996
0.0763153
0.1679184
0.1901303
0.1871323
0.2051418
0.2412878
0.2717421
0.3019604
0.3555751
0.4535816
0.5081588
0.4517271
0.3233531
0.1621259
0.07061755
0.0571853
0.1188373
0.1805733
0.1650985
0.03923812
-0.171726
-0.2940567
-0.3899398
-0.4261883
-0.3419479
-0.1976162
-0.09988822
-0.1160605
-0.1538582
-0.1183983
-0.04217511
-0.01688106
-0.04347844
-0.06509633
-0.03578355
0.02725615
0.0624988
0.03408322
-0.01074354
-0.008286482
0.05956374
0.1306632
0.1496945
0.1044025
0.01503899
-0.1085272
-0.2231644
-0.3178135
-0.417196
-0.4210644
-0.3624768
-0.2909304
-0.2318273
-0.1900555
-0.1837314
-0.2194805
-0.2587486
-0.2558384
-0.1850017
-0.03582643
0.1515886
0.2428017
0.2243232
0.1586804
0.1180368
0.1489238
0.2664102
0.4061052
0.4402971
0.3444448
0.1837634
-0.01173894
-0.1334569
-0.1821392
-0.2074666
-0.1825936
-0.1032281
-0.02142196
0.03618312
0.07476148
0.1142476
0.1517883
0.1599049
0.1366055
0.1243241
0.1616491
0.2118301
0.1955166
0.1104417
-0.06068459
-0.2188611
-0.2959436
-0.2942116
-0.2117289
-0.03110154
0.2212293
0.4317563
0.5031378
0.4365669
0.3195032
0.2432284
0.1960063
0.1847819
0.1930563
0.186237
0.1668403
0.1580499
0.1363271
0.04730078
-0.07569194
-0.2026733
-0.2494696
-0.1971726
-0.1334038
-0.1376077
-0.2100081
-0.2798234
-0.3152357
-0.3271883
-0.3076472
-0.2188278
0.01480325
0.2408064
0.3487159
0.3566631
0.294714
0.1753989
0.01892367
-0.1350063
-0.2345062
-0.2813372
-0.3021889
-0.3241934
-0.3351641
-0.3129
-0.2691966
-0.2168237
-0.08792301
0.156367
0.3812686
0.4818296
0.4577126
0.3953162
0.3197366
0.1981861
-0.01735422
-0.2385089
-0.38205
-0.4815632
-0.5278606
-0.4919384
-0.3900636
-0.2676112
-0.09051341
0.08195633
0.132258
0.07370092
0.03194643
0.09371965
0.1876678
0.2022884
0.144029
0.10846
0.1607131
0.2477211
0.3043269
0.3158857
0.2721258
0.1382627
-0.1083639
-0.2554396
-0.2164455
-0.1101731
-0.07192259
-0.1126658
-0.1600116
-0.1277798
0.01312896
0.1713524
0.2466407
0.2358311
0.1482043
-0.002981182
-0.1542325
-0.2058398
-0.1767207
-0.1003497
0.02410641
0.165455
0.2280956
0.2027308
0.15333
0.1697368
0.2597022
0.3442343
0.3666844
0.3085019
0.2064835
0.07436733
-0.02533242
-0.06919691
-0.07328665
-0.03464076
0.005216608
0.01309581
-0.0003119087
0.001152836
0.01595047
-0.01032615
-0.07475074
-0.131253
-0.152221
-0.1474693
-0.1281882
-0.09374356
-0.062903
-0.06634228
-0.1041712
-0.1179367
-0.03274819
0.1308074
0.2363224
0.2494408
0.2363877
0.2532686
0.2876865
0.2895287
0.2135576
0.0864849
-0.009940366
-0.08121771
-0.1489481
-0.2070702
-0.2421222
-0.2627568
-0.2870849
-0.3186613
-0.3489306
-0.3698212
-0.366422
-0.3172567
-0.2189696
-0.05054866
0.1728849
0.4538778
0.5782041
0.5117297
0.3601442
0.1662653
-0.0337248
-0.1834987
-0.2534773
-0.2432429
-0.2246596
-0.2545998
-0.3163097
-0.3576899
-0.3292114
-0.1868943
0.08134904
0.3246892
0.3823071
0.2682919
0.1260338
0.06587277
0.1004439
0.1511177
0.1366868
0.05062666
-0.06685611
-0.1765849
-0.2094923
-0.1260534
0.04498841
0.2264323
0.2927834
0.2513419
0.2075234
0.1878204
0.127483
0.0002988339
-0.1405645
-0.2108921
-0.2258803
-0.2340853
-0.2635683
-0.3047727
-0.3197098
-0.2554193
-0.08162366
0.130062
0.2731148
0.3124177
0.3081309
0.3458792
0.4416391
0.5125618
0.5085401
0.4522971
0.3512628
0.2050304
0.05609249
-0.07291949
-0.1719734
-0.2392131
-0.2974702
-0.3409042
-0.3381628
-0.2661068
-0.1498063
-0.08653752
-0.1066384
-0.155727
-0.1588366
-0.09070431
0.0348805
0.1650906
0.257536
0.327504
0.3688365
0.3170361
0.1412887
-0.009502182
-0.02832758
0.06059727
0.1489306
0.1814326
0.1713935
0.109713
0.01079628
-0.08828279
-0.1299949
-0.1167234
-0.06366523
-0.01893654
-0.00964171
-0.03278526
-0.05851588
-0.03665373
0.06341133
0.227645
0.4262262
0.5793061
0.5887284
0.4700503
0.2923981
0.07634054
-0.09208536
-0.1906373
-0.2716664
-0.3679234
-0.4613622
-0.5326876
-0.5784959
-0.5987795
-0.5645717
-0.4407031
-0.2049243
0.1179384
0.4304129
0.538196
0.4680715
0.3960085
0.4171157
0.4829037
0.495538
0.3849965
0.2066715
-0.03547979
-0.2965039
-0.4735322
-0.5610591
-0.5908479
-0.5671794
-0.4782324
-0.3424254
-0.2261244
-0.1410013
-0.05989655
0.04169169
0.1764815
0.3436089
0.4506478
0.4811826
0.4710393
0.4457293
0.4005555
0.3366564
0.2711751
0.1818092
0.08703525
-0.02741956
-0.1697547
-0.2568446
-0.2777896
-0.2578363
-0.2077631
-0.1596314
-0.1344549
-0.1292704
-0.1381521
-0.1454519
-0.125618
-0.08853641
-0.05867979
-0.0414215
-0.03808862
-0.04728585
-0.04636146
0.009032944
0.152203
0.3260132
0.4719203
0.5167107
0.4567157
0.3333923
0.2431013
0.2394513
0.2530988
0.2106569
0.09853668
-0.04620848
-0.1757058
-0.246137
-0.257464
-0.231638
-0.1874539
-0.1207694
-0.05439566
-0.04492841
-0.07755706
-0.08813563
-0.0324498
0.06267826
0.1317671
0.1457851
0.08886455
-0.02137193
-0.09368603
-0.09539926
-0.0506455
-0.009479069
-0.01950424
-0.0912776
-0.1695992
-0.2138516
-0.2202612
-0.1677332
-0.08482214
-0.02547483
-0.007652369
-0.01262773
-0.006183481
0.01730268
0.04620312
0.08744052
0.1339166
0.1682026
0.1837332
0.1843752
0.1786499
0.1627734
0.1106623
0.01970113
-0.1041908
-0.2066246
-0.2537551
-0.2617249
-0.2690265
-0.2830481
-0.2852605
-0.265821
-0.2061847
-0.08088186
0.0271137
0.07213995
0.09054619
0.1167681
0.1359982
0.1161762
0.04385919
-0.03658911
-0.06347357
-0.05821011
-0.06429498
-0.08177794
-0.09264888
-0.09555955
-0.09786761
-0.1015923
-0.09711868
-0.05830065
0.02562406
0.09835937
0.113993
0.0660148
0.00177799
-0.06084818
-0.1145882
-0.1488885
-0.1788356
-0.2169684
-0.2540192
-0.2716541
-0.2543053
-0.1918893
-0.08461769
0.03609788
0.1234936
0.1522764
0.1589594
0.1584143
0.1307691
0.07939163
-0.01092834
-0.1161446
-0.1682275
-0.1700509
-0.154758
-0.1372501
-0.112726
-0.07018038
-0.01352587
0.03025716
0.05063522
0.05751526
0.05466474
0.04523616
0.03830007
0.03446449
0.03116872
0.02896392
0.02016541
-0.007569184
-0.04823022
-0.08221563
-0.09377249
-0.0853381
-0.07280923
-0.06528612
-0.05903238
-0.04870302
-0.03702932
-0.03487225
-0.0466484
-0.06882958
-0.08284745
-0.07372312
-0.03881556
0.02466302
0.09553741
0.1343328
0.1363071
0.1221532
0.1056288
0.09266516
0.07105171
0.02637656
-0.0346407
-0.08516014
-0.1147193
-0.1349062
-0.1478925
-0.1474719
-0.12178
-0.04101382
0.07872565
0.1839037
0.2243302
0.212024
0.1682389
0.09690651
0.03361393
0.01260651
0.01273471
-0.003473289
-0.04472141
-0.1036544
-0.1572452
-0.1734193
-0.1490525
-0.1108161
-0.07905494
-0.05661649
-0.03753701
-0.01013251
0.030441
0.07491598
0.1050175
0.1089364
0.09639864
0.07823093
0.07001897
0.0763688
0.08355916
0.07695696
0.04135685
-0.01271536
-0.08617172
-0.1433806
-0.1583916
-0.1436058
-0.1200371
-0.09847754
-0.08221691
-0.07465298
-0.07179402
-0.06428285
-0.04474982
-0.006078013
0.04256281
0.06653683
0.04693332
-0.006040745
-0.06585936
-0.0962597
-0.08528909
-0.06271922
-0.05406469
-0.05693237
-0.06935859
-0.08820673
-0.1039034
-0.1117404
-0.08944777
-0.02718825
0.04571946
0.0953488
0.1109966
0.120479
0.1284565
0.1065742
0.04002631
-0.03123214
-0.05575174
-0.02935559
0.01163007
0.03344223
0.03756953
0.03432676
0.02729824
0.02493982
0.03590427
0.05266726
0.05674274
0.0385879
0.003673905
-0.03056494
-0.04740853
-0.04299803
-0.03375628
-0.0354687
-0.0516081
-0.07316931
-0.0875267
-0.0845702
-0.06659396
-0.04213165
-0.01978048
-0.003751914
0.002148176
0.003217309
0.00751477
0.01945598
0.03776689
0.05479979
0.0674347
0.07357549
0.06775839
0.04582141
0.005680034
-0.0366471
-0.05361296
-0.03871399
-0.01047434
0.01391487
0.025601
0.03171311
0.04321947
0.06285092
0.09518862
0.1271673
0.1388472
0.1291518
0.1125028
0.09700492
0.07999771
0.05501611
0.01632771
-0.0277911
-0.06689977
-0.09462222
-0.09922635
-0.08519101
-0.06842242
-0.05770044
-0.04949551
-0.03674673
-0.01148414
0.02267036
0.04858366
0.0486339
0.02377724
-0.01714686
-0.0510692
-0.05444387
-0.03528384
-0.01622813
-0.009499166
-0.01353406
-0.01846456
-0.01738555
-0.01173891
0.003186988
0.02912066
0.05497628
0.07046512
0.070731
0.05804621
0.03672656
0.0103045
-0.01203954
-0.02837298
-0.04359152
-0.06024857
-0.07598957
-0.08665109
-0.084822
-0.06206981
-0.0300895
-0.01452355
-0.02253343
-0.03720815
-0.04194998
-0.03743154
-0.03390391
-0.03912031
-0.05102124
-0.05762802
-0.04747524
-0.02066927
0.007606485
0.02475303
0.03283498
0.0369557
0.0350426
0.02207366
0.003165347
-0.01272211
-0.02183887
-0.02609759
-0.0278038
-0.02945481
-0.03247236
-0.03729631
-0.04277727
-0.04619157
-0.04536965
-0.041305
-0.03543808
-0.02559043
-0.00505456
0.02814376
0.0632094
0.09147056
0.1019111
0.09855127
0.08981457
0.07001955
0.03949532
0.008586424
-0.01224281
-0.02134044
-0.02306847
-0.02263415
-0.02367475
-0.02995384
-0.04509594
-0.06234869
-0.06892823
-0.05843872
-0.03458471
-0.007540805
0.009588162
0.0125205
0.008605018
0.007368045
0.008212923
0.00214574
-0.01476256
-0.03483873
-0.04857207
-0.05454193
-0.05814739
-0.06008092
-0.05167954
-0.02082915
0.02471648
0.06319869
0.07592112
0.0676402
0.05371993
0.04552994
0.04177797
0.03840751
0.03626222
0.03650554
0.03735503
0.03273004
0.009820933
-0.03007423
-0.06595584
-0.08305571
-0.07892982
-0.06194047
-0.04290351
-0.02877955
-0.02108631
-0.01729107
-0.01111732
-0.001550713
0.008192507
0.01605562
0.02140845
0.01543519
-0.009227757
-0.04240347
-0.06230769
-0.06008691
-0.0432443
-0.02874265
-0.02344987
-0.02474819
-0.02839886
-0.0302975
-0.0299734
-0.02978664
-0.03116222
-0.03344453
-0.03699819
-0.04316634
-0.05009731
-0.05548492
-0.05295566
-0.03610744
-0.01359
-0.002971693
-0.00762527
-0.01289333
-0.008694299
0.004151238
0.01857352
0.03084031
0.04201135
0.05038889
0.05313051
0.04733083
0.03660485
0.02774606
0.02105709
0.01219678
-0.002171257
-0.02157062
-0.03858612
-0.0445955
-0.04189646
-0.04045069
-0.04308386
-0.04782277
-0.05436097
-0.05860614
-0.05467487
-0.03866868
-0.01555277
0.00359016
0.009946414
0.00510495
-0.0002623934
0.0009871356
0.01096479
0.02681535
0.03700227
0.03109816
0.008336804
-0.02228346
-0.04255301
-0.04023265
-0.02568943
-0.01782161
-0.02521529
-0.03852498
-0.04303255
-0.03251843
-0.01109896
0.009550387
0.02056579
0.02251325
0.02535645
0.03473458
0.04737869
0.05827731
0.06685662
0.07081213
0.06754572
0.05466209
0.03616718
0.01929976
0.004786688
-0.009254555
-0.02205586
-0.03139499
-0.03804215
-0.04407771
-0.05073034
-0.05668623
-0.06115399
-0.06513472
-0.06948159
-0.07336932
-0.07040522
-0.05491593
-0.02299609
0.009188249
0.02437004
0.02601846
0.03004602
0.04192009
0.05585046
0.06617241
0.06831414
0.05863843
0.04006534
0.02621999
0.0229109
0.02163058
0.01585886
0.001460004
-0.02271285
-0.04916087
-0.06983802
-0.07296935
-0.05748445
-0.03344666
-0.01462135
-0.002355744
0.009857785
0.02523046
0.04095972
0.04899323
0.0452301
0.0348185
0.02607332
0.02154744
0.01879008
0.01437483
0.007694419
-0.0001110547
-0.007470035
-0.01391308
-0.01729868
-0.009434482
0.01168216
0.03378567
0.04405584
0.03679512
0.01587782
-0.004704964
-0.01578682
-0.01434546
-0.009110337
-0.009058342
-0.01308415
-0.01590614
-0.01467087
-0.004925292
0.01673425
0.04198445
0.06379233
0.07689926
0.07336043
0.05193091
0.02254035
-0.00096566
-0.004101456
0.009253012
0.02000224
0.02078718
0.01788862
0.01752881
0.01898213
0.01741481
0.01170254
0.005116278
-0.0007784378
-0.001433551
0.004874113
0.0119786
0.01614874
0.01850685
0.02025634
0.02249653
0.02544388
0.02844211
0.03101044
0.03222575
0.03017131
0.02665479
0.02513728
0.02677377
0.02886808
0.02954429
0.02939643
0.02961659
0.03046276
0.03075221
0.028564
0.02508118
0.02257671
0.0219617
0.02183554
0.02093724
0.01947457
0.01643457
0.01012098
0.003748879
0.0043543
0.01492297
0.03175719
0.04901633
0.05462022
0.04291029
0.01868211
-0.003431679
-0.01538977
-0.02053549
-0.02499755
-0.03275078
-0.04231085
-0.04932871
-0.04695239
-0.03552934
-0.02379524
-0.01602552
-0.009666253
-0.00159257
0.008444894
0.02146179
0.03782465
0.0540424
0.06705279
0.07353639
0.07239305
0.06390608
0.05037274
0.03623176
0.02427126
0.01433109
0.004168903
-0.0061736
-0.01446003
-0.01744325
-0.01308971
-0.003730265
0.006744164
0.01698593
0.02309401
0.0244431
0.02479959
0.02709532
0.03054296
0.03322572
0.03380809
0.02890743
0.01372424
-0.007518886
-0.02542136
-0.03457441
-0.03413113
-0.02548756
-0.007240198
0.0199889
0.04833964
0.06590951
0.07557166
0.08346323
0.08874263
0.08785547
0.08196969
0.07379447
0.06195986
0.04464129
0.02460811
0.005387529
-0.01028716
-0.01654305
-0.01696332
-0.01901289
-0.02350207
-0.02638451
-0.02174897
-0.01115469
0.00733922
0.03106522
0.04763986
0.05756354
0.06617538
0.073901
0.07635326
0.06956039
0.05170884
0.02941177
0.01175497
0.005385736
0.007969301
0.01082969
0.01108134
0.01088261
0.01232502
0.0156436
0.01962291
0.02314655
0.02705753
0.03257434
0.03605633
0.03142939
0.02099833
0.01161386
0.003407495
-0.003248952
-0.005066686
-0.001860406
0.003750995
0.01058832
0.02183286
0.03909385
0.05746149
0.07213028
0.07780862
0.07069998
0.0518794
0.03305959
0.02081564
0.01347457
0.007801615
0.0001856313
-0.009230332
-0.01790379
-0.02403198
-0.02732665
-0.0271956
-0.02406519
-0.01826713
-0.007801557
0.006171067
0.02023323
0.03078914
0.03827128
0.04340306
0.04670671
0.04698719
0.04305551
0.03447908
0.02267787
0.009435583
-0.003760386
-0.01217951
-0.01230445
-0.006621894
0.005392084
0.02276104
0.0339935
0.03387288
0.02432382
0.01467747
0.01006967
0.009170519
0.009932195
0.009474334
0.006628434
0.001301455
-0.004256564
-0.008564997
-0.01224388
-0.01405374
-0.01284481
-0.01051674
-0.008633356
-0.007297498
-0.005931606
-0.004464778
-0.00171984
0.003636199
0.009759146
0.01490954
0.01884317
0.02180281
0.02320274
0.02299209
0.02025373
0.01153453
-0.0008940285
-0.01126163
-0.01161484
-0.005143037
-0.0008331765
-0.000603535
-0.0007815883
0.001385471
0.009095476
0.02264102
0.03554505
0.0410915
0.03956613
0.03212711
0.01927145
0.008013049
0.003292922
0.001667119
-0.002885518
-0.01473865
-0.03138018
-0.0474252
-0.05630425
-0.05433925
-0.04413929
-0.02931227
-0.01515337
-0.005514322
0.002111504
0.0102105
0.01891909
0.02689451
0.0319044
0.02985275
0.02077851
0.006854475
-0.008818567
-0.02264241
-0.02772715
-0.02328647
-0.01762696
-0.01547727
-0.01453172
-0.01113859
-0.003167621
0.007796384
0.01957268
0.02933453
0.03133033
0.02452765
0.01443785
0.003991686
-0.003160327
-0.004981795
-0.003057355
0.000216389
0.005473906
0.01166973
0.01628103
0.01707704
0.0140423
0.01119665
0.01046218
0.01089218
0.008802431
0.002253277
-0.007990963
-0.01770518
-0.02405899
-0.0282223
-0.03213561
-0.03566717
-0.03655754
-0.03338071
-0.02567523
-0.01547602
-0.004845864
0.002847114
0.004560062
0.002084125
0.0001014474
0.003141608
0.01014268
0.01802852
0.02138517
0.01574327
0.006544364
-0.0004179206
-0.004118
-0.00618337
-0.006737207
-0.005577299
-0.0006042791
0.008227773
0.02008386
0.02858862
0.02904622
0.02631614
0.02300766
0.01539619
0.003075363
-0.009943178
-0.020002
-0.02748374
-0.03518307
-0.0454124
-0.05611164
-0.06380965
-0.06442512
-0.0548074
-0.03719579
-0.01882169
-0.005869978
-0.001731186
-0.003163465
-0.003014257
0.001650898
0.008906707
0.01612539
0.02020329
0.02101729
0.01748003
0.01049939
0.002694829
-0.002925502
-0.005928795
-0.007297392
-0.009821382
-0.0144781
-0.02033577
-0.02516347
-0.02817046
-0.03086301
-0.03339704
-0.03437349
-0.0338422
-0.0329601
-0.03301713
-0.03443342
-0.03722681
-0.04109359
-0.04510937
-0.04770577
-0.04718432
-0.04345433
-0.03899869
-0.03665378
-0.03870552
-0.04094074
-0.03876493
-0.02868949
-0.01335778
0.0007469853
0.01079192
0.01653228
0.02092072
0.0245522
0.02656861
0.02552247
0.01984879
0.009688221
-0.002534722
-0.01281749
-0.01961547
-0.02325638
-0.02402981
-0.02281947
-0.0202166
-0.01774179
-0.01694662
-0.01732835
-0.01798266
-0.01831603
-0.01915417
-0.02178386
-0.02654357
-0.03147359
-0.03315049
-0.03133053
-0.02700838
-0.0220336
-0.01712865
-0.01138636
-0.003713497
0.006173583
0.01649823
0.02284749
0.02263824
0.01915978
0.01475325
0.01025201
0.004735963
-0.00342138
-0.01338633
-0.02352277
-0.03326859
-0.04019969
-0.04414879
-0.04721699
-0.049733
-0.04992705
-0.0447792
-0.03352341
-0.02103722
-0.01369756
-0.0129272
-0.01642914
-0.02053408
-0.02171016
-0.02040648
-0.01784624
-0.01677039
-0.01864542
-0.0232693
-0.02792902
-0.03018811
-0.02916858
-0.02664777
-0.02574026
-0.02651673
-0.02707568
-0.0253038
-0.02182158
-0.01964278
-0.01926125
-0.01908853
-0.01746547
-0.01418766
-0.009909441
-0.005793929
-0.00264257
-0.001630531
-0.004398303
-0.01153145
-0.01953627
-0.02307297
-0.02110467
-0.01719662
-0.01563751
-0.01659732
-0.01808925
-0.01784958
-0.01549776
-0.01148007
-0.007767057
-0.006049189
-0.006922289
-0.01010385
-0.01445389
-0.01905533
-0.0238011
-0.02839092
-0.03163597
-0.03135054
-0.02761223
-0.02112505
-0.01573637
-0.01265193
-0.00939933
-0.004627162
0.0008333982
0.003857155
0.001783951
-0.003650734
-0.009313842
-0.01344503
-0.01712498
-0.02146279
-0.02474797
-0.02556565
-0.023952
-0.02243292
-0.02192195
-0.02003971
-0.01587622
-0.01051344
-0.005885618
-0.002471095
0.0008835511
0.005228716
0.01100575
0.01702611
0.02205336
0.02396826
0.02166663
0.01547982
0.007124383
-0.002202495
-0.01024538
-0.01589496
-0.01920862
-0.01893937
-0.0105023
0.00119965
0.009754051
0.01502901
0.01940696
0.0238106
0.02721255
0.02801264
0.02354569
0.01418834
0.003840319
-0.005200397
-0.01200937
-0.0185572
-0.02644829
-0.03238022
-0.03538258
-0.03688864
-0.03640671
-0.02938625
-0.01682131
-0.005327955
0.002524167
0.007949519
0.01232548
0.01664902
0.02084519
0.0245453
0.02710118
0.0272172
0.02291834
0.01397568
0.004431199
-0.001570231
-0.003833527
-0.005556952
-0.00806915
-0.01007927
-0.01024073
-0.008531248
-0.006494804
-0.004989926
-0.00367067
-0.001433874
0.002253909
0.007349069
0.01240918
0.01568216
0.01665925
0.01531342
0.01372971
0.01336413
0.01524613
0.01781004
0.01899745
0.01738822
0.01317953
0.008579692
0.005662873
0.005020075
0.005079107
0.004328435
0.002229843
-0.0004981035
-0.003179967
-0.004501787
-0.004196653
-0.002912041
-0.001860196
-0.001416415
-0.0001053557
0.002877804
0.007922292
0.01273957
0.01480322
0.01570781
0.01762875
0.02133657
0.02597578
0.0304873
0.0341115
0.03658051
0.03744528
0.03622373
0.03264384
0.02781536
0.022894
0.01850588
0.01512831
0.01391146
0.01486922
0.01711135
0.01901757
0.02033826
0.02183466
0.02341791
0.02411924
0.02289273
0.02008129
0.01624644
0.01222758
0.008718536
0.006363641
0.005106677
0.00454645
0.003668034
0.002177844
0.001901348
0.004134705
0.00907663
0.01458204
0.01894697
0.02038894
0.01815228
0.01228561
0.005302493
0.002483183
0.005507702
0.01031573
0.01380545
0.01532768
0.01677889
0.01973262
0.02380001
0.02779017
0.03001852
0.03025555
0.02926135
0.02864206
0.02908465
0.02878866
0.02609335
0.02034824
0.01298326
0.005767593
0.001176627
-0.0003873165
0.0004135689
0.00191108
0.003789721
0.008035329
0.01507159
0.02336592
0.02916001
0.03169006
0.03140101
0.03027805
0.02952283
0.02794926
0.02432842
0.01901741
0.01455108
0.01322998
0.01466525
0.01679606
0.0176957
0.01668274
0.01371303
0.01006162
0.006816798
0.004398779
0.00290514
0.00286179
0.005108932
0.008875521
0.01200794
0.01478229
0.01874509
0.02245438
0.02408261
0.02320279
0.02060729
0.01719253
0.0143009
0.01259179
0.01205898
0.01251859
0.01425546
0.01756984
0.02190258
0.02604669
0.02906126
0.03050818
0.02990276
0.02682424
0.02152822
0.01459449
0.006283302
-0.001552191
-0.007450624
-0.01095411
-0.01181431
-0.01058601
-0.006636237
-0.001564242
0.002240308
0.004526628
0.006197132
0.007817835
0.00925837
0.01036076
0.0110212
0.01115486
0.01103239
0.01102366
0.011719
0.01279288
0.01351577
0.01289489
0.01063512
0.007440009
0.004096835
0.0008269834
-0.001823431
-0.003414904
-0.003583197
-0.003215593
-0.003186388
-0.003709367
-0.004414971
-0.004958882
-0.005163994
-0.005066012
-0.005385119
-0.00694132
-0.01058771
-0.01575058
-0.02099658
-0.02317787
-0.02155095
-0.0170953
-0.01194178
-0.006867646
-0.003317338
-0.001069576
0.001606071
0.004951749
0.007908783
0.009416047
0.009245955
0.007577727
0.005356122
0.003183304
0.001634892
0.000538412
-0.002502326
-0.007658191
-0.01323523
-0.01704773
-0.01826838
-0.01658771
-0.01316716
-0.008511733
-0.003064718
0.002955498
0.007844841
0.01104373
0.01245893
0.01245071
0.01031232
0.006746056
0.003105736
0.0008789132
-0.0005164632
-0.002490026
-0.006081608
-0.01071706
-0.01500402
-0.01810875
-0.0200446
-0.02046265
-0.01964704
-0.01740646
-0.01371935
-0.009006623
-0.004594469
-0.001533653
-0.0007568272
-0.001718712
-0.003834215
-0.004872057
-0.003774306
-0.0009237051
0.00193854
0.003816607
0.004364936
0.004012035
0.002447979
-0.0007044094
-0.005454427
-0.009456788
-0.01131248
-0.01126115
-0.01066428
-0.01031037
-0.01058189
-0.01092921
-0.01035142
-0.008831562
-0.007057742
-0.007423566
-0.01054413
-0.01500224
-0.0173081
-0.01597907
-0.01252276
-0.009194491
-0.0078225
-0.008871807
-0.01245129
-0.01640362
-0.01914049
-0.02044529
-0.02082866
-0.02065485
-0.02028821
-0.01968551
-0.0183054
-0.01570408
-0.01200287
-0.007733495
-0.003827842
-0.001730751
-0.0007780416
0.0001488727
0.00115232
0.00164114
0.0002671078
-0.003241737
-0.008406954
-0.01370538
-0.01788634
-0.01993596
-0.01892954
-0.01514013
-0.0117003
-0.01031937
-0.01118102
-0.01267974
-0.01353436
-0.0126232
-0.009841332
-0.005297602
-0.0008802423
0.001865207
0.002560687
0.00154921
-0.0002377601
-0.002078554
-0.004029083
-0.007181579
-0.01152138
-0.01570021
-0.01949602
-0.02373626
-0.02965589
-0.03570064
-0.03970569
-0.04026997
-0.03768353
-0.03263055
-0.02558265
-0.01611256
-0.007511012
-0.001350222
0.00327758
0.007472945
0.01050239
0.01165686
0.01090464
0.008402289
0.004117453
-0.0007526025
-0.004507756
-0.006733366
-0.008280343
-0.009764186
-0.01114459
-0.01166861
-0.01101108
-0.01004137
-0.009393862
-0.009029175
-0.009466702
-0.01129133
-0.01483771
-0.01858322
-0.0205635
-0.01920023
-0.01540945
-0.01061255
-0.006834147
-0.005468879
-0.004732755
-0.002898272
0.001005791
0.005868259
0.009478758
0.01101493
0.01064215
0.009209941
0.007311663
0.003815047
-0.001186573
-0.005386172
-0.008494833
-0.01153686
-0.01419608
-0.01548023
-0.01479122
-0.01323368
-0.0117308
-0.01076444
-0.009780578
-0.007906504
-0.005799697
-0.004464426
-0.004359033
-0.005262784
-0.006885746
-0.008319698
-0.008983676
-0.008901972
-0.008557012
-0.008043224
-0.007507696
-0.00709912
-0.00686996
-0.00643704
-0.005142793
-0.003093097
-0.001025415
-0.0006690532
-0.002124407
-0.005072952
-0.008191641
-0.0104586
-0.01116185
-0.01109101
-0.01128793
-0.0122405
-0.01321011
-0.01175014
-0.007599031
-0.002120115
0.001523577
0.001917545
-0.0006273812
-0.004031952
-0.006749619
-0.007819635
-0.008008851
-0.009201498
-0.01196985
-0.01572341
-0.01907459
-0.02128536
-0.02214015
-0.02162385
-0.01958368
-0.01636377
-0.01266464
-0.008747423
-0.005744628
-0.004140161
-0.00477103
-0.007579342
-0.01220293
-0.01761656
-0.0218623
-0.02320082
-0.02187051
-0.01849659
-0.01356342
-0.007833282
-0.001548937
0.004383112
0.009304644
0.01362145
0.01741205
0.0182145
0.01518212
0.00901544
0.001637333
-0.004542559
-0.007889894
-0.01099074
-0.01547565
-0.01941707
-0.02092516
-0.01948134
-0.01660035
-0.01413112
-0.01337027
-0.01328732
-0.01250172
-0.01021232
-0.007115725
-0.004597183
-0.003777977
-0.005098817
-0.006785572
-0.007028844
-0.004867129
-0.002183941
-0.001030173
-0.00282399
-0.006510283
-0.009662253
-0.01070376
-0.009978525
-0.009153712
-0.009416258
-0.01123138
-0.01414574
-0.01752097
-0.02045769
-0.02244236
-0.02315698
-0.02169128
-0.01827583
-0.01422727
-0.01057975
-0.00735248
-0.003775902
0.0003267687
0.003660677
0.006049687
0.008175122
0.009052923
0.007593307
0.004161255
7.396443E-05
-0.00386973
-0.006844213
-0.008826974
-0.01026086
-0.01124209
-0.01155064
-0.01083039
-0.009202697
-0.007242423
-0.005248725
-0.003040845
0.0002604153
0.004692543
0.009349912
0.01312523
0.01531015
0.01524998
0.01363568
0.01211088
0.01134869
0.01098925
0.01028465
0.008266202
0.003499503
-0.002489158
-0.007317378
-0.01002229
-0.01138227
-0.01231378
-0.013267
-0.01394229
-0.01354371
-0.01163802
-0.00864353
-0.006186254
-0.004933506
-0.004893572
-0.005134198
-0.004988922
-0.004433964
-0.004140414
-0.004666971
-0.00573879
-0.006631926
-0.00668669
-0.006053865
-0.005051421
-0.004191316
-0.003416937
-0.002116747
-0.0002086898
0.001833747
0.002796208
0.002039755
-0.0006643668
-0.004464859
-0.008335434
-0.01069192
-0.01179665
-0.01274865
-0.01396628
-0.01519123
-0.01620649
-0.01656748
-0.01601388
-0.01448703
-0.01249701
-0.01034546
-0.008149565
-0.005997099
-0.004283568
-0.002812557
-0.001105516
0.000329733
0.0007932863
-3.948105E-05
-0.001804935
-0.00464084
-0.008090957
-0.01095228
-0.01177531
-0.00971849
-0.005205513
-0.0003130779
0.003467265
0.005115203
0.005902048
0.007019191
0.008146139
0.008564978
0.007593196
0.006138306
0.005539511
0.005867082
0.006162589
0.00537398
0.003003803
-0.0006000212
-0.004081443
-0.006592591
-0.008055172
-0.008520688
-0.007925654
-0.005907095
-0.002951289
0.0002475646
0.003116625
0.005107896
0.005203172
0.004179051
0.00307365
0.002609818
0.00267405
0.002828881
0.002048107
-0.0001289148
-0.00319993
-0.005860014
-0.007103609
-0.006514445
-0.004959877
-0.003923364
-0.003833238
-0.004395523
-0.005403989
-0.006351514
-0.006179077
-0.00472731
-0.002699145
-0.001575563
-0.002160382
-0.004438388
-0.006791183
-0.008209514
-0.00824843
-0.007169894
-0.005218128
-0.003336978
-0.002413454
-0.003199688
-0.004609176
-0.005421281
-0.004780556
-0.002714774
0.0006163382
0.004148232
0.007110946
0.009215024
0.01053132
0.01087561
0.009654101
0.006840874
0.004196317
0.003079775
0.003602348
0.003972215
0.003177852
0.001521282
-0.0001847899
-0.001579313
-0.002327768
-0.002278181
-0.001281559
-0.0005127954
-0.0009157369
-0.002478158
-0.004104577
-0.004151227
-0.002412099
1.793322E-05
0.0007741522
-0.0008993423
-0.004334462
-0.007122633
-0.007872079
-0.006369191
-0.003985129
-0.001513633
0.0003677433
0.001601165
0.002403327
0.00306546
0.003545162
0.003946277
0.004647247
0.006266462
0.008476242
0.01064867
0.01236918
0.01348268
0.01360934
0.01267393
0.01085073
0.008297319
0.005164057
0.001506535
-0.002206895
-0.005448851
-0.007690654
-0.008616709
-0.008156456
-0.006004489
-0.00261191
0.00190042
0.006185664
0.00910963
0.01016532
0.01027759
0.01128792
0.01403654
0.01781751
0.02010931
0.01968473
0.01647652
0.01222377
0.008313208
0.00540471
0.003202245
0.001384044
-0.0003629267
-0.001849759
-0.002438898
-0.001841476
-0.0003011804
0.001607622
0.003881019
0.007342832
0.01101572
0.01365559
0.01526147
0.01644985
0.01754799
0.01840276
0.01887277
0.01946373
0.01994927
0.01901973
0.01624806
0.01238554
0.009282761
0.008203108
0.009438124
0.01152115
0.01291616
0.01269461
0.01140708
0.009712876
0.009211067
0.01036413
0.01248803
0.0139289
0.0139617
0.01295002
0.01165143
0.01071237
0.0110622
0.01297538
0.01552506
0.01743495
0.01813181
0.01778261
0.01674743
0.01607112
0.01578471
0.015113
0.01330465
0.01083123
0.009039894
0.008929072
0.01032358
0.01202426
0.01331485
0.01395049
0.01380318
0.01295267
0.01211729
0.01166436
0.0114462
0.01117795
0.0108937
0.01107149
0.01132292
0.01092139
0.01054417
0.01128616
0.01394654
0.01824408
0.02386687
0.02862924
0.0314583
0.03153668
0.02953119
0.02630525
0.02304854
0.01991924
0.01619182
0.01126458
0.005284635
-0.0008779225
-0.004719435
-0.004965034
-0.002288857
0.00186133
0.00615195
0.009967674
0.0133543
0.01686417
0.02080011
0.02539417
0.02917216
0.03036631
0.02924873
0.02673837
0.02386561
0.0210182
0.0178822
0.01321877
0.007216308
0.001639971
-0.001760544
-0.003128359
-0.003523536
-0.004481588
-0.006287346
-0.00710477
-0.005610476
-0.0007467898
0.006123934
0.01320372
0.01916746
0.02401613
0.0265274
0.02669145
0.02528481
0.02393758
0.02313619
0.02237498
0.02033748
0.01596469
0.009965077
0.004075253
-0.0006933824
-0.003413432
-0.003815809
-0.00163695
0.002192534
0.006629274
0.01062832
0.01403771
0.01621155
0.0172756
0.01772826
0.01820058
0.01876261
0.01918937
0.01909904
0.01821972
0.01672933
0.01502991
0.01343508
0.01200525
0.01080355
0.01058292
0.01135358
0.01298408
0.01497547
0.01691661
0.01847512
0.01958388
0.01996033
0.01993675
0.01985827
0.01931175
0.01826076
0.01707427
0.01597634
0.01486636
0.01335347
0.01153209
0.009848058
0.009040927
0.009187845
0.009832651
0.009877995
0.008790254
0.006890821
0.005336949
0.004930708
0.004928162
0.004577667
0.004031804
0.004155092
0.005653455
0.008266185
0.01118934
0.01370857
0.01569861
0.01727203
0.01838648
0.01882452
0.01846043
0.01761331
0.01658061
0.01528909
0.01341449
0.01052708
0.006855572
0.002992449
-2.725481E-05
-0.001879437
-0.002681858
-0.002623927
-0.002307108
-0.002782018
-0.00440412
-0.007115304
-0.009788363
-0.0115198
-0.0118696
-0.01114399
-0.009795761
-0.008243907
-0.006384556
-0.003573984
-0.0002721344
0.002651531
0.004302931
0.004633998
0.004003122
0.003157654
0.002548628
0.002549377
0.002903267
0.003340175
0.003618707
0.003583425
0.002783787
0.001296983
-0.0005353342
-0.002096022
-0.00304094
-0.002773834
-0.001139486
0.001670884
0.003811799
0.004726767
0.00571897
0.007730421
0.01059763
0.0130611
0.01418016
0.01269157
0.009271066
0.00532286
0.00266783
0.001569652
0.00122688
-8.636094E-05
-0.003163539
-0.00774254
-0.01229302
-0.01538425
-0.01539324
-0.01310882
-0.01075017
-0.009837742
-0.01047648
-0.01020982
-0.007813999
-0.003117005
0.001973923
0.005632149
0.007540201
0.008192783
0.00782659
0.006721573
0.005015784
0.002888675
0.0003792593
-0.002396341
-0.005530532
-0.008823985
-0.009770769
-0.008456493
-0.006450997
-0.005238919
-0.004969823
-0.004637305
-0.003513297
-0.001471713
0.0002256463
0.0006402063
-0.0002186789
-0.001627948
-0.002804644
-0.004009386
-0.005719855
-0.007478974
-0.008607925
-0.00878357
-0.00827066
-0.007528652
-0.006739027
-0.006016017
-0.005481613
-0.004880063
-0.004050358
-0.003051537
-0.002379983
-0.002487548
-0.002867235
-0.002854269
-0.002142512
-0.001678886
-0.002541633
-0.004853916
-0.007220831
-0.007383605
-0.004525177
0.0004418716
0.005358895
0.008844873
0.009835105
0.009603154
0.009235976
0.008160235
0.005321977
6.634943E-06
-0.006488684
-0.01242839
-0.01564575
-0.0163201
-0.01554082
-0.01413988
-0.01231724
-0.009803984
-0.006818292
-0.003892033
-0.001070201
0.001821778
0.004721606
0.007348508
0.009199443
0.009539132
0.008239601
0.006301897
0.004604451
0.003251281
0.002095307
0.001059794
-0.0001187705
-0.00208141
-0.005340323
-0.008779029
-0.0111998
-0.01200275
-0.01143625
-0.009931824
-0.007734639
-0.005327758
-0.003196136
-0.001733556
-0.0009408112
-0.0001359103
0.001029764
0.002495165
0.004048882
0.005652439
0.007651716
0.009745148
0.01077043
0.01041328
0.008806432
0.006644912
0.004630773
0.003320489
0.002198306
0.0006925835
-0.0009116901
-0.001957089
-0.00207546
-0.001309638
0.0001940066
0.001997484
0.003236131
0.003215101
0.001707196
-0.001087872
-0.003777331
-0.005465423
-0.006166747
-0.006552932
-0.006714767
-0.005915283
-0.003589679
0.0004458114
0.003975506
0.005807088
0.005927945
0.005076547
0.00364459
0.002384232
0.001144978
-0.001258067
-0.005730488
-0.01187261
-0.01744991
-0.02057945
-0.02052467
-0.01788431
-0.01413634
-0.01048476
-0.00712548
-0.003797653
0.0004925583
0.006015714
0.01133585
0.01537574
0.01662172
0.01482159
0.01023786
0.004116725
-0.001842452
-0.006089697
-0.007950653
-0.008404371
-0.008438443
-0.008168381
-0.007122701
-0.004670829
-0.001023383
0.00354956
0.00759515
0.008719855
0.006440071
0.002173776
-0.0007640526
-0.0008608129
0.001427448
0.00351462
0.004189334
0.003455311
0.002130657
0.0006594339
-0.0005559885
-0.001555163
-0.002793108
-0.004522598
-0.006748883
-0.00969309
-0.01320924
-0.01669907
-0.01906111
-0.01972874
-0.01854215
-0.01620328
-0.01271328
-0.00855271
-0.004286433
0.0001084532
0.005027389
0.01042253
0.01575587
0.01932985
0.02073722
0.01956444
0.01583734
0.0100654
0.003548411
-0.001998033
-0.005391163
-0.006816327
-0.007209548
-0.007221194
-0.00724911
-0.007192612
-0.005799337
-0.002892042
0.0003950677
0.003323535
0.005855203
0.006619904
0.005413475
0.002825617
-4.624248E-05
-0.002454127
-0.003842216
-0.004355442
-0.004425598
-0.004463865
-0.004616199
-0.005392601
-0.006596814
-0.007219769
-0.006554917
-0.004850925
-0.003384575
-0.002665943
-0.002393762
-0.001982345
-0.001252032
-0.0004009855
0.0002422887
0.0003820814
0.0002076049
-2.801281E-05
-0.000623763
-0.001964967
-0.00424917
-0.006308038
-0.007262612
-0.007710786
-0.008843883
-0.01119473
-0.01370806
-0.01510958
-0.01316087
-0.008359182
-0.002472699
0.002278186
0.005334922
0.006283346
0.005607339
0.004524198
0.003593571
0.002460303
0.0009512553
-0.0007793831
-0.002574431
-0.004559898
-0.006751717
-0.008405306
-0.009146595
-0.00911049
-0.00888476
-0.008655114
-0.008165704
-0.007370506
-0.006398294
-0.004940435
-0.002738578
-4.070102E-05
0.002428687
0.003907843
0.004116316
0.002794048
0.0004038621
-0.002347491
-0.004922178
-0.006734489
-0.007587548
-0.007819445
-0.007914217
-0.007884551
-0.007684306
-0.007370224
-0.007009243
-0.006609594
-0.006139067
-0.005818999
-0.005823691
-0.006040699
-0.00627955
-0.006513511
-0.006664765
-0.00666858
-0.006587978
-0.006427377
-0.006016652
-0.005544104
-0.005329948
-0.005745144
-0.006786574
-0.008612819
-0.01059788
-0.01199622
-0.01204514
-0.01106604
-0.009296498
-0.007524653
-0.006326615
-0.005993255
-0.005980785
-0.005175906
-0.003338482
-0.0009408032
0.001742786
0.003726921
0.002787239
-0.001545446
-0.008904441
-0.01543222
-0.01810577
-0.0167074
-0.01463292
-0.01381082
-0.01468574
-0.01602079
-0.01668755
-0.01532135
-0.01163765
-0.0069212
-0.003112753
-0.001772732
-0.002427563
-0.004533722
-0.007159888
-0.009529843
-0.01100126
-0.01258613
-0.01554817
-0.02109169
-0.02802607
-0.03426676
-0.03673934
-0.03503372
-0.03055624
-0.02514921
-0.01893876
-0.01276587
-0.007127234
-0.002299686
0.001675487
0.004105477
0.005407755
0.006120018
0.005674993
0.003062157
-0.003028607
-0.01073131
-0.01729667
-0.02165774
-0.02460381
-0.02672461
-0.028111
-0.02865865
-0.02751239
-0.02429169
-0.01917219
-0.01392117
-0.009467905
-0.00548487
-0.00169881
0.001342935
0.003035366
0.002738566
0.0002379556
-0.003909003
-0.008973191
-0.01396723
-0.01834456
-0.02162067
-0.02346831
-0.0235038
-0.02093519
-0.01537707
-0.008596733
-0.002888701
5.660735E-05
0.0009344868
0.0005023821
0.0001838198
0.000321861
-8.973527E-05
-0.001744608
-0.004553268
-0.007823913
-0.01089781
-0.01330826
-0.0153286
-0.01709932
-0.01723095
-0.01566837
-0.01291223
-0.01040222
-0.008879953
-0.007506642
-0.005572379
-0.003217338
-0.001925182
-0.003136077
-0.006206097
-0.009233737
-0.01040027
-0.01015147
-0.009451345
-0.008864438
-0.008008405
-0.006028439
-0.003341486
-0.0008446013
0.0005714878
0.000943437
6.675734E-05
-0.001768826
-0.004164896
-0.006750006
-0.009137497
-0.01073183
-0.01203627
-0.0136884
-0.0152035
-0.01591729
-0.01552186
-0.01351592
-0.009880896
-0.00604071
-0.002911822
-0.001399158
-0.001159854
-0.001544682
-0.002702354
-0.005110603
-0.008222157
-0.01133107
-0.01419194
-0.01643228
-0.01770831
-0.01760712
-0.0162669
-0.01362115
-0.01000355
-0.005885848
-0.00126095
0.002350222
0.002993634
0.0008023221
-0.003248489
-0.007201307
-0.009492731
-0.009682389
-0.009895647
-0.01144212
-0.01415262
-0.01613935
-0.01565473
-0.01227489
-0.007542589
-0.003784512
-0.001217209
0.001028107
0.003525127
0.005955323
0.006594423
0.004601783
0.0002072776
-0.00444412
-0.007861281
-0.009948256
-0.01185513
-0.0142872
-0.01641129
-0.01726969
-0.01656605
-0.01523231
-0.01415858
-0.01325203
-0.01203465
-0.01038198
-0.008521056
-0.00658863
-0.005057085
-0.004459385
-0.004787369
-0.005587405
-0.006437403
-0.00740334
-0.008758569
-0.01000109
-0.01043892
-0.009522447
-0.007395473
-0.004173115
-0.001155172
0.000937177
0.001746296
0.002082378
0.002803455
0.003542809
0.003470237
0.001723398
-0.0008840409
-0.003085851
-0.004412068
-0.005249959
-0.006501263
-0.008380316
-0.01045941
-0.01175616
-0.01215903
-0.01218272
-0.01206287
-0.01161987
-0.01111559
-0.01062779
-0.009340229
-0.00677373
-0.00301556
0.0008509825
0.004108715
0.005640438
0.005416278
0.004267716
0.00344075
0.003454094
0.004032452
0.004568556
0.004557585
0.003871101
0.00245801
0.00058489
-0.0009246911
-0.0007223523
0.001345955
0.004448202
0.007075026
0.008713462
0.008457218
0.007189049
0.006342879
0.006479256
0.007212024
0.007913909
0.008310578
0.008459687
0.008493576
0.008283889
0.006569545
0.003496031
0.0009224309
-0.001084268
-0.00350137
-0.006183955
-0.007211693
-0.004818594
-0.0006399657
0.003406931
0.005240253
0.005041953
0.003329974
0.00171798
0.001585672
0.002245387
0.002316157
0.0002264015
-0.003447952
-0.007341771
-0.009124764
-0.007148507
-0.002733339
0.001729238
0.003856437
0.003850266
0.002101679
0.0006475081
0.0007731793
0.001841397
0.002448379
0.00145992
-0.0004241107
-0.002015785
-0.002351015
-0.001425524
0.0005127865
0.002721829
0.004809714
0.005783161
0.005265208
0.004615846
0.004950751
0.006253735
0.007090835
0.006666408
0.005355606
0.004240108
0.004056838
0.003772077
0.002851243
0.001714385
2.5006E-05
-0.002312611
-0.00464811
-0.005911426
-0.005813261
-0.005025868
-0.004296541
-0.004192933
-0.004428898
-0.004506112
-0.003739124
-0.002324478
-0.001312767
-0.001193406
-0.001766539
-0.002221177
-0.002171227
-0.001555917
-0.0006664675
0.0004159604
0.001255196
0.001546111
0.001388856
0.0009032873
6.516294E-06
-0.0006251806
-0.0003966228
0.0009141865
0.002649452
0.003553902
0.003363349
0.002545598
0.00307187
0.005870694
0.01268628
0.02200181
0.0295069
0.02985698
0.02478095
0.01437076
0.0001193972
-0.01409691
-0.02404586
-0.02876934
-0.02963451
-0.02792588
-0.02473914
-0.01951815
-0.01119154
0.001086344
0.01462653
0.027182
0.03671921
0.03945326
0.03839316
0.03483535
0.028954
0.02169993
0.01457611
0.008619825
0.00429419
0.0007674546
-0.002382131
-0.004482256
-0.005048704
-0.003736486
-0.0006157025
0.003351175
0.006411002
0.008717171
0.01149382
0.01450984
0.01681399
0.01769484
0.01725033
0.01587166
0.01400891
0.0116198
0.00888028
0.005934787
0.002728547
-0.0002288574
-0.002312294
-0.002682656
-0.001870683
-0.0004332505
0.001780674
0.0049611
0.008451216
0.01158682
0.01317801
0.01317809
0.01213948
0.01069958
0.008888396
0.006815256
0.004849574
0.003329712
0.002009397
0.0006254257
-0.0006333909
-0.001049883
3.727855E-05
0.003023059
0.007574556
0.01080994
0.01164707
0.0102055
0.008069678
0.006237534
0.004338421
0.002070779
-0.0001092551
-0.000788066
0.00066064
0.003104021
0.004915996
0.005068381
0.004722915
0.005239
0.007184063
0.009913051
0.01268179
0.01425427
0.01357605
0.01101719
0.00740371
0.004804178
0.004294259
0.005711982
0.006971409
0.007016962
0.005938913
0.005347256
0.006615168
0.009476055
0.01293732
0.01502846
0.01602291
0.01745322
0.01862156
0.01792723
0.0142009
0.00926044
0.005510406
0.00383195
0.003217479
0.002868991
0.002705634
0.002952116
0.003149627
0.003028312
0.002785827
0.003095174
0.004443896
0.005893118
0.006682037
0.006617518
0.005898681
0.004638964
0.003502634
0.002829566
0.002477155
0.001979649
0.001214042
0.0008776857
0.001451276
0.002969387
0.004931633
0.006933778
0.00871184
0.01047192
0.01266442
0.01533559
0.01814777
0.01944956
0.01879338
0.01607614
0.0122535
0.008240088
0.004486337
0.001389418
-2.183484E-05
0.0006629198
0.002785202
0.003956738
0.003649926
0.002686731
0.002779823
0.004777289
0.008909295
0.01357158
0.01709285
0.01871292
0.01808651
0.0162859
0.01483432
0.01506694
0.01620669
0.01686389
0.01551287
0.01244378
0.009087681
0.006773153
0.005631714
0.005013417
0.004643707
0.004849945
0.005364298
0.005769165
0.005652369
0.005379508
0.005541995
0.006240847
0.007093856
0.007608231
0.007954906
0.008510093
0.008698372
0.008109203
0.006457181
0.004528362
0.003299583
0.002867959
0.003098332
0.004441041
0.006901319
0.01034501
0.01328188
0.01491938
0.01456368
0.01230821
0.008498278
0.005105382
0.003448087
0.003882656
0.005179086
0.006334979
0.007249146
0.008185645
0.009052883
0.009430045
0.009267005
0.009715718
0.0112507
0.01349096
0.01517051
0.0155238
0.01374067
0.01066187
0.007537561
0.005286696
0.004004957
0.003730184
0.004394433
0.005815309
0.007353054
0.008354778
0.008028125
0.007244715
0.007270158
0.009258667
0.01189895
0.01299863
0.01218398
0.0104281
0.008795442
0.007865394
0.007794281
0.008434643
0.009341785
0.009911832
0.009972708
0.009738202
0.01044699
0.01230053
0.01424945
0.01551425
0.0160883
0.01638778
0.01678928
0.0175315
0.0185966
0.0198607
0.02130619
0.02251993
0.0224634
0.02098842
0.01869726
0.01648217
0.0146977
0.01331237
0.01266421
0.01265273
0.01267706
0.0122756
0.01131913
0.01001643
0.008802004
0.008185838
0.007698206
0.006729554
0.005284835
0.004015066
0.003453577
0.003363795
0.003314797
0.003322162
0.003626365
0.004390426
0.005541793
0.006587849
0.006734461
0.005998506
0.004677249
0.003504082
0.003081121
0.003938763
0.005785143
0.008150623
0.0109692
0.0141664
0.01770321
0.02090496
0.02322703
0.024428
0.02440072
0.02275642
0.01925163
0.0143123
0.01004385
0.007328571
0.005697247
0.004148035
0.002706344
0.00243292
0.00356363
0.005474073
0.007156066
0.008165289
0.008314066
0.008186006
0.008370524
0.009303474
0.01048378
0.01121672
0.01121929
0.01073789
0.01063261
0.01129426
0.01249566
0.01310406
0.01279543
0.0120141
0.01137882
0.01112933
0.0111245
0.0110739
0.0107013
0.009344119
0.006870514
0.004685928
0.004005984
0.005066514
0.006547265
0.00752094
0.007983427
0.008391574
0.008953164
0.009771392
0.01048448
0.01033785
0.009105275
0.006836082
0.004498351
0.002886716
0.002359323
0.002374012
0.002403901
0.002436603
0.002936087
0.004277653
0.005922508
0.007298827
0.008073026
0.008527969
0.009005472
0.009399117
0.009098385
0.007169815
0.003977317
0.0004939415
-0.002132987
-0.003010678
-0.001629586
0.0006696863
0.002593937
0.003496719
0.003922827
0.004523875
0.005599858
0.006926201
0.008252909
0.009154807
0.009303305
0.00927385
0.009604857
0.0103342
0.01094496
0.01095732
0.00994323
0.008050181
0.005694979
0.002989363
-3.712379E-05
-0.002537947
-0.00415814
-0.005061651
-0.005531773
-0.005580489
-0.004935848
-0.00371855
-0.002267746
-0.001006776
-0.0003048241
-0.0006945217
-0.001686953
-0.002469515
-0.002151942
-0.001156483
-0.0004201432
-0.000792252
-0.001927599
-0.002682043
-0.002600452
-0.001966898
-0.001603223
-0.001917193
-0.002881029
-0.003641389
-0.003575678
-0.002590484
-0.001396293
-0.0006406288
-0.0005073286
-0.0007466099
-0.0006671076
-9.95272E-05
0.0006433696
0.0007222784
-0.000377937
-0.003120226
-0.006756481
-0.01022712
-0.01224591
-0.01271266
-0.01221559
-0.01125256
-0.009901208
-0.008386096
-0.006527448
-0.003662607
-0.0002185688
0.002838022
0.004187739
0.004350358
0.00433106
0.004473758
0.004395088
0.003122102
0.0005510308
-0.002778396
-0.005514026
-0.007159043
-0.008069712
-0.008871322
-0.009665367
-0.009835622
-0.009380638
-0.008709569
-0.008178602
-0.007894017
-0.008031037
-0.007788642
-0.006145416
-0.003551514
-0.001214803
-0.00100839
-0.002353642
-0.00359081
-0.003809667
-0.003844758
-0.005327532
-0.008064083
-0.01072969
-0.01157697
-0.0108232
-0.00961246
-0.009260277
-0.009920674
-0.01076734
-0.01095856
-0.01028482
-0.009413636
-0.009110933
-0.00990134
-0.01091117
-0.01113427
-0.01033975
-0.008989867
-0.007502403
-0.006115774
-0.004906559
-0.004455496
-0.00490295
-0.005864134
-0.006948834
-0.008108036
-0.009435472
-0.01131592
-0.01395022
-0.01560787
-0.01522227
-0.01304071
-0.01074641
-0.009401063
-0.009141174
-0.009355967
-0.009402025
-0.008810529
-0.007623929
-0.006419846
-0.005841999
-0.006510569
-0.007898711
-0.009114219
-0.00909232
-0.008112086
-0.007016444
-0.006579469
-0.006707976
-0.007032024
-0.006776416
-0.005325287
-0.003254058
-0.001557147
-0.001787692
-0.003621627
-0.0058402
-0.007141491
-0.007596578
-0.008093918
-0.008687479
-0.008892213
-0.008637368
-0.008242562
-0.007952253
-0.007792599
-0.007692157
-0.007614967
-0.007537834
-0.007445354
-0.007329131
-0.007233218
-0.007346
-0.007404344
-0.00700408
-0.006499216
-0.00633268
-0.006576349
-0.006404829
-0.005308803
-0.003911576
-0.003056019
-0.003382148
-0.00456323
-0.005930292
-0.006690215
-0.007019625
-0.007515929
-0.008397074
-0.00936639
-0.009647246
-0.009115623
-0.008112681
-0.007122969
-0.006385957
-0.006370499
-0.007046706
-0.008080434
-0.00854554
-0.008254401
-0.007794276
-0.007771105
-0.008256806
-0.009073781
-0.009841835
-0.01023865
-0.009729918
-0.008195781
-0.006535053
-0.005884072
-0.006733872
-0.007810249
-0.008128147
-0.007460233
-0.006643446
-0.006478151
-0.007053873
-0.007838663
-0.008275114
-0.008576958
-0.00925915
-0.01041434
-0.01178319
-0.01313342
-0.01414894
-0.0146289
-0.01431429
-0.01363412
-0.01319937
-0.01340239
-0.01392667
-0.01390878
-0.01286095
-0.01088408
-0.009654222
-0.009814143
-0.01095017
-0.01228729
-0.01350754
-0.01446065
-0.01512769
-0.01544493
-0.01584515
-0.01650954
-0.01644506
-0.0151074
-0.01268049
-0.009975553
-0.007489851
-0.006123876
-0.006146895
-0.007403278
-0.009280177
-0.01144742
-0.01298673
-0.01375673
-0.0141761
-0.01474881
-0.01553453
-0.0163068
-0.01634528
-0.01525007
-0.01313628
-0.01087569
-0.009251872
-0.008355573
-0.007858759
-0.007309888
-0.00672049
-0.006400581
-0.006650078
-0.007580106
-0.009310011
-0.01100981
-0.01173076
-0.01187497
-0.01217014
-0.01276845
-0.01322017
-0.01326927
-0.01338452
-0.01373853
-0.01405456
-0.01421944
-0.01439284
-0.01494839
-0.01573632
-0.01634282
-0.01656866
-0.01659962
-0.01674385
-0.01716382
-0.01769005
-0.01733577
-0.01596972
-0.01446536
-0.01364809
-0.01354802
-0.01363975
-0.01349981
-0.01309487
-0.01298256
-0.01357519
-0.01494705
-0.01675115
-0.01866515
-0.02006871
-0.0206528
-0.02032315
-0.01943962
-0.01831919
-0.01699039
-0.0152388
-0.01288943
-0.01092152
-0.0100807
-0.009872223
-0.009711599
-0.009540951
-0.009335333
-0.008996458
-0.008359482
-0.007694299
-0.007400428
-0.007832011
-0.009007651
-0.01036563
-0.01173628
-0.01339918
-0.01520237
-0.01663344
-0.01704275
-0.01631958
-0.01471658
-0.01240456
-0.009635162
-0.006361505
-0.003028941
-0.0001866531
0.001287309
0.001163507
-0.0003444525
-0.002382817
-0.00444489
-0.006644594
-0.009150696
-0.0117892
-0.01353911
-0.01419111
-0.01452159
-0.01513925
-0.01584861
-0.0155698
-0.01400314
-0.01108105
-0.007894816
-0.005390955
-0.004054698
-0.003897625
-0.005088492
-0.0067037
-0.007825773
-0.007956909
-0.00745478
-0.00674539
-0.006219821
-0.005810258
-0.005019011
-0.003644844
-0.001942642
-0.001233538
-0.002211062
-0.004779328
-0.007231814
-0.008311883
-0.007736404
-0.00697506
-0.007651986
-0.009939455
-0.01286507
-0.01438281
-0.01386936
-0.01186256
-0.009736143
-0.008131648
-0.007153052
-0.006301769
-0.005142619
-0.003326015
-0.001218209
-0.0001105842
-0.0004783789
-0.001991553
-0.003356887
-0.003730575
-0.002846182
-0.001802408
-0.001531885
-0.002381082
-0.003821149
-0.005002483
-0.005059607
-0.003896587
-0.002345112
-0.001285673
-0.0009854153
-0.001283313
-0.001963097
-0.002354837
-0.002273508
-0.001958473
-0.001625628
-0.001448544
-0.001753731
-0.003013358
-0.005270577
-0.007673134
-0.008945312
-0.008326622
-0.006501645
-0.004280377
-0.002979534
-0.002983429
-0.003904912
-0.004166167
-0.003259216
-0.001580797
-0.0003730781
-0.0005282174
-0.001306092
-0.001677699
-0.001254727
-0.0001224648
0.001710389
0.003381877
0.004344363
0.004645643
0.004621616
0.004407268
0.003744232
0.002530274
0.001037036
-0.0001589925
-0.0008326802
-0.001339349
-0.001719695
-0.001624587
-0.001124627
-0.0005255823
-2.941002E-05
0.0003351901
0.0006142815
0.001141352
0.002018755
0.003209144
0.004146105
0.004252759
0.003893444
0.003603269
0.003424699
0.003374067
0.003613088
0.003982293
0.004261064
0.004362277
0.004371901
0.004321958
0.00402569
0.003465662
0.002874916
0.002538548
0.002497123
0.002503854
0.002405336
0.002222484
0.002323547
0.002841691
0.003110693
0.002930284
0.002599502
0.00252634
0.002735971
0.002668785
0.002160611
0.001467378
0.0009040071
0.0005036282
0.0001029082
-0.0001647142
9.350828E-05
0.001387108
0.00340954
0.005138175
0.006031828
0.006152209
0.006124705
0.006235513
0.006526744
0.006777621
0.006760974
0.006248882
0.005523595
0.005278558
0.005612171
0.006247133
0.006541322
0.006453396
0.006546588
0.007012141
0.007606057
0.007734702
0.007215586
0.006250786
0.005458317
0.00506664
0.004309835
0.002784447
0.000807844
-0.0008765051
-0.001873107
-0.001955243
-0.001425873
-0.0005912555
0.0003865723
0.001457128
0.002469084
0.003316778
0.003939078
0.004324181
0.004501124
0.004239248
0.003234794
0.00128691
-0.001100712
-0.003292212
-0.004805851
-0.005220361
-0.004511331
-0.003121679
-0.001409865
0.0003689527
0.002023312
0.003537252
0.005163628
0.0068401
0.008111361
0.008798871
0.009097877
0.009405337
0.009695119
0.009570416
0.009097186
0.00857178
0.008028761
0.007515631
0.007330828
0.007281553
0.007018433
0.006381755
0.00570653
0.005462922
0.005642532
0.005995718
0.006420906
0.00676313
0.006851247
0.006616664
0.006214461
0.006550136
0.007707815
0.009135753
0.0100485
0.01019614
0.00955332
0.008864001
0.008852958
0.009412685
0.01009227
0.01029652
0.009922348
0.009159019
0.008337185
0.007572474
0.006736792
0.005874093
0.005150792
0.004298824
0.003317022
0.002722809
0.002658479
0.002888055
0.003245091
0.003676306
0.004083172
0.004732829
0.005849005
0.007309022
0.008676738
0.009330491
0.009255066
0.00887522
0.0089759
0.009577806
0.01006943
0.009961152
0.009316378
0.008560003
0.007896294
0.00728329
0.006697916
0.006206595
0.005998257
0.006323956
0.00735574
0.008498177
0.009097814
0.007986183
0.005825509
0.003982141
0.002946848
0.002383777
0.002118262
0.001981427
0.001877341
0.001863547
0.002092169
0.003100105
0.004847985
0.006903416
0.008413428
0.009300689
0.01017209
0.01127953
0.0123509
0.01286874
0.01282764
0.01248892
0.01199072
0.01123673
0.01008864
0.008662955
0.007278708
0.006216087
0.005512698
0.005165011
0.005196078
0.005687362
0.006685817
0.008120525
0.009717766
0.01119619
0.01222628
0.01295088
0.01363893
0.01427358
0.01458256
0.01420149
0.01280011
0.01054396
0.008733297
0.007839224
0.007663444
0.007547484
0.007091406
0.006020324
0.004760162
0.003914512
0.003988884
0.004713493
0.00551965
0.006072055
0.006348068
0.006361413
0.006114355
0.005890772
0.005775965
0.005624837
0.005303745
0.004783334
0.003794174
0.002851913
0.002716296
0.003009459
0.003063942
0.002659788
0.00217608
0.00197635
0.002186331
0.002778599
0.003841488
0.005218518
0.006770372
0.008121088
0.009073989
0.009622034
0.01006055
0.01055571
0.01106233
0.01147124
0.01172568
0.01181445
0.01178278
0.01180017
0.01180338
0.01147233
0.01089663
0.01038782
0.01036545
0.01054343
0.009952386
0.007702214
0.003904937
8.592244E-05
-0.001704065
-0.0002883864
0.00242719
0.004484331
0.005114092
0.005332689
0.00618117
0.007533495
0.008664554
0.008777247
0.008084732
0.007211039
0.006830583
0.006946666
0.006694047
0.005796668
0.004714026
0.004555628
0.00550426
0.007321402
0.008857553
0.009092027
0.008708049
0.008639981
0.009063913
0.00963646
0.01010484
0.01014178
0.009628885
0.008550025
0.007397025
0.006572775
0.006125821
0.006065453
0.0066962
0.00767268
0.008544173
0.009318576
0.01017993
0.01113028
0.01175047
0.01151602
0.01018496
0.008051568
0.005567409
0.003422515
0.001986229
0.00147035
0.001385754
0.001347819
0.001432313
0.001822875
0.002461
0.00302344
0.003136359
0.00329806
0.003986559
0.004760732
0.005071638
0.004583068
0.003459397
0.002054217
0.0008802202
0.0004996796
0.001236575
0.001931702
0.001889499
0.001965305
0.002818409
0.00449475
0.006319893
0.007631877
0.007505061
0.006502534
0.005605886
0.00539484
0.005761474
0.006170041
0.006127739
0.005277679
0.00395895
0.002689719
0.002044127
0.002108161
0.00271066
0.003171491
0.003186636
0.002890753
0.00307092
0.004374748
0.005981521
0.006995935
0.006831763
0.005821496
0.004110444
0.002546537
0.001856208
0.002442479
0.003504464
0.004143324
0.004127554
0.00375955
0.003486157
0.003335251
0.003063111
0.002695383
0.002288737
0.001509537
0.0003600309
-0.0007928919
-0.0009290604
-6.628608E-05
0.0007185878
0.001008398
0.001232012
0.001819647
0.002616026
0.003107292
0.003212212
0.003273957
0.003382616
0.003351689
0.003216432
0.003068152
0.002780528
0.00224588
0.001469479
0.0007165629
0.0001177533
-0.0003770133
-0.0006462521
-0.0004085773
0.0004688865
0.00177374
0.003378759
0.004831955
0.005631251
0.005908422
0.006062715
0.006168101
0.00607772
0.005730998
0.005618628
0.005874944
0.005969493
0.005849506
0.005900677
0.00616711
0.00642411
0.006371322
0.006178289
0.006162324
0.006117647
0.005698812
0.004220866
0.002346775
0.001267113
0.001301319
0.001810857
0.002169271
0.00211307
0.00168318
0.001663029
0.002375876
0.003473423
0.004143884
0.003859564
0.002769468
0.001466366
0.0005270742
0.0002569429
0.0007930685
0.001622695
0.002126006
0.001847988
0.001483416
0.001875798
0.003239086
0.004937379
0.005798088
0.005377441
0.003845286
0.002220328
0.001259315
0.001275541
0.001590627
0.001562976
0.0005372598
-0.001087705
-0.002089955
-0.001863249
-0.0007494719
0.0005296662
0.001644565
0.002497483
0.003401527
0.004552833
0.005241777
0.005028918
0.004086432
0.002594325
0.0004363093
-0.001105972
-0.0012507
-0.0002228452
0.0009252757
0.0015758
0.001396402
0.0009679869
0.001469786
0.002966586
0.004883769
0.006033739
0.005918915
0.004614388
0.003223294
0.002505423
0.002330818
0.002089632
0.001283783
0.0001780618
-0.0007658461
-0.001310356
-0.001448379
-0.001093578
-0.0005913171
-0.0002888591
-0.0003785921
-0.0007250794
-0.001072664
-0.001254982
-0.001371887
-0.002093087
-0.003424417
-0.004566968
-0.004895269
-0.004502445
-0.003988271
-0.003567992
-0.003029791
-0.002136171
-0.0009463795
-3.914808E-05
0.0004405399
0.0008829237
0.001356769
0.001542065
0.00115656
0.0003685255
-0.0004012861
-0.00100568
-0.001565759
-0.002244867
-0.002986639
-0.003560932
-0.00375557
-0.00343221
-0.002817339
-0.00241462
-0.002840507
-0.003824761
-0.004827555
-0.004859803
-0.003890195
-0.002734529
-0.002292206
-0.002943316
-0.004504848
-0.005996313
-0.00593222
-0.004108805
-0.0007727143
0.003060887
0.006289188
0.007770595
0.0070528
0.004375505
0.0001922643
-0.004859206
-0.01027861
-0.01410569
-0.01540686
-0.01444672
-0.01290465
-0.01167418
-0.01121887
-0.01104155
-0.009694803
-0.006768329
-0.002778518
0.0003992264
0.001751895
0.001057075
-0.000308464
-0.001210858
-0.002033659
-0.003546168
-0.005945708
-0.008849958
-0.01182874
-0.01377096
-0.01443907
-0.01376738
-0.01254635
-0.01158083
-0.01113608
-0.01102071
-0.01098508
-0.01053207
-0.009281208
-0.007949051
-0.007186918
-0.007205437
-0.007404045
-0.007183556
-0.006548867
-0.005885318
-0.005946207
-0.006718519
-0.007917499
-0.008904649
-0.009299621
-0.0089756
-0.008382303
-0.007905919
-0.007949098
-0.008630307
-0.009691438
-0.01031489
-0.009864938
-0.008971778
-0.00832229
-0.008259648
-0.008396093
-0.008223436
-0.007418763
-0.006100572
-0.005015435
-0.004602338
-0.004952801
-0.00577661
-0.00699835
-0.008381658
-0.009411517
-0.009307486
-0.008959223
-0.009546968
-0.01081481
-0.01183212
-0.01149826
-0.01008025
-0.008415281
-0.007521081
-0.007569985
-0.007916131
-0.007569835
-0.006043984
-0.0044542
-0.003771446
-0.004391982
-0.005235219
-0.004934854
-0.00393545
-0.003356347
-0.004169856
-0.00608206
-0.008076912
-0.008851028
-0.008215187
-0.007775825
-0.008259495
-0.009033439
-0.008885466
-0.007164911
-0.004837461
-0.002986512
-0.002484196
-0.002756608
-0.002884959
-0.002626004
-0.002298289
-0.002062764
-0.002203813
-0.003002833
-0.004085189
-0.00501376
-0.005247667
-0.004922524
-0.004284447
-0.003933499
-0.004157386
-0.00456081
-0.00466696
-0.004285575
-0.004097673
-0.004683509
-0.006205733
-0.007923499
-0.008465571
-0.007844806
-0.006928469
-0.006592144
-0.006622055
-0.006176972
-0.005219649
-0.004267659
-0.003904459
-0.004033899
-0.004117379
-0.003675012
-0.002576829
-0.001734141
-0.001761489
-0.002496735
-0.00318502
-0.003245813
-0.002885699
-0.002541978
-0.002468963
-0.002430942
-0.002005974
-0.001412774
-0.001118753
-0.001751846
-0.003011713
-0.003795186
-0.003834483
-0.003576594
-0.003242965
-0.002723899
-0.001891485
-0.0006747774
0.001000124
0.002764518
0.004197464
0.004444561
0.003466014
0.001703369
0.0003161846
-0.0003423243
-0.00118785
-0.002825193
-0.005090454
-0.007336768
-0.008989837
-0.008506227
-0.006186654
-0.003316926
-0.001490556
-0.0009273004
-0.0004753721
0.0006536503
0.002545944
0.004083683
0.004131722
0.002129266
-0.0008677068
-0.002908065
-0.003597663
-0.003569613
-0.004036553
-0.005244499
-0.006584465
-0.007274357
-0.006922523
-0.005481823
-0.003563794
-0.002360752
-0.00249762
-0.003966046
-0.005329307
-0.005700565
-0.004824109
-0.003368977
-0.001943347
-0.001085717
-0.0008366575
-0.0009962028
-0.001294551
-0.001393018
-0.001040299
-0.0003416368
-0.0001605344
-0.0007856798
-0.001830589
-0.002416892
-0.001963503
-0.000554797
0.00119634
0.002638042
0.003387353
0.003304876
0.002908088
0.002555058
0.002530187
0.002745072
0.002997227
0.003010931
0.002683224
0.00189106
0.0009461267
0.0002743207
0.000111018
0.0003758097
0.0007415631
0.00118885
0.002004284
0.002988306
0.003757593
0.003887282
0.003419844
0.002696144
0.002048961
0.001491283
0.0006607488
-0.0005304331
-0.001796081
-0.002752267
-0.003155617
-0.002883955
-0.002190808
-0.001435328
-0.0009406057
-0.0008600241
-0.0007023982
-7.3717E-05
0.001173875
0.002532047
0.003354738
0.003286802
0.002467514
0.001537189
0.0008771456
0.000501578
0.0006741643
0.001499289
0.002089428
0.001900613
0.0009709641
0.0002583455
0.0003840439
0.001301864
0.002229039
0.002019663
0.0008310533
-0.0004780641
-0.0008904719
-0.0005784534
-0.0005175151
-0.001300779
-0.002688701
-0.003773984
-0.00393547
-0.002802434
-0.001404338
-0.0006592703
-0.0004221846
-0.0001694801
0.0002754995
0.0006918471
0.0008199015
0.0007359116
0.0005903899
0.0002224152
-0.0005088992
-0.001522833
-0.00189607
-0.001405004
-0.0005956888
-5.944751E-05
-1.84382E-06
-0.0004311102
-0.001099308
-0.001695827
-0.002247464
-0.00294072
-0.003714758
-0.004389165
-0.004628488
-0.004415537
-0.003908683
-0.0033774
-0.002873958
-0.002121708
-0.0009659971
0.0005237847
0.001721981
0.002214838
0.001884511
0.001025692
-0.0004189909
-0.002223407
-0.003953584
-0.004747154
-0.004759726
-0.00463407
-0.004623219
-0.004432328
-0.003491843
-0.002092819
-0.0009504119
-0.0006660893
-0.001233444
-0.002066262
-0.002853353
-0.003649185
-0.004734693
-0.006083448
-0.006767816
-0.006331333
-0.004438863
-0.002058786
-7.526057E-05
0.001769577
0.003837357
0.005462716
0.005687091
0.003860133
0.0002787266
-0.003606003
-0.005783672
-0.006374299
-0.006393364
-0.007758769
-0.01051849
-0.0129317
-0.01301627
-0.01054325
-0.006793747
-0.003266584
-0.0014322
-0.0009485098
-0.001057003
-0.0005693152
0.0008181604
0.002688085
0.00354927
0.002141617
-0.001325357
-0.005934492
-0.009128487
-0.009916265
-0.00882663
-0.00747447
-0.00663184
-0.006218667
-0.005512168
-0.004024707
-0.001616352
0.001307224
0.00280873
0.002762766
0.002113512
0.001818137
0.002003403
0.002142705
0.001893264
0.001285072
0.0006685456
0.0003412617
0.0006898856
0.00139919
0.001907813
0.001379004
-0.0003789741
-0.00231533
-0.003504375
-0.003491733
-0.002379272
-0.0005550325
0.001084531
0.001984115
0.001729373
0.001167032
0.001175386
0.002197875
0.003547266
0.003904786
0.002913392
0.0008137573
-0.001327837
-0.003013131
-0.00450341
-0.006056101
-0.007608957
-0.00886987
-0.009226619
-0.00766898
-0.004544076
-0.0008728754
0.002030662
0.003911939
0.004087055
0.003216015
0.002380019
0.00192788
0.001465664
0.0004450962
-0.0008895602
-0.001944468
-0.002590473
-0.0029587
-0.002516817
-0.00127016
0.0003298766
0.001185386
0.0006260198
-0.002005525
-0.005886627
-0.009705365
-0.01120773
-0.009941316
-0.006854214
-0.004352905
-0.003785703
-0.004056848
-0.003659831
-0.001436875
0.001680882
0.004262201
0.005679516
0.00621816
0.006113174
0.005382618
0.003987402
0.001762882
-0.001118904
-0.00318819
-0.003963782
-0.003997287
-0.004775778
-0.006843719
-0.009492742
-0.01127494
-0.01124741
-0.00986536
-0.008073936
-0.005945083
-0.003598426
-0.00147231
0.0002611669
0.001511074
0.00203551
0.001793235
0.0001502438
-0.002557808
-0.005446061
-0.007339922
-0.00795064
-0.0075022
-0.00654882
-0.005124894
-0.003352471
-0.001405511
0.0006009125
0.002303587
0.003304378
0.003901173
0.004223247
0.003299243
0.0009781697
-0.002214112
-0.005555538
-0.008256569
-0.009219841
-0.009035658
-0.008543142
-0.008280766
-0.007987559
-0.007005961
-0.004956592
-0.001811606
0.0008963399
0.002471467
0.00333462
0.004229059
0.005334817
0.005279978
0.003104119
-0.0004756494
-0.003191826
-0.003367909
-0.001956599
-0.0006714777
-0.0005888679
-0.001056716
-0.001068029
-0.000123985
0.001517442
0.003051461
0.003778174
0.002615547
-0.0008070992
-0.005073781
-0.008447605
-0.009227084
-0.007069723
-0.002890041
0.001063062
0.003849513
0.005634088
0.006889801
0.007401544
0.007330315
0.00701963
0.006691775
0.005629717
0.002825679
-0.001809562
-0.006538918
-0.008447224
-0.007054906
-0.003975199
-0.002049546
-0.001795476
-0.002336497
-0.001557055
0.001515609
0.006728502
0.0120181
0.01390311
0.01249373
0.009256659
0.00617421
0.003839317
0.002031027
0.001175811
0.00121743
0.001745045
0.002179727
0.002168684
0.001988369
0.002031311
0.002680954
0.003533912
0.003910633
0.003303546
0.002148362
0.001711035
0.002487781
0.00419522
0.005632444
0.0064083
0.007160368
0.008399864
0.01006239
0.01166157
0.01279431
0.01254536
0.01111919
0.009249781
0.007501217
0.005797791
0.00381475
0.002077783
0.001128669
0.0007404085
0.0005622576
0.0005582962
0.001098603
0.00241539
0.00437517
0.006340352
0.007660854
0.008389956
0.008890136
0.009335976
0.009846051
0.01076711
0.01165056
0.01195326
0.01164416
0.01130493
0.01148862
0.01195284
0.012268
0.01240882
0.01229143
0.01170914
0.01103545
0.01049788
0.009572476
0.008018339
0.006110492
0.00494143
0.00486282
0.006017393
0.00753758
0.008476442
0.008755753
0.008940999
0.009614545
0.01042386
0.01065896
0.01013623
0.00939531
0.009202145
0.009637468
0.01040593
0.01068718
0.01011419
0.008768415
0.007242403
0.005930314
0.005022737
0.004448281
0.004164946
0.004344608
0.005096869
0.006182821
0.007283452
0.008239354
0.008320824
0.007124969
0.005374141
0.004462046
0.005217574
0.006788145
0.008221135
0.00849486
0.00786727
0.007075455
0.006363457
0.005537146
0.004957384
0.004377348
0.003166568
0.001331783
-0.0002491296
-0.000307212
0.0009201432
0.002675758
0.003447717
0.003015314
0.002407087
0.002988757
0.005023405
0.00773175
0.00994216
0.0102542
0.008559855
0.005769408
0.003619156
0.002636616
0.002669819
0.002205383
0.0003923762
-0.001793443
-0.002697351
-0.001503643
0.0005245428
0.002103692
0.002793716
0.003033572
0.003185823
0.003264211
0.003424982
0.004253501
0.005493004
0.006596592
0.007135995
0.007261488
0.007389623
0.00757126
0.007590754
0.007193598
0.006564507
0.006280416
0.006562332
0.007131889
0.007210714
0.006825289
0.006539267
0.006977326
0.008116394
0.00887395
0.008926794
0.008728799
0.008542879
0.008405495
0.008606443
0.008965776
0.009072206
0.008813866
0.008377095
0.00792651
0.007405643
0.006755218
0.006342935
0.006328561
0.006525917
0.006508383
0.006097766
0.005440434
0.004756942
0.004130484
0.004045162
0.004688272
0.005189626
0.005213105
0.005144551
0.00535242
0.005694761
0.005727551
0.00551904
0.005400014
0.005588955
0.006034933
0.006624454
0.007243449
0.007796886
0.007812448
0.007172265
0.006157046
0.005165374
0.004498238
0.005039338
0.006375929
0.007482863
0.007459305
0.006329966
0.005180569
0.004716224
0.004867506
0.005174034
0.005115266
0.004144744
0.002543944
0.000844146
0.0004951798
0.001714397
0.003427072
0.00417316
0.003684361
0.003175353
0.003467069
0.00455941
0.005552428
0.005878174
0.005756986
0.005495401
0.005043228
0.004393477
0.003584258
0.002433529
0.001116277
6.208094E-05
-9.447404E-05
0.0007329759
0.002262566
0.003612221
0.004368254
0.005127531
0.006304323
0.007746264
0.008632696
0.008491485
0.007530524
0.006283894
0.004953144
0.003405931
0.001794909
0.000741621
0.0002061437
-7.521028E-05
3.825433E-05
0.0004391571
0.0005254507
0.0004514599
0.000672354
0.001201998
0.001789195
0.002319275
0.00265707
0.002721787
0.002491807
0.001926564
0.0009747366
0.0001790904
-0.0001293134
-4.831173E-05
-2.490584E-05
-0.0003674211
-0.001423225
-0.002860903
-0.003760744
-0.003883851
-0.003573845
-0.003027587
-0.002275014
-0.001264725
-7.815262E-05
0.001197781
0.002435615
0.003427586
0.003982927
0.004198991
0.004250357
0.003959125
0.003318143
0.00248624
0.001579703
0.00068514
-3.715218E-05
-0.0003853695
-0.0003233033
-8.060578E-05
3.212102E-05
-0.0002271984
-0.0008538882
-0.00161735
-0.001800772
-0.001428907
-0.001048858
-0.001344688
-0.00214999
-0.002664473
-0.002530227
-0.001902349
-0.001564455
-0.001908425
-0.002841577
-0.004011888
-0.005152294
-0.005763249
-0.00582
-0.005557176
-0.005064296
-0.004272962
-0.003499722
-0.003207458
-0.003623041
-0.003985424
-0.003748321
-0.002985072
-0.002467915
-0.002840802
-0.004373377
-0.006450536
-0.007964737
-0.008477618
-0.008269635
-0.007679418
-0.007097873
-0.00671103
-0.006020367
-0.004628198
-0.002681873
-0.001068552
-0.0005249603
-0.0006664023
-0.001001874
-0.001506039
-0.002281308
-0.003294205
-0.004003948
-0.004126898
-0.00376742
-0.003781606
-0.004838389
-0.006140918
-0.00675009
-0.006315528
-0.005302062
-0.004258818
-0.00373422
-0.003621052
-0.003669022
-0.003707327
-0.003748337
-0.003889765
-0.003946208
-0.003662272
-0.003478522
-0.003708293
-0.004370716
-0.004949682
-0.004967664
-0.004731824
-0.004678246
-0.004900505
-0.005196167
-0.005419392
-0.005623478
-0.005811501
-0.005847655
-0.005875822
-0.006030061
-0.006007461
-0.005799561
-0.005663399
-0.005589284
-0.005440663
-0.005098525
-0.004636345
-0.004195215
-0.003940746
-0.003876793
-0.003906447
-0.003849563
-0.003630961
-0.003547096
-0.003677434
-0.003734855
-0.003744455
-0.003792054
-0.003281588
-0.002208899
-0.0009715957
-0.0003338549
-0.000568627
-0.001068951
-0.001321318
-0.001363364
-0.001564983
-0.002044239
-0.002628054
-0.003051864
-0.003158644
-0.00292573
-0.002473339
-0.00193541
-0.001368719
-0.0007385058
0.0001082647
0.001088951
0.001824508
0.001796405
0.0008912468
-0.0004324445
-0.001614386
-0.002453097
-0.003045974
-0.003505266
-0.003965955
-0.004040809
-0.003216796
-0.00210607
-0.001338762
-0.001091832
-0.001275483
-0.001941106
-0.003214927
-0.004765629
-0.005825429
-0.00653726
-0.007397594
-0.008286742
-0.008896416
-0.0091376
-0.009039036
-0.008638523
-0.007952079
-0.007283892
-0.007084714
-0.00720754
-0.007319175
-0.007387656
-0.007360644
-0.007105563
-0.006836767
-0.00667973
-0.006264733
-0.005686389
-0.005447411
-0.00609348
-0.007391701
-0.008621889
-0.009138894
-0.008655361
-0.007648097
-0.006684628
-0.006028785
-0.005336651
-0.00420456
-0.002640638
-0.001139524
-0.0003845869
-0.0004796884
-0.001345239
-0.002559029
-0.003710897
-0.004484728
-0.004683666
-0.004406326
-0.004359282
-0.004729993
-0.005215865
-0.005039302
-0.003981107
-0.003076583
-0.003244286
-0.004604497
-0.005783305
-0.005834311
-0.004436386
-0.003062769
-0.003261006
-0.004436086
-0.005393061
-0.00574214
-0.005600656
-0.004978296
-0.004001326
-0.003031499
-0.002605934
-0.002564752
-0.002541323
-0.002281664
-0.001936136
-0.001866423
-0.002105018
-0.002499912
-0.002873858
-0.003003904
-0.002530865
-0.001640899
-0.0007563015
-0.0003850272
-0.00039795
-0.0004897063
-0.0005746967
-0.0007216103
-0.0008448086
-0.001084488
-0.001684758
-0.002538908
-0.003386525
-0.003701484
-0.003608768
-0.003531119
-0.003446056
-0.003180198
-0.002746542
-0.002386012
-0.002284752
-0.002231168
-0.002108248
-0.002110475
-0.00221064
-0.002275805
-0.002613989
-0.003353587
-0.004222806
-0.004567805
-0.004142445
-0.003448377
-0.002981129
-0.002841958
-0.002867047
-0.002906125
-0.002776721
-0.002270261
-0.001270977
-0.0005792171
-0.000723593
-0.001379898
-0.002078251
-0.002730893
-0.003196491
-0.003533362
-0.004094248
-0.00476623
-0.00510682
-0.004703143
-0.003693193
-0.002530462
-0.001841586
-0.001736097
-0.001371255
-0.0004751062
0.0003651217
0.000648241
0.0003802231
-0.0004677078
-0.001728543
-0.002962544
-0.00377592
-0.004029921
-0.003388764
-0.002374382
-0.001735094
-0.001596606
-0.001659
-0.001534034
-0.001372895
-0.001551747
-0.001836864
-0.001891437
-0.001442619
-0.0007794615
-0.0003305562
-0.0002303721
-0.0004260571
-0.0009979514
-0.001857522
-0.002903066
-0.003625896
-0.003803334
-0.003562718
-0.003113593
-0.002594038
-0.002428667
-0.002606082
-0.002929672
-0.003298112
-0.003692991
-0.003866161
-0.003769179
-0.003518262
-0.00329657
-0.003100978
-0.002633562
-0.001724583
-0.0003966106
0.001030968
0.002254124
0.002701393
0.00253376
0.002213955
0.001880231
0.001514865
0.001264548
0.0009810939
0.0004464976
-0.0001094389
-0.0004222961
-0.0004465686
-0.0004968321
-0.0007576768
-0.0009352337
-0.0008984589
-0.0007752002
-0.0007520413
-0.0008855805
-0.001153305
-0.0015043
-0.001938579
-0.002484504
-0.003046096
-0.00339357
-0.003637231
-0.003902072
-0.003750217
-0.003114314
-0.002159615
-0.0012476
-0.0005943207
-0.0003119375
-0.0003942974
-0.0008640308
-0.001557524
-0.002277249
-0.002806697
-0.003111542
-0.003198295
-0.002928346
-0.002224337
-0.001085995
0.0001879976
0.001329541
0.002135514
0.002597419
0.002540239
0.002209298
0.001905246
0.00161949
0.000912731
-0.0006024351
-0.002389113
-0.003759719
-0.004329307
-0.00430904
-0.003983307
-0.003281981
-0.002246242
-0.0009377959
0.0001695944
0.0006973433
0.0005597721
-0.0002930795
-0.001965146
-0.003356932
-0.003948408
-0.004254995
-0.004589393
-0.004789095
-0.004617879
-0.003920118
-0.0025613
-0.001201636
-0.0004507707
-0.0004260506
-0.0007387219
-0.001091665
-0.001127847
-0.000831507
-0.0007776103
-0.001210502
-0.00196243
-0.00280787
-0.003594771
-0.004129508
-0.003763179
-0.002244394
-0.0004540765
0.0008752709
0.001609696
0.002238824
0.003106749
0.004145618
0.005078961
0.005689974
0.005587551
0.004844647
0.003663324
0.002534087
0.001832923
0.001131565
0.0001025115
-0.001035392
-0.001771524
-0.001885227
-0.001443666
-0.0009682964
-0.0008978341
-0.001256862
-0.00183303
-0.002164287
-0.00195455
-0.001224455
-0.0009182373
-0.001321234
-0.001762895
-0.001781698
-0.001577246
-0.001867849
-0.002825653
-0.004158215
-0.005316118
-0.006052008
-0.006095486
-0.00580223
-0.005671019
-0.005840023
-0.005958428
-0.00547639
-0.00402864
-0.001849359
-0.0002317734
0.0003054685
-0.0002733438
-0.001427329
-0.00258512
-0.002787452
-0.002012524
-0.0008114455
-0.0002780364
-0.0004429761
-0.0003490045
0.0005010456
0.001966545
0.003549545
0.004658106
0.004571613
0.003380985
0.001704375
0.0006177817
0.0005053484
0.001133267
0.001439378
0.0006926415
-0.001378507
-0.003107502
-0.003154248
-0.001343555
0.001147922
0.002609283
0.002795783
0.002379593
0.001479468
0.0003896687
-0.0004644855
-0.0007935563
-0.0007861606
-0.000729199
-0.0007675815
-0.0008486792
-0.0005126198
0.000293805
0.001104658
0.001417809
0.001212635
0.001027772
0.001140623
0.001419247
0.001596869
0.001695971
0.002300905
0.003161105
0.003537331
0.003278821
0.002791218
0.002473723
0.002345347
0.002285891
0.002502475
0.002858534
0.002965212
0.002822745
0.002572533
0.001899475
0.001036826
0.0005145769
0.0002867312
-4.466203E-05
-0.0007807104
-0.001510932
-0.001833422
-0.001977756
-0.002171977
-0.002326314
-0.001919926
-0.000735195
0.0005419317
0.001063187
0.0004928524
-0.0003361689
-0.0006510757
-0.0002508942
0.0001695718
8.911394E-05
-0.0003011346
-0.0005340028
-0.0002665608
0.0005353197
0.001675337
0.002719495
0.00345468
0.003797832
0.003907834
0.003959744
0.004117893
0.004383701
0.004725068
0.004921248
0.004749122
0.003828056
0.002605126
0.001807979
0.001717554
0.001985363
0.00223498
0.002393069
0.00254479
0.00257834
0.002527178
0.002683475
0.003000105
0.003215085
0.00297707
0.002294855
0.001395985
0.0001236181
-0.00163461
-0.00313256
-0.00405089
-0.004446518
-0.004140341
-0.002985763
-0.001310872
0.0003338509
0.001599343
0.002431411
0.002912209
0.003115028
0.002710227
0.001260222
-0.0005536818
-0.002086182
-0.003249296
-0.003926734
-0.003805309
-0.003276243
-0.00278714
-0.002423649
-0.001985324
-0.0012985
-0.0002317864
0.001187682
0.002892159
0.004119503
0.004124892
0.003601175
0.003507525
0.004243589
0.004934125
0.004817516
0.003919626
0.002632815
0.001172169
0.0001390428
-8.120474E-05
0.000424973
0.0009972278
0.001137301
0.0008119677
0.000321902
0.0005177888
0.001510234
0.002790056
0.003235647
0.002722765
0.001876923
0.001432066
0.001712982
0.002547441
0.00346124
0.003978713
0.004147354
0.00420956
0.004529889
0.005175643
0.005992349
0.006521597
0.006357402
0.005305243
0.003648269
0.00185748
0.0002659622
-0.001013458
-0.001546638
-0.001524604
-0.001245131
-0.0008820638
-0.0003694733
0.0007076628
0.002271936
0.004012893
0.005113829
0.005188672
0.004673712
0.003921564
0.002858634
0.001772761
0.0009750786
0.0004145923
-0.0002245077
-0.001171087
-0.001952546
-0.002101303
-0.001575906
-0.0008556623
-0.0002815517
0.0003961529
0.001487038
0.003047639
0.004695999
0.005750187
0.005860462
0.005202411
0.004231792
0.003250388
0.002512266
0.001944171
0.001384057
0.0008683828
0.0006199181
0.0009192236
0.001602091
0.002355496
0.002909834
0.003248295
0.003425099
0.00384062
0.004818939
0.005794923
0.00618703
0.005810885
0.005145337
0.004578414
0.004445376
0.004727362
0.005234503
0.005406629
0.004842718
0.004093246
0.003710856
0.003759005
0.003825664
0.003624109
0.003220482
0.002883323
0.002861571
0.00301479
0.003107527
0.002966907
0.002700157
0.002577166
0.002759628
0.00322355
0.00329782
0.002696588
0.001701696
0.0008121676
0.0002720624
0.0004382591
0.001172424
0.002056496
0.002660899
0.002811703
0.003040754
0.003586518
0.003894804
0.003762857
0.003477828
0.003489635
0.003777941
0.003846758
0.003555537
0.003100268
0.002602939
0.002117934
0.001880647
0.001873875
0.001921181
0.001833977
0.001597047
0.001175086
0.001028748
0.00167342
0.002519485
0.002970977
0.00287119
0.002773707
0.003214265
0.003992799
0.00466017
0.004660337
0.003974655
0.00256978
0.001171835
0.000412514
0.0004283325
0.000755103
0.001151193
0.001359908
0.001279116
0.001051594
0.0008734816
0.0009138207
0.001140183
0.001429905
0.001665219
0.001777988
0.001662058
0.001440233
0.001270993
0.001328813
0.001709987
0.002522744
0.003418345
0.004009907
0.004002267
0.003558921
0.002911037
0.002427915
0.002375941
0.002333431
0.001897018
0.0009256729
-0.0002898123
-0.001465164
-0.002459646
-0.003263877
-0.003667518
-0.003661082
-0.003343628
-0.002693874
-0.001648017
-0.0005095888
0.0004415528
0.001058656
0.001464641
0.001821635
0.002244207
0.002525432
0.002207955
0.001370933
0.0003901745
-0.0003318213
-0.0006255324
-0.0003276341
0.0001883116
0.0005539761
0.0005258297
0.0002618393
0.0001240175
0.0002885522
0.0007212414
0.001147128
0.001370419
0.001113685
0.0006404999
0.0003780064
0.0003745008
0.0004074381
0.0001269353
-0.0003372564
-0.0006372836
-0.0006765141
-0.0005564964
-0.0003500768
-3.18988E-05
0.0005644492
0.001254672
0.001788033
0.002123161
0.002409117
0.002739591
0.00318255
0.003700336
0.003895727
0.003776764
0.003844752
0.004165824
0.004457035
0.004477897
0.004236063
0.003814751
0.003172272
0.002128752
0.0007982947
-0.0004276374
-0.001058066
-0.001286415
-0.001447316
-0.001642869
-0.001831081
-0.00212908
-0.002281777
-0.001900935
-0.001189101
-0.0005140759
-3.032863E-05
0.0001224826
-0.0002260748
-0.0008709746
-0.001541555
-0.001649822
-0.001439185
-0.0015292
-0.001906726
-0.002199336
-0.002056181
-0.001549103
-0.000796845
-0.0002301701
-0.000133981
-0.0006054155
-0.001216417
-0.001142853
-0.0006916914
-0.0005537468
-0.0009064535
-0.001498879
-0.002131234
-0.002558062
-0.002706432
-0.002767032
-0.002847009
-0.002872089
-0.002645644
-0.002040052
-0.001551141
-0.001404247
-0.00123115
-0.0008792798
-0.0005763567
-0.0007483012
-0.001343024
-0.001895444
-0.002243449
-0.002524891
-0.002722595
-0.002781233
-0.002605382
-0.002263037
-0.001874557
-0.001468809
-0.001012801
-0.0005594472
-0.0001588198
0.0001422278
0.0001953277
4.388598E-06
0.0001034236
0.0004916389
0.0007020749
0.0004697771
-4.80658E-05
-0.0002497392
-5.284919E-05
7.9857E-05
-1.98594E-06
-0.0001034425
-1.215323E-05
0.0002379261
0.0004594473
0.0005821625
0.000628325
0.000448738
0.0001268977
0.000290547
0.00071788
0.0006987669
0.0001105062
-0.0005728784
-0.0005672158
4.177501E-05
0.0007241222
0.001144651
0.001318621
0.001069296
0.0007662946
0.0009530118
0.001748564
0.002846876
0.003237049
0.002879467
0.002280355
0.001548902
0.0005722303
-0.0001963514
-0.0006195686
-0.0008263561
-0.0007780082
-0.000388037
0.0001620562
0.0006335103
0.0008846972
0.00102196
0.001178695
0.001390352
0.001653462
0.002001586
0.001979191
0.001333588
0.0007294511
0.0004778875
0.0002967623
-0.0002042327
-0.00102768
-0.001628504
-0.001820304
-0.001714969
-0.001376927
-0.0009392085
-0.001275794
-0.002211211
-0.002916007
-0.003173824
-0.003296011
-0.003495041
-0.003688155
-0.003599619
-0.003083849
-0.002275666
-0.001705226
-0.001317796
-0.000590113
0.0001968016
0.0005831395
0.0008951258
0.001313182
0.001426188
0.001123249
0.0006008955
-0.000130014
-0.0009509281
-0.001424876
-0.001380824
-0.001025358
-0.0009613325
-0.001307805
-0.001735847
-0.00198929
-0.002086392
-0.002052025
-0.001987095
-0.002086795
-0.002220077
-0.002189073
-0.002027645
-0.001820233
-0.001542156
-0.001240785
-0.001030585
-0.00130115
-0.001898061
-0.002076844
-0.001924958
-0.001967051
-0.002499459
-0.003327927
-0.004065005
-0.004221178
-0.003673936
-0.002658466
-0.001583762
-0.0009546731
-0.000727004
-0.0006723686
-0.0005375493
-0.0002192635
0.0003369723
0.0006522719
0.0002406024
-0.0004875452
-0.0008996414
-0.0006533862
-0.0002716545
-0.0003488057
-0.001128542
-0.002268796
-0.003224172
-0.003605941
-0.003241009
-0.002333618
-0.001371775
-0.0009211853
-0.001048969
-0.001608635
-0.001878655
-0.001575219
-0.0009713322
-0.0006317529
-0.0007967378
-0.000925712
-0.0006808325
-0.0002722105
-0.0001032211
-0.0003836387
-0.001001718
-0.001603533
-0.001774201
-0.001419311
-0.0006047169
-8.873122E-05
-0.0002124047
-0.0007076628
-0.001356575
-0.002288825
-0.003143618
-0.003356351
-0.002730473
-0.001794168
-0.0009699983
-0.0007280226
-0.0009313299
-0.001226319
-0.001527064
-0.001904951
-0.001920515
-0.002112282
-0.002275644
-0.002714315
-0.003137514
-0.003600027
-0.004393104
-0.005683105
-0.006809476
-0.007177563
-0.005651945
-0.003500884
-0.002825857
-0.003739106
-0.004873595
-0.004696514
-0.003525115
-0.002459239
-0.002108453
-0.002155666
-0.002031661
-0.001765207
-0.001698327
-0.001457432
-0.0008376056
-0.0002375488
-3.703854E-05
-0.0002824657
-0.0004901972
-0.0003163242
0.0006080927
0.001758847
0.002372466
0.002005737
0.0008728905
0.0002638116
0.0007316678
0.001934846
0.002754755
0.002720622
0.002057057
0.001337815
0.0008567148
0.0008769963
0.001346598
0.001436254
0.0008836647
1.2703E-05
-0.001054656
-0.002390939
-0.003534167
-0.003945592
-0.003359521
-0.002245217
-0.00118623
-0.0006982266
-0.0006916397
-0.000876029
-0.0007907898
-0.0003526695
8.014832E-05
-0.0001272517
-0.001340235
-0.002587225
-0.003130666
-0.002688298
-0.00204943
-0.002055241
-0.002583443
-0.003063271
-0.003075023
-0.002473345
-0.001227816
0.0001393097
0.001150935
0.001095309
0.0001691346
-0.0009933926
-0.001338541
-0.0008069393
5.57673E-05
0.0003598133
-0.0004557769
-0.001866403
-0.003081725
-0.003339491
-0.002716558
-0.001621901
-0.0008556509
-0.0006886113
-0.001346336
-0.002168812
-0.002315122
-0.001510865
-0.0003637864
-4.743994E-05
-0.0006053243
-0.001343583
-0.00133948
-0.000623779
0.0001547514
0.0003995178
-6.261612E-05
-0.0007335226
-0.001149357
-0.0009516722
-0.0005011117
-0.0003311881
-0.0006291756
-0.001020773
-0.0009177263
-0.0004499023
-3.830786E-05
5.75905E-05
-0.000105262
-0.0004105816
-0.000838094
-0.001436503
-0.001656564
-0.001456365
-0.00153752
-0.002246726
-0.003428064
-0.004121936
-0.004031709
-0.00368998
-0.003502885
-0.003363102
-0.003079822
-0.0026475
-0.002189776
-0.001889352
-0.001870138
-0.002038642
-0.002382693
-0.003118475
-0.003920774
-0.004400308
-0.004469368
-0.004262953
-0.003876306
-0.003513276
-0.003282127
-0.003106826
-0.002905862
-0.002681975
-0.002385854
-0.001991555
-0.001632712
-0.001498984
-0.001810272
-0.002340472
-0.002795215
-0.003100503
-0.00335187
-0.003588054
-0.003568106
-0.003094326
-0.002040915
-0.0007010172
0.0002503971
0.0004475136
4.942988E-05
-0.0005071529
-0.0009667101
-0.001170963
-0.001255568
-0.001426112
-0.001983282
-0.002681489
-0.00277825
-0.002199178
-0.001409692
-0.00105914
-0.001033223
-0.0008277346
-0.00043526
-0.0001090302
0.0002562789
0.0006940711
0.0009605627
0.001422548
0.002775097
0.006415816
0.01124687
0.01519763
0.01575901
0.007913328
-0.008590366
-0.02617377
-0.03635654
-0.03464883
-0.02217868
-0.005507547
0.006134769
0.007894066
0.002332363
-0.0008740622
0.002602328
0.009837111
0.01585302
0.01560112
0.01164751
0.009087663
0.01021569
0.01318229
0.01225563
0.005356513
-0.00583795
-0.01550404
-0.02026738
-0.01852948
-0.01400148
-0.00916032
-0.004791407
-0.00134185
0.001781317
0.005176132
0.00919653
0.01289414
0.01241518
0.007161886
-0.0008514692
-0.006688761
-0.006600117
-0.003481663
-0.0007233634
-0.0005658659
-0.002838796
-0.005132704
-0.00543801
-0.002648878
0.001629613
0.005438616
0.006705413
0.005540997
0.003176612
0.0009632864
-0.0007494796
-0.00201505
-0.003042912
-0.00354751
-0.003342282
-0.002552411
-0.001594445
-0.0004383877
0.001234371
0.003021107
0.004227506
0.0034179
0.00115307
-0.001332865
-0.001916728
0.000158136
0.003215066
0.004872971
0.004121498
0.002169194
0.0003645679
0.0007461611
0.003030497
0.005758892
0.007079853
0.006601906
0.004990228
0.003331107
0.002130701
0.002082443
0.003331102
0.004630497
0.004658558
0.003026731
0.001310461
0.0006780217
0.001629494
0.003094067
0.003902768
0.003575983
0.002536624
0.002299317
0.00334314
0.005087182
0.005536526
0.003819595
0.0009568169
-0.0009248465
-0.0005788896
0.0008001752
0.001695938
0.001284223
-7.583071E-05
-0.001800027
-0.002741795
-0.002639108
-0.001437693
0.0003148247
0.002139054
0.003938201
0.00573747
0.007049684
0.007704869
0.007520931
0.006521304
0.004888739
0.002946606
0.00139254
0.0008091852
0.0007453173
0.0005876721
0.0001869571
-0.0001461169
-0.0001218393
0.0003426975
0.0009902532
0.001330802
0.001409939
0.001474635
0.0009266497
-0.0004961403
-0.002367623
-0.003678261
-0.003605919
-0.001469363
0.001818526
0.004199458
0.004535239
0.002748304
0.0009460303
0.0004436996
0.001745364
0.003545915
0.004491126
0.004271703
0.003312622
0.002047254
0.0009966429
0.0004759977
0.0001757847
-0.0001120258
-0.000121425
-1.202443E-05
-0.0001532851
-0.0006679319
-0.001195674
-0.001132262
-0.0003389014
0.001046021
0.002018181
0.002092466
0.0008900921
-0.0009695151
-0.002583487
-0.002687447
-0.001211426
0.001090689
0.002794014
0.003070749
0.002111596
0.0007864575
-6.855364E-05
-0.0002085114
0.0002944582
0.0008955059
0.001202742
0.0008097631
0.0001583832
-4.948342E-05
0.0006262384
0.001692353
0.001745559
0.0006226239
-0.0009188388
-0.001719741
-0.001505352
-0.0006132006
0.0002416915
0.0007175284
0.0004868127
-0.0002195099
-0.0007882274
-0.0004975309
0.001018652
0.002533372
0.003142088
0.002390998
0.0008865478
-0.000622798
-0.001256703
-0.00110148
-0.0006809223
-0.000514251
-0.0007270895
-0.0006457074
8.731235E-05
0.001529113
0.002940541
0.003595366
0.003798209
0.003991104
0.003977944
0.003487097
0.00222591
0.0005892772
-0.0008872375
-0.001800586
-0.00218351
-0.002145836
-0.001737274
-0.001115385
-0.0006258099
-0.0003445541
-0.0001339413
0.0005439532
0.001826231
0.002838516
0.003093502
0.002506729
0.001326726
-7.382008E-05
-0.0007701293
-0.0005959616
4.780873E-05
0.000380039
0.0001088907
-0.0008637861
-0.001811755
-0.001969871
-0.001142291
0.000344763
0.001438032
0.001787526
0.001546105
0.001319243
0.00141855
0.001687232
0.001721877
0.001125889
0.0001907397
-0.0006013944
-0.0008757021
-0.0008338769
-0.0007528286
-0.0007080207
-0.0006377909
-0.0005555614
-0.0004890501
-0.0004480623
-0.0001577445
0.000553386
0.001555522
0.002493225
0.002905228
0.002784948
0.00226574
0.001713175
0.001357542
0.001266066
0.001235239
0.001124853
0.0009842584
0.0009956042
0.001365439
0.001827708
0.00202571
0.001784652
0.001328069
0.001047506
0.00105702
0.001294776
0.001742767
0.002295556
0.00267505
0.002744421
0.002502301
0.002075946
0.001613552
0.001231138
0.0008962131
0.0005559477
0.0003198844
0.0002552611
0.0003215569
0.0004913926
0.0008174877
0.001258566
0.001689369
0.001970731
0.002051784
0.001895745
0.001510236
0.001030184
0.0006686739
0.0005960861
0.0008859483
0.001176521
0.001238604
0.001145694
0.001117419
0.001250395
0.001476613
0.001682662
0.001774601
0.001681881
0.00135868
0.0009468465
0.0006206205
0.0004984339
0.00051142
0.0005854403
0.0006471373
0.00070592
0.0008293171
0.001048911
0.001346971
0.00153155
0.001509659
0.001170952
0.0006595258
0.0001954645
1.229009E-05
6.571164E-05
0.0001440129
0.0001126638
3.306612E-06
1.260883E-05
0.0001715926
0.0003229974
0.0003963808
0.0004288981
0.0004093767
0.0003561437
0.0003486435
0.0003749465
0.0003657269
0.0002236095
-8.312102E-06
-0.0001739563
-0.0001393215
7.754766E-05
0.0003051407
0.000431652
0.000416842
0.0003385625
0.0002495937
0.000158706
3.426571E-05
-0.0001652946
-0.0003730147
-0.0005116239
-0.0005296183
-0.0004449564
-0.0002986971
-0.0001447907
-3.918648E-06
7.292968E-05
8.682339E-05
8.92309E-05
0.0001162596
0.0001611247
0.000174522
0.0001132427
-5.649119E-05
-0.000259585
-0.0004165039
-0.0004743062
-0.000455087
-0.0004067445
-0.0003804617
-0.0003827009
-0.0003651914
-0.0003026333
-0.0002053264
-9.11194E-05
3.841351E-05
0.000139907
0.000191826
0.0001731068
9.936704E-05
-6.921248E-06
-0.0001142199
-0.0001974279
-0.0002323281
-0.0002339633
-0.0002275606
-0.0002280765
-0.0002295811
-0.0002224008
-0.000206565
-0.0001871168
-0.000169015
-0.0001635341
-0.0001900334
-0.0002232198
-0.0002304493
-0.0002028215
-0.0001620069
-0.0001357741
-0.0001285462
-0.000131212
-0.000130466
-0.0001221962
-0.0001085339
-9.781683E-05
-9.542836E-05
-0.0001026978
-0.0001177427
-0.0001401063
-0.0001679359
-0.0002009235
-0.0002302014
-0.0002468282
-0.000243813
-0.0002235212
-0.0001937886
-0.0001672424
-0.0001466046
-0.000128607
-0.0001130595
-0.0001034932
-9.946074E-05
-0.0001014702
-0.0001142738
-0.0001299367
-0.0001393116
-0.0001427031
-0.0001445678
-0.0001465165
-0.0001476164
-0.000146327
-0.0001426226
-0.0001379961
-0.0001335623
-0.0001311842
-0.0001322903
-0.0001346031
-0.0001372348
-0.0001460485
-0.0001638593
-0.0001882427
-0.0002039529
-0.0002032843
-0.0001878019
-0.0001712952
-0.0001619443
-0.0001594118
-0.0001588387
-0.0001580774
-0.000157254
-0.000157201
-0.000160369
-0.0001666113
-0.000174702
-0.0001835028
-0.0001925129
-0.0001993134
-0.0002031095
-0.0002049282
-0.0002056779
-0.0002048849
-0.0002021873
-0.0001986734
-0.0001961455
-0.0001953755
-0.0001961909
-0.0001970288
-0.0001972778
-0.0001976569
-0.0001984557
-0.000199272
-0.0001996519
-0.0001997027
-0.0001995941
-0.00020015
-0.0002021165
-0.0002050998
-0.0002083888
-0.0002123513
-0.0002165897
-0.0002202028
-0.0002222737
-0.0002231785
-0.0002239458
-0.0002250492
-0.0002262806
-0.0002275589
-0.0002289313
-0.0002304619
-0.0002319811
-0.000233312
-0.0002347019
-0.0002363597
-0.0002383401
-0.0002406
-0.0002431327
-0.000245954
-0.0002488898
-0.0002516063
-0.0002541388
-0.0002566848
-0.0002592475
-0.0002616759
-0.0002638124
-0.0002657588
-0.0002676424
-0.0002697172
-0.0002720891
-0.000274876
-0.0002779664
-0.0002811883
-0.0002842798
-0.0002872295
-0.0002901749
-0.0002931571
-0.0002961221
-0.0002990851
-0.0003020954
-0.0003051822
-0.0003083562
-0.000311623
-0.0003149888
-0.0003184405
-0.0003219103
-0.0003253838
-0.0003288889
-0.0003324685
-0.0003361262
-0.0003398421
-0.0003435877
-0.0003473525
-0.0003511276
-0.0003549132
-0.0003587106
-0.0003625448
-0.0003664321
-0.000370387
-0.0003744049
-0.0003784743
-0.000382593
-0.0003867633
-0.0003909832
-0.0003952485
-0.0003995545
-0.0004038977
-0.0004082784
-0.0004127004
-0.0004171658
-0.0004216745
-0.0004262239
-0.0004308133
-0.0004354439
-0.0004401178
-0.0004448353
-0.0004495969
-0.0004544024
-0.0004592497
-0.0004641379
-0.0004690665
-0.0004740357
-0.0004790456
-0.0004840961
-0.0004891867
-0.0004943173
-0.0004994876
-0.0005046976
-0.000509947
-0.0005152358
-0.0005205636
-0.0005259302
-0.0005313353
-0.0005367788
-0.0005422604
-0.0005477799
-0.000553337
-0.0005589315
-0.0005645631
-0.0005702317
-0.000575937
-0.0005816787
-0.0005874567
-0.0005932706
-0.0005991202
-0.0006050053