0.02
0.00519
0.00203
0.00013
-0.00038
-0.00105
-0.00122
-0.00171
-0.00329
-0.00292
0.00006
-0.00244
0.00036
0.01059
0.01043
-0.00158
-0.01831
-0.01377
-0.00456
-0.01347
-0.00823
0.00535
0.00121
-0.00715
0.00877
0.03237
0.0228
-0.01705
-0.01656
0.00775
0.00274
-0.0163
-0.01343
0.0019
-0.00182
-0.02469
-0.02402
-0.00395
0.01395
0.0301
0.03901
0.03671
0.01208
-0.01838
-0.016
0.02144
0.00613
-0.0386
-0.05047
-0.0242
0.00908
0.0059
-0.01257
-0.01403
0.00089
0.0169
0.03181
0.05122
0.05734
0.04024
0.0081
-0.01874
-0.03226
-0.0205
-0.02513
-0.03363
-0.00346
0.03016
0.03474
0.01442
0.01793
0.03433
0.02695
-0.00391
-0.01279
-0.0015
-0.01042
-0.01214
0.02059
0.03641
0.00658
0.00291
0.02928
0.03117
0.00577
-0.00005
0.0222
0.02505
0.00595
-0.02182
-0.01685
-0.01006
-0.03162
-0.04737
0.02512
0.05684
0.02808
0.02583
0.0007
-0.01546
-0.02661
-0.01851
0.0157
0.04343
0.00113
-0.03229
-0.02014
0.04262
0.03447
-0.0235
-0.00074
0.05963
0.02895
-0.02011
-0.00985
0.02522
0.0347
-0.0261
-0.02632
-0.01062
-0.01747
-0.00255
0.01624
0.03306
0.03181
0.02152
0.02889
0.05141
0.01299
-0.05639
-0.03958
0.01303
0.03034
0.02113
0.0056
-0.01449
-0.02185
-0.03528
-0.04916
-0.05709
-0.01602
0.03039
0.06394
0.06242
0.03423
0.02096
0.00807
0.01109
0.0085
-0.01028
-0.01883
-0.00351
-0.01478
-0.02407
-0.01727
-0.01791
-0.02076
-0.03405
-0.06481
-0.07168
-0.07241
-0.08787
-0.1132
-0.15182
-0.17967
-0.19902
-0.20936
-0.19785
-0.16869
-0.11691
-0.05237
0.01561
0.06556
0.07693
0.08001
0.08844
0.11324
0.13706
0.1549
0.15743
0.13969
0.09642
0.02481
-0.05051
-0.14388
-0.25045
-0.32543
-0.26418
-0.1805
-0.1676
-0.17916
-0.20849
-0.22833
-0.24204
-0.25566
-0.26766
-0.27615
-0.20441
0.05927
0.24251
0.25556
0.22417
0.24637
0.37214
0.53329
0.60488
0.54156
0.39549
0.26304
0.19962
0.03812
-0.03139
-0.08845
-0.16321
-0.16355
-0.14948
-0.13341
-0.1243
0.00201
0.11023
0.12975
0.11724
0.15906
0.25912
0.30171
0.2259
0.10936
0.0156
-0.10727
-0.17113
-0.1914
-0.20093
-0.18112
-0.15001
-0.09355
-0.06689
0.01394
0.11615
0.12538
0.08475
0.02274
-0.01512
0.01
0.0776
0.1081
0.10278
0.09497
0.10617
0.12476
0.1209
0.1067
0.09507
0.12792
0.21284
0.32585
0.35038
0.1927
0.03249
-0.07537
-0.12354
-0.11627
-0.08929
-0.0852
-0.09862
-0.07425
-0.05164
-0.05927
-0.07547
-0.0805
-0.08018
-0.07074
-0.06278
-0.05416
-0.06358
-0.11769
-0.17649
-0.20024
-0.21729
-0.20796
-0.08776
0.01238
0.03548
0.03461
0.01085
-0.02268
-0.07079
-0.08529
-0.06578
-0.00915
0.01505
0.00913
-0.03416
-0.09485
-0.12048
-0.1275
-0.11121
-0.07864
-0.04089
-0.02344
-0.02338
-0.01639
0.00902
0.02152
0.00906
-0.0182
-0.04755
-0.07712
-0.10469
-0.12646
-0.14266
-0.14063
-0.11718
-0.10119
-0.10175
-0.14959
-0.21446
-0.25041
-0.27521
-0.28919
-0.29812
-0.29051
-0.27892
-0.23881
-0.14878
-0.05342
0.02919
0.10188
0.16897
0.20801
0.23625
0.27068
0.33177
0.39113
0.41564
0.40965
0.35158
0.29511
0.27617
0.26994
0.2399
0.20336
0.19981
0.25432
0.31425
0.29738
0.1851
0.05299
-0.02718
-0.05787
-0.06259
-0.0468
-0.00935
0.01742
0.01601
-0.02217
-0.06286
-0.0772
-0.07109
-0.03494
0.02173
0.05944
0.06849
0.04958
0.01217
-0.01698
-0.03317
-0.05659
-0.08553
-0.1049
-0.1031
-0.08568
-0.03056
0.04952
0.08845
0.10494
0.09547
0.0672
0.03141
-0.02471
-0.08439
-0.13346
-0.16807
-0.19211
-0.21763
-0.23257
-0.24663
-0.22135
-0.10197
0.01909
0.07929
0.08818
0.04152
-0.04123
-0.08988
-0.09917
-0.08286
-0.02524
0.0242
0.03308
0.02608
0.01331
0.00774
0.01148
0.02051
0.03825
0.05965
0.06711
0.05977
-0.00567
-0.10811
-0.16784
-0.19453
-0.19809
-0.18804
-0.17377
-0.15852
-0.12733
-0.06782
-0.00765
0.0396
0.07279
0.09024
0.09787
0.10721
0.11264
0.09718
0.07097
0.06088
0.0725
0.08907
0.10755
0.12331
0.13761
0.16125
0.18237
0.1883
0.15907
0.11348
0.07528
0.04055
0.01619
-0.00566
-0.00724
0.01479
0.03448
0.03844
0.02769
0.01105
-0.01338
-0.04627
-0.08197
-0.11094
-0.13479
-0.1466
-0.13591
-0.09551
-0.01794
0.06228
0.10221
0.12415
0.14861
0.16911
0.17559
0.16384
0.13537
0.09493
0.04505
-0.01904
-0.05844
-0.07313
-0.07526
-0.07397
-0.07883
-0.08896
-0.09858
-0.09124
-0.07189
-0.06129
-0.06248
-0.06558
-0.07198
-0.07996
-0.07881
-0.0578
-0.0202
0.01685
0.04262
0.04967
0.03393
0.00807
-0.00345
0.00758
0.01322
0.00242
-0.01675
-0.02988
-0.03112
-0.02234
-0.01045
-0.00521
-0.01232
-0.02436
-0.03672
-0.05469
-0.06917
-0.07641
-0.07325
-0.0581
-0.02834
0.00566
0.03743
0.06999
0.09507
0.10376
0.09528
0.08029
0.06603
0.05569
0.03853
0.0078
-0.02072
-0.02432
-0.01171
-0.00344
-0.0001
0.00356
0.00475
-0.00671
-0.02435
-0.03864
-0.05169
-0.06734
-0.08466
-0.0993
-0.1127
-0.11576
-0.09952
-0.07631
-0.04914
-0.01988
0.00814
0.03058
0.0407
0.02763
-0.01241
-0.0484
-0.06756
-0.07805
-0.07136
-0.0494
-0.01929
0.01327
0.03432
0.04536
0.04709
0.04192
0.04713
0.06096
0.07189
0.07593
0.06802
0.05898
0.05121
0.03796
-0.00269
-0.04223
-0.04987
-0.01073
0.04887
0.07293
0.07435
0.06214
0.0469
0.0274
0.00918
-0.0049
-0.009
-0.01076
-0.01399
-0.00775
0.00138
0.00967
0.0144
0.01805
0.02144
0.03299
0.0562
0.08177
0.09599
0.09389
0.06451
0.00837
-0.03393
-0.05485
-0.06524
-0.06242
-0.05297
-0.04339
-0.03109
-0.01381
0.00438
0.02105
0.03399
0.0377
0.02859
0.01769
0.01157
0.00762
0.00542
0.0022
-0.0061
-0.01511
-0.01704
-0.01757
-0.01482
-0.00372
0.01085
0.01392
0.00294
-0.01209
-0.02471
-0.02231
-0.0116
-0.0014
0.00667
0.01381
0.01691
0.01402
0.00689
-0.00066
-0.00347
0.00009
0.00444
0.00993
0.01769
0.02074
0.02473
0.02678
0.0288
0.02946
0.02464
0.01832
0.01088
-0.00153
-0.0177
-0.03153
-0.04124
-0.03982
-0.02967
-0.02368
-0.02172
-0.01834
-0.01533
-0.01244
-0.00414
0.00038
-0.0009
-0.00282
-0.00021
0.00577
0.00561
0.00004
-0.00322
0.00261
0.00983
0.0096
0.00219
-0.00427
-0.0095
-0.01431
-0.0207
-0.02914
-0.03818
-0.04694
-0.05417
-0.05821
-0.05655
-0.04571
-0.02572
-0.00617
0.00634
0.00791
0.00562
0.00163
-0.0003
-0.0017
-0.00272
-0.0024
-0.00244
-0.00441
-0.00808
-0.00824
-0.00651
-0.00302
0.00131
0.00743
0.00849
0.00431
0.00048
0.00227
0.00836
0.0129
0.01625
0.01056
-0.00116
-0.01149
-0.00938
0.00439
0.01941
0.02455
0.01473
0.00303
-0.00574
-0.01091
-0.01705
-0.02231
-0.02145
-0.01435
-0.00888
-0.00842
-0.01093
-0.00853
0.00116
0.01023
0.02021
0.02806
0.0339
0.03613
0.03339
0.02493
0.01183
0.00238
0.00301
0.01148
0.01536
0.0153
0.01783
0.02373
0.03
0.03317
0.03283
0.03345
0.02964
0.0178
0.00067
-0.01644
-0.0225
-0.02273
-0.02279
-0.02526
-0.03404
-0.04413
-0.04991
-0.04581
-0.02907
-0.0097
0.00652
0.01263
0.00923
0.00247
-0.00751
-0.01957
-0.03273
-0.03907
-0.03497
-0.02588
-0.02045
-0.01986
-0.02314
-0.02747
-0.02879
-0.02651
-0.02087
-0.01328
-0.00257
0.00901
0.0198
0.02756
0.03223
0.03202
0.02543
0.01725
0.01017
0.00185
-0.00402
-0.00978
-0.01582
-0.01781
-0.01422
-0.00653
-0.00058
0.00291
0.00491
0.00712
0.00535
0.00097
-0.00214
0.00128
0.01097
0.02341
0.03659
0.04798
0.05397
0.05033
0.04132
0.03107
0.02248
0.01214
-0.00208
-0.01376
-0.01643
-0.01254
-0.01059
-0.00896
-0.00689
-0.00659
-0.00816
-0.00584
0.00335
0.01278
0.01626
0.01087
0.00276
-0.00067
0.00025
0.00248
0.00984
0.01994
0.02591
0.02817
0.0263
0.02071
0.01027
-0.00542
-0.01948
-0.02762
-0.03375
-0.04057
-0.04272
-0.0329
-0.01439
0.00708
0.02575
0.03909
0.04358
0.03757
0.02396
0.00777
-0.0052
-0.0138
-0.01686
-0.01528
-0.00942
-0.00341
0.00165
0.0055
0.00789
0.00577
0.00073
-0.00122
-0.00129
-0.00146
-0.00174
-0.00407
-0.00238
0.00328
0.01172
0.02151
0.02585
0.02553
0.01774
0.00648
-0.0017
-0.0075
-0.0105
-0.01037
-0.0071
-0.00412
-0.00731
-0.00987
-0.01214
-0.01154
-0.01036
-0.00804
-0.00269
0.00108
0.00422
0.00412
0.00438
0.00315
-0.00335
-0.01367
-0.02404
-0.03119
-0.03464
-0.03147
-0.02083
-0.00847
0.00286
0.0085
0.00575
-0.00103
-0.00723
-0.01225
-0.01222
-0.00628
0.00228
0.00962
0.01345
0.01794
0.01874
0.01551
0.01547
0.0183
0.0204
0.01526
0.00355
-0.01096
-0.02378
-0.02928
-0.0276
-0.02352
-0.01993
-0.01914
-0.01583
-0.00796
0.00129
0.01281
0.02329
0.03304
0.03599
0.0284
0.0128
-0.00068
-0.00568
-0.00927
-0.01321
-0.01499
-0.0092
0.00253
0.0122
0.01231
0.00415
-0.0042
-0.00709
-0.00475
0.00085
0.00597
0.0061
-0.00137
-0.01094
-0.01352
-0.00772
0.00169
0.00714
0.0076
0.0064
0.00391
-0.0005
-0.00597
-0.00923
-0.00997
-0.00921
-0.00701
-0.00649
-0.00954
-0.01234
-0.00927
-0.00482
0.00082
0.00147
-0.00072
-0.00092
-0.00074
0.0015
0.00188
0.00151
-0.0032
-0.0109
-0.01796
-0.02076
-0.01399
0.00018
0.01443
0.02542
0.03077
0.03135
0.0267
0.02316
0.02549
0.02542
0.02263
0.01795
0.01177
0.00803
0.00601
0.00415
0.00177
-0.00033
-0.00076
-0.00337
-0.00288
0.00098
0.00528
0.00989
0.01299
0.01456
0.01409
0.01589
0.01749
0.01406
0.00656
-0.00253
-0.00911
-0.00817
-0.00044
0.00639
0.00887
0.00575
-0.00036
-0.00603
-0.01033
-0.01163
-0.01024
-0.00664
-0.0007
0.00489
0.0067
0.00376
-0.00197
-0.0051
-0.00314
-0.00074
-0.00185
-0.00448
-0.01046
-0.01716
-0.02165
-0.02558
-0.02882
-0.028
-0.02377
-0.01812
-0.01485
-0.01448
-0.01494
-0.01565
-0.01344
-0.0093
-0.00621
-0.00999
-0.01634
-0.01779
-0.01091
0.00016
0.00731
0.00603
-0.00214
-0.01377
-0.02062
-0.01677
-0.00912
-0.00147
0.00557
0.00991
0.01079
0.00822
0.00622
0.00569
0.008
0.01435
0.01976
0.02085
0.01909
0.01646
0.01272
0.00967
0.00944
0.00902
0.00696
0.00511
0.00005
-0.00616
-0.01064
-0.01158
-0.01146
-0.01075
-0.00699
-0.00123
0.00344
0.00566
0.00561
0.0043
0.0045
0.00322
0.0009
-0.00511
-0.01516
-0.01898
-0.01562
-0.01131
-0.00668
-0.00517
-0.00883
-0.01032
-0.00802
-0.00516
-0.00762
-0.01573
-0.01842
-0.01859
-0.01809
-0.01521
-0.01157
-0.00862
-0.01018
-0.01547
-0.0182
-0.01699
-0.01844
-0.01835
-0.01574
-0.0103
-0.00375
0.00248
0.00566
0.01092
0.01783
0.02174
0.02278
0.02035
0.01694
0.01428
0.01465
0.01678
0.01887
0.02309
0.0295
0.0304
0.02207
0.01635
0.01227
0.00399
-0.00667
-0.01028
-0.00862
-0.00347
0.00531
0.01271
0.01753
0.01448
0.01094
0.00782
0.01126
0.01708
0.01959
0.0208
0.01949
0.01812
0.01858
0.01885
0.0171
0.01237
0.00275
-0.00709
-0.01473
-0.01548
-0.01002
-0.00781
-0.00727
-0.00888
-0.00975
-0.01133
-0.01027
-0.00679
-0.00492
-0.00253
-0.00191
-0.00289
-0.00103
-0.00121
-0.00385
-0.00523
-0.00803
-0.0056
-0.00373
0.00183
0.0102
0.01512
0.01355
0.00856
0.00186
-0.00293
-0.00623
-0.01261
-0.01976
-0.0263
-0.01723
0.00107
0.01826
0.01312
-0.00752
-0.02933
-0.03084
-0.01445
-0.00192
0.00981
0.01402
0.01437
0.01225
0.00753
0.00198
0.00416
0.00891
0.01313
0.01252
0.01002
0.00626
0.00203
0.00318
0.00272
0.00363
0.00516
0.00505
-0.00062
-0.00593
-0.00928
-0.01636
-0.02254
-0.0245
-0.01867
-0.01103
-0.00774
-0.00713
-0.00495
-0.00167
0.00151
0.00288
0.0043
0.00382
0.00296
0.0048
0.00706
0.01029
0.01574
0.01805
0.01359
0.0116
0.01246
0.01241
0.00633
-0.0009
-0.00514
-0.00391
0.00104
0.00464
0.00503
0.0049
0.00456
0.00268
-0.00052
-0.00187
-0.00196
-0.00371
-0.00083
0.00364
0.00791
0.00753
0.00248
-0.00228
-0.00906
-0.01749
-0.0251
-0.03032
-0.02436
-0.01644
-0.01136
-0.0095
-0.0102
-0.00532
0.0014
0.00689
0.00783
0.00567
0.00499
0.00353
0.00683
0.00992
0.00836
0.00707
0.00799
0.01091
0.01471
0.01549
0.01103
0.00698
0.00188
-0.00331
-0.0081
-0.01248
-0.01514
-0.01243
-0.0059
0.00007
0.00364
0.00246
-0.00402
-0.00871
-0.01142
-0.01083
-0.00975
-0.00694
-0.00229
-0.00167
-0.00397
-0.00718
-0.00737
-0.00448
0.00065
0.00589
0.00877
0.00604
0.00442
0.00829
0.0156
0.02086
0.02482
0.02554
0.02323
0.02075
0.01632
0.01078
0.0051
0.00367
0.00383
-0.00335
-0.01348
-0.01894
-0.02356
-0.0234
-0.01867
-0.01304
-0.00692
-0.00277
-0.0041
-0.00904
-0.01227
-0.01242
-0.01051
-0.00914
-0.00723
-0.00474
-0.00359
-0.0018
0.00121
0.00198
0.00246
0.00273
0.00079
0.00247
0.00516
0.00807
0.00863
0.00769
0.00753
0.00938
0.01192
0.01233
0.01292
0.01399
0.01521
0.01184
0.00752
0.00271
-0.00218
-0.004
-0.00247
0.0006
0.00272
0.00531
0.00476
0.00074
-0.00483
-0.00716
-0.00889
-0.00993
-0.00936
-0.00974
-0.00935
-0.01014
-0.00806
-0.00367
0.00036
0.00178
0.00028
-0.0011
-0.00203
-0.00467
-0.00719
-0.01169
-0.01324
-0.01087
-0.01087
-0.00899
-0.00526
-0.00175
0.00297
0.0069
0.01066
0.01498
0.01447
0.01275
0.01072
0.00801
0.00673
0.00588
0.00732
0.0098
0.0124
0.01264
0.01087
0.0075
0.00572
0.00511
0.0059
0.00929
0.01442
0.01329
0.00937
0.00543
0.0022
0.0021
-0.00094
-0.00202
-0.00202
-0.00357
-0.00721
-0.00857
-0.00807
-0.00839
-0.0065
-0.00222
0.00055
0.00171
0.00128
0.00093
0.00191
0.00224
-0.00039
-0.00196
-0.00226
-0.00435
-0.00735
-0.00955
-0.00752
-0.00589
-0.00478
-0.00501
-0.00551
-0.00573
-0.00636
-0.00627
-0.00485
-0.00302
-0.00193
-0.00121
-0.00251
-0.00333
-0.00289
-0.00374
-0.00466
-0.00721
-0.00807
-0.0082
-0.00845
-0.00876
-0.01071
-0.01019
-0.01111
-0.00872
-0.00829
-0.0079
-0.00931
-0.01101
-0.00858
-0.00821
-0.00447
-0.00218
-0.00105
-0.00069
0.00172
0.0048
0.00496
0.00612
0.00736
0.00778
0.00604
0.00416
0.00288
0.003
0.00274
0.0041
0.00334
-0.00037
-0.00286
-0.00456
-0.00434
-0.00362
-0.00258
-0.00071
-0.00143
-0.00087
-0.00107
-0.00272
-0.0042
-0.00729
-0.00809
-0.00678
-0.00563
-0.00458
-0.00339
-0.00321
-0.00266
-0.00318
-0.00468
-0.00271
0.0024
0.00521
0.00768
0.01001
0.0113
0.01236
0.01065
0.01084
0.01357
0.01381
0.0113
0.00852
0.00613
0.00637
0.00817
0.00948
0.00693
0.00326
0.00145
-0.00019
-0.00127
-0.00218
-0.00348
-0.00549
-0.00478
-0.00268
-0.00168
-0.00325
-0.00363
-0.0043
-0.00409
-0.00236
-0.00011
-0.00074
-0.00528
-0.00717
-0.00805
-0.00802
-0.00719
-0.00594
-0.00327
-0.00218
-0.00271
-0.00299
-0.00072
0.00173
0.00305
0.00452
0.00721
0.00852
0.00966
0.00847
0.00584
0.00339
0.00085
-0.00024
-0.00112
-0.00026
-0.00002
0.00139
0.00356
0.00532
0.00757
0.00544
0.00513
0.00481
0.00287
0.00333
0.00435
0.00477
0.00383
0.00325
0.00084
-0.00076
0.00061
0.00166
-0.00126
-0.00327
-0.00385
-0.00474
-0.00558
-0.00833
-0.00912
-0.00757
-0.00852
-0.007
-0.00378
-0.0018
-0.00025
0.00122
0.00326
0.00485
0.00622
0.00668
0.00825
0.00982
0.01173
0.01207
0.01306
0.01327
0.01086
0.0067
0.00205
-0.0005
-0.00466
-0.00721
-0.00866
-0.00799
-0.00613
-0.00498
-0.00363
-0.00178
0.00047
-0.00062
-0.0009
-0.00223
-0.0037
-0.0054
-0.00691
-0.00617
-0.00384
0.0005
0.003
0.00278
0.00213
-0.00038
-0.00564
-0.00859
-0.00925
-0.00781
-0.006
-0.0058
-0.00338
0.00103
0.00035
-0.00154
-0.00161
-0.00176
-0.00154
-0.001
0.00068
-0.00044
0.00016
0.00111
0.00405
0.00739
0.00621
0.00414
0.00124
-0.00146
-0.00222
-0.00283
-0.00119
0.00339
0.00664
0.00669
0.00402
0.00174
0.00177
0.00261
0.00298
0.00493
0.00578
0.00405
0.00496
0.00553
0.00487
0.0022
0.00015
-0.00015
0.00117
0.00388
0.00623
0.00763
0.00833
0.01295
0.01332
0.00958
0.0068
0.00485
0.00374
0.0017
-0.00094
-0.00267
-0.0033
-0.00338
-0.00314
-0.00314
-0.00236
-0.00286
-0.00457
-0.00536
-0.00632
-0.00615
-0.00455
-0.00391
-0.00487
-0.00444
-0.0017
-0.00081
-0.00151
-0.00455
-0.00678
-0.00746
-0.00826
-0.00692
-0.00796
-0.00716
-0.00763
-0.00912
-0.01033
-0.0095
-0.00763
-0.00626
-0.00355
-0.00502
-0.00628
-0.00601
-0.00404
-0.00305
-0.00284
-0.00386
-0.00251
0.00045
0.00181
0.0039
0.00433
0.00806
0.01086
0.00973
0.00582
0.00181
0.00064
0.0015
0.00196
-0.00056
-0.00409
-0.00668
-0.00573
-0.00217
0.00127
0.00288
0.00216
0.00056
-0.00021
-0.00042
-0.00016
0.00267
0.00419
0.0047
0.00504
0.00027
-0.00053
0.00191
0.00376
0.00524
0.00498
0.00444
0.00248
0.00274
0.00205
-0.0004
-0.00192
-0.00374
-0.00255
-0.00057
-0.00078
-0.003
-0.00313
-0.00325
-0.00509
-0.00404
-0.00451
-0.00336
-0.00213
-0.00208
-0.00227
-0.00184
-0.00136
-0.00196
-0.00264
-0.00427
-0.00319
-0.00225
-0.0034
-0.00507
-0.00438
-0.00152
0.0003
-0.00029
-0.00171
-0.00045
0.00159
0.00389
0.00484
0.00248
0.00241
0.00517
0.00745
0.00891
0.00804
0.00563
0.00433
0.00195
-0.0003
-0.00175
-0.00325
-0.00125
0.00158
0.0022
0.0024
0.0018
0.00121
0.00355
0.00504
0.00661
0.007
0.00718
0.00592
0.0026
0.00392
0.0041
0.00515
0.00572
0.00444
0.00377
0.00031
-0.00142
-0.00333
-0.00412
-0.00439
-0.00588
-0.00488
-0.00396
-0.00282
-0.00068
0.00131
0.00255
0.00238
0.00148
0.00016
0.00003
-0.00051
-0.00083
-0.00075
-0.00125
-0.00071
-0.00066
-0.00022
0.00049
0.00123
0.00147
0.00175
0.00148
-0.00013
-0.00154
-0.00302
-0.00257
-0.00179
-0.00134
-0.00071
-0.00042
0.00005
0.00043
0.0008
0.00063
0.00096
0.00097
0.00024
0.00033
0.00002
-0.00003
-0.00017
0.00002
0.00033
0.00023
-0.00004
-0.0006
-0.00045
-0.00054
-0.00039
-0.00005
0.00038
0.00056
0.00054
0.00099
0.00097
0.00075
0.00072
0.0007
0.00073
0.00045
0.0003
0.00019
-0.00005
-0.00031
-0.00051
-0.00057
-0.00067
-0.0004
-0.00023
-0.0003
-0.00033
-0.00031
-0.00021
-0.00026
-0.00038
-0.00037
-0.00029
-0.00022
-0.00037
-0.0004
-0.00032
-0.00036
-0.00043
-0.00053
-0.00055
-0.00055
-0.00056
-0.00056
-0.00048
-0.00045
-0.0004
-0.00034
-0.00034
-0.00035
-0.00037
-0.00035
-0.00033
-0.00032
-0.00032
-0.00034
-0.00032
-0.00033
-0.00033
-0.00032
-0.00031
-0.0003
-0.0003
-0.00027
-0.00025
-0.00025
-0.00024
-0.00023
-0.00023
-0.00022
-0.00021
-0.0002
-0.00019
-0.00018
-0.00018
-0.00018
-0.00017
-0.00016
-0.00016
-0.00015
-0.00014
-0.00014
-0.00013
-0.00012
-0.00011
-0.0001
-0.0001
-0.00009
-0.00008
-0.00007
-0.00007
-0.00006
-0.00005
-0.00004
-0.00004
-0.00003
-0.00002
-0.00001