0.02
0.00583
0.00481
0.00364
0.00232
0.00275
0.00848
0.01392
0.01413
0.00764
-0.00114
-0.0103
-0.00766
0.00199
0.00025
-0.0015
0.00408
0.00427
0.00004
0.00543
0.01182
0.00659
-0.01264
-0.01257
-0.00061
-0.00244
0.00522
0.00597
0.00196
-0.01084
-0.02322
-0.01764
0.00212
0.00798
0.00916
0.03528
0.02566
-0.00288
-0.01856
-0.0281
-0.00004
0.03523
0.00792
-0.02474
-0.00754
0.0104
0.01327
0.01499
0.02341
-0.00701
-0.04296
-0.00288
0.03196
0.02405
0.0181
0.01396
-0.01464
-0.0382
-0.03207
-0.02726
-0.01611
0.03096
0.04764
0.0533
0.03149
-0.02607
-0.01613
0.00307
0.0033
0.01065
0.02569
0.03224
0.04039
0.03525
0.02885
0.00117
-0.04428
-0.03615
-0.0302
0.00429
0.02933
0.05064
0.01193
-0.01887
0.03636
0.05942
0.02183
-0.01327
0.02556
0.02688
0.00871
-0.01397
-0.00134
0.01071
0.00318
-0.03017
-0.028
-0.01813
-0.05294
-0.03926
0.01077
0.05076
0.00975
-0.05216
-0.02109
0.03788
0.05925
0.01213
-0.00305
0.03754
0.04568
-0.00216
-0.05102
0.01543
0.06937
0.0102
-0.06059
0.00676
0.11259
0.13042
0.03736
-0.02718
-0.03644
-0.07714
-0.08013
0.01671
0.08521
0.07198
0.00893
-0.00187
0.00313
-0.05031
-0.0599
-0.02275
0.01606
0.02335
0.05526
0.03569
-0.04082
-0.04344
0.01004
-0.0152
-0.04209
-0.04358
-0.01778
-0.0036
0.01538
0.05691
0.06094
0.04307
0.04289
0.07031
0.01922
0.00123
0.03996
0.04025
-0.00516
0.00057
0.0092
-0.00737
-0.00104
0.02757
0.03829
0.00642
-0.02785
-0.07066
-0.11678
-0.16039
-0.18817
-0.22743
-0.26814
-0.30478
-0.3339
-0.34656
-0.35673
-0.35847
-0.37179
-0.38631
-0.39185
-0.41685
-0.46484
-0.49452
-0.4819
-0.46508
-0.46037
-0.44426
-0.34257
-0.12888
0.10877
0.31797
0.47307
0.57173
0.66088
0.67814
0.62591
0.586
0.51167
0.55721
0.20252
-0.44818
-0.58954
-0.51164
-0.41804
-0.36813
-0.27008
-0.0531
0.20526
0.38435
0.47032
0.63956
0.84035
0.84336
0.6668
0.56781
0.55248
0.48906
0.41585
0.37994
0.28078
0.00481
-0.23983
-0.29454
-0.21668
-0.05959
0.04386
0.1177
0.17153
0.24172
0.24284
0.10205
-0.01668
-0.03577
-0.02965
-0.0439
-0.0889
-0.13653
-0.16725
-0.05747
0.111
0.18417
0.1903
0.10144
0.0387
0.02436
-0.03331
-0.08667
-0.10269
-0.11647
-0.14157
-0.19412
-0.24797
-0.27435
-0.28223
-0.26931
-0.24397
-0.15064
-0.02106
0.03997
0.04583
0.0236
-0.01867
-0.07245
-0.10881
-0.15322
-0.17281
-0.19328
-0.17456
-0.07853
-0.00587
0.02652
0.03633
0.05729
0.13709
0.13404
0.03508
-0.01224
-0.0358
-0.07284
-0.14994
-0.11948
-0.0279
0.00196
-0.01004
-0.07239
-0.13255
-0.16121
-0.11441
-0.06691
-0.04664
-0.00973
0.05695
0.0888
0.08254
0.08102
0.08554
0.08986
0.04904
0.02524
0.01723
-0.00976
-0.07085
-0.10719
-0.10278
-0.11058
-0.13836
-0.16221
-0.16965
-0.16973
-0.15556
-0.12908
-0.06282
0.04552
0.13866
0.18927
0.18655
0.14085
0.09664
0.05052
0.00997
-0.03393
-0.06823
-0.09561
-0.11656
-0.12373
-0.09447
-0.02924
0.02627
0.06309
0.07436
0.07638
0.06476
0.03299
-0.02082
-0.08667
-0.16634
-0.23951
-0.28418
-0.21517
-0.05854
0.07518
0.15608
0.17584
0.1408
0.05661
-0.02315
-0.0444
-0.01
0.042
0.10716
0.1608
0.21315
0.24755
0.25052
0.23286
0.19251
0.16054
0.15813
0.17129
0.17202
0.14573
0.12929
0.12164
0.08757
0.06928
0.10393
0.14914
0.1406
0.10506
0.08965
0.06949
0.03234
0.00023
0.01573
0.06058
0.07901
0.05014
-0.01302
-0.06995
-0.10425
-0.11477
-0.12165
-0.14118
-0.17605
-0.20522
-0.22226
-0.237
-0.17076
-0.0043
0.15517
0.27048
0.33219
0.34376
0.31714
0.19466
0.04589
-0.08468
-0.17787
-0.2028
-0.21506
-0.23345
-0.26833
-0.28665
-0.27326
-0.24088
-0.2349
-0.22341
-0.19306
-0.18591
-0.1976
-0.19683
-0.15408
-0.09955
-0.05455
-0.01591
0.01638
0.04077
0.03855
0.01495
0.02687
0.07954
0.11587
0.12131
0.12597
0.14118
0.1547
0.11357
0.03725
-0.01102
-0.03991
-0.07228
-0.09943
-0.10771
-0.10604
-0.08094
-0.03305
0.03976
0.11506
0.1544
0.16482
0.17012
0.18047
0.18485
0.17982
0.15989
0.126
0.08618
0.04533
0.00109
-0.02586
-0.03638
-0.04511
-0.05387
-0.06773
-0.07508
-0.06452
-0.04074
-0.02847
-0.02006
-0.00585
0.00677
0.00809
-0.00276
-0.01508
-0.01079
0.00588
0.01025
0.00628
0.00847
0.03256
0.06189
0.06896
0.05127
0.01416
-0.02961
-0.05317
-0.05923
-0.05889
-0.06466
-0.05092
0.01117
0.06571
0.08204
0.08526
0.06886
0.03505
0.02308
0.02685
0.02037
-0.01919
-0.04606
-0.05238
-0.06849
-0.08831
-0.09252
-0.07519
-0.0636
-0.06398
-0.06561
-0.06266
-0.06121
-0.0425
-0.00657
0.00549
-0.00776
-0.02339
-0.02972
-0.04119
-0.05928
-0.07046
-0.06709
-0.03774
-0.00009
0.03254
0.06162
0.0797
0.08244
0.05627
0.01725
-0.02111
-0.05737
-0.07402
-0.057
-0.01448
0.00824
0.01738
0.02841
0.0399
0.04437
0.04421
0.04809
0.04829
0.04162
0.03276
0.02758
0.01826
0.00199
-0.01605
-0.03119
-0.04997
-0.07056
-0.07987
-0.07617
-0.04978
0.00273
0.05607
0.09616
0.11932
0.12609
0.10803
0.07505
0.05618
0.03942
0.00899
-0.03631
-0.08449
-0.10595
-0.10532
-0.06872
-0.01447
0.03522
0.07354
0.08745
0.08246
0.04557
-0.00996
-0.06517
-0.0867
-0.08349
-0.07286
-0.05404
-0.03403
-0.02376
-0.01998
-0.01135
-0.00104
0.00292
-0.00451
-0.01841
-0.02433
-0.01835
-0.01416
-0.01178
-0.01141
-0.012
-0.01507
-0.01552
-0.0073
0.00118
0.00342
-0.00216
-0.00825
-0.00283
0.01389
0.03517
0.04992
0.05462
0.06224
0.07441
0.08255
0.08135
0.07426
0.06746
0.05564
0.04044
0.0313
0.03028
0.02794
0.02016
0.0123
0.0094
0.00597
-0.00559
-0.0283
-0.05389
-0.07224
-0.08516
-0.09456
-0.08778
-0.04423
-0.00078
0.01698
0.02778
0.03828
0.04738
0.04783
0.03558
0.02216
0.01239
0.00408
0.00336
0.00964
0.01653
0.01901
0.01917
0.01737
0.01048
0.00286
0.00142
0.00144
-0.00879
-0.03164
-0.04863
-0.0467
-0.02243
-0.00214
0.00174
0.00524
0.00993
0.00857
-0.00599
-0.02847
-0.04671
-0.05329
-0.04863
-0.04083
-0.03674
-0.03189
-0.02321
-0.01511
-0.01498
-0.02438
-0.0305
-0.02924
-0.0268
-0.02735
-0.02404
-0.00807
0.0018
-0.00386
-0.01176
-0.01032
-0.00211
0.00752
0.01743
0.01921
0.00818
-0.00579
-0.01429
-0.01462
-0.00951
0.01207
0.03953
0.05036
0.04825
0.04541
0.04988
0.05263
0.04864
0.04439
0.04574
0.04032
0.02691
0.01212
0.00097
-0.00397
-0.00595
-0.01228
-0.02966
-0.04783
-0.05801
-0.05679
-0.04521
-0.02538
-0.00719
0.00143
0.00257
0.00625
0.01802
0.03041
0.03147
0.02241
0.0118
-0.0004
-0.01269
-0.01593
-0.00263
0.01411
0.02238
0.02356
0.0236
0.02129
0.01628
0.00966
0.00036
-0.00776
-0.01852
-0.02803
-0.02918
-0.02294
-0.02096
-0.02274
-0.01756
-0.01094
-0.00653
-0.01035
-0.01098
-0.0083
-0.01036
-0.01231
-0.0103
-0.0089
-0.01319
-0.01834
-0.02151
-0.02066
-0.01443
-0.00524
0.00606
0.02285
0.037
0.04558
0.04472
0.04073
0.03474
0.02293
0.00539
-0.01227
-0.02245
-0.02859
-0.03338
-0.03748
-0.0388
-0.03342
-0.02078
-0.00384
0.0064
0.00404
-0.00355
-0.00625
-0.00026
0.00767
0.01774
0.02471
0.02306
0.01343
0.00525
0.00155
0.00134
0.00527
0.01054
0.01589
0.02402
0.03281
0.03393
0.02433
0.01066
0.00524
0.00891
0.01125
0.00328
-0.00864
-0.01607
-0.0196
-0.01961
-0.01311
-0.00261
0.00405
0.00138
-0.00394
0.00019
0.01219
0.01997
0.02377
0.02718
0.0265
0.01989
0.00498
-0.01082
-0.0204
-0.02201
-0.01697
-0.00631
0.00536
0.01427
0.01265
-0.00459
-0.02306
-0.03044
-0.03167
-0.03157
-0.02927
-0.02156
-0.01039
0.00287
0.01791
0.02587
0.02313
0.01752
0.01519
0.01586
0.02114
0.02618
0.02781
0.02744
0.02889
0.03094
0.03016
0.02568
0.01767
0.00836
-0.00413
-0.0173
-0.02538
-0.0301
-0.03497
-0.0352
-0.0255
-0.01674
-0.01137
-0.00303
0.00661
0.01327
0.01319
0.01376
0.01615
0.01845
0.01772
0.01018
0.00632
0.007
0.00496
-0.00069
-0.00731
-0.01083
-0.01361
-0.01279
-0.01062
-0.00892
-0.0067
-0.00364
0.00061
0.00738
0.01465
0.02142
0.02926
0.03484
0.03539
0.02775
0.0169
0.00689
-0.00025
-0.00689
-0.01478
-0.02205
-0.02778
-0.02692
-0.02084
-0.01321
-0.00615
0.00025
0.00161
-0.0036
-0.00808
-0.01026
-0.00838
-0.0051
-0.00027
0.00371
0.00228
-0.00262
-0.00872
-0.01099
-0.00607
0.00241
0.00958
0.01233
0.00859
0.00402
0.00499
0.00705
0.00348
-0.00696
-0.01616
-0.01996
-0.01744
-0.00771
0.002
0.00604
0.00231
-0.00375
-0.00513
-0.00261
-0.00477
-0.01026
-0.01776
-0.02554
-0.02709
-0.01788
0.0001
0.01306
0.01344
0.0042
-0.00841
-0.0177
-0.01986
-0.01738
-0.01221
-0.00876
-0.00782
-0.00452
0.00159
0.00795
0.0131
0.01997
0.02763
0.03221
0.03443
0.03145
0.02461
0.01798
0.01683
0.01914
0.01871
0.01604
0.0109
0.00583
0.00391
0.00379
0.00404
0.00186
-0.00331
-0.00853
-0.01336
-0.01787
-0.02355
-0.02558
-0.02123
-0.01495
-0.01102
-0.00876
-0.00484
-0.00197
-0.00206
-0.00096
0.00199
0.00778
0.01105
0.00732
0.00437
0.00374
0.00092
-0.00515
-0.00855
-0.00675
-0.00246
0.00004
-0.00149
-0.00356
-0.00515
-0.01012
-0.01786
-0.02418
-0.02929
-0.03143
-0.02791
-0.02222
-0.0192
-0.01481
-0.00624
0.00217
0.00941
0.01713
0.02233
0.02254
0.01785
0.01279
0.0119
0.01431
0.01911
0.02398
0.02807
0.02959
0.02725
0.02287
0.02261
0.02586
0.02878
0.02751
0.0216
0.01344
0.0048
0.00062
-0.00587
-0.01557
-0.02422
-0.02817
-0.02607
-0.0188
-0.01034
-0.00255
-0.00099
-0.00703
-0.01311
-0.01694
-0.02199
-0.02591
-0.02103
-0.01351
-0.00807
-0.00525
-0.0031
-0.00204
-0.00349
-0.0027
-0.00124
-0.00349
-0.00483
-0.00274
0.00205
0.00817
0.01208
0.0116
0.00842
0.0064
0.00168
-0.00261
-0.00577
-0.00979
-0.00888
-0.00733
-0.00533
-0.0044
-0.00484
-0.00666
-0.00748
-0.0048
-0.00447
-0.00428
-0.00751
-0.01028
-0.01044
-0.00872
-0.00473
-0.00204
-0.00143
-0.0019
0.00121
0.00605
0.01107
0.0133
0.01131
0.00706
0.00297
0.00407
0.00257
0.00005
-0.00129
-0.00509
-0.00619
-0.00359
-0.00082
-0.00136
-0.00299
-0.0056
-0.00753
-0.00781
-0.00648
-0.00715
-0.01119
-0.01474
-0.00969
0.00162
0.00711
0.00684
0.0032
-0.00187
-0.00875
-0.00806
-0.0044
-0.00081
0.00082
-0.00092
-0.00032
-0.00133
-0.00296
-0.00171
-0.00016
-0.00003
-0.00275
-0.00853
-0.00939
-0.0082
-0.00947
-0.0119
-0.00804
-0.00316
-0.00417
-0.00485
-0.00403
-0.00806
-0.01021
-0.00601
0.00009
0.00629
0.01126
0.01805
0.0211
0.01717
0.00958
0.00505
0.00381
0.00372
0.00543
0.00432
-0.00151
-0.00765
-0.0031
0.00615
0.01168
0.01015
0.00958
0.01055
0.00581
0.00149
-0.00454
-0.01316
-0.02381
-0.02871
-0.02481
-0.0156
-0.00285
0.00846
0.01674
0.02383
0.02728
0.02397
0.01486
0.00529
-0.00318
-0.0055
-0.00386
-0.00304
-0.00051
0.00381
0.00809
0.00944
0.01001
0.00763
0.00684
0.00802
0.01088
0.01165
0.00787
0.00284
-0.00313
-0.00706
-0.00885
-0.00812
-0.00733
-0.00891
-0.00861
-0.00594
-0.00021
0.00465
0.00733
0.00505
0.0007
-0.00168
0.00265
0.01777
0.03181
0.02731
0.0053
-0.00804
-0.00685
0.00095
0.00877
0.01653
0.01685
0.01291
0.01129
0.00733
0.00301
0.00716
0.01423
0.01168
0.00389
-0.00324
-0.01265
-0.02152
-0.02643
-0.02323
-0.01518
-0.00504
0.00183
-0.0005
-0.00473
-0.006
-0.00262
0.00311
0.00447
0.00329
0.00417
0.009
0.01182
0.00945
0.01064
0.01223
0.0118
0.00638
-0.0001
-0.00848
-0.01185
-0.00838
-0.00314
-0.00053
-0.00571
-0.01137
-0.01525
-0.0174
-0.01548
-0.01027
-0.00865
-0.00659
-0.00343
-0.00031
0.00105
0.00234
0.0047
0.00278
-0.00031
0.00101
0.00423
0.00588
0.0101
0.01009
0.00854
0.00482
-0.0018
-0.00685
-0.00883
-0.00836
-0.00757
-0.00642
-0.0049
-0.00341
-0.00269
0.00463
0.01335
0.01669
0.01499
0.01062
0.00469
-0.00024
-0.00347
-0.00578
-0.00326
0.00081
0.0051
0.00727
0.00968
0.012
0.01057
0.00656
0.00193
-0.00096
0.00178
0.00761
0.01209
0.01434
0.01254
0.00713
0.00156
-0.00175
-0.00452
-0.00918
-0.01258
-0.01159
-0.00989
-0.00889
-0.00909
-0.00964
-0.01127
-0.01383
-0.01392
-0.01329
-0.0114
-0.00638
-0.00118
0.00249
0.0052
0.0078
0.0064
0.00437
0.00029
-0.00156
-0.00476
-0.00739
-0.00616
-0.00673
-0.00752
-0.01052
-0.01282
-0.01423
-0.01459
-0.01365
-0.01294
-0.01079
-0.00794
-0.00634
-0.00338
0.00057
0.0067
0.0097
0.00872
0.00598
0.00398
0.00538
0.00767
0.01057
0.01094
0.00629
0.0009
-0.00026
0.00187
0.00625
0.01029
0.01116
0.00996
0.00793
0.00623
0.00492
0.0015
0.00117
-0.00177
-0.00514
-0.00558
-0.0049
-0.0038
-0.00246
-0.00099
-0.00167
-0.002
-0.00086
0.00176
0.00444
0.00484
0.0048
0.00484
0.00434
0.00502
0.00415
0.00446
0.00381
-0.001
-0.00614
-0.0087
-0.00863
-0.00897
-0.01093
-0.0135
-0.01499
-0.0137
-0.00866
-0.00252
0.00183
0.00333
0.00171
0.00095
0.00124
0.00389
0.0069
0.00824
0.01171
0.01312
0.01498
0.01383
0.01345
0.01194
0.00939
0.01091
0.01138
0.01174
0.01103
0.00858
0.00358
-0.00077
-0.00439
-0.00767
-0.00935
-0.00985
-0.01176
-0.01264
-0.01245
-0.01171
-0.00932
-0.00757
-0.00898
-0.00744
-0.00698
-0.00835
-0.00818
-0.00427
0.00104
0.00583
0.00664
0.00534
0.0054
0.00549
0.00887
0.01029
0.01136
0.00974
0.00666
0.00387
0.00078
-0.00149
-0.00539
-0.00738
-0.00729
-0.00594
-0.00183
0.001
0.00165
-0.00089
-0.00485
-0.0077
-0.00776
-0.00532
-0.00457
-0.00327
-0.00106
0.00122
0.00348
0.00409
0.00494
0.00361
0.0036
0.00312
0.00341
0.00274
-0.00115
-0.0032
-0.00586
-0.00736
-0.00754
-0.00448
-0.00114
0.00381
0.00751
0.0102
0.01181
0.01231
0.01218
0.01027
0.00852
0.00798
0.00758
0.00624
0.0032
-0.00163
-0.00627
-0.00903
-0.00758
-0.00358
-0.00101
-0.00126
-0.00185
-0.00442
-0.0057
-0.00441
-0.00344
-0.00467
-0.00434
-0.00459
-0.00596
-0.00667
-0.00904
-0.00994
-0.01143
-0.01269
-0.01213
-0.01094
-0.01057
-0.01028
-0.00724
-0.00274
0.00251
0.00672
0.00709
0.00571
0.00499
0.00412
0.00468
0.00661
0.00626
0.00476
0.00428
0.00425
0.00331
0.00282
0.00235
0.00201
0.00506
0.00395
0.00119
-0.00155
-0.0055
-0.00723
-0.00728
-0.00502
-0.00196
-0.00162
-0.00346
-0.0043
-0.00383
-0.00371
-0.00538
-0.00669
-0.0074
-0.00957
-0.01041
-0.00787
-0.00376
0.0009
0.00302
0.00437
0.00561
0.00658
0.00625
0.00719
0.00977
0.01096
0.00931
0.00688
0.00685
0.00476
0.00214
0.00014
-0.00101
-0.0027
-0.00661
-0.01014
-0.0139
-0.01529
-0.01445
-0.01222
-0.00931
-0.00648
-0.00341
-0.00101
0.00215
0.00553
0.00657
0.0057
0.00538
0.00621
0.00724
0.00726
0.00786
0.00647
0.0053
0.00393
0.00104
-0.00141
-0.00304
-0.00251
-0.00237
-0.00178
0.0007
0.00384
0.00436
0.00436
0.00626
0.00665
0.00565
0.00333
0.00293
0.00525
0.00579
0.00631
0.00649
0.00621
0.00554
0.00282
0.00311
0.00288
0.0028
0.00177
0.00069
0.0013
0.00165
0.00344
0.0057
0.00653
0.00771
0.00896
0.00799
0.00688
0.00499
0.00182
0.00179
0.00392
0.00558
0.00235
-0.00147
-0.00406
-0.00511
-0.00644
-0.00745
-0.00636
-0.00631
-0.00287
0.00014
0.0017
0.00048
0.00052
-0.00016
0.00196
0.00274
0.00059
-0.00137
-0.00486
-0.00345
-0.00108
0.00022
0.00002
0
-0.0017
-0.00311
-0.00207
-0.00161
-0.0024
-0.00467
-0.00623
-0.00569
-0.00508
-0.0066
-0.00953
-0.00916
-0.00878
-0.00777
-0.00484
-0.00011
0.00242
0.0048
0.00553
0.00567
0.00592
0.00437
0.00656
0.00659
0.00574
0.00309
-0.00076
-0.00287
-0.00558
-0.00539
-0.00428
-0.00391
-0.00245
-0.00107
0.00289
0.0066
0.00749
0.00843
0.0086
0.00869
0.00754
0.00419
0.00255
0.00027
-0.00486
-0.00778
-0.00868
-0.00684
-0.00545
-0.00514
-0.00488
-0.00678
-0.00654
-0.0048
-0.00275
-0.00288
-0.00324
-0.00276
-0.00245
-0.00261
-0.00184
0.00087
0.00259
0.00305
0.00482
0.00497
0.00467
0.00515
0.00472
0.00536
0.00491
0.00268
0.0013
0.0014
0.00264
0.00557
0.00491
0.00277
0.00064
-0.00011
0.0025
0.00323
0.00363
0.00182
0.00115
0.00227
-0.00081
-0.00295
-0.00385
-0.00448
-0.00702
-0.00813
-0.00577
-0.00331
-0.00228
-0.00051
0.00218
0.00381
0.00289
0.00039
-0.0019
-0.00503
-0.00199
0.00238
0.00494
0.00216
-0.00223
-0.00344
-0.00353
-0.00208
-0.00181
-0.0033
-0.00369
-0.00363
-0.00325
-0.00215
-0.00218
-0.00269
-0.00643
-0.0077
-0.00646
-0.00404
-0.00114
0.00037
0.00107
0.00353
0.00364
0.00389
0.00309
0.00069
-0.00236
-0.0046
-0.00549
-0.00527
-0.00489
-0.00448
-0.00181
-0.00153
-0.00155
-0.00159
-0.00081
0.00076
0.00026
-0.00198
-0.00116
-0.00053
0.00043
-0.00056
-0.0024
-0.00416
-0.00419
-0.00326
-0.00186
-0.00167
-0.00334
-0.00544
-0.00682
-0.00675
-0.00647
-0.00401
-0.00294
-0.00088
0.00011
-0.00007
-0.0002
0.00173
0.00269
0.00264
0.00246
0.00224
0.00244
0.00246
0.00297
0.00277
0.00411
0.00528
0.00592
0.00638
0.0073
0.0074
0.00735
0.00735
0.00713
0.00709
0.00528
0.00364
0.00239
0.0004
-0.0006
-0.00136
-0.00099
-0.00088
-0.0014
-0.00175
-0.00219
-0.00342
-0.0056
-0.00705
-0.00687
-0.00617
-0.00419
-0.0027
-0.00227
-0.00107
-0.00071
-0.00141
-0.00123
-0.00102
-0.00176
-0.00077
0.00073
0.00234
0.00346
0.00316
0.0031
0.00302
0.00342
0.00318
0.00274
0.00279
0.00276
0.00318
0.00396
0.00304
0.00286
0.00308
0.00227
0.00207
0.00217
0.00265
0.002
0.00187
0.00166
0.0019
0.00235
0.00226
0.0018
0.00135
0.00119
0.00083
0.00049
0.00031
0.00017
0.00011
0.00029
0.00058
0.00047
0.00019
0.00006
0.00006
0.00012
-0.00005
-0.00003
0.00001
-0.00001
-0.00004
-0.00012
-0.00029
-0.00048
-0.00033
-0.00009
0.00004
0.00002
0.00011
0.00012
-0.00014
-0.00022
-0.00014
-0.00016
-0.00039
-0.00048
-0.00047
-0.0003
-0.00022
-0.00005
0.00021
0.0001
0.00005
-0.00002
-0.00011
-0.00018
-0.00028
-0.00029
-0.0003
-0.00032
-0.00032
-0.00027
-0.00026
-0.00032
-0.00033
-0.00031
-0.00035
-0.00038
-0.0004
-0.00041
-0.00042
-0.00046
-0.00045
-0.00044
-0.00043
-0.00042
-0.00042
-0.00042
-0.00042
-0.00039
-0.00038
-0.00035
-0.00032
-0.00029
-0.00028
-0.00026
-0.00025
-0.00025
-0.00024
-0.00023
-0.00022
-0.00022
-0.00021
-0.0002
-0.0002
-0.00019
-0.00019
-0.00018
-0.00018
-0.00018
-0.00017
-0.00017
-0.00017
-0.00017
-0.00017
-0.00017
-0.00017
-0.00017
-0.00017
-0.00017
-0.00017
-0.00018
-0.00018
-0.00018
-0.00018
-0.00019
-0.00019