0.02
0.006371382
0.01520761
0.01987296
0.01852021
0.002572184
-0.02022626
-0.03558491
-0.04734511
-0.04357387
-0.01476885
-0.003986315
-0.02427307
-0.03953335
0.01583921
0.0914434
0.0533379
-0.003072624
0.0164782
-0.0107707
-0.03467408
-0.02235023
0.01165262
-0.03012756
-0.09592678
-0.05422421
0.009067581
0.002082313
-0.08876948
-0.01554315
0.1222083
0.1495426
0.06074886
-0.01099263
0.02523074
0.07277807
0.08364918
0.01814975
-0.07572004
-0.1028472
-0.09745284
-0.03876351
0.06730472
0.01406725
-0.1508919
-0.1390199
0.05127453
0.1659777
0.07662266
-0.009981525
-0.01921981
0.01358522
0.07564376
0.03927428
-0.08581386
-0.08641821
-0.01210161
0.01776945
0.06317911
0.05886371
0.06241242
0.04057021
-0.003688612
-0.01174975
-0.05256214
-0.1050067
-0.116177
-0.0598927
0.04653978
0.1089959
0.03321244
-0.009602692
0.04810719
0.08963063
0.07084854
0.0800297
0.01548007
-0.1228167
-0.04109431
0.06982138
0.03196898
-0.1320392
-0.09624561
0.01420062
0.0272164
-0.04050395
-0.0873256
-0.03607735
0.002118914
-0.06177872
-0.1052448
0.02369864
0.04353161
0.05114898
-0.01865679
-0.02248087
-0.1120431
-0.08220324
0.04132563
0.1034025
0.07510324
-0.1277395
-0.1099114
0.1575881
0.2794326
0.1086259
-0.1563066
-0.1130899
0.1430302
0.05735648
-0.1310996
-0.1412751
0.06278299
0.03132103
-0.1137986
0.01394403
0.1704332
0.1006935
-0.05360933
-0.04804254
0.02885994
0.005929874
-0.05686388
0.1020852
0.2391511
-0.01097388
-0.1787666
-0.1859206
-0.1040766
-0.09485975
-0.04595573
0.05010794
0.04231314
0.01203544
0.0205534
0.002421778
0.01625895
0.1007454
0.1074629
0.03075448
-0.04416483
-0.02085922
-0.04236123
-0.003922982
-0.002038514
0.03511751
-0.02341066
-0.02995254
0.03104994
0.03106046
-0.01452815
0.04198927
0.1607837
0.1036619
0.01683248
0.04084949
0.2096738
0.2142046
0.1300965
0.02394804
-0.02399104
-0.00442248
0.01957488
0.02637297
0.03151861
0.03386025
0.01134547
-0.02077673
-0.08799512
-0.1002539
-0.0951707
-0.08568416
-0.03290072
-0.03599392
-0.05053156
-0.07619742
-0.08836262
-0.04213282
-0.04744979
-0.03168442
0.01151587
0.0659963
0.06304765
0.02187345
0.01424293
0.0152426
-0.02253612
-0.05814941
0.003376973
0.05702076
0.08462903
0.08443003
0.09619558
0.07320258
-0.05728621
-0.2522105
-0.3509966
-0.2743011
0.2448694
0.5356914
0.2018563
-0.09289551
-0.2515273
-0.2252985
-0.09658515
0.04810748
0.06839783
0.0007243724
-0.002246432
0.03123652
0.02544026
0.002637524
0.03616528
0.07605273
0.0895211
-0.07061351
-0.2439062
-0.2397994
0.05495328
0.3802672
0.2619433
-0.04803355
-0.2310214
-0.1229656
0.07128228
0.1257779
0.03354544
-0.05872782
-0.01560323
0.1330036
0.1424477
0.03102186
-0.07723694
-0.1530414
-0.1702693
-0.2154075
-0.1502817
-0.0683881
-0.007311732
-0.01786589
-0.03803866
-0.02350697
-0.06042614
-0.01408987
0.02286136
0.004842745
-0.07884961
-0.1702246
-0.09558446
0.04270471
0.09353193
0.0243143
-0.06527682
-0.06827404
0.007388077
0.07156599
-0.07136507
-0.06216722
-0.08058283
-0.07436342
0.05040548
0.1163468
0.09699486
0.03967535
-0.01652625
0.006568982
0.02054743
-0.02449642
-0.00477335
-0.07566403
-0.08778539
-0.1686384
-0.06177784
0.1267704
0.1812857
0.104537
-0.02366652
-0.0330156
0.08422343
0.1581645
0.1468926
0.02137673
-0.04348489
-0.04774118
-0.002763096
0.04043406
-0.01996001
-0.03674296
-0.02624704
0.088245
0.1222396
0.1708519
0.07502607
-0.03999926
-0.08284736
-0.0551288
-0.006201406
-0.02412175
-0.001168667
0.06197139
0.1472832
0.1392191
0.1188037
0.07696231
0.05352371
0.05167952
0.05557486
0.04767084
-0.006935938
-0.05390291
-0.06715584
-0.05360215
-0.00462694
0.02508863
0.07673012
0.06347511
0.01164779
-0.03475314
-0.04849062
-0.04502682
-0.05946098
-0.07212645
-0.03998945
-0.006796756
-0.01879618
-0.0003669837
0.002885635
0.04657921
0.02881165
-0.03490486
-0.06775108
-0.06144052
-0.02406282
-0.02069803
-0.01161206
-0.001040983
0.03352151
0.05770041
0.08058288
0.139508
0.1232481
0.03175991
-0.03975353
-0.003632498
0.05436243
0.008509117
0.0001112202
-0.007477819
-0.01304012
-0.03907892
-0.09815962
-0.1135037
-0.12019
-0.1280566
-0.1374531
-0.1368596
-0.1269721
-0.0858959
-0.04454943
-0.02357544
-0.06385041
-0.08040731
-0.05207299
-0.03489953
-0.02689789
-0.0168226
0.01908826
-0.01877134
-0.09554295
-0.1063705
-0.0266333
0.06391997
0.05693781
-0.01977972
-0.0631657
-0.005565549
0.09670243
0.1652299
0.1271581
0.01971916
-0.03046001
0.01076913
0.05757768
0.04645023
0.008160183
0.001365693
0.001590845
0.01772494
0.05585634
0.03539794
0.007392562
-0.0121356
-0.01938602
-0.008379462
0.0168357
0.0250546
-0.01271829
-0.05299834
-0.06916049
-0.06728599
-0.02972372
-0.0108866
-0.03987218
-0.06469412
-0.05405984
-0.006713724
0.00280978
0.01794839
0.03600522
0.04040016
0.03423303
0.0276793
0.04381548
0.04700379
0.02760725
0.003243319
0.03262523
0.07171754
0.07053618
0.06348676
0.05598855
0.06271423
0.03895722
0.01139256
0.005317253
0.02649024
0.066165
0.0719982
0.05358908
0.04094805
0.03211571
0.03000313
0.003947077
-0.01964364
-0.01686224
-0.008253582
0.006062999
0.0004518449
-0.003673165
-0.03723027
-0.05078109
-0.03660525
-0.02810774
-0.02726738
-0.02501532
-0.01222768
0.001068945
-0.0102001
-0.04429573
-0.04343595
-0.03721199
-0.02423257
-0.008837774
-0.01730893
-0.03797522
-0.05418816
0.01386414
0.1000684
0.1195504
0.06722532
0.02186692
0.02222389
0.02098355
0.02004718
0.02118957
0.01523072
0.01093041
0.02481567
0.03955265
0.02989122
-0.003002734
-0.020307
0.007228947
0.04663669
0.04510877
0.0002584019
-0.03634322
-0.008519601
0.03593716
0.06733488
0.04038961
-0.0162509
-0.02633555
0.01238986
0.02926077
0.005330652
-0.01505903
-0.01206623
0.004086607
0.005508616
-0.01356831
-0.02041134
0.004586962
0.02049503
0.01934566
0.01519748
0.009186792
-0.01594991
-0.03194333
-0.0350776
-0.0438137
-0.04980498
-0.04219659
-0.01735631
-0.007826234
-0.01837995
-0.02929779
-0.03261358
-0.02239497
-0.02469991
-0.0427659
-0.05714558
-0.06035526
-0.05388818
-0.05990794
-0.06567371
-0.0638211
-0.04711421
-0.02796545
-0.006024933
0.004975068
0.0103661
0.02594285
0.04227135
0.04064888
0.01868252
0.01869103
0.03807344
0.04722118
0.04056503
0.0324197
0.02542187
0.02353527
0.02857651
0.03494071
0.02448613
-0.004892508
-0.02528187
-0.01593824
0.005994246
0.01435666
0.004174455
-0.009004501
-0.01784845
-0.01997876
-0.03646962
-0.05984141
-0.0645115
-0.04006363
-0.002871885
0.008939213
0.005497236
-0.008524174
-0.01367973
-0.01722574
-0.02448452
-0.03509911
-0.02838388
1.04264E-05
0.0222164
0.02208235
-0.007229825
-0.02154799
-0.01521114
0.01723567
0.03548
0.02954626
0.04237032
0.05924177
0.06685874
0.0285329
-0.0008240886
0.01165831
0.03318098
0.03541239
0.01709897
0.004664844
0.002061479
0.0009269195
0.0001330467
0.0003622404
-0.01307656
-0.02919081
-0.03861386
-0.02157504
0.006542005
0.01325844
0.007571675
-0.002404177
-0.009772906
-0.009948588
-0.01074952
-0.01344969
-0.02010031
-0.0297732
-0.01633184
0.003893534
0.01348746
0.009978461
0.01197034
0.02152858
0.02240459
0.02650992
0.03035109
0.01740509
-0.004154797
0.008698082
0.03616042
0.0407299
-0.0009137642
-0.03336824
-0.03249625
-0.01388645
-0.002213673
-0.01796052
-0.03073713
-0.01697843
0.009333415
0.002361647
-0.01695109
-0.01952053
-0.00234582
0.0180827
0.01537048
-0.001922633
-0.008787259
-0.006030219
-0.002693814
-0.005120402
-0.01719721
-0.03046536
-0.02904041
-0.007199137
0.005588623
0.001930929
-0.0008240585
0.006034459
0.01637526
0.01687205
0.01030126
0.01014832
0.01665905
0.01759039
0.007415962
-4.933533E-05
0.001211473
-0.002741953
-0.007694974
-0.003996349
0.004298401
0.004865636
0.003644817
-0.0003412164
-0.0123526
-0.02176196
-0.0150645
-0.003497557
-0.002470265
-0.01067499
-0.01753738
-0.006439615
-0.001626062
-0.01087219
-0.02277438
-0.02061281
-0.004521095
0.01021504
0.02317332
0.02902324
0.02148973
0.01361861
0.01642383
0.02091104
0.01896002
0.01822892
0.0180068
0.006066928
-0.0088289
-0.003154382
0.01873712
0.02682701
0.008890581
-0.007275123
-0.0004612417
0.006649464
0.004395554
-0.00483617
-0.01344059
-0.02006927
-0.0286798
-0.02938329
-0.02584867
-0.01811063
-0.00737378
-0.009605211
-0.02045768
-0.02407731
-0.01307423
0.004251833
0.01040788
0.0101002
0.00859606
0.01365562
0.02083271
0.02176638
0.01509698
2.788056E-05
-0.01422215
-0.0152897
-0.006039955
-0.00383228
-0.01577098
-0.0278178
-0.02344873
-0.01275871
-0.008472263
-0.01585562
-0.0189305
-0.006377957
0.01056162
0.01865676
0.01527794
0.007742623
0.006521106
0.01201527
0.02027058
0.02183265
0.008944394
-0.004983244
-0.0004131806
0.009872967
0.003113898
-0.01108403
-0.01796549
-0.01313838
-0.01125191
-0.01142482
-0.007199492
-0.004955
-0.008278684
-0.01370663
-0.01153862
-0.004045199
0.0009237274
-0.0008118018
-0.003638728
0.003228427
0.01260581
0.01413122
0.008706372
0.001126259
0.003357527
0.01219534
0.01871571
0.01789209
0.01379121
0.008837614
0.004212459
0.001422286
-0.001123084
-0.004968951
-0.004647097
-0.004031481
-0.006702302
-0.00968728
-0.005001857
-0.0003664114
-0.003195324
-0.003715973
0.005984798
0.01857727
0.01784549
0.01525833
0.01027824
0.007311649
0.01492347
0.0240347
0.02058769
0.006398037
-0.007700832
-0.011666
-0.007953623
-0.005257167
-0.00850629
-0.00996123
-0.004725988
-0.002277385
-0.002591961
-0.006662175
-0.007868227
-0.006811918
-0.008847228
-0.01087336
-0.008002463
-0.003799448
-0.006462053
-0.01038639
-0.008104039
-3.521802E-05
0.001783043
-0.0006531156
0.004837147
0.01403001
0.0173487
0.004026082
-0.01225147
-0.008991943
0.005130585
0.01293524
0.008251006
-0.0004571226
-0.00484351
-0.004971397
-0.003335704
-0.002036609
0.003471006
0.003476741
-0.004628562
-0.007432925
-0.005811508
-0.0008893696
0.001020709
-0.001369532
0.005184607
0.008950067
0.004872748
-0.0008171921
-0.001538711
0.00161271
-0.0006836888
-0.008631907
-0.008981126
-2.28435E-05
0.007984798
0.0085954
0.004766963
0.008856786
0.01534259
0.01646013
0.009931752
0.003445194
0.0002358965
0.001373838
0.01054428
0.01800521
0.01227752
-0.008173856
-0.02048971
-0.02024529
-0.01301081
-0.008685374
-0.01690288
-0.02107505
-0.01627429
-0.002502639
0.00829164
0.01284454
0.01614284
0.0134119
0.006328643
0.002524678
0.004552052
0.005969467
0.004268738
0.001568409
0.001021301
0.003180251
0.00590122
0.006581168
0.005479175
0.006562023
0.007170568
0.005495333
0.001803557
-0.0054368
-0.009621239
-0.006823778
0.00484564
0.01334082
0.01312316
0.01030245
0.009618647
0.01006398
0.009089473
0.007862003
0.003493952
-0.0009709994
-0.001293733
0.0006581327
0.001972496
0.002703419
-0.0003559798
-0.00545334
-0.011229
-0.01304809
-0.01118293
-0.006903438
-0.0006818664
-0.001684956
-0.008197069
-0.01431036
-0.01590811
-0.01428064
-0.01175352
-0.007325113
-0.003791256
-0.00025332
-0.001408406
-0.007166754
-0.01023435
-0.006829016
-0.00336861
-0.004244225
-0.005652284
-0.007377564
-0.01160388
-0.01670741
-0.01507383
-0.007175424
-0.002854155
-0.005401567
-0.006303722
-0.002733179
-0.001700399
-0.0002412607
0.003002875
0.001491769
-0.003983059
-0.007028251
-0.001518704
0.00863694
0.01607938
0.01701524
0.01146389
0.007563933
0.01011751
0.01298115
0.01533378
0.01288118
0.009168887
0.008968447
0.008457924
0.002835156
-0.006971652
-0.008596024
-0.001025098
0.003053345
-0.001131236
-0.001558138
0.006467697
0.01300739
0.01166349
0.005406264
0.0006892273
0.001512827
0.006566365
0.01165968
0.01464873
0.01069566
0.009982105
0.01426349
0.01473925
0.0101354
0.005287779
0.00358787
0.003974876
0.001056061
-0.002129997
-0.004027799
-0.001944544
-0.003090612
-0.007590443
-0.002165678
0.007339084
0.009146923
-0.001566761
-0.01052095
-0.005894859
0.003065206
0.002243469
-0.003094832
-0.003893115
-0.0002299227
-0.002215493
-0.009408168
-0.009853545
-0.006907426
-0.00567083
-0.008559118
-0.009283989
-0.009774264
-0.007663543
-0.002830444
-0.001860089
-0.006876118
-0.01346193
-0.01237224
-0.009493486
-0.006831988
-0.006325755
-0.006011285
-0.006952438
-0.01038953
-0.01179276
-0.009700442
-0.00465727
0.000349178
0.004991482
0.008198644
0.00703204
0.002212813
-0.001681278
-0.0007415915
0.0004102505
-0.0002218911
0.0001037434
-0.002030866
-0.004233819
-0.002365955
-0.001580316
-0.004965461
-0.007583569
-0.005753461
-0.0001452772
0.002067322
-0.0008619008
-0.004897828
-0.0050904
-0.002628935
-0.002902094
-0.003463918
0.001511836
0.005842945
0.00286371
-0.0005602489
-0.002707171
-0.006406539
-0.008107729
-0.002826004
0.004012238
0.009636676
0.01377599
0.01380674
0.01003289
0.006243725
0.005321782
0.006139956
0.005380186
0.003356632
0.003260873
0.001510671
-0.0005363562
-0.002254947
-0.001318481
0.0006257397
0.000946117
0.0006779501
-0.001625121
-0.004647295
-0.01040613
-0.01529594
-0.01386786
-0.009123777
-0.007113291
-0.008622832
-0.01086168
-0.0147009
-0.01574737
-0.009102029
-0.001007269
0.005082166
0.006859038
0.004803767
0.0001291306
5.163034E-05
0.004066366
0.007289577
0.005642285
-0.0008316519
-0.003912052
-0.001340637
0.005060873
0.0071233
0.006370522
0.003814382
0.001565256
0.002244547
0.006104193
0.008582755
0.005410513
0.003255208
-0.0006249221
-0.004696816
-0.007220354
-0.007022536
-0.004191082
-0.003955533
-0.008261028
-0.006924906
-0.002815408
0.0007371642
0.002860713
0.01006182
0.0152678
0.01207204
0.00877019
0.01002774
0.01245216
0.006560524
0.004157281
0.006374634
0.008601163
0.004354767
-0.002150932
-0.0009331949
0.002557097
0.0002405263
-0.008885569
-0.01142246
-0.007411992
-0.007876258
-0.007946811
-0.009953324
-0.006511004
0.002364852
0.007107665
0.007975494
-0.001773861
-0.005317539
0.001384678
0.002135191
-0.001833839
-0.004081113
0.001829568
0.003405246
0.00153536
0.0009282299
0.002149956
0.002678079
-0.0007820028
-0.001449328
0.001120823
-2.284988E-05
-0.004755906
-0.002053167
0.004729569
0.006770321
0.003898749
0.003826054
0.004919215
0.0001320717
-0.004187915
-0.005815105
-0.005303359
-0.004146977
-0.001234158
0.0007606569
-0.0006207317
-0.0009199038
-0.0023625
-0.007469959
-0.009209383
-0.003855728
0.003687861
0.003230568
-0.00223901
-0.00383361
0.002543085
0.01077413
0.008477766
0.002967371
0.001431914
0.003641891
-0.0003232132
-0.002196302
0.002636087
0.004751191
0.003787932
0.0002226508
-0.002268575
-0.002297523
-0.002950714
-0.00492685
-0.006581688
-0.00190743
0.005722785
0.003818037
-0.004766694
-0.01028939
-0.006105767
-0.001313207
-5.393155E-05
0.002598661
0.005150271
0.002450917
-0.003251319
-0.008251797
-0.00504536
0.005669293
0.01019357
0.008326514
0.006230979
0.007659542
0.0115055
0.0142876
0.01186974
0.008459404
0.006705552
0.006484758
-0.00205516
-0.01174768
-0.01082404
8.743124E-05
0.007352402
0.007487572
0.004116998
-0.000938619
-0.0008299777
0.00109222
0.003574397
-0.0003296508
-0.00252112
-0.0008937123
0.0005011332
-0.0004408439
-0.001943824
-4.102529E-05
-0.0008932497
-0.001723037
-0.002905746
-0.001488478
0.004336209
0.01006297
0.008578334
-0.001436566
-0.005398789
-0.0009531548
0.0007609178
-0.0009389517
-0.001218983
-0.001725458
-0.002623613
-0.001961172
-0.001207952
-0.0005954937
0.002877042
0.002753056
0.003212508
0.003991218
0.009107987
0.009664333
0.008102137
0.008986919
0.00901898
0.01030666
0.006259735
0.002700371
-0.0004356953
-0.001866323
-0.001066213
-0.0006547242
-0.0005777971
0.002507108
0.002095452
-0.001164045
-0.002104064
0.001007356
0.007434794
0.008099232
0.005787306
-0.0001823403
-0.0009918076
0.003627163
0.007823853
0.004379722
-0.0009973097
-0.002004664
0.001813602
0.003342986
-0.0005713711
-0.002799669
-0.001637489
0.001685052
0.003171591
0.002483488
0.001091585
-0.002188338
-0.006352604
-0.01076983
-0.01369173
-0.01438596
-0.01709061
-0.01726362
-0.01513041
-0.01426608
-0.01467981
-0.01513638
-0.01215963
-0.008484185
-0.008978499
-0.009654372
-0.006384885
-0.00456176
-0.005446734
-0.004202969
0.0002986752
0.003970039
0.002898403
0.003857587
0.003988531
0.003522774
0.004651278
0.007794281
0.008910544
0.005263407
0.00171113
-0.001242406
-0.002242644
-0.003311221
-0.003015037
-0.003136034
-0.00183821
0.000159334
0.002126278
0.002183782
-0.0001495929
-0.0009856079
-0.002025623
-0.0008705965
-0.0007733102
-0.003119943
-0.002300496
0.001577931
0.00231986
0.002876149
0.004925718
0.006774349
0.00649934
0.004951371
0.005019084
0.003535378
0.002385212
0.001577767
0.001729123
0.00393986
0.004770538
0.001939416
0.0005801566
0.0004224577
-0.002605519
-0.006986017
-0.007012132
-0.006168186
-0.00384626
-0.000639991
-0.0005845014
-0.00205289
-0.002731798
-0.0008729443
-0.003813189
-0.006953352
-0.005088374
-0.0008365938
-0.0009810124
-0.001607889
-0.002871244
-0.002559717
-0.00117005
0.0008479406
0.003319833
0.002524666
0.002163002
0.00107714
0.0003309389
-0.0001867795
0.000936684
0.003195409
0.002830697
0.001990667
0.0005488393
0.001678434
0.00306405
0.001349889
0.00106883
0.002618674
0.003006739
0.004536188
0.005022178
0.005102212
0.006250187
0.007514446
0.007377226
0.00342827
0.000523797
0.000469206
0.0006318778
0.0001713324
5.569837E-06
0.00239083
0.002246493
0.00124128
0.003115528
0.00453282
0.006283656
0.005287634
0.004735315
0.00388414
0.002471968
0.002312359
0.0005013728
0.0003866504
0.0007972312
0.0007120954
0.000704483
0.0008774141
0.002467128
0.002437087
0.0007801486
0.0009153538
0.002890642
0.002679055
0.0004121715
0.0003454315
0.001096735
0.001419643
-0.0002199256
0.0007517098
0.000537089
-0.001401328
-0.002564541
-0.006292029
-0.005854854
-0.006086794
-0.006923591
-0.007632883
-0.008766491
-0.008025335
-0.006016314
-0.00368191
-0.00424532
-0.004996407
-0.007054108
-0.005280686
-0.005047459
-0.007391767
-0.007937811
-0.006214351
-0.004174685
-0.005110355
-0.00465576
-0.004124661
-0.003304896
-0.003652007
-0.003551333
-0.002467373
-0.003143929
-0.004310081
-0.003422967
-0.003925088
-0.001974103
-0.001090034
-0.003173141
-0.001917781
6.70404E-06
0.001955674
0.0008477094
0.0001242901
0.0006167161
-0.001600992
-0.001221776
0.0009924266
0.001369615
0.001749868
0.001983247
0.002374731
0.001569761
0.0002609177
-0.00212708
-0.002533214
-0.00199584
3.379895E-05
-0.0005028762
-0.001785166
-0.001224309
-0.0008501062
0.001467202
0.001431377
0.001800498
0.001592304
0.0005752575
-0.001344483
0.001732762
0.005863673
0.006259351
0.003426735
0.002552526
0.003097143
0.005964306
0.007977735
0.007727791
0.006942354
0.007128983
0.007825618
0.00682396
0.00486249
0.004807405
0.007362508
0.006771937
0.005678512
0.004288274
0.005457224
0.006109041
0.004547463
0.002334114
0.00158141
0.0002085542
-0.001737535
-0.003819277
-0.005322671
-0.00442906
-0.00500016
-0.005346854
-0.003945261
-0.002817019
-0.003171852
-0.004493636
-0.004253793
-0.001373164
0.002036853
0.001185319
-0.001337989
-0.0007829295
0.001474517
-0.0001878875
-0.002333765
-0.002584475
-0.000317818
0.001149167
-0.00156278
-0.0007699997
0.0004970885
0.0005371244
-0.0006468319
-0.00119634
-0.0004647211
-0.0002175939
-0.0008598989
-0.001575635
-0.0003676448
-0.001260846
-0.001694019
-0.001274465
-0.001331241
-0.00278949
-0.003500071
-0.001253664
-0.0006208883
-0.0009509847
-0.002497933
-0.002830053
-0.004170944
-0.006979608
-0.007939003
-0.00672477
-0.005948108
-0.006112899
-0.00386334
-0.001653554
-0.0005994185
-0.002356395
-0.002441583
-0.001284402
0.001461947
0.002584464
0.001690451
0.001096326
0.00108259
0.001473801
0.001225482
0.001440252
0.001801911
0.002101357
0.002965893
0.005534858
0.00416663
0.005020993
0.006429224
0.006696084
0.008239993
0.00738283
0.007261097
0.006422311
0.003124316
0.0009299701
0.001899672
0.001468924
-4.505623E-05
0.0004972932
0.0008397315
-0.000967981
-0.005672484
-0.006767198
-0.006404322
-0.00503776
-0.005093066
-0.004360924
-0.002599593
-0.002878252
-0.0007956022
0.001259517
0.002111045
0.001414223
0.00113153
0.003379466
0.005206152
0.004568527
0.00428587
0.001281864
-0.0005991132
-0.001324421
5.760048E-05
0.001020412
0.001353891
0.0009193212
0.0008550207
0.001475149
0.0009192278
0.0006315748
-0.0002996882
0.0005611982
0.0004816541
0.00153228
-0.0009126257
-0.003365681
-0.003583907
-0.003968384
-0.00444873
-0.003630608
-0.002061757
-0.001590415
-0.002136004
-0.001725843
-0.001269773
-4.665337E-05
0.002792156
0.004775195
0.006172762
0.005688441
0.005253089
0.003827326
0.003313454
0.002180449
0.001087236
0.0001878316
0.0007174568
0.0001108118
-0.001088444
-0.002269329
-0.002529146
-0.0002389526
0.0004263903
-0.002431337
-0.002684995
-0.0003213232
-0.001508262
-0.005819451
-0.008803611
-0.00609208
-0.00235238
-0.0008270911
-0.004757772
-0.005104164
-0.004488686
-0.004314858
-0.002227501
-0.002538154
-0.002037897
-0.002185331
-0.0007160561
-9.847116E-05
-9.236638E-06
-0.0009685526
-0.000787499
-0.0007216961
-0.0003019433
-0.0005186613
-0.001689069
-0.002826829
-0.002695698
-0.001892378
-0.001117609
0.0002783497
0.001105158
0.002348136
0.003053583
0.004427139
0.002515285
0.00174584
0.001671024
0.001104577
-0.0009204591
-0.001919367
-0.0002417851
0.0006238857
0.000911226
0.0001500152
-0.0008111062
-0.001147978
-0.002888362
-0.002181755
-0.0001930003
0.0007206839
0.001721078
0.0009181198
0.002488711
0.004438752
0.006652981
0.0050259
0.005112427
0.004980684
0.003946249
0.002864903
0.0003882068
-0.0002076012
-0.0003301204
0.001560849
0.0004193675
0.0008191146
0.001235191
-0.001518885
-0.002800072
-0.00158939
0.0008850803
0.0007024591
-0.001701713
-0.003786617
-0.001633413
0.0008441601
-0.001261119
-0.003674428
-0.003700931
-0.001084605
-0.00117229
0.0001129533
0.0007413244
0.0008189037
0.001013791
0.0003100668
0.002104331
0.0009569222
0.001320142
0.00127333
0.002380145
0.002738288
0.00391652
0.006587018
0.004853166
0.00102526
0.0003767023
0.002322012
0.001730589
-0.0006509254
-0.001547313
-0.001577713
-0.0005870857
0.001585729
0.001542091
-0.0006312996
-0.001240003
0.0009195806
-0.0002470485
-0.00235207
-0.003766546
-0.001338673
0.0003333852
-0.000795469
-0.001625456
-0.002398317
-0.001480011
-0.002287538
-0.002925738
-0.002707133
-0.001289
2.917849E-05
0.0007588238
0.001009075
0.0003372534
0.0003243575
0.001768028
0.001302264
-0.0002926333
0.0007328551
0.00215819
0.001842389
0.001122675
0.001671847
0.003461345
0.002984408
0.003250037
0.002370211
-0.0002895095
-0.0005004401
-0.0004221361
-0.0001180545
-0.0006380946
-0.001184288
2.225135E-05
0.0006167222
0.002455716
0.002637529
0.002041196
0.002069127
0.001976891
0.001428835
0.000164447
-0.0001072784
-0.001605051
-0.0009971575
-0.001468854
-0.00298496
-0.00154907
-0.0001138391
-0.001272922
-0.0006229764
0.001358463
0.0005802339
0.000509744
7.474413E-05
0.0003678601
-0.000701045
-0.002289032
-0.002178011
-0.002354619
-0.001810079
-0.002329009
-0.002207773
-0.00365862
-0.003925613
-0.001982839
-0.001082546
-0.0005311752
-0.0001058842
-0.0004048548
-0.0007307135
-0.0008475175
-0.0002715858
0.001317553
0.00189503
0.001213926
0.001325879
0.001275396
-0.0004151187
0.0002871135
0.00134694
0.0008546998
0.0001567574
0.0006428296
0.0003382465
-0.0002753054
-5.197562E-05
0.001289349
0.001837342
0.001788636
0.001789494
0.001501615
0.001609166
0.001911653
0.002475943
0.002048864
0.001608801
0.001268237
0.0002657373
0.0002599861
0.001149166
0.0005204168
-6.001966E-05
-0.0009659261
-0.001447292
-0.0008826606
-0.0004005658
0.0006547589
0.001162269
0.001242379
0.001187182
0.001084725
0.001126188
0.001193613
0.001369302
0.001056139
0.001242237
0.0009773315
0.0007129653
0.0006054202
0.0003698351
-8.949254E-05
-0.0007956264
-0.001231185
-0.001116462
-0.001116962
-0.001151286
-0.001071103
-0.001210233
-0.001059832
-0.0009779968
-0.0008449894
-0.0004122863
-0.0002088914
-0.0002781633
-0.0001958789
-9.073277E-05
-5.674345E-05
3.901372E-05
8.142099E-05
-4.273033E-05
-9.920269E-05
-0.0001412701
9.993649E-06
-0.0001447859
-0.0003793016
-0.0003691278
-0.0002818296
-0.0004881999
-0.0005582598
-0.0003846418
-0.0004423265
-0.0008199935
-0.0006749962
-0.0002344133
-0.0002117117
-0.0004983943
-0.0006153241
-0.0003802122
-0.0002198271
-0.0003649846
-0.0005444511
-0.0003553867
-0.0002154544
-0.000232834
-0.0003189542
-0.0003725718
-0.0003072753
-0.0002780017
-0.0003454518
-0.000378794
-0.000369124
-0.0003642782
-0.0003502087
-0.0003503117
-0.0003748123
-0.0003633784
-0.0003069801
-0.0003230443
-0.0003164784
-0.0002972967
-0.0002879235
-0.0002679062
-0.0002585258
-0.000249315
-0.000254949
-0.0002315039
-0.0002092533
-0.0001900322
-0.000165569
-0.0001459171
-0.0001435059
-0.000139514
-0.0001252004
-0.0001163534
-0.0001153374
-0.0001141219
-0.0001128341
-0.0001070733
-9.306765E-05
-8.478933E-05
-7.878556E-05
-7.135468E-05
-5.86899E-05
-4.774104E-05
-3.908552E-05
-2.817162E-05
-1.754518E-05
-5.284096E-06
5.791554E-06
1.67031E-05
2.877482E-05
4.079437E-05
5.304108E-05
6.583774E-05
7.919997E-05
9.299751E-05
0.000107074
0.0001216506
0.0001367935
0.0001523764
0.0001684124
0.0001848943
0.0002018268
0.0002192099
0.0002370477
0.0002553414