0.005
-0.00523
-0.00523
-0.00523
-0.00523
-0.00523
-0.00523
-0.00522
-0.00522
-0.00521
-0.0052
-0.00519
-0.00518
-0.00518
-0.00518
-0.00518
-0.00518
-0.00518
-0.00517
-0.00516
-0.00515
-0.00515
-0.00514
-0.00513
-0.00511
-0.00509
-0.00508
-0.00509
-0.00512
-0.00518
-0.00525
-0.00529
-0.00529
-0.00527
-0.00523
-0.00519
-0.00513
-0.00507
-0.00502
-0.00499
-0.00499
-0.00503
-0.00509
-0.00513
-0.00516
-0.00517
-0.00519
-0.00518
-0.00514
-0.00504
-0.00492
-0.00484
-0.00481
-0.0048
-0.00479
-0.00479
-0.00481
-0.00486
-0.00493
-0.00508
-0.0053
-0.00547
-0.00553
-0.00547
-0.00535
-0.00525
-0.00518
-0.00509
-0.00494
-0.00476
-0.00467
-0.00476
-0.00497
-0.00513
-0.00516
-0.00511
-0.00499
-0.0048
-0.00458
-0.00434
-0.00408
-0.00381
-0.00355
-0.00337
-0.0033
-0.00334
-0.00353
-0.00386
-0.00421
-0.00453
-0.00485
-0.00517
-0.00539
-0.00539
-0.00515
-0.00478
-0.00441
-0.00416
-0.00414
-0.00437
-0.00473
-0.00513
-0.00549
-0.0057
-0.00562
-0.00522
-0.00459
-0.00391
-0.00326
-0.00275
-0.00259
-0.00279
-0.00312
-0.00352
-0.00411
-0.00497
-0.00601
-0.00694
-0.00761
-0.00803
-0.00804
-0.00758
-0.00681
-0.00602
-0.00548
-0.00524
-0.00511
-0.00485
-0.0043
-0.00353
-0.0026
-0.00171
-0.00116
-0.00104
-0.00111
-0.00113
-0.00091
-0.00034
0.00044
0.00103
0.00096
0.00011
-0.00114
-0.00218
-0.00264
-0.00258
-0.00237
-0.00231
-0.00263
-0.00345
-0.0046
-0.00569
-0.00664
-0.00761
-0.00873
-0.01027
-0.01253
-0.01517
-0.01738
-0.01854
-0.01819
-0.01602
-0.01223
-0.00787
-0.00421
-0.00229
-0.00232
-0.0036
-0.00486
-0.00538
-0.00488
-0.00321
-0.00073
0.00171
0.00345
0.00413
0.00378
0.00347
0.00495
0.00871
0.01359
0.01779
0.01951
0.01765
0.01251
0.00574
-0.00117
-0.00691
-0.0104
-0.01159
-0.01159
-0.01149
-0.01182
-0.01223
-0.01202
-0.0108
-0.00896
-0.00774
-0.00859
-0.01184
-0.01612
-0.01963
-0.02086
-0.01912
-0.01484
-0.00942
-0.00414
0.00033
0.00422
0.00779
0.01066
0.01256
0.01358
0.01321
0.01086
0.00646
0.00008
-0.0079
-0.0164
-0.02334
-0.02633
-0.02403
-0.01724
-0.00851
-0.00169
0.00001
-0.00399
-0.01119
-0.0187
-0.02414
-0.0259
-0.02393
-0.01985
-0.0156
-0.01244
-0.01037
-0.00826
-0.00465
0.00086
0.00707
0.01241
0.01575
0.01689
0.01636
0.01501
0.01375
0.01318
0.01292
0.01223
0.01069
0.00793
0.0039
-0.00077
-0.00528
-0.00941
-0.013
-0.0157
-0.01742
-0.0185
-0.01951
-0.02052
-0.02097
-0.02057
-0.01955
-0.01835
-0.0172
-0.01586
-0.01374
-0.01026
-0.00535
0.00048
0.00632
0.01094
0.01306
0.01209
0.00845
0.00341
-0.00165
-0.0056
-0.00802
-0.00928
-0.01012
-0.0107
-0.01049
-0.0094
-0.00793
-0.00648
-0.00532
-0.00475
-0.00495
-0.006
-0.00806
-0.01119
-0.01504
-0.01867
-0.02075
-0.0204
-0.01754
-0.01284
-0.0075
-0.00279
0.0008
0.00393
0.00767
0.01175
0.01387
0.0117
0.00466
-0.00537
-0.01518
-0.02204
-0.02519
-0.02558
-0.02423
-0.02199
-0.01964
-0.0176
-0.01588
-0.01427
-0.01265
-0.01127
-0.01059
-0.01089
-0.01195
-0.01342
-0.01547
-0.01835
-0.02186
-0.02526
-0.02717
-0.02613
-0.02202
-0.01685
-0.01307
-0.01231
-0.01445
-0.01785
-0.02061
-0.02176
-0.02142
-0.01984
-0.01753
-0.01523
-0.01329
-0.01123
-0.00802
-0.003
0.00308
0.00868
0.01225
0.01274
0.01008
0.00522
-0.00056
-0.00623
-0.01077
-0.01313
-0.01263
-0.00928
-0.00395
0.00159
0.0052
0.0062
0.0054
0.00406
0.00292
0.00185
0.00003
-0.00353
-0.00952
-0.01799
-0.02794
-0.03713
-0.04293
-0.04408
-0.04075
-0.03409
-0.02598
-0.01899
-0.01513
-0.01529
-0.01916
-0.0256
-0.03315
-0.04134
-0.04986
-0.05761
-0.06363
-0.0675
-0.06854
-0.06628
-0.0612
-0.05491
-0.04979
-0.04766
-0.04922
-0.05415
-0.06134
-0.06924
-0.07609
-0.08012
-0.08032
-0.07652
-0.06906
-0.05863
-0.04656
-0.03408
-0.02232
-0.01186
-0.00224
0.00755
0.01747
0.0264
0.03317
0.03721
0.0389
0.03911
0.03891
0.03872
0.03843
0.03751
0.03465
0.02833
0.01804
0.00498
-0.00862
-0.02089
-0.03111
-0.03928
-0.04616
-0.05281
-0.05974
-0.06658
-0.07272
-0.07746
-0.07964
-0.07824
-0.07317
-0.06547
-0.05677
-0.04733
-0.03666
-0.02478
-0.01233
-0.00092
0.00679
0.00857
0.00422
-0.00429
-0.01344
-0.02048
-0.02421
-0.02496
-0.02376
-0.0218
-0.02036
-0.02025
-0.02082
-0.02132
-0.02221
-0.02424
-0.02772
-0.0325
-0.03809
-0.04401
-0.04984
-0.05509
-0.05919
-0.06173
-0.06268
-0.06162
-0.0578
-0.05086
-0.04119
-0.02941
-0.01634
-0.00283
0.01106
0.02527
0.0386
0.04914
0.0554
0.05735
0.05665
0.05527
0.05507
0.05737
0.0621
0.06777
0.07283
0.07577
0.07508
0.06967
0.0594
0.045
0.02896
0.01494
0.00557
0.00123
0.00133
0.00478
0.01066
0.01787
0.02504
0.03135
0.03664
0.04073
0.04314
0.04302
0.04008
0.03505
0.02863
0.02181
0.01603
0.01286
0.01355
0.01869
0.02784
0.03986
0.05312
0.06592
0.07759
0.08851
0.09945
0.11068
0.12157
0.13131
0.1394
0.14558
0.14981
0.15218
0.15295
0.15248
0.1504
0.14655
0.14168
0.13646
0.13113
0.12651
0.12371
0.12314
0.12394
0.12434
0.1228
0.11855
0.11145
0.10174
0.08997
0.0777
0.06715
0.0594
0.05469
0.05345
0.05537
0.05934
0.06541
0.07398
0.08474
0.09685
0.10912
0.11994
0.12786
0.13253
0.13453
0.13453
0.13248
0.12779
0.11992
0.10896
0.09582
0.08165
0.06759
0.05417
0.04129
0.02831
0.0145
-0.00054
-0.01667
-0.03346
-0.05086
-0.06913
-0.0883
-0.10745
-0.12491
-0.13935
-0.15002
-0.15618
-0.15622
-0.14817
-0.13027
-0.1023
-0.06586
-0.02407
0.0186
0.05896
0.09437
0.12227
0.14204
0.1557
0.16472
0.17009
0.17253
0.17305
0.17295
0.17252
0.17143
0.16985
0.16863
0.16884
0.1712
0.17559
0.18099
0.18544
0.18676
0.18407
0.17839
0.17103
0.16302
0.15471
0.14587
0.13632
0.12638
0.11677
0.10795
0.0998
0.09186
0.08426
0.07752
0.07167
0.06637
0.06136
0.05624
0.05076
0.04559
0.04211
0.04174
0.04558
0.05352
0.064
0.07434
0.0824
0.08753
0.09046
0.09186
0.09188
0.09005
0.08622
0.08116
0.07583
0.07116
0.06764
0.06528
0.0636
0.06143
0.05731
0.05039
0.04107
0.03082
0.02127
0.01364
0.00869
0.00648
0.00646
0.00788
0.00994
0.01199
0.01355
0.01438
0.01439
0.01344
0.01146
0.00872
0.00593
0.00405
0.00374
0.00477
0.00619
0.00767
0.00938
0.01141
0.01336
0.0145
0.01446
0.01313
0.01016
0.00533
-0.00096
-0.00789
-0.01448
-0.02047
-0.02657
-0.03418
-0.04429
-0.05674
-0.07038
-0.08345
-0.09451
-0.10332
-0.11062
-0.11632
-0.11983
-0.1208
-0.11922
-0.11558
-0.11038
-0.10435
-0.09825
-0.09219
-0.08559
-0.07801
-0.06956
-0.06073
-0.05227
-0.04511
-0.04017
-0.03817
-0.03969
-0.04457
-0.05178
-0.06014
-0.06859
-0.07644
-0.08328
-0.08889
-0.09334
-0.09692
-0.0996
-0.10115
-0.10159
-0.1016
-0.10267
-0.10644
-0.11388
-0.12461
-0.13707
-0.14925
-0.15952
-0.16684
-0.17077
-0.17182
-0.17104
-0.16888
-0.16473
-0.15718
-0.14557
-0.13101
-0.11538
-0.10029
-0.08631
-0.07275
-0.05796
-0.04075
-0.02157
-0.00223
0.01538
0.0311
0.04542
0.05804
0.06812
0.07521
0.0796
0.08232
0.08438
0.08584
0.08596
0.08418
0.08099
0.07802
0.07682
0.07798
0.0814
0.08602
0.0901
0.09224
0.09226
0.09072
0.08832
0.08506
0.08051
0.07445
0.0674
0.06063
0.05519
0.0514
0.04878
0.04693
0.0456
0.04414
0.04193
0.03903
0.0355
0.03105
0.02533
0.01807
0.00877
-0.00258
-0.01501
-0.02723
-0.03792
-0.04616
-0.0516
-0.05456
-0.05607
-0.0579
-0.06146
-0.06729
-0.07481
-0.0827
-0.08942
-0.09415
-0.09662
-0.09672
-0.09469
-0.09105
-0.08553
-0.07752
-0.06707
-0.0551
-0.043
-0.03164
-0.02144
-0.01299
-0.00694
-0.00367
-0.00325
-0.00495
-0.00761
-0.00981
-0.01063
-0.01013
-0.00922
-0.0087
-0.00873
-0.00842
-0.00641
-0.0017
0.00576
0.01473
0.02333
0.03002
0.03442
0.03698
0.03854
0.03955
0.04022
0.04066
0.04062
0.03954
0.03696
0.03281
0.02762
0.02231
0.01784
0.01468
0.01268
0.01123
0.00982
0.00821
0.00624
0.00377
0.00081
-0.00259
-0.00617
-0.0092
-0.0107
-0.01031
-0.00803
-0.00396
0.00106
0.00542
0.00833
0.01008
0.01153
0.01333
0.01532
0.01647
0.01517
0.01003
0.00083
-0.01081
-0.0224
-0.03125
-0.03577
-0.03597
-0.03316
-0.02893
-0.02503
-0.02282
-0.02316
-0.02632
-0.03188
-0.03896
-0.04715
-0.05597
-0.06443
-0.0718
-0.07791
-0.08252
-0.08552
-0.08734
-0.08879
-0.09054
-0.09204
-0.09209
-0.0903
-0.0868
-0.08185
-0.07618
-0.07112
-0.06752
-0.0652
-0.06298
-0.05989
-0.05576
-0.05075
-0.04527
-0.03993
-0.03538
-0.03239
-0.03199
-0.03478
-0.04033
-0.04757
-0.05536
-0.06253
-0.06802
-0.07122
-0.07171
-0.06917
-0.06415
-0.05812
-0.05204
-0.04678
-0.04367
-0.04377
-0.04711
-0.05276
-0.05914
-0.0648
-0.0682
-0.06797
-0.06435
-0.05918
-0.05414
-0.05036
-0.04831
-0.04774
-0.04764
-0.04652
-0.04295
-0.03619
-0.02685
-0.01705
-0.00919
-0.00511
-0.00526
-0.00829
-0.01123
-0.01117
-0.006
0.00491
0.0204
0.03738
0.052
0.06091
0.06307
0.05968
0.05321
0.04653
0.04223
0.04098
0.04136
0.04057
0.03568
0.02523
0.01045
-0.00513
-0.0176
-0.02392
-0.02307
-0.01639
-0.007
0.00227
0.00856
0.00929
0.00448
-0.00302
-0.01032
-0.01564
-0.01892
-0.02178
-0.02623
-0.03237
-0.03864
-0.04297
-0.04309
-0.03706
-0.02374
-0.00434
0.01746
0.03753
0.05303
0.06314
0.06813
0.06776
0.06286
0.05621
0.05021
0.04702
0.04925
0.0581
0.07184
0.08708
0.10002
0.10859
0.11213
0.1106
0.10482
0.09661
0.0868
0.07549
0.06266
0.04887
0.03558
0.02417
0.01558
0.01032
0.00863
0.01031
0.01418
0.01806
0.02026
0.01993
0.0168
0.01088
0.00227
-0.0093
-0.02334
-0.03813
-0.05207
-0.06427
-0.07398
-0.08045
-0.08295
-0.081
-0.07474
-0.06479
-0.05282
-0.04118
-0.03235
-0.02822
-0.02957
-0.03559
-0.0449
-0.05612
-0.06831
-0.08057
-0.09152
-0.09982
-0.10476
-0.10629
-0.10392
-0.09707
-0.08643
-0.07421
-0.06264
-0.05363
-0.0486
-0.0484
-0.05279
-0.06055
-0.06951
-0.07694
-0.08063
-0.07927
-0.07259
-0.06214
-0.05101
-0.04134
-0.03389
-0.02931
-0.02798
-0.02952
-0.03262
-0.03552
-0.03752
-0.0389
-0.03996
-0.04055
-0.03975
-0.03594
-0.02799
-0.01646
-0.00372
0.00712
0.01426
0.0177
0.018
0.0163
0.01392
0.01145
0.00876
0.00559
0.00193
-0.00191
-0.00571
-0.00932
-0.01222
-0.01401
-0.01533
-0.01733
-0.02085
-0.02571
-0.03051
-0.03324
-0.03185
-0.02526
-0.01431
-0.00199
0.00858
0.01501
0.01615
0.01253
0.00611
-0.00146
-0.0087
-0.0143
-0.01792
-0.02034
-0.02231
-0.02394
-0.02419
-0.02146
-0.01433
-0.002
0.01448
0.03202
0.04693
0.05677
0.06092
0.06081
0.05859
0.0561
0.05382
0.05148
0.04883
0.04589
0.04293
0.04045
0.03896
0.03882
0.04019
0.04258
0.04465
0.04483
0.04212
0.03652
0.02875
0.01914
0.00855
-0.00088
-0.00726
-0.00996
-0.00973
-0.00837
-0.0075
-0.00744
-0.00746
-0.00732
-0.00769
-0.00977
-0.01439
-0.02144
-0.0304
-0.04036
-0.05024
-0.05859
-0.06343
-0.06286
-0.05619
-0.04443
-0.03024
-0.01675
-0.00591
0.00186
0.00682
0.00913
0.00835
0.00452
-0.00117
-0.00783
-0.01473
-0.02085
-0.02428
-0.02273
-0.01568
-0.00515
0.00583
0.01485
0.02075
0.02287
0.02129
0.01748
0.01321
0.00935
0.00623
0.00404
0.00261
0.00156
0.00068
-0.00043
-0.00224
-0.00451
-0.00659
-0.00822
-0.00915
-0.00905
-0.00798
-0.00661
-0.00571
-0.00505
-0.00307
0.0015
0.00855
0.01678
0.02452
0.03061
0.03432
0.03561
0.03566
0.03634
0.03895
0.04359
0.0493
0.05512
0.06041
0.06495
0.06924
0.07444
0.08165
0.09126
0.10256
0.11382
0.12268
0.12707
0.12601
0.11978
0.10999
0.09862
0.08684
0.0753
0.06488
0.05635
0.04976
0.04526
0.04308
0.04275
0.04306
0.043
0.04159
0.03793
0.03203
0.02466
0.01632
0.00752
-0.001
-0.00904
-0.0166
-0.02288
-0.0271
-0.0293
-0.02952
-0.02785
-0.02506
-0.02263
-0.02198
-0.02392
-0.02856
-0.03576
-0.04487
-0.05482
-0.06455
-0.07319
-0.08029
-0.08592
-0.09062
-0.09479
-0.09823
-0.1008
-0.10287
-0.10508
-0.10796
-0.1115
-0.11533
-0.11907
-0.1227
-0.12616
-0.12897
-0.13086
-0.13208
-0.13263
-0.13232
-0.13109
-0.12868
-0.12466
-0.11928
-0.11343
-0.1076
-0.10193
-0.0965
-0.09139
-0.08649
-0.08156
-0.07663
-0.07246
-0.07014
-0.07001
-0.07055
-0.06903
-0.06356
-0.05388
-0.04155
-0.02882
-0.01773
-0.00906
-0.00282
0.00117
0.0037
0.00638
0.01074
0.01727
0.0251
0.03311
0.04029
0.0456
0.04883
0.05107
0.05302
0.05438
0.05502
0.05502
0.05417
0.05236
0.05001
0.04783
0.0465
0.04596
0.04549
0.04421
0.04179
0.03881
0.03606
0.03366
0.03066
0.02631
0.02078
0.01439
0.00766
0.00115
-0.00482
-0.0102
-0.01478
-0.01847
-0.02157
-0.0243
-0.02637
-0.02733
-0.02674
-0.02413
-0.01906
-0.01145
-0.00193
0.00834
0.01889
0.02963
0.04032
0.051
0.06186
0.07268
0.08319
0.09357
0.10409
0.11475
0.12541
0.13622
0.14794
0.16103
0.17491
0.18833
0.19977
0.20787
0.21137
0.20932
0.20173
0.19018
0.17629
0.16099
0.14398
0.12453
0.10254
0.07861
0.05397
0.02969
0.00599
-0.01748
-0.04008
-0.06006
-0.07546
-0.08554
-0.09145
-0.09485
-0.0974
-0.09996
-0.10324
-0.10817
-0.1148
-0.12228
-0.13033
-0.13873
-0.14655
-0.15248
-0.15546
-0.15507
-0.15173
-0.14614
-0.13885
-0.1303
-0.12071
-0.11021
-0.09876
-0.08682
-0.07543
-0.06526
-0.05648
-0.04934
-0.04377
-0.03882
-0.03284
-0.02407
-0.01175
0.00373
0.02134
0.03969
0.0571
0.07218
0.08416
0.09294
0.09899
0.10303
0.10537
0.10611
0.10534
0.1031
0.09914
0.09274
0.08314
0.07027
0.056
0.0436
0.03445
0.02711
0.0199
0.01221
0.00486
-0.00143
-0.00698
-0.01241
-0.01861
-0.0266
-0.03681
-0.04874
-0.06172
-0.075
-0.088
-0.09995
-0.10999
-0.1178
-0.1238
-0.1282
-0.13058
-0.13008
-0.12648
-0.12086
-0.11435
-0.10736
-0.09908
-0.08807
-0.07317
-0.05398
-0.03128
-0.00655
0.01811
0.04046
0.0594
0.07545
0.08994
0.10384
0.11691
0.12809
0.13692
0.14463
0.15346
0.16506
0.1797
0.19591
0.21114
0.22273
0.22916
0.23017
0.22639
0.218
0.20552
0.19029
0.17401
0.15819
0.14349
0.12972
0.11624
0.10242
0.0879
0.07199
0.05391
0.03355
0.01156
-0.01126
-0.0347
-0.05894
-0.08369
-0.10782
-0.12966
-0.14776
-0.16144
-0.1704
-0.1751
-0.1765
-0.17571
-0.1736
-0.17064
-0.16728
-0.16391
-0.16049
-0.15623
-0.15017
-0.14127
-0.12807
-0.10947
-0.08552
-0.05784
-0.02956
-0.0033
0.02001
0.04157
0.06267
0.08323
0.10244
0.11922
0.13244
0.14216
0.14993
0.15676
0.16268
0.1671
0.16903
0.16757
0.16323
0.15797
0.15323
0.14934
0.14554
0.14037
0.13251
0.1216
0.10859
0.09504
0.08196
0.06937
0.05714
0.04521
0.03347
0.0219
0.01055
-0.00074
-0.01255
-0.02564
-0.04024
-0.05545
-0.06953
-0.08062
-0.08768
-0.09024
-0.08773
-0.08037
-0.06966
-0.05673
-0.04246
-0.0276
-0.01324
-0.0009
0.00846
0.01455
0.017
0.0161
0.01318
0.00968
0.00684
0.00526
0.00502
0.0061
0.0086
0.01254
0.01766
0.02378
0.0312
0.03984
0.04859
0.05598
0.06055
0.06138
0.05844
0.05269
0.0452
0.03727
0.03013
0.02479
0.02181
0.02135
0.02306
0.02638
0.03055
0.03469
0.03779
0.0389
0.03756
0.03386
0.02808
0.02063
0.01243
0.00472
-0.00103
-0.00372
-0.00327
-0.00074
0.00236
0.00455
0.00525
0.00431
0.00162
-0.00238
-0.00669
-0.01079
-0.01464
-0.01852
-0.02303
-0.0289
-0.03637
-0.04461
-0.05177
-0.05611
-0.05717
-0.05599
-0.05491
-0.05606
-0.05976
-0.06431
-0.0683
-0.07132
-0.07374
-0.07622
-0.07932
-0.08325
-0.08748
-0.09048
-0.0904
-0.08608
-0.07759
-0.06653
-0.05465
-0.04338
-0.03294
-0.02286
-0.01268
-0.00243
0.00743
0.01633
0.02418
0.03135
0.03799
0.0441
0.04992
0.05597
0.06266
0.07004
0.0776
0.08457
0.08989
0.09249
0.09199
0.08897
0.0839
0.0773
0.06963
0.06132
0.05292
0.04481
0.03719
0.03001
0.02308
0.0161
0.00849
-0.00051
-0.01129
-0.02323
-0.03475
-0.04455
-0.05205
-0.05682
-0.05892
-0.05914
-0.05839
-0.05726
-0.05555
-0.05281
-0.04903
-0.04492
-0.04174
-0.04066
-0.04209
-0.04561
-0.05047
-0.05585
-0.0606
-0.06321
-0.06288
-0.06008
-0.05636
-0.05279
-0.04971
-0.04765
-0.04688
-0.04673
-0.04653
-0.04621
-0.04607
-0.04648
-0.04748
-0.04837
-0.04794
-0.04546
-0.04118
-0.03609
-0.03159
-0.02882
-0.02753
-0.02618
-0.02342
-0.01874
-0.01257
-0.00614
-0.00085
0.00276
0.00496
0.0063
0.00765
0.00993
0.01287
0.01535
0.01668
0.01703
0.0173
0.01796
0.01869
0.01874
0.01786
0.01689
0.01688
0.01871
0.02295
0.02911
0.03548
0.04053
0.04374
0.04531
0.04606
0.04694
0.0484
0.05018
0.05193
0.05332
0.05393
0.05347
0.05193
0.04946
0.04614
0.04144
0.03489
0.02656
0.01643
0.00438
-0.00958
-0.02427
-0.03718
-0.04637
-0.05187
-0.05523
-0.05849
-0.0624
-0.06655
-0.07024
-0.07331
-0.07612
-0.07895
-0.08186
-0.08473
-0.08728
-0.08923
-0.09029
-0.09007
-0.08797
-0.08344
-0.07621
-0.06598
-0.05337
-0.04008
-0.02738
-0.01551
-0.00447
0.00558
0.0143
0.02142
0.02704
0.03127
0.03427
0.03594
0.03632
0.03571
0.03418
0.03156
0.02757
0.02224
0.01614
0.01007
0.00497
0.00181
0.0008
0.0009
0.00096
0.00031
-0.00125
-0.00325
-0.00463
-0.00469
-0.00368
-0.00207
-0.00035
0.00108
0.00171
0.0012
-0.00021
-0.00163
-0.00236
-0.00212
-0.0011
0.00023
0.00135
0.00231
0.00375
0.00677
0.01213
0.01964
0.02825
0.03635
0.04273
0.04702
0.04954
0.05037
0.04932
0.04616
0.04113
0.03521
0.02931
0.02425
0.02069
0.01859
0.01698
0.015
0.0125
0.00992
0.00787
0.00663
0.00629
0.00664
0.0068
0.00582
0.00364
0.0008
-0.00213
-0.00492
-0.00757
-0.01024
-0.01315
-0.01639
-0.01971
-0.02231
-0.02299
-0.02088
-0.01609
-0.00929
-0.00174
0.00493
0.00931
0.0112
0.01143
0.01136
0.01191
0.01346
0.01607
0.0193
0.02219
0.02352
0.02239
0.0189
0.01427
0.01017
0.0075
0.00631
0.00671
0.00859
0.01144
0.01489
0.0186
0.02175
0.02326
0.02255
0.01979
0.01569
0.01088
0.00614
0.00242
0.00047
0.00063
0.00364
0.01019
0.0201
0.03166
0.04206
0.04903
0.05161
0.04964
0.04399
0.03613
0.0273
0.01845
0.01071
0.0051
0.00208
0.00199
0.00505
0.01052
0.01663
0.02175
0.02433
0.02315
0.01832
0.01139
0.00369
-0.00362
-0.00944
-0.01341
-0.01584
-0.01652
-0.01485
-0.01039
-0.0037
0.0035
0.00978
0.01417
0.01612
0.01558
0.01301
0.0089
0.00368
-0.00273
-0.01047
-0.01912
-0.02756
-0.03454
-0.03987
-0.04399
-0.047
-0.04877
-0.04905
-0.04727
-0.04335
-0.0383
-0.03378
-0.0313
-0.03127
-0.03299
-0.03551
-0.03819
-0.04065
-0.04181
-0.04079
-0.03833
-0.03573
-0.03349
-0.03147
-0.02957
-0.02822
-0.02772
-0.02757
-0.02713
-0.02611
-0.02463
-0.02303
-0.0216
-0.02057
-0.02018
-0.02047
-0.02135
-0.02287
-0.02522
-0.02834
-0.0315
-0.03358
-0.0343
-0.03403
-0.03333
-0.03273
-0.03245
-0.03197
-0.03058
-0.0281
-0.02499
-0.0223
-0.02109
-0.02186
-0.02429
-0.02766
-0.03116
-0.03402
-0.03587
-0.03728
-0.03918
-0.04213
-0.04607
-0.05044
-0.05462
-0.05724
-0.05624
-0.05076
-0.04188
-0.03092
-0.01913
-0.00732
0.00449
0.01669
0.02916
0.04122
0.0523
0.06184
0.06957
0.07575
0.08138
0.08756
0.09445
0.101
0.1061
0.10918
0.11022
0.10974
0.10845
0.10636
0.10298
0.09822
0.09255
0.08675
0.0815
0.07715
0.07329
0.06873
0.06206
0.05253
0.04069
0.02807
0.0167
0.00809
0.00264
-0.00029
-0.00168
-0.0025
-0.00306
-0.00316
-0.00232
-0.00042
0.00204
0.00425
0.00557
0.00607
0.0064
0.0074
0.00947
0.01236
0.01545
0.01801
0.01945
0.0197
0.01937
0.01949
0.02051
0.02195
0.02319
0.02398
0.02414
0.02339
0.02128
0.01804
0.01482
0.01266
0.01171
0.01086
0.00914
0.00651
0.00354
0.00101
-0.00055
-0.00114
-0.00104
-0.00005
0.00226
0.0058
0.00983
0.01331
0.01535
0.01558
0.01418
0.01213
0.01076
0.01093
0.01276
0.0162
0.02063
0.02473
0.02759
0.0292
0.02956
0.02869
0.02676
0.02398
0.02045
0.01624
0.01149
0.0064
0.00155
-0.00226
-0.00492
-0.0071
-0.00936
-0.01161
-0.0132
-0.01369
-0.01318
-0.01146
-0.00847
-0.00456
0.00032
0.00677
0.015
0.02425
0.03309
0.04025
0.04513
0.04772
0.0488
0.04984
0.05223
0.05625
0.06097
0.06486
0.06694
0.06643
0.06174
0.05088
0.03308
0.01002
-0.01418
-0.03536
-0.05106
-0.06103
-0.06601
-0.06759
-0.06738
-0.06682
-0.06706
-0.0688
-0.0722
-0.07679
-0.0819
-0.08712
-0.09216
-0.09623
-0.09743
-0.09388
-0.08501
-0.07171
-0.05641
-0.04191
-0.02984
-0.01932
-0.00906
0.0011
0.0111
0.02059
0.02835
0.0332
0.03477
0.03277
0.02728
0.01903
0.00924
-0.0009
-0.01051
-0.01934
-0.02813
-0.03739
-0.04624
-0.05346
-0.05836
-0.06053
-0.06032
-0.05898
-0.05781
-0.05756
-0.05843
-0.06003
-0.06132
-0.06066
-0.05622
-0.04673
-0.0323
-0.01397
0.00613
0.02555
0.04285
0.05797
0.07145
0.08387
0.09523
0.10466
0.11091
0.11313
0.11147
0.1067
0.09986
0.09195
0.0836
0.07531
0.06748
0.06034
0.05391
0.04805
0.04252
0.0372
0.03195
0.02665
0.0218
0.01818
0.01588
0.01412
0.01195
0.00871
0.00427
-0.00114
-0.00692
-0.01243
-0.01783
-0.02407
-0.03126
-0.03838
-0.04437
-0.04859
-0.05117
-0.05273
-0.05416
-0.0561
-0.05892
-0.06295
-0.06834
-0.07474
-0.08117
-0.08642
-0.08995
-0.09207
-0.09344
-0.09377
-0.09218
-0.088
-0.08104
-0.07184
-0.06205
-0.05381
-0.04797
-0.04425
-0.04189
-0.03963
-0.03584
-0.02953
-0.02058
-0.00958
0.00218
0.01316
0.02283
0.03126
0.03831
0.04382
0.04793
0.05084
0.05273
0.05357
0.05332
0.05233
0.05139
0.05149
0.05307
0.05561
0.05769
0.05783
0.05498
0.04866
0.03897
0.02634
0.01168
-0.00332
-0.01681
-0.02737
-0.03461
-0.03899
-0.04142
-0.04257
-0.04318
-0.04411
-0.04617
-0.04965
-0.05416
-0.05848
-0.06123
-0.06117
-0.05751
-0.05007
-0.03957
-0.02714
-0.01388
-0.0003
0.01285
0.02425
0.03283
0.03795
0.03902
0.03574
0.02843
0.01775
0.00499
-0.00836
-0.02051
-0.02976
-0.0359
-0.03999
-0.04231
-0.04312
-0.04352
-0.04481
-0.04788
-0.05282
-0.05909
-0.06589
-0.0719
-0.07548
-0.07581
-0.07339
-0.06941
-0.06468
-0.05931
-0.05363
-0.04863
-0.04527
-0.04355
-0.04212
-0.03937
-0.03428
-0.02696
-0.01863
-0.0109
-0.005
-0.00125
0.0009
0.00265
0.00504
0.00856
0.01297
0.01753
0.02117
0.02305
0.02318
0.02247
0.02151
0.02017
0.01755
0.01284
0.00607
-0.00171
-0.00884
-0.01427
-0.01727
-0.0173
-0.01505
-0.0125
-0.01077
-0.01007
-0.01027
-0.01158
-0.01442
-0.01845
-0.02264
-0.02618
-0.02864
-0.02991
-0.03014
-0.02956
-0.02819
-0.02644
-0.02531
-0.0252
-0.02564
-0.02607
-0.02577
-0.02387
-0.02002
-0.01492
-0.00983
-0.00603
-0.00379
-0.00201
0.00135
0.00782
0.01763
0.02953
0.04115
0.05003
0.05521
0.05764
0.05913
0.06144
0.06551
0.07106
0.07693
0.08205
0.08494
0.08354
0.07699
0.06661
0.05402
0.04116
0.02977
0.02037
0.01198
0.0034
-0.00586
-0.01497
-0.02273
-0.02845
-0.03157
-0.03186
-0.02974
-0.02663
-0.02451
-0.02453
-0.02632
-0.02868
-0.03035
-0.03075
-0.02985
-0.02789
-0.02532
-0.02257
-0.01964
-0.0164
-0.01297
-0.00986
-0.00741
-0.00527
-0.00299
-0.00063
0.00171
0.00379
0.00478
0.00404
0.0018
-0.00155
-0.0056
-0.00987
-0.01366
-0.01639
-0.01802
-0.01908
-0.01998
-0.02107
-0.02271
-0.02465
-0.02598
-0.02631
-0.02578
-0.02431
-0.022
-0.01936
-0.01665
-0.01367
-0.01013
-0.00603
-0.00179
0.0021
0.00544
0.00839
0.01123
0.01409
0.01696
0.01986
0.02284
0.02591
0.0289
0.0313
0.03244
0.03185
0.02947
0.02527
0.01956
0.01302
0.00646
0.00064
-0.00428
-0.00872
-0.01331
-0.01842
-0.02379
-0.02852
-0.03166
-0.03299
-0.03293
-0.03225
-0.0315
-0.03085
-0.03015
-0.02949
-0.02923
-0.02912
-0.02804
-0.02466
-0.01817
-0.0088
0.00197
0.01195
0.01999
0.02631
0.0319
0.03759
0.04359
0.0498
0.05588
0.06116
0.06476
0.06596
0.06456
0.06119
0.05693
0.05287
0.04975
0.04796
0.04742
0.04754
0.04743
0.0462
0.04315
0.03804
0.03117
0.02289
0.01323
0.00294
-0.00625
-0.01335
-0.01851
-0.0223
-0.02516
-0.02717
-0.02825
-0.02864
-0.02886
-0.02943
-0.03047
-0.03149
-0.03171
-0.03085
-0.0293
-0.02796
-0.02769
-0.02874
-0.03031
-0.03087
-0.02932
-0.02582
-0.02166
-0.01767
-0.01456
-0.01357
-0.01521
-0.01856
-0.02233
-0.02539
-0.02724
-0.02792
-0.02784
-0.02775
-0.02828
-0.02904
-0.02932
-0.02894
-0.02786
-0.02586
-0.02237
-0.01733
-0.01177
-0.0069
-0.0033
-0.00053
0.00247
0.00662
0.01232
0.01949
0.02795
0.03715
0.04612
0.05412
0.06124
0.06822
0.07568
0.08317
0.0899
0.09565
0.10016
0.10315
0.10488
0.1058
0.10597
0.10553
0.10486
0.10375
0.10178
0.09909
0.09586
0.09197
0.08736
0.08218
0.07654
0.0703
0.06311
0.05486
0.04571
0.03558
0.02474
0.01416
0.00471
-0.0033
-0.00982
-0.01492
-0.01842
-0.01995
-0.01952
-0.01815
-0.01723
-0.01723
-0.01815
-0.02015
-0.02292
-0.02566
-0.0278
-0.02915
-0.02978
-0.0299
-0.02969
-0.02915
-0.0284
-0.02773
-0.0272
-0.02655
-0.02583
-0.02513
-0.02427
-0.02331
-0.02281
-0.02314
-0.02436
-0.02646
-0.02942
-0.0331
-0.0373
-0.04172
-0.04613
-0.05021
-0.05357
-0.05606
-0.05792
-0.05955
-0.06124
-0.06285
-0.06382
-0.06345
-0.06122
-0.05695
-0.05054
-0.04226
-0.03278
-0.02241
-0.01134
0.00013
0.01152
0.02221
0.03161
0.03932
0.04525
0.04977
0.05359
0.05732
0.06118
0.0646
0.0668
0.06744
0.06629
0.0634
0.05935
0.05504
0.0509
0.04708
0.04363
0.0405
0.03768
0.03548
0.03415
0.03349
0.03295
0.03187
0.02993
0.02708
0.02328
0.01854
0.01312
0.00748
0.00212
-0.00267
-0.00712
-0.01178
-0.01686
-0.02187
-0.02579
-0.02777
-0.02746
-0.02423
-0.01758
-0.00781
0.00362
0.0146
0.02394
0.03159
0.03762
0.04208
0.04496
0.04622
0.04602
0.04438
0.04129
0.03681
0.03158
0.02687
0.02356
0.02188
0.02146
0.02148
0.02091
0.019
0.0158
0.01233
0.00959
0.00759
0.00574
0.00339
0.00048
-0.00266
-0.00568
-0.00822
-0.00996
-0.01086
-0.01115
-0.01119
-0.01123
-0.01134
-0.01152
-0.0117
-0.0117
-0.01126
-0.01025
-0.0089
-0.00774
-0.00706
-0.00676
-0.00652
-0.00633
-0.00674
-0.00848
-0.01184
-0.01629
-0.02126
-0.02634
-0.03085
-0.03417
-0.03625
-0.03739
-0.03805
-0.03871
-0.0398
-0.04139
-0.0434
-0.04573
-0.04796
-0.04955
-0.05039
-0.05076
-0.05098
-0.051
-0.05049
-0.04926
-0.04768
-0.04653
-0.0459
-0.04489
-0.04303
-0.04044
-0.03752
-0.0346
-0.03189
-0.02948
-0.02737
-0.02539
-0.0235
-0.02164
-0.01905
-0.01463
-0.00827
-0.00118
0.0049
0.00939
0.01319
0.01718
0.02201
0.0282
0.03554
0.04302
0.04964
0.05474
0.05821
0.06088
0.0641
0.06824
0.07281
0.0775
0.08213
0.08625
0.08914
0.09026
0.08976
0.08825
0.08616
0.08378
0.08122
0.07801
0.07336
0.06671
0.05821
0.04869
0.03866
0.02826
0.01756
0.00698
-0.00274
-0.01131
-0.01884
-0.02511
-0.02966
-0.03204
-0.03191
-0.02965
-0.02627
-0.02274
-0.01938
-0.01656
-0.01492
-0.01453
-0.01529
-0.01755
-0.02122
-0.02537
-0.0294
-0.03301
-0.03584
-0.03715
-0.03633
-0.03389
-0.03139
-0.02979
-0.02923
-0.02946
-0.03056
-0.03272
-0.03552
-0.03804
-0.03941
-0.03923
-0.03765
-0.0349
-0.0317
-0.02915
-0.02785
-0.02746
-0.02749
-0.02757
-0.02749
-0.02708
-0.02618
-0.02481
-0.02322
-0.02163
-0.02037
-0.01999
-0.02084
-0.02284
-0.02552
-0.02837
-0.03124
-0.03412
-0.03692
-0.03932
-0.041
-0.04175
-0.04158
-0.04068
-0.03933
-0.03788
-0.03652
-0.03532
-0.03422
-0.03289
-0.03076
-0.02733
-0.02276
-0.01786
-0.01294
-0.00764
-0.00197
0.00363
0.00867
0.01283
0.01606
0.0184
0.02011
0.02161
0.02337
0.02577
0.02904
0.03322
0.03827
0.04395
0.04971
0.05498
0.05926
0.06237
0.0645
0.06603
0.06683
0.06645
0.06463
0.06147
0.05724
0.05257
0.04834
0.04468
0.04144
0.03888
0.03682
0.03425
0.0304
0.02514
0.01879
0.01185
0.00464
-0.00272
-0.0101
-0.01712
-0.02322
-0.02818
-0.03265
-0.03767
-0.04286
-0.04693
-0.04912
-0.04963
-0.04941
-0.04886
-0.04801
-0.0469
-0.04539
-0.04315
-0.03987
-0.03556
-0.03045
-0.02513
-0.02039
-0.01662
-0.01361
-0.01078
-0.00751
-0.00346
0.00103
0.00505
0.00771
0.00873
0.00854
0.00756
0.00604
0.00461
0.0039
0.00384
0.00415
0.00493
0.00626
0.00804
0.01014
0.01211
0.01329
0.01359
0.01354
0.01337
0.01317
0.01319
0.014
0.01612
0.01957
0.02377
0.02796
0.03144
0.03385
0.0354
0.03658
0.03748
0.03802
0.03807
0.03722
0.03505
0.03157
0.02711
0.02209
0.01699
0.0122
0.00777
0.00363
0.00004
-0.00271
-0.00455
-0.00549
-0.00578
-0.00587
-0.00622
-0.00711
-0.00858
-0.01048
-0.01266
-0.01467
-0.01586
-0.01609
-0.01574
-0.01496
-0.01389
-0.0129
-0.01213
-0.01128
-0.00979
-0.00757
-0.00549
-0.00435
-0.0043
-0.00491
-0.00536
-0.00477
-0.00299
-0.00051
0.00281
0.00725
0.01214
0.01651
0.01988
0.02196
0.02254
0.02156
0.01913
0.01542
0.01064
0.00526
0.00014
-0.00372
-0.00573
-0.00613
-0.00581
-0.00528
-0.00483
-0.0049
-0.00558
-0.00651
-0.00778
-0.00957
-0.01146
-0.01306
-0.01463
-0.01655
-0.01888
-0.02125
-0.02321
-0.02454
-0.02499
-0.02442
-0.02319
-0.0219
-0.02067
-0.01913
-0.01679
-0.01331
-0.00879
-0.00378
0.00074
0.00386
0.00561
0.00665
0.00727
0.00758
0.00797
0.00867
0.00947
0.00976
0.00902
0.00724
0.00442
0.00062
-0.00356
-0.00769
-0.01218
-0.01714
-0.02181
-0.02575
-0.02909
-0.03207
-0.03474
-0.03688
-0.03837
-0.03935
-0.04009
-0.04115
-0.04317
-0.04594
-0.04841
-0.0499
-0.05061
-0.05141
-0.05282
-0.05451
-0.05584
-0.056
-0.05428
-0.05037
-0.04477
-0.03855
-0.03279
-0.02765
-0.02272
-0.01777
-0.01321
-0.00959
-0.00659
-0.00341
0.00049
0.00501
0.00947
0.01313
0.01552
0.01678
0.0178
0.01971
0.02265
0.02598
0.02905
0.03119
0.03182
0.03093
0.02912
0.02702
0.02469
0.02178
0.01839
0.01511
0.01198
0.00885
0.00593
0.00383
0.00323
0.00427
0.00652
0.00932
0.01224
0.01516
0.01789
0.02014
0.02164
0.0226
0.02352
0.0243
0.02439
0.02379
0.02299
0.02255
0.0225
0.0223
0.02158
0.0204
0.0192
0.01825
0.01739
0.01609
0.01416
0.01205
0.01004
0.00793
0.00568
0.00339
0.00105
-0.00097
-0.00186
-0.00144
-0.00031
0.00087
0.00173
0.00242
0.00352
0.00545
0.00771
0.00941
0.01008
0.00961
0.00818
0.0062
0.00431
0.00307
0.00236
0.00144
0.00017
-0.00105
-0.00197
-0.00271
-0.00351
-0.00421
-0.00445
-0.00442
-0.00472
-0.00581
-0.00773
-0.00991
-0.0116
-0.01237
-0.01229
-0.0113
-0.00923
-0.00645
-0.00374
-0.00175
-0.0007
-0.00038
-0.00034
-0.00005
0.00075
0.00186
0.00273
0.003
0.00245
0.0008
-0.00177
-0.00436
-0.00614
-0.00702
-0.00762
-0.00871
-0.01042
-0.01256
-0.01474
-0.01632
-0.01696
-0.01704
-0.01701
-0.01699
-0.01694
-0.01689
-0.01705
-0.0176
-0.01848
-0.01903
-0.01838
-0.01618
-0.01261
-0.0082
-0.00386
-0.00044
0.00241
0.00577
0.01026
0.01555
0.02056
0.0246
0.02752
0.02931
0.03028
0.03109
0.03253
0.035
0.03791
0.04026
0.04134
0.04111
0.03995
0.03796
0.03509
0.03136
0.02708
0.02297
0.01978
0.01791
0.01732
0.01776
0.01882
0.02001
0.02083
0.0212
0.02167
0.0231
0.02574
0.02882
0.03106
0.03179
0.03143
0.03037
0.02875
0.02686
0.02467
0.02172
0.018
0.01428
0.0111
0.00896
0.00847
0.00954
0.01121
0.01278
0.01374
0.01357
0.0121
0.0097
0.00679
0.0038
0.00109
-0.00094
-0.00212
-0.00286
-0.0039
-0.00532
-0.00671
-0.00772
-0.00811
-0.00767
-0.00607
-0.0034
-0.00078
0.0004
-0.0006
-0.00319
-0.00614
-0.00891
-0.01158
-0.01436
-0.01734
-0.02027
-0.02263
-0.02383
-0.02355
-0.02189
-0.01938
-0.01648
-0.01353
-0.0109
-0.009
-0.00805
-0.00779
-0.00777
-0.0079
-0.00825
-0.00874
-0.00898
-0.0087
-0.00813
-0.00725
-0.00554
-0.0029
0.0002
0.00333
0.00603
0.00771
0.00805
0.00744
0.00683
0.00718
0.00871
0.01093
0.01312
0.0153
0.01766
0.01982
0.02123
0.02149
0.02038
0.01809
0.01538
0.01314
0.01188
0.01161
0.01212
0.0136
0.016
0.01858
0.02059
0.02164
0.02182
0.02122
0.01961
0.01709
0.0143
0.01155
0.0088
0.00589
0.00263
-0.00098
-0.00471
-0.00831
-0.01191
-0.01556
-0.01898
-0.02216
-0.02532
-0.02828
-0.03054
-0.03166
-0.03187
-0.03202
-0.03271
-0.03395
-0.03537
-0.03659
-0.03738
-0.0376
-0.03693
-0.03476
-0.03101
-0.02639
-0.02144
-0.01658
-0.01244
-0.00921
-0.00635
-0.00346
-0.00043
0.00264
0.0056
0.00828
0.01063
0.0128
0.01513
0.01765
0.01971
0.02062
0.02023
0.01884
0.01695
0.01491
0.01315
0.01217
0.01182
0.0116
0.01159
0.01228
0.01402
0.01634
0.01809
0.01845
0.0171
0.01406
0.00953
0.0039
-0.00245
-0.00885
-0.01434
-0.01833
-0.02087
-0.02204
-0.02187
-0.0204
-0.01816
-0.01634
-0.01585
-0.01702
-0.0197
-0.02329
-0.02705
-0.03064
-0.03382
-0.03593
-0.03669
-0.0368
-0.03697
-0.03733
-0.03758
-0.03713
-0.03549
-0.03285
-0.03005
-0.02772
-0.02598
-0.02458
-0.02324
-0.02186
-0.02039
-0.01872
-0.01664
-0.01408
-0.01114
-0.00779
-0.00395
0.00023
0.00453
0.00888
0.01327
0.01759
0.0215
0.02464
0.02669
0.02752
0.02734
0.02665
0.02598
0.02535
0.02473
0.02433
0.02385
0.02256
0.01993
0.01588
0.01068
0.00454
-0.00226
-0.00935
-0.01628
-0.02264
-0.02824
-0.03309
-0.03705
-0.03992
-0.04152
-0.04199
-0.04178
-0.04117
-0.04039
-0.0399
-0.03995
-0.0401
-0.03971
-0.0382
-0.03536
-0.03156
-0.02755
-0.02375
-0.01996
-0.01579
-0.01126
-0.00715
-0.00379
-0.0007
0.00225
0.00468
0.00613
0.00659
0.00662
0.00656
0.00651
0.00657
0.00697
0.00789
0.00922
0.01057
0.01158
0.01204
0.01174
0.01028
0.00752
0.0041
0.00087
-0.002
-0.00453
-0.00651
-0.00762
-0.00758
-0.00617
-0.00359
-0.00058
0.00227
0.00453
0.00595
0.00677
0.00761
0.00854
0.00916
0.00928
0.00895
0.00824
0.0074
0.00684
0.00655
0.00643
0.00673
0.00781
0.00956
0.01109
0.01131
0.01007
0.00797
0.00566
0.00309
-0.00003
-0.0034
-0.00663
-0.00975
-0.01273
-0.01518
-0.01671
-0.01732
-0.01759
-0.01783
-0.01774
-0.01669
-0.01423
-0.01056
-0.00626
-0.00202
0.00169
0.00463
0.00688
0.00861
0.00998
0.01089
0.01128
0.01149
0.01205
0.01334
0.01531
0.01787
0.02151
0.02632
0.03119
0.03495
0.03707
0.03746
0.03632
0.03387
0.03027
0.02548
0.01922
0.01182
0.00486
0
-0.00229
-0.00267
-0.0023
-0.00162
-0.00084
-0.00046
-0.00088
-0.00212
-0.00411
-0.00659
-0.00926
-0.01203
-0.01507
-0.01857
-0.02239
-0.026
-0.02894
-0.03101
-0.03198
-0.03163
-0.02985
-0.02709
-0.02411
-0.02082
-0.01686
-0.01287
-0.00956
-0.00659
-0.00344
-0.00011
0.00287
0.00458
0.00438
0.0029
0.00177
0.00154
0.00191
0.00276
0.00407
0.0057
0.00757
0.00949
0.01105
0.01214
0.01296
0.01321
0.01224
0.01025
0.00819
0.00697
0.00675
0.00696
0.00722
0.00733
0.007
0.00595
0.00422
0.00254
0.00174
0.00191
0.00286
0.00438
0.0059
0.00688
0.0076
0.00843
0.00913
0.00947
0.00937
0.00859
0.00701
0.00499
0.00322
0.00221
0.0018
0.00161
0.00191
0.00329
0.0059
0.0088
0.01074
0.01149
0.01154
0.01145
0.01148
0.01166
0.0119
0.01203
0.01182
0.01115
0.01017
0.00946
0.00953
0.01032
0.01134
0.01197
0.01202
0.01157
0.01067
0.00966
0.00922
0.00972
0.01115
0.01327
0.01566
0.01779
0.01942
0.0204
0.02043
0.01945
0.01797
0.0165
0.01535
0.01472
0.01453
0.01439
0.01395
0.01317
0.01231
0.01156
0.0108
0.01007
0.00969
0.00958
0.00927
0.00854
0.0076
0.00697
0.00683
0.00697
0.00719
0.00729
0.00698
0.00593
0.00416
0.0022
0.0005
-0.00117
-0.00314
-0.00524
-0.00686
-0.00752
-0.0075
-0.00739
-0.00758
-0.00826
-0.0094
-0.01065
-0.01171
-0.01264
-0.01378
-0.01527
-0.01659
-0.01745
-0.01842
-0.01982
-0.02129
-0.02227
-0.02224
-0.0209
-0.01829
-0.01474
-0.01046
-0.00608
-0.00281
-0.00128
-0.00086
-0.00081
-0.00067
-0.00036
-0.00012
-0.00024
-0.00094
-0.00204
-0.00283
-0.00253
-0.00089
0.00176
0.00471
0.00768
0.01061
0.01331
0.01538
0.01652
0.01679
0.01652
0.01573
0.01453
0.01335
0.01251
0.01205
0.01179
0.01167
0.01201
0.01316
0.01494
0.01644
0.01676
0.01584
0.01404
0.01183
0.00958
0.00745
0.00537
0.00362
0.00271
0.00247
0.00215
0.00141
0.00046
-0.0002
-0.00039
-0.00023
0.00034
0.00144
0.00313
0.00558
0.00875
0.01214
0.01528
0.01834
0.02147
0.02433
0.02616
0.02627
0.02461
0.02186
0.01923
0.01758
0.0171
0.01731
0.01747
0.0171
0.01591
0.01398
0.01183
0.00985
0.00781
0.00564
0.00344
0.00115
-0.00119
-0.00307
-0.00424
-0.005
-0.00577
-0.00662
-0.00718
-0.00728
-0.00737
-0.00794
-0.00919
-0.01076
-0.01205
-0.01248
-0.01183
-0.01043
-0.00897
-0.00829
-0.00886
-0.01027
-0.01141
-0.01148
-0.01051
-0.00917
-0.00806
-0.00726
-0.00659
-0.00607
-0.00622
-0.00723
-0.0086
-0.01
-0.01141
-0.01289
-0.01441
-0.01578
-0.01671
-0.01705
-0.01699
-0.01693
-0.01726
-0.01821
-0.01968
-0.02119
-0.02251
-0.02409
-0.02582
-0.02679
-0.02661
-0.02542
-0.02322
-0.01987
-0.0154
-0.01022
-0.00495
0
0.004
0.00633
0.00739
0.00843
0.00977
0.01102
0.01196
0.01276
0.01364
0.01429
0.01428
0.01363
0.01278
0.01215
0.01162
0.01079
0.0095
0.00761
0.00492
0.00159
-0.00177
-0.00459
-0.00689
-0.00933
-0.01205
-0.0145
-0.01624
-0.01733
-0.01821
-0.01871
-0.01811
-0.01624
-0.01354
-0.01062
-0.00807
-0.00631
-0.00548
-0.00532
-0.00535
-0.00505
-0.00397
-0.00196
0.00072
0.00362
0.00622
0.0081
0.00915
0.00957
0.00959
0.00936
0.00889
0.00827
0.00751
0.00619
0.00394
0.00115
-0.0017
-0.00446
-0.00726
-0.01033
-0.01384
-0.01769
-0.02149
-0.02506
-0.02825
-0.03058
-0.03195
-0.03286
-0.03318
-0.0322
-0.02984
-0.02685
-0.02401
-0.02128
-0.01813
-0.01503
-0.01299
-0.01243
-0.01326
-0.01493
-0.01646
-0.01693
-0.01633
-0.01512
-0.01354
-0.01151
-0.00893
-0.00619
-0.00397
-0.00277
-0.00244
-0.00237
-0.00238
-0.00268
-0.00338
-0.00422
-0.00467
-0.00467
-0.00454
-0.00458
-0.00503
-0.00592
-0.0069
-0.00747
-0.00739
-0.00652
-0.00486
-0.00283
-0.00109
0.00043
0.0022
0.00437
0.00664
0.00852
0.01005
0.01165
0.0137
0.01634
0.01957
0.0236
0.02843
0.03356
0.03847
0.04275
0.04557
0.04604
0.04404
0.04034
0.03617
0.03239
0.02932
0.02705
0.02563
0.02513
0.02553
0.0264
0.02709
0.02705
0.02618
0.02481
0.02341
0.02217
0.02097
0.01951
0.01751
0.01493
0.01223
0.01011
0.00873
0.00732
0.00465
0.00059
-0.00379
-0.00765
-0.01062
-0.01262
-0.01367
-0.01388
-0.0134
-0.01261
-0.01199
-0.01178
-0.01191
-0.01249
-0.01364
-0.01519
-0.01677
-0.0179
-0.01815
-0.01744
-0.01627
-0.01523
-0.01437
-0.01331
-0.01181
-0.01033
-0.00931
-0.0085
-0.00778
-0.00738
-0.00719
-0.00679
-0.00607
-0.0053
-0.00481
-0.00433
-0.00316
-0.0009
0.00238
0.00611
0.00939
0.01143
0.01214
0.01196
0.01134
0.01066
0.01012
0.0094
0.00828
0.00707
0.00612
0.00544
0.00466
0.00347
0.00214
0.00114
0.00065
0.00048
0.00029
0.00013
0.0004
0.00159
0.0037
0.00602
0.00745
0.00725
0.00562
0.00334
0.00132
-0.00019
-0.00125
-0.00177
-0.00177
-0.00157
-0.00158
-0.0022
-0.00376
-0.006
-0.00809
-0.00965
-0.01071
-0.01124
-0.01143
-0.01172
-0.01237
-0.01323
-0.01385
-0.01401
-0.01411
-0.01463
-0.01572
-0.01704
-0.0181
-0.01876
-0.01938
-0.02048
-0.02191
-0.02298
-0.02307
-0.02208
-0.02044
-0.01831
-0.01578
-0.01316
-0.01082
-0.0088
-0.0067
-0.00407
-0.00109
0.00162
0.00353
0.00454
0.00509
0.00578
0.00697
0.0085
0.01006
0.01142
0.01241
0.01292
0.01288
0.01208
0.01029
0.00776
0.00505
0.00228
-0.00084
-0.00463
-0.009
-0.01337
-0.0171
-0.01971
-0.02103
-0.02134
-0.02116
-0.02058
-0.01955
-0.01829
-0.01701
-0.01571
-0.01423
-0.01238
-0.01012
-0.00784
-0.00615
-0.00515
-0.00428
-0.0029
-0.00093
0.00105
0.00284
0.00478
0.00686
0.00849
0.00895
0.00838
0.00787
0.00778
0.00787
0.00795
0.00797
0.00799
0.00804
0.00809
0.00799
0.00756
0.00679
0.006
0.00559
0.0055
0.00549
0.0055
0.00558
0.00574
0.0058
0.00545
0.00445
0.00298
0.00178
0.00153
0.00237
0.00389
0.00551
0.00689
0.00769
0.00769
0.007
0.00605
0.00537
0.0052
0.00555
0.00652
0.00795
0.00919
0.00949
0.00861
0.00718
0.00627
0.00656
0.00787
0.00938
0.01069
0.01187
0.01331
0.0155
0.01861
0.02223
0.02567
0.02877
0.03144
0.03331
0.03393
0.03315
0.03121
0.02858
0.02573
0.02296
0.02042
0.01818
0.01612
0.01397
0.01172
0.00962
0.00746
0.00491
0.00201
-0.00095
-0.00374
-0.00612
-0.00799
-0.00945
-0.01058
-0.01127
-0.01154
-0.01146
-0.01089
-0.0097
-0.00808
-0.00639
-0.00514
-0.00499
-0.00627
-0.00858
-0.01106
-0.01272
-0.01306
-0.01221
-0.01062
-0.00871
-0.00675
-0.00518
-0.00436
-0.00412
-0.00424
-0.00505
-0.00689
-0.00979
-0.01332
-0.01654
-0.01846
-0.01893
-0.01865
-0.01783
-0.01655
-0.01529
-0.01474
-0.01535
-0.01685
-0.01836
-0.01904
-0.01824
-0.01567
-0.01156
-0.00649
-0.00076
0.00493
0.00939
0.01222
0.01395
0.01487
0.01497
0.0143
0.01305
0.01162
0.01029
0.00922
0.00845
0.00776
0.00692
0.00617
0.00589
0.00592
0.00573
0.00479
0.00288
0.00017
-0.00285
-0.00556
-0.00733
-0.00784
-0.00725
-0.00606
-0.00472
-0.00325
-0.00143
0.00074
0.00294
0.0048
0.00632
0.00749
0.00809
0.00786
0.00661
0.00423
0.00096
-0.00248
-0.00506
-0.00614
-0.00616
-0.00604
-0.0063
-0.00701
-0.00795
-0.00863
-0.00881
-0.00883
-0.00923
-0.01024
-0.01163
-0.01293
-0.01379
-0.01414
-0.01393
-0.01283
-0.01052
-0.0072
-0.00339
0.00044
0.0041
0.00731
0.00936
0.01003
0.0102
0.01077
0.01198
0.01349
0.01471
0.01532
0.01546
0.01554
0.01567
0.01553
0.01471
0.01303
0.01083
0.00864
0.00685
0.00533
0.0038
0.00232
0.00127
0.00105
0.00174
0.00301
0.00427
0.00509
0.00552
0.00608
0.00739
0.00958
0.01242
0.01552
0.01856
0.02123
0.02311
0.02398
0.02399
0.02356
0.02288
0.02136
0.01859
0.01508
0.01175
0.0093
0.00773
0.00678
0.00638
0.00627
0.00582
0.00455
0.0025
0.00023
-0.00188
-0.00385
-0.00543
-0.0064
-0.00714
-0.00792
-0.00863
-0.00939
-0.0105
-0.01181
-0.01297
-0.01381
-0.01445
-0.01498
-0.01506
-0.01458
-0.01395
-0.01335
-0.01248
-0.0113
-0.00996
-0.00837
-0.00636
-0.00402
-0.00184
-0.00037
0.00038
0.0009
0.00178
0.00313
0.00468
0.00623
0.00772
0.00905
0.01007
0.01064
0.01075
0.0104
0.00951
0.00825
0.00713
0.00638
0.0058
0.00492
0.00361
0.00229
0.00139
0.00099
0.00084
0.00075
0.00085
0.00141
0.00254
0.00391
0.00501
0.00552
0.0056
0.00566
0.00586
0.00602
0.00576
0.00474
0.00311
0.00167
0.00109
0.00102
0.00072
-0.00016
-0.00155
-0.00309
-0.0046
-0.00605
-0.00736
-0.0084
-0.00901
-0.00909
-0.00845
-0.00689
-0.00471
-0.00269
-0.00109
0.00006
0.00062
0.00062
0.0004
0.00039
0.00103
0.00262
0.00486
0.00689
0.00835
0.00935
0.01007
0.01078
0.01176
0.01271
0.01296
0.01231
0.01103
0.00965
0.00848
0.00739
0.00592
0.00349
-0.00013
-0.00417
-0.00737
-0.0097
-0.01189
-0.01398
-0.01574
-0.01715
-0.0181
-0.01854
-0.01868
-0.01874
-0.01874
-0.01861
-0.01842
-0.01846
-0.01916
-0.02071
-0.02261
-0.02385
-0.02406
-0.0233
-0.02147
-0.01894
-0.01667
-0.01513
-0.01395
-0.01223
-0.00971
-0.00721
-0.00542
-0.0042
-0.00271
-0.00037
0.00245
0.00531
0.00815
0.01112
0.01442
0.01795
0.02122
0.02364
0.02535
0.02686
0.02827
0.02936
0.02992
0.03004
0.03006
0.03014
0.03026
0.03024
0.02978
0.02864
0.02678
0.02425
0.02106
0.01708
0.01249
0.00813
0.00484
0.00271
0.00153
0.00116
0.00158
0.00267
0.00414
0.00563
0.00672
0.00702
0.00653
0.00573
0.00504
0.00451
0.00437
0.00483
0.00546
0.00573
0.00572
0.00564
0.00557
0.00555
0.00559
0.0057
0.00583
0.00579
0.00525
0.00393
0.0018
-0.00093
-0.00392
-0.0069
-0.00962
-0.01172
-0.01298
-0.01352
-0.01366
-0.01379
-0.014
-0.01413
-0.01387
-0.01297
-0.01152
-0.01003
-0.00873
-0.00714
-0.00515
-0.0034
-0.00192
-0.0002
0.00217
0.00504
0.00772
0.00953
0.01025
0.01032
0.01027
0.01028
0.01037
0.01048
0.01061
0.01068
0.01057
0.01008
0.00911
0.00782
0.00643
0.0049
0.00309
0.00096
-0.00128
-0.00344
-0.00565
-0.00785
-0.00974
-0.01134
-0.0131
-0.01521
-0.01746
-0.01945
-0.02115
-0.02286
-0.0245
-0.0255
-0.0251
-0.02305
-0.01991
-0.01641
-0.01295
-0.00936
-0.0056
-0.0021
0.00082
0.00309
0.0047
0.00604
0.00767
0.0093
0.01019
0.01038
0.01035
0.0103
0.01029
0.01031
0.01039
0.01052
0.01058
0.01029
0.00927
0.00727
0.00431
0.00068
-0.00306
-0.00627
-0.00875
-0.01067
-0.01215
-0.01296
-0.01277
-0.01161
-0.00992
-0.00796
-0.00595
-0.00427
-0.00294
-0.00195
-0.00197
-0.00316
-0.00421
-0.00416
-0.00323
-0.00177
0.00006
0.00227
0.00461
0.00648
0.00751
0.00764
0.00697
0.00571
0.00423
0.00279
0.00163
0.00093
0.00071
0.00068
0.00063
0.00054
0.00047
0.00048
0.00061
0.00072
0.00058
-0.00009
-0.00133
-0.00274
-0.00383
-0.00431
-0.00429
-0.00414
-0.00415
-0.00454
-0.00547
-0.00682
-0.00828
-0.00974
-0.0112
-0.01256
-0.01365
-0.01425
-0.01429
-0.0137
-0.01242
-0.01079
-0.00935
-0.0079
-0.0062
-0.00486
-0.00441
-0.00463
-0.0053
-0.00617
-0.00673
-0.00664
-0.00603
-0.00517
-0.00415
-0.00274
-0.00107
0.00007
0.00039
0.00038
0.00032
0.00021
0.0001
0.00015
0.00066
0.00185
0.00343
0.00469
0.00546
0.00639
0.00773
0.00907
0.01
0.01031
0.01005
0.00931
0.00838
0.00786
0.00818
0.00901
0.00945
0.00866
0.00668
0.00429
0.00221
0.00061
-0.00083
-0.00225
-0.00345
-0.00417
-0.00439
-0.00445
-0.00456
-0.00473
-0.00477
-0.00439
-0.00342
-0.00209
-0.00095
-0.00024
0.00026
0.00111
0.00246
0.00391
0.00498
0.00542
0.00513
0.00408
0.00248
0.00108
0.00054
0.0005
0.00017
-0.00083
-0.00229
-0.00361
-0.00439
-0.00461
-0.00461
-0.00461
-0.00462
-0.00457
-0.00449
-0.00456
-0.00506
-0.00614
-0.00754
-0.00874
-0.00939
-0.00952
-0.00949
-0.0095
-0.00956
-0.00961
-0.00961
-0.00956
-0.00954
-0.00964
-0.00984
-0.00996
-0.00963
-0.00855
-0.00686
-0.00536
-0.00471
-0.00472
-0.00498
-0.00524
-0.00519
-0.00448
-0.00292
-0.001
0.00027
0.00046
-0.00028
-0.00185
-0.00375
-0.00497
-0.00506
-0.00427
-0.00282
-0.00124
-0.00036
-0.00019
0.0002
0.00138
0.0031
0.00462
0.00579
0.00716
0.00869
0.01012
0.0117
0.01326
0.0141
0.01434
0.0149
0.01631
0.01817
0.01947
0.01983
0.01953
0.01869
0.01742
0.01613
0.01521
0.01481
0.01477
0.0148
0.01478
0.01472
0.01465
0.01457
0.01454
0.01459
0.01474
0.01491
0.01485
0.01424
0.01292
0.01128
0.01007
0.00923
0.00814
0.00681
0.00574
0.00525
0.00511
0.00464
0.00344
0.00174
0.00024
-0.00093
-0.00228
-0.00379
-0.00519
-0.00679
-0.0085
-0.00956
-0.00984
-0.00988
-0.00995
-0.00995
-0.00972
-0.00922
-0.00871
-0.0087
-0.00929
-0.00986
-0.01002
-0.00997
-0.00993
-0.00996
-0.01002
-0.01003
-0.00993
-0.00977
-0.00974
-0.01014
-0.01106
-0.01218
-0.0126
-0.01183
-0.01076
-0.01028
-0.00992
-0.00895
-0.00734
-0.00584
-0.00516
-0.00513
-0.00536
-0.00559
-0.00554
-0.00486
-0.00332
-0.00128
0.00055
0.00211
0.00386
0.00598
0.00805
0.00934
0.00957
0.00901
0.00779
0.0062
0.00476
0.00341
0.00175
0.00033
-0.00015
0.00009
0.00031
-0.00027
-0.00225
-0.00552
-0.00898
-0.01168
-0.01354
-0.01492
-0.01624
-0.01769
-0.01928
-0.02095
-0.02256
-0.02386
-0.02457
-0.02466
-0.02446
-0.02448
-0.02512
-0.02655
-0.02832
-0.0295
-0.02977
-0.02973
-0.02981
-0.02994
-0.02981
-0.02909
-0.02771
-0.02614
-0.02481
-0.02333
-0.02144
-0.01956
-0.01784
-0.01596
-0.0139
-0.01208
-0.01105
-0.0106
-0.00986
-0.00858
-0.00753
-0.0078
-0.00923
-0.01026
-0.01035
-0.01008
-0.01011
-0.01091
-0.01261
-0.01472
-0.01659
-0.01825
-0.02006
-0.022
-0.02368
-0.02476
-0.02565
-0.0269
-0.02833
-0.02948
-0.02994
-0.02954
-0.02826
-0.02607
-0.02298
-0.01916
-0.01488
-0.01054
-0.00643
-0.00271
0.00071
0.00434
0.00868
0.01362
0.01849
0.02266
0.02626
0.02993
0.03367
0.03709
0.03994
0.04191
0.04283
0.04307
0.04321
0.04333
0.04312
0.04214
0.04025
0.03767
0.03477
0.03189
0.02913
0.02647
0.02375
0.02068
0.017
0.01276
0.00861
0.00533
0.00278
0.00072
-0.00023
0.00033
0.00181
0.00335
0.0044
0.00512
0.0055
0.00505
0.00379
0.00226
0.00085
-0.00022
-0.00075
-0.00083
-0.00073
-0.00062
-0.00063
-0.00102
-0.00199
-0.00345
-0.00489
-0.00612
-0.00768
-0.0097
-0.01159
-0.01328
-0.01506
-0.01705
-0.01893
-0.02038
-0.02167
-0.02322
-0.02477
-0.02613
-0.02764
-0.02905
-0.02983
-0.03034
-0.03122
-0.03242
-0.03303
-0.03228
-0.03098
-0.03041
-0.03059
-0.03089
-0.03061
-0.02925
-0.02685
-0.02424
-0.02223
-0.02094
-0.01971
-0.01787
-0.01572
-0.01385
-0.01243
-0.01152
-0.01115
-0.01109
-0.01109
-0.01105
-0.011
-0.01096
-0.01095
-0.01096
-0.01098
-0.011
-0.01101
-0.01102
-0.011
-0.01099
-0.01099
-0.01102
-0.01108
-0.01114
-0.01112
-0.01096
-0.01074
-0.01074
-0.01136
-0.01278
-0.01457
-0.01576
-0.01603
-0.01591
-0.01579
-0.01576
-0.01587
-0.01611
-0.01636
-0.01637
-0.01574
-0.01422
-0.01216
-0.01034
-0.00891
-0.00736
-0.00522
-0.00248
0.0004
0.0029
0.00477
0.00607
0.00708
0.00803
0.00927
0.01093
0.0124
0.01303
0.01312
0.01318
0.01337
0.01343
0.01291
0.01149
0.00946
0.00755
0.00596
0.00427
0.00221
-0.00002
-0.00201
-0.00369
-0.00545
-0.00743
-0.00939
-0.01094
-0.01222
-0.01376
-0.01524
-0.01609
-0.01643
-0.01648
-0.01602
-0.01482
-0.01313
-0.01179
-0.01133
-0.01144
-0.0117
-0.0119
-0.01172
-0.01084
-0.00923
-0.00752
-0.00663
-0.00657
-0.00677
-0.00689
-0.00676
-0.00632
-0.00566
-0.00518
-0.00533
-0.00599
-0.00641
-0.00646
-0.00664
-0.00739
-0.00871
-0.01011
-0.01109
-0.01147
-0.01142
-0.01129
-0.0113
-0.01155
-0.01193
-0.01209
-0.01145
-0.00957
-0.00679
-0.00424
-0.00275
-0.00231
-0.00211
-0.0013
0.00028
0.00202
0.00327
0.00435
0.00576
0.00767
0.01068
0.01497
0.01911
0.02177
0.02349
0.02493
0.02597
0.02613
0.02532
0.02411
0.0248
0.02446
0.02438
0.02413
0.02362
0.02321
0.02326
0.02346
0.02323
0.02269
0.02207
0.02114
0.01989
0.01873
0.01788
0.01729
0.01675
0.01643
0.01663
0.01714
0.01767
0.01854
0.02003
0.02181
0.02329
0.02384
0.02304
0.02145
0.02036
0.0202
0.02045
0.02073
0.0208
0.0204
0.01938
0.01787
0.01641
0.0152
0.01381
0.01221
0.01101
0.01015
0.00934
0.00875
0.00856
0.00855
0.00855
0.00856
0.00858
0.00861
0.00862
0.00856
0.00844
0.00843
0.00878
0.0097
0.01104
0.01233
0.01321
0.01358
0.0135
0.01295
0.01189
0.01058
0.00954
0.00907
0.00899
0.00875
0.00804
0.00709
0.00651
0.00674
0.00757
0.00839
0.00871
0.00859
0.00848
0.00879
0.00973
0.01111
0.01241
0.01351
0.01512
0.01752
0.02011
0.02235
0.02408
0.02537
0.02626
0.02665
0.02666
0.02658
0.02658
0.0267
0.02683
0.0267
0.02598
0.02458
0.02296
0.02196
0.02165
0.02116
0.01999
0.01837
0.01704
0.01614
0.01512
0.01391
0.0129
0.0123
0.01176
0.01066
0.00877
0.00649
0.00451
0.0033
0.00282
0.00277
0.00277
0.0027
0.00259
0.00253
0.00254
0.0026
0.00262
0.0025
0.00228
0.00218
0.00257
0.00372
0.00538
0.00667
0.007
0.00647
0.00527
0.00382
0.00285
0.00262
0.00245
0.0016
-0.00006
-0.002
-0.00363
-0.00482
-0.00556
-0.00585
-0.00585
-0.00579
-0.0058
-0.00588
-0.00601
-0.00603
-0.00573
-0.00491
-0.00372
-0.00262
-0.00199
-0.0018
-0.00163
-0.00096
0.0003
0.00166
0.00254
0.00315
0.00404
0.00531
0.00682
0.00835
0.00965
0.01071
0.01195
0.01325
0.01384
0.01353
0.0128
0.01208
0.01146
0.01076
0.0101
0.00981
0.00983
0.00983
0.00945
0.00847
0.00706
0.00588
0.00542
0.00541
0.00546
0.00535
0.00511
0.00489
0.00499
0.00568
0.00688
0.00802
0.00852
0.00848
0.00829
0.00814
0.00811
0.00817
0.00828
0.00826
0.00787
0.00695
0.0057
0.00469
0.00427
0.00404
0.00345
0.00237
0.00114
0.00005
-0.00107
-0.00216
-0.00275
-0.00291
-0.00325
-0.00411
-0.0053
-0.00634
-0.00724
-0.00824
-0.00907
-0.00944
-0.00953
-0.00946
-0.00905
-0.00811
-0.00674
-0.0054
-0.00429
-0.00314
-0.00177
-0.00026
0.00109
0.00216
0.0032
0.0044
0.00577
0.00714
0.00847
0.00987
0.0112
0.01211
0.01249
0.01253
0.01245
0.01236
0.01212
0.01159
0.01074
0.00975
0.00879
0.00785
0.00681
0.00557
0.00418
0.00293
0.00223
0.00206
0.00204
0.00197
0.00186
0.00176
0.00173
0.00176
0.00174
0.0015
0.00093
0.00011
-0.00064
-0.00113
-0.00134
-0.00142
-0.00145
-0.00132
-0.00097
-0.00048
-0.0002
-0.00034
-0.00082
-0.00135
-0.00166
-0.00169
-0.00143
-0.00088
-0.00017
0.00039
0.00062
0.00063
0.00073
0.00122
0.00203
0.00277
0.00305
0.00297
0.00279
0.00263
0.00257
0.0027
0.00301
0.00336
0.0035
0.00339
0.0032
0.0031
0.00319
0.00348
0.00382
0.00395
0.00383
0.00351
0.00303
0.00253
0.0022
0.00205
0.00194
0.00189
0.00194
0.00212
0.00234
0.00253
0.00272
0.00291
0.00297
0.0029
0.00286
0.00296
0.00312
0.00324
0.00335
0.00361
0.00397
0.00424
0.0043
0.00417
0.00398
0.00376
0.00347
0.00306
0.00259
0.00216
0.00172
0.00117
0.00056
0.00003
-0.00039
-0.00076
-0.00116
-0.00148
-0.00166
-0.0018
-0.00206
-0.0025
-0.00306
-0.00363
-0.00412
-0.00449
-0.00474
-0.00496
-0.00522
-0.00546
-0.00572
-0.00607
-0.00646
-0.00671
-0.00672
-0.00662
-0.00664
-0.00683
-0.00705
-0.00728
-0.00748
-0.00754
-0.00742
-0.00721
-0.00702
-0.00685
-0.00662
-0.0063
-0.00599
-0.00579
-0.00572
-0.00573
-0.00575
-0.00574
-0.00573
-0.00574
-0.00577
-0.00582
-0.00583
-0.00573
-0.00546
-0.00506
-0.00465
-0.00436
-0.00421
-0.0041
-0.00391
-0.00366
-0.00351
-0.00354
-0.00364
-0.00373
-0.00379
-0.00383
-0.0039
-0.00404
-0.00431
-0.00464
-0.00489
-0.005
-0.00505
-0.00515
-0.00534
-0.00557
-0.0058
-0.00601
-0.00619
-0.00636
-0.00654
-0.00675
-0.00697
-0.00716
-0.00729
-0.00739
-0.0075
-0.00758
-0.00761
-0.00763
-0.00769
-0.00772
-0.00772
-0.00769
-0.00766
-0.0076
-0.00748
-0.00732
-0.00714
-0.00692
-0.0067
-0.00653
-0.0064
-0.00625
-0.00607
-0.00587
-0.00565
-0.00544
-0.00525
-0.00507
-0.0049
-0.00476
-0.00464
-0.00453
-0.00439
-0.00425
-0.00413
-0.00405
-0.004
-0.00397
-0.00398
-0.004
-0.00403
-0.00408
-0.00412
-0.00416
-0.00423
-0.00432
-0.0044
-0.00448
-0.00455
-0.0046
-0.00461
-0.00461
-0.00459
-0.00458
-0.00457
-0.00453
-0.00448
-0.00441
-0.00435
-0.0043
-0.00427
-0.00424
-0.0042
-0.00415
-0.0041
-0.00405
-0.004
-0.00395
-0.0039
-0.00384
-0.00379
-0.00374
-0.00369
-0.00363
-0.00358
-0.00353
-0.00347
-0.00342
-0.00336
-0.00331
-0.00326
-0.00321
-0.00317
-0.00312
-0.00305
-0.00299
-0.00292
-0.00286
-0.00281
-0.00275
-0.00269
-0.00263
-0.00258
-0.00252
-0.00247
-0.00243
-0.00238
-0.00233
-0.00228
-0.00222
-0.00216
-0.00209
-0.00203
-0.00197
-0.00191
-0.00184
-0.00178
-0.00172
-0.00166
-0.00159
-0.00153
-0.00147
-0.00141
-0.00134
-0.00128
-0.00121
-0.00115
-0.00108
-0.00102
-0.00096
-0.00089
-0.00083
-0.00077
-0.00072
-0.00066
-0.0006
-0.00055
-0.00049
-0.00043
-0.00037
-0.00032
-0.00026
-0.0002
-0.00015
-0.00009
-0.00003
0.00002
0.00008
0.00014
0.00019
0.00025
0.0003
0.00036
0.00042
0.00047
0.00053
0.00058
0.00064
0.0007
0.00075
0.00081
0.00086
0.00092
0.00097
0.00102
0.00108
0.00113
0.00119
0.00124
0.00129
0.00135
0.0014
0.00145
0.0015
0.00156
0.00161
0.00166
0.00171
0.00176
0.00181
0.00187
0.00192
0.00197
0.00202
0.00207
0.00212