0.005
-0.0107
-0.01066
-0.01063
-0.0106
-0.01057
-0.01053
-0.0105
-0.01047
-0.01043
-0.0104
-0.01036
-0.01032
-0.01028
-0.01025
-0.01022
-0.0102
-0.01017
-0.01014
-0.01011
-0.01008
-0.01004
-0.01
-0.00993
-0.00987
-0.00982
-0.00981
-0.00982
-0.00982
-0.0098
-0.00977
-0.00973
-0.00966
-0.0096
-0.00959
-0.00959
-0.00952
-0.0094
-0.00929
-0.00922
-0.00919
-0.00922
-0.00929
-0.00934
-0.00934
-0.00932
-0.00929
-0.00925
-0.00923
-0.00921
-0.00916
-0.00903
-0.00883
-0.00867
-0.00873
-0.00892
-0.00901
-0.00898
-0.00893
-0.00883
-0.00863
-0.00838
-0.00818
-0.00811
-0.00809
-0.00801
-0.00779
-0.00762
-0.00768
-0.00779
-0.00781
-0.00787
-0.00807
-0.00832
-0.00847
-0.00848
-0.00846
-0.00839
-0.00816
-0.0078
-0.00745
-0.00723
-0.00715
-0.00712
-0.00706
-0.007
-0.00708
-0.00738
-0.00778
-0.00797
-0.00774
-0.0073
-0.00678
-0.00606
-0.00532
-0.00498
-0.00492
-0.00488
-0.00481
-0.00467
-0.00455
-0.00478
-0.00544
-0.00594
-0.0061
-0.00637
-0.00656
-0.00626
-0.00584
-0.00563
-0.00532
-0.00471
-0.00403
-0.00357
-0.00341
-0.00336
-0.0033
-0.0032
-0.00307
-0.00304
-0.0033
-0.00371
-0.00389
-0.00387
-0.00373
-0.0033
-0.00276
-0.00274
-0.00352
-0.00479
-0.00598
-0.0067
-0.00703
-0.0068
-0.00564
-0.00346
-0.00048
0.00258
0.00479
0.00562
0.00552
0.0049
0.0038
0.00233
0.00113
0.0011
0.00244
0.00366
0.0041
0.00468
0.00562
0.00599
0.00495
0.00272
0.0005
-0.00158
-0.00406
-0.00638
-0.00752
-0.00739
-0.00637
-0.00464
-0.00221
0.00062
0.00286
0.00416
0.00517
0.00633
0.00753
0.00832
0.00849
0.0084
0.00897
0.01082
0.01295
0.01429
0.01482
0.01506
0.01523
0.01499
0.01424
0.01371
0.01386
0.01417
0.01361
0.01186
0.01003
0.00877
0.00772
0.00693
0.00676
0.00689
0.00712
0.00782
0.00938
0.01173
0.01399
0.01545
0.01614
0.01611
0.01528
0.01402
0.0129
0.0124
0.01241
0.01251
0.01288
0.0141
0.01628
0.01879
0.02074
0.02211
0.02357
0.02533
0.0263
0.02523
0.02334
0.02265
0.02241
0.02156
0.02077
0.021
0.02225
0.02345
0.02369
0.02341
0.02405
0.0263
0.02779
0.02619
0.02302
0.02028
0.01845
0.01742
0.01725
0.01784
0.01939
0.02242
0.02713
0.03268
0.03663
0.03737
0.03577
0.03253
0.02765
0.02233
0.01778
0.01412
0.01179
0.01169
0.01383
0.0179
0.02314
0.0286
0.03355
0.03814
0.04235
0.04499
0.04568
0.04568
0.04496
0.0429
0.04105
0.04029
0.03902
0.0365
0.03347
0.03
0.02618
0.02321
0.0214
0.01999
0.01938
0.02021
0.02125
0.02152
0.02141
0.0214
0.02146
0.02149
0.02152
0.02155
0.02156
0.02156
0.02197
0.02333
0.02571
0.02843
0.03043
0.03128
0.03166
0.03308
0.03543
0.03681
0.03617
0.03372
0.03064
0.02781
0.02568
0.02491
0.02571
0.02702
0.02909
0.03325
0.03782
0.03966
0.03917
0.03746
0.03442
0.0308
0.02826
0.02714
0.02719
0.0286
0.03126
0.0343
0.03722
0.0401
0.04309
0.04579
0.04728
0.04659
0.04315
0.03805
0.03247
0.02728
0.0234
0.02127
0.01999
0.01862
0.01752
0.01834
0.02233
0.02808
0.03422
0.04093
0.04721
0.05099
0.05244
0.05237
0.05003
0.04495
0.03879
0.03318
0.02862
0.0249
0.02192
0.01973
0.01855
0.01834
0.01765
0.01511
0.01157
0.00981
0.01189
0.0158
0.01935
0.02353
0.02854
0.03214
0.03276
0.03057
0.02746
0.02444
0.02146
0.01926
0.01853
0.01798
0.01719
0.0179
0.02056
0.02376
0.0263
0.02786
0.02861
0.02857
0.0276
0.02603
0.02467
0.02452
0.0257
0.02732
0.02884
0.03023
0.03123
0.03124
0.02977
0.02637
0.02121
0.0162
0.01305
0.01175
0.01205
0.01409
0.01761
0.02166
0.02432
0.02401
0.02089
0.01699
0.01369
0.01019
0.00651
0.00439
0.00508
0.00875
0.01408
0.01951
0.02375
0.02653
0.02832
0.02906
0.02767
0.02361
0.0187
0.01575
0.01485
0.01481
0.01529
0.01714
0.02077
0.02408
0.02506
0.02489
0.02446
0.02294
0.01999
0.01582
0.01077
0.00543
0.00107
-0.00152
-0.00222
-0.00089
0.00318
0.01
0.01828
0.02624
0.03284
0.03742
0.03969
0.03988
0.03888
0.03723
0.03457
0.03046
0.02497
0.01899
0.01341
0.00883
0.00556
0.00394
0.00404
0.00602
0.00965
0.01345
0.01689
0.02086
0.02382
0.02261
0.01729
0.00883
-0.00222
-0.01418
-0.02398
-0.03012
-0.03238
-0.03068
-0.02302
-0.00832
0.00929
0.02411
0.0349
0.04231
0.04711
0.05
0.05175
0.05318
0.0546
0.05603
0.05762
0.05927
0.05966
0.05753
0.05375
0.04945
0.04507
0.04104
0.03788
0.03601
0.03618
0.03883
0.04307
0.04757
0.05192
0.05623
0.06057
0.06496
0.06937
0.07341
0.07641
0.07837
0.08026
0.08285
0.08468
0.08412
0.0824
0.08085
0.07949
0.07811
0.07669
0.07487
0.07183
0.06719
0.06174
0.05591
0.0482
0.03753
0.02568
0.01385
0.00152
-0.01217
-0.02781
-0.04482
-0.06131
-0.0751
-0.08579
-0.09339
-0.09791
-0.09981
-0.10033
-0.09966
-0.09738
-0.09479
-0.09319
-0.0926
-0.09273
-0.09377
-0.09616
-0.10016
-0.10524
-0.11134
-0.11901
-0.12844
-0.1397
-0.15219
-0.16473
-0.17603
-0.18562
-0.19313
-0.19839
-0.20148
-0.20286
-0.20167
-0.19596
-0.18541
-0.16985
-0.15024
-0.12901
-0.10828
-0.08745
-0.06452
-0.0388
-0.01198
0.01288
0.03424
0.05245
0.06979
0.08641
0.10032
0.11145
0.12154
0.13244
0.14378
0.15234
0.15646
0.16107
0.17723
0.20452
0.22484
0.23102
0.23119
0.23076
0.22412
0.2037
0.17703
0.15985
0.15071
0.13937
0.12297
0.10486
0.08874
0.07404
0.0587
0.04237
0.02456
0.00446
-0.01634
-0.03495
-0.05033
-0.06188
-0.06988
-0.07641
-0.08319
-0.08822
-0.08943
-0.08894
-0.08881
-0.08893
-0.08878
-0.08886
-0.09029
-0.09257
-0.09373
-0.09384
-0.09492
-0.09833
-0.10346
-0.10834
-0.11344
-0.12087
-0.13075
-0.14205
-0.15318
-0.16262
-0.16962
-0.17506
-0.17919
-0.18128
-0.1819
-0.18267
-0.18379
-0.18558
-0.19046
-0.20025
-0.21369
-0.2275
-0.23842
-0.24376
-0.23871
-0.21852
-0.18271
-0.13634
-0.092
-0.05823
-0.03258
-0.01158
0.00513
0.01769
0.02721
0.03642
0.04603
0.05451
0.06138
0.0673
0.07308
0.07883
0.08443
0.09076
0.09887
0.1079
0.11634
0.12336
0.12929
0.13399
0.13547
0.13229
0.12629
0.11827
0.1072
0.09337
0.07766
0.06139
0.0461
0.03237
0.01818
0.00219
-0.01251
-0.02356
-0.03231
-0.04115
-0.05219
-0.06707
-0.08649
-0.10913
-0.13466
-0.16353
-0.19335
-0.22106
-0.24509
-0.26435
-0.27852
-0.28915
-0.29638
-0.29845
-0.29411
-0.28362
-0.266
-0.23955
-0.20786
-0.17494
-0.14261
-0.11079
-0.07899
-0.04826
-0.02103
0.00084
0.01813
0.03301
0.04698
0.06011
0.07187
0.08182
0.09042
0.1001
0.11285
0.12569
0.13455
0.14364
0.17163
0.22565
0.27071
0.28384
0.28185
0.28106
0.28216
0.28145
0.27867
0.27615
0.27492
0.27379
0.27042
0.2637
0.25568
0.24794
0.24042
0.23281
0.22515
0.2175
0.20985
0.20221
0.19466
0.18693
0.17801
0.16616
0.149
0.12274
0.08503
0.04165
-0.00184
-0.04386
-0.08324
-0.11864
-0.15067
-0.17963
-0.20465
-0.22433
-0.2379
-0.24577
-0.2485
-0.24885
-0.24882
-0.24886
-0.24904
-0.24895
-0.24772
-0.24537
-0.24324
-0.24142
-0.23899
-0.23642
-0.23487
-0.23492
-0.23651
-0.23913
-0.24169
-0.24329
-0.24394
-0.2441
-0.24406
-0.24382
-0.24405
-0.24645
-0.25178
-0.25928
-0.26908
-0.28111
-0.29183
-0.29821
-0.3007
-0.29961
-0.29423
-0.28541
-0.27415
-0.26154
-0.24897
-0.23784
-0.22861
-0.22101
-0.21397
-0.20674
-0.19938
-0.19245
-0.18644
-0.1809
-0.17485
-0.16739
-0.15852
-0.14863
-0.138
-0.12644
-0.11398
-0.10117
-0.08816
-0.07378
-0.05709
-0.03893
-0.01975
0.00025
0.01891
0.03438
0.04836
0.06278
0.0776
0.09113
0.10205
0.11176
0.1219
0.13301
0.14451
0.15498
0.16288
0.16793
0.17199
0.17613
0.1796
0.18122
0.18003
0.17597
0.16789
0.15317
0.1303
0.10084
0.07222
0.04817
0.02629
0.0059
-0.01125
-0.02531
-0.0366
-0.04485
-0.05033
-0.05367
-0.05585
-0.05755
-0.05912
-0.06014
-0.06045
-0.06205
-0.06704
-0.07506
-0.08568
-0.09881
-0.11313
-0.12783
-0.14368
-0.16034
-0.17552
-0.18735
-0.19557
-0.20213
-0.20741
-0.21004
-0.20964
-0.2053
-0.19276
-0.16623
-0.12668
-0.08275
-0.04344
-0.00827
0.02565
0.05723
0.0849
0.10913
0.13102
0.15077
0.16768
0.17949
0.18752
0.20299
0.23173
0.25494
0.25982
0.25707
0.25692
0.25984
0.26306
0.2658
0.26862
0.27137
0.27334
0.27431
0.27446
0.27436
0.2744
0.27447
0.27409
0.27296
0.27147
0.26982
0.26822
0.26735
0.26585
0.25791
0.23895
0.21223
0.18498
0.16139
0.13773
0.11016
0.08015
0.04895
0.0166
-0.01501
-0.04519
-0.07696
-0.10994
-0.13959
-0.16496
-0.1882
-0.21129
-0.23414
-0.25519
-0.27275
-0.28571
-0.29534
-0.30284
-0.30907
-0.31509
-0.32189
-0.32971
-0.33811
-0.34618
-0.35344
-0.35968
-0.36446
-0.368
-0.37172
-0.37519
-0.37665
-0.37767
-0.38097
-0.38613
-0.39202
-0.39814
-0.40297
-0.4043
-0.40161
-0.39467
-0.38361
-0.36846
-0.34953
-0.3294
-0.31045
-0.29286
-0.27482
-0.2545
-0.23302
-0.2125
-0.19324
-0.17412
-0.15421
-0.13484
-0.11808
-0.10358
-0.09063
-0.07913
-0.06962
-0.06291
-0.05882
-0.05703
-0.05661
-0.05641
-0.05545
-0.05318
-0.04907
-0.04279
-0.03362
-0.02101
-0.00605
0.00968
0.02456
0.03728
0.04751
0.05602
0.06334
0.06931
0.07402
0.07832
0.08232
0.08559
0.08882
0.09302
0.0983
0.10385
0.10869
0.11251
0.11562
0.11898
0.12357
0.12983
0.13743
0.14591
0.15476
0.16318
0.17025
0.17543
0.17883
0.18169
0.18423
0.18552
0.18569
0.18555
0.18507
0.18387
0.18231
0.18083
0.17946
0.17774
0.17492
0.17054
0.16497
0.15915
0.1531
0.14611
0.13806
0.12968
0.12192
0.11444
0.10613
0.0968
0.08679
0.07664
0.06654
0.0564
0.04653
0.03795
0.03161
0.02703
0.02281
0.01873
0.01572
0.01432
0.01402
0.01397
0.0147
0.01699
0.0195
0.0211
0.02229
0.02411
0.02669
0.02855
0.029
0.02898
0.02846
0.0264
0.02327
0.02044
0.01902
0.01892
0.0191
0.01866
0.01744
0.01601
0.01424
0.01116
0.00621
-0.00061
-0.00816
-0.0151
-0.02066
-0.02493
-0.028
-0.02964
-0.03025
-0.03108
-0.0318
-0.03128
-0.03041
-0.02978
-0.02825
-0.02621
-0.02521
-0.02431
-0.02223
-0.02046
-0.02004
-0.02017
-0.02055
-0.02164
-0.02319
-0.02463
-0.02541
-0.02486
-0.0226
-0.01966
-0.01652
-0.01233
-0.00623
0.00178
0.01052
0.01928
0.02847
0.03875
0.05005
0.06094
0.07009
0.07794
0.08515
0.09165
0.09679
0.10023
0.10308
0.10563
0.10694
0.10697
0.10681
0.1074
0.10854
0.10875
0.10692
0.10323
0.09932
0.09605
0.09254
0.08853
0.08496
0.0824
0.08078
0.07951
0.07795
0.0756
0.07254
0.06969
0.06813
0.06746
0.0658
0.06353
0.0626
0.06323
0.06461
0.0661
0.06752
0.06895
0.07042
0.07186
0.07327
0.07473
0.07627
0.07746
0.07762
0.07681
0.07556
0.07381
0.06911
0.05937
0.04785
0.03722
0.02657
0.01506
0.00334
-0.00732
-0.01634
-0.02424
-0.03102
-0.0363
-0.04048
-0.04315
-0.04319
-0.04098
-0.03815
-0.03376
-0.02635
-0.01839
-0.01238
-0.00842
-0.00613
-0.00551
-0.00597
-0.00769
-0.01155
-0.01716
-0.02317
-0.02857
-0.03294
-0.03641
-0.03947
-0.04245
-0.04457
-0.04507
-0.0452
-0.04722
-0.05246
-0.05971
-0.06711
-0.07388
-0.07935
-0.0827
-0.08373
-0.08279
-0.08071
-0.07795
-0.07486
-0.07235
-0.07152
-0.07258
-0.07506
-0.078
-0.08109
-0.0842
-0.08535
-0.0821
-0.07443
-0.06265
-0.04769
-0.03325
-0.02312
-0.0167
-0.01213
-0.00797
-0.00335
0.00212
0.00833
0.01563
0.02498
0.03717
0.05195
0.06765
0.08405
0.10247
0.12123
0.13679
0.14996
0.16253
0.17272
0.17872
0.18308
0.19224
0.20832
0.22134
0.22469
0.2239
0.22459
0.2249
0.21767
0.20263
0.19055
0.1844
0.17724
0.16479
0.14651
0.12375
0.09828
0.07274
0.04972
0.02988
0.0107
-0.0089
-0.0276
-0.04498
-0.06091
-0.07408
-0.08326
-0.08935
-0.09309
-0.09415
-0.09285
-0.09049
-0.08945
-0.0914
-0.09611
-0.1018
-0.1079
-0.11571
-0.12529
-0.13486
-0.143
-0.14907
-0.15336
-0.1566
-0.1596
-0.16187
-0.1625
-0.16237
-0.16213
-0.16091
-0.15716
-0.14992
-0.14029
-0.1286
-0.11452
-0.09891
-0.08305
-0.06596
-0.04679
-0.02766
-0.00977
0.00754
0.02363
0.03768
0.05096
0.06272
0.07039
0.07572
0.08186
0.08762
0.09137
0.09416
0.09631
0.09716
0.09798
0.10036
0.10404
0.10871
0.11416
0.11911
0.12258
0.12585
0.1301
0.13484
0.13823
0.139
0.13862
0.13873
0.13964
0.14107
0.14367
0.14926
0.15849
0.16901
0.17911
0.18913
0.19958
0.20925
0.21577
0.21919
0.22178
0.22426
0.22607
0.22743
0.22879
0.23027
0.23176
0.2332
0.23455
0.236
0.23773
0.23885
0.23782
0.23483
0.23125
0.22592
0.21014
0.17849
0.14727
0.13003
0.11721
0.09959
0.07875
0.05828
0.03977
0.0239
0.01014
-0.00312
-0.01466
-0.02189
-0.02597
-0.02906
-0.03216
-0.03451
-0.03519
-0.03574
-0.03857
-0.04473
-0.05324
-0.06214
-0.07024
-0.07776
-0.08576
-0.09394
-0.10085
-0.10625
-0.11072
-0.11456
-0.11719
-0.11813
-0.11853
-0.11955
-0.12051
-0.12087
-0.12147
-0.12308
-0.12571
-0.12869
-0.13159
-0.13441
-0.13734
-0.14032
-0.14256
-0.14278
-0.14015
-0.13406
-0.12444
-0.11211
-0.09805
-0.08393
-0.07102
-0.05921
-0.04698
-0.03321
-0.01919
-0.00573
0.00796
0.02216
0.0367
0.05226
0.06894
0.085
0.09953
0.11295
0.12493
0.13403
0.13977
0.14297
0.14494
0.1454
0.14331
0.13959
0.13506
0.12938
0.12126
0.10939
0.09439
0.07748
0.06005
0.04254
0.02424
0.00447
-0.01681
-0.03817
-0.05788
-0.07507
-0.09059
-0.10501
-0.11771
-0.12757
-0.13404
-0.13737
-0.13806
-0.1378
-0.13782
-0.13852
-0.14052
-0.14426
-0.1484
-0.15125
-0.1524
-0.15264
-0.15262
-0.15128
-0.14761
-0.14245
-0.13623
-0.12852
-0.11988
-0.11105
-0.10224
-0.09388
-0.08639
-0.07827
-0.06759
-0.05503
-0.0422
-0.03014
-0.01844
-0.0058
0.00813
0.02189
0.0327
0.03986
0.04469
0.04846
0.05161
0.05452
0.05718
0.05916
0.06032
0.06046
0.05924
0.0562
0.05148
0.04566
0.03852
0.02923
0.01864
0.00946
0.00179
-0.00631
-0.01477
-0.02196
-0.0268
-0.02988
-0.03258
-0.03544
-0.03843
-0.04149
-0.04394
-0.04493
-0.04494
-0.0448
-0.04474
-0.04499
-0.04587
-0.04718
-0.04871
-0.05086
-0.05333
-0.05469
-0.05464
-0.05449
-0.0557
-0.05786
-0.05864
-0.05758
-0.05594
-0.05364
-0.04985
-0.04485
-0.03864
-0.03087
-0.02261
-0.01499
-0.00772
-0.00086
0.00466
0.00893
0.01319
0.01873
0.02544
0.03194
0.03812
0.04483
0.05193
0.05949
0.06831
0.07783
0.08619
0.09267
0.0972
0.10008
0.10163
0.10218
0.10153
0.09912
0.09508
0.08909
0.08064
0.07047
0.06022
0.05161
0.04556
0.04152
0.03877
0.03702
0.03572
0.03415
0.03185
0.02938
0.02745
0.02545
0.02306
0.02156
0.02087
0.01919
0.01635
0.0133
0.01004
0.00546
-0.00143
-0.01023
-0.02019
-0.03095
-0.04219
-0.0531
-0.06314
-0.07218
-0.07994
-0.08601
-0.09047
-0.09279
-0.09191
-0.0875
-0.07955
-0.06931
-0.05778
-0.04536
-0.0321
-0.01783
-0.00309
0.01099
0.0236
0.03568
0.04822
0.0598
0.06908
0.07687
0.08358
0.08878
0.09307
0.09724
0.10151
0.1062
0.11152
0.11671
0.12159
0.12739
0.1337
0.13891
0.14475
0.15345
0.16222
0.16872
0.17429
0.17965
0.18336
0.18404
0.18193
0.17903
0.17534
0.16941
0.16246
0.15628
0.15036
0.14224
0.12955
0.11193
0.08969
0.06464
0.0395
0.01684
-0.00301
-0.02067
-0.03592
-0.04761
-0.05557
-0.06147
-0.06712
-0.07267
-0.07687
-0.07882
-0.07919
-0.07905
-0.07798
-0.0759
-0.07448
-0.07351
-0.07144
-0.07045
-0.07318
-0.07726
-0.08072
-0.08445
-0.08825
-0.09038
-0.09038
-0.08938
-0.08893
-0.08804
-0.08394
-0.07567
-0.0632
-0.04727
-0.02785
-0.00482
0.01959
0.04296
0.06465
0.08482
0.10341
0.11947
0.13199
0.14213
0.15061
0.15695
0.16055
0.16133
0.16102
0.161
0.16128
0.16085
0.15869
0.15552
0.1528
0.15146
0.15116
0.15119
0.15216
0.15434
0.15602
0.15648
0.15655
0.15554
0.1521
0.14739
0.14311
0.13974
0.1368
0.13393
0.13192
0.1318
0.13357
0.13632
0.13928
0.14262
0.1467
0.15112
0.15555
0.15991
0.16383
0.16702
0.1699
0.17255
0.17462
0.176
0.17609
0.17337
0.16638
0.1551
0.13996
0.12188
0.10413
0.08917
0.07646
0.06529
0.05577
0.04789
0.04199
0.03835
0.03699
0.03753
0.03967
0.04364
0.04936
0.05643
0.06397
0.07065
0.07551
0.07906
0.08211
0.085
0.08777
0.09066
0.09464
0.0999
0.10509
0.10957
0.11382
0.11784
0.12081
0.12182
0.11996
0.11471
0.1064
0.09543
0.08302
0.07023
0.05779
0.0469
0.03894
0.03346
0.02829
0.02074
0.0109
0.00054
-0.01006
-0.02128
-0.03241
-0.04201
-0.0491
-0.05401
-0.05714
-0.05906
-0.06096
-0.06418
-0.06886
-0.07449
-0.08082
-0.08811
-0.09645
-0.10461
-0.11102
-0.11559
-0.11853
-0.11989
-0.11948
-0.11724
-0.11419
-0.11125
-0.1085
-0.1054
-0.10148
-0.09707
-0.09272
-0.08851
-0.08392
-0.07857
-0.07322
-0.06846
-0.06351
-0.05818
-0.05326
-0.04845
-0.0431
-0.03832
-0.03496
-0.03218
-0.02958
-0.02765
-0.02664
-0.02658
-0.02738
-0.02871
-0.0302
-0.03172
-0.03306
-0.03381
-0.034
-0.03401
-0.0336
-0.03248
-0.03153
-0.03135
-0.03146
-0.03138
-0.03137
-0.03204
-0.03302
-0.03296
-0.03173
-0.03015
-0.02819
-0.02565
-0.02331
-0.02189
-0.02146
-0.02187
-0.02311
-0.02511
-0.02822
-0.03297
-0.03886
-0.04466
-0.04922
-0.05244
-0.05527
-0.05786
-0.05969
-0.06104
-0.06244
-0.06392
-0.06534
-0.06674
-0.06856
-0.0713
-0.07496
-0.07922
-0.08366
-0.08774
-0.09076
-0.09228
-0.0924
-0.09167
-0.08948
-0.08447
-0.07705
-0.06904
-0.06269
-0.05842
-0.0554
-0.05311
-0.05139
-0.0499
-0.0488
-0.0484
-0.04793
-0.04686
-0.04599
-0.04585
-0.04597
-0.04595
-0.04595
-0.0465
-0.04798
-0.05038
-0.05328
-0.05621
-0.05868
-0.06001
-0.05978
-0.05827
-0.05571
-0.05149
-0.04458
-0.03544
-0.02592
-0.01772
-0.01076
-0.00515
-0.00207
-0.00182
-0.00303
-0.00447
-0.00593
-0.00755
-0.00862
-0.00823
-0.00715
-0.00669
-0.00674
-0.00692
-0.00711
-0.00646
-0.0043
-0.00224
-0.00171
-0.00196
-0.00207
-0.00194
-0.00207
-0.00357
-0.0073
-0.01245
-0.01724
-0.02254
-0.03033
-0.04002
-0.04983
-0.05839
-0.06524
-0.07007
-0.07301
-0.07503
-0.07796
-0.0822
-0.08666
-0.09082
-0.09534
-0.10079
-0.1055
-0.10736
-0.10781
-0.10861
-0.1088
-0.10794
-0.10724
-0.10708
-0.10723
-0.10837
-0.11101
-0.11426
-0.11654
-0.11718
-0.11765
-0.1186
-0.11871
-0.11721
-0.11457
-0.11127
-0.107
-0.10128
-0.094
-0.08562
-0.07719
-0.06982
-0.06398
-0.05954
-0.05604
-0.05373
-0.05321
-0.05361
-0.05327
-0.0508
-0.04625
-0.04064
-0.03526
-0.03086
-0.02732
-0.02455
-0.02271
-0.02183
-0.02152
-0.0209
-0.01957
-0.0173
-0.01282
-0.00525
0.00358
0.01275
0.0226
0.03131
0.03696
0.04162
0.04674
0.05104
0.05412
0.05683
0.05929
0.06088
0.06139
0.06157
0.06252
0.0646
0.06711
0.06866
0.06898
0.06886
0.06832
0.06732
0.06669
0.06589
0.06321
0.0594
0.05593
0.05199
0.04673
0.04092
0.03452
0.02667
0.01761
0.00725
-0.0052
-0.01922
-0.033
-0.04503
-0.05397
-0.05953
-0.06306
-0.06676
-0.07082
-0.07404
-0.07613
-0.07782
-0.08009
-0.08298
-0.08596
-0.0888
-0.09176
-0.09535
-0.09995
-0.10545
-0.11082
-0.11537
-0.11956
-0.12397
-0.12844
-0.13194
-0.1339
-0.13524
-0.13641
-0.13698
-0.13708
-0.13697
-0.13633
-0.13516
-0.1344
-0.13472
-0.13591
-0.13684
-0.13718
-0.13787
-0.13923
-0.14077
-0.14223
-0.14366
-0.1451
-0.14654
-0.14799
-0.1495
-0.15089
-0.15168
-0.15179
-0.15171
-0.1518
-0.15178
-0.15109
-0.14995
-0.14935
-0.1492
-0.14815
-0.14503
-0.13971
-0.13325
-0.12521
-0.11389
-0.09933
-0.08246
-0.06489
-0.04767
-0.03125
-0.0161
-0.00268
0.0095
0.02113
0.03265
0.04424
0.05578
0.06689
0.07691
0.08534
0.09229
0.09835
0.10427
0.10972
0.11378
0.11731
0.12213
0.12801
0.1339
0.1396
0.14542
0.15131
0.15637
0.15974
0.16152
0.16089
0.15647
0.14875
0.13893
0.12772
0.11464
0.09912
0.08162
0.06301
0.04414
0.0254
0.00673
-0.01235
-0.03219
-0.05205
-0.0711
-0.08928
-0.10612
-0.12076
-0.13291
-0.14202
-0.14791
-0.15133
-0.15408
-0.15673
-0.15851
-0.15923
-0.15948
-0.16028
-0.16154
-0.16207
-0.16035
-0.15481
-0.14514
-0.13208
-0.1168
-0.10062
-0.08494
-0.07118
-0.05925
-0.04777
-0.03673
-0.0276
-0.02103
-0.01633
-0.012
-0.00804
-0.00601
-0.00656
-0.0087
-0.01015
-0.01042
-0.01026
-0.00926
-0.00689
-0.00398
-0.00065
0.00413
0.01047
0.01745
0.02349
0.02782
0.03103
0.03404
0.03682
0.03808
0.03669
0.03268
0.02616
0.01689
0.00558
-0.00739
-0.02199
-0.03801
-0.05508
-0.07256
-0.0898
-0.10638
-0.12232
-0.13743
-0.15008
-0.15828
-0.16254
-0.16402
-0.16361
-0.16161
-0.15773
-0.15216
-0.145
-0.13663
-0.12846
-0.122
-0.1174
-0.1143
-0.11225
-0.11093
-0.10963
-0.10644
-0.09998
-0.09116
-0.08066
-0.0685
-0.05588
-0.04396
-0.03246
-0.02112
-0.01034
-0.0005
0.00837
0.01688
0.02569
0.03514
0.04536
0.05665
0.06905
0.08143
0.09156
0.09871
0.10363
0.10693
0.10886
0.11028
0.1114
0.11185
0.11224
0.11334
0.11484
0.11649
0.11869
0.12181
0.12594
0.13052
0.13459
0.1373
0.13861
0.13889
0.13802
0.13515
0.12988
0.12277
0.1144
0.10461
0.09376
0.08367
0.07419
0.0636
0.05304
0.04494
0.0392
0.03488
0.03143
0.02875
0.02702
0.02652
0.02817
0.03233
0.03751
0.04234
0.04821
0.05593
0.06337
0.06948
0.07508
0.08034
0.08504
0.08995
0.09562
0.10157
0.10694
0.11157
0.11646
0.12194
0.12705
0.13113
0.13424
0.13705
0.13992
0.14275
0.14583
0.14976
0.1547
0.16022
0.16535
0.16963
0.17302
0.17486
0.17386
0.16962
0.16233
0.1524
0.13959
0.12317
0.1042
0.08427
0.06475
0.04628
0.02867
0.0112
-0.00577
-0.02084
-0.03377
-0.04552
-0.0571
-0.06857
-0.07943
-0.08964
-0.09969
-0.10979
-0.11996
-0.13056
-0.14238
-0.15585
-0.1703
-0.18486
-0.19935
-0.21362
-0.22729
-0.2402
-0.25202
-0.26204
-0.26962
-0.27518
-0.27915
-0.28144
-0.28209
-0.28055
-0.27641
-0.26875
-0.25443
-0.22766
-0.18635
-0.14134
-0.09967
-0.05938
-0.02107
0.01137
0.03782
0.05965
0.07793
0.09315
0.10559
0.11701
0.12834
0.13915
0.14941
0.15954
0.16896
0.1763
0.18122
0.18465
0.18739
0.18936
0.19297
0.20359
0.21916
0.22837
0.22439
0.20981
0.197
0.19226
0.19059
0.18776
0.18343
0.17795
0.17118
0.16381
0.15657
0.14943
0.14176
0.13334
0.12512
0.11819
0.11288
0.10872
0.10585
0.10459
0.10354
0.10019
0.09458
0.08723
0.07652
0.06179
0.04561
0.02904
0.01113
-0.0074
-0.02488
-0.04014
-0.05252
-0.06229
-0.07149
-0.08103
-0.08925
-0.09545
-0.10094
-0.10665
-0.11252
-0.11804
-0.12175
-0.1219
-0.11833
-0.11175
-0.10334
-0.09327
-0.08145
-0.06853
-0.05542
-0.04243
-0.02946
-0.01646
-0.00343
0.00959
0.02253
0.03557
0.04924
0.06354
0.07743
0.0891
0.09732
0.10326
0.10717
0.10808
0.10644
0.10368
0.10084
0.09783
0.09456
0.09274
0.09407
0.09674
0.09856
0.09932
0.0987
0.09582
0.09081
0.08374
0.07446
0.06309
0.05044
0.03735
0.02436
0.01236
0.0024
-0.00517
-0.0107
-0.01408
-0.01473
-0.0125
-0.0088
-0.0038
0.00364
0.01302
0.02291
0.03221
0.04126
0.05094
0.06035
0.0681
0.07453
0.08022
0.08516
0.08915
0.0923
0.09528
0.09774
0.09831
0.09651
0.09266
0.08764
0.08211
0.07689
0.07288
0.07065
0.06985
0.06955
0.06832
0.06527
0.06042
0.05396
0.04565
0.03554
0.02428
0.01323
0.00395
-0.00259
-0.00711
-0.00989
-0.01042
-0.00854
-0.00473
-0.00067
0.00228
0.00369
0.00336
0.00122
-0.00182
-0.00471
-0.00687
-0.00839
-0.00976
-0.01128
-0.01271
-0.01351
-0.01369
-0.01429
-0.01647
-0.02021
-0.0235
-0.02556
-0.0278
-0.03005
-0.03091
-0.03081
-0.03061
-0.03007
-0.02832
-0.02483
-0.02002
-0.01436
-0.00838
-0.00299
0.00096
0.00361
0.00511
0.00527
0.00404
0.0018
-0.00172
-0.00691
-0.01238
-0.01683
-0.02027
-0.02307
-0.02492
-0.0249
-0.02255
-0.01883
-0.01412
-0.00784
-0.00014
0.00839
0.0171
0.02576
0.0345
0.04298
0.05036
0.05619
0.06092
0.06543
0.06886
0.06986
0.06966
0.06941
0.06871
0.06729
0.06574
0.06484
0.06454
0.06384
0.06265
0.06204
0.06257
0.06371
0.06398
0.06265
0.0602
0.05693
0.05287
0.04853
0.04406
0.0389
0.03299
0.02719
0.02266
0.01909
0.01461
0.00951
0.00564
0.00281
0.00013
-0.0022
-0.00353
-0.00385
-0.0042
-0.00536
-0.00693
-0.00841
-0.00983
-0.01127
-0.01271
-0.01413
-0.01562
-0.01716
-0.0183
-0.01866
-0.01869
-0.01844
-0.01702
-0.01406
-0.00997
-0.00554
-0.00126
0.00292
0.00756
0.013
0.01804
0.0215
0.02418
0.02699
0.02994
0.03286
0.03572
0.0386
0.04151
0.0444
0.04725
0.05015
0.05319
0.05585
0.05721
0.05736
0.05722
0.05727
0.05723
0.0566
0.05511
0.05271
0.04935
0.04531
0.0416
0.03838
0.03471
0.03037
0.02597
0.02214
0.01919
0.01712
0.01595
0.01559
0.01548
0.01578
0.01737
0.01979
0.02177
0.02362
0.02617
0.02915
0.03211
0.03505
0.03765
0.03931
0.03999
0.04015
0.0403
0.03979
0.03751
0.03379
0.0297
0.02616
0.02318
0.02033
0.01789
0.01624
0.01495
0.01343
0.01181
0.01146
0.01377
0.01826
0.02402
0.03062
0.03846
0.0481
0.05863
0.06835
0.0759
0.08145
0.08597
0.08993
0.09263
0.09306
0.09175
0.09014
0.0888
0.08728
0.08501
0.08244
0.08046
0.07901
0.07765
0.07631
0.07455
0.07144
0.06645
0.05966
0.0523
0.04497
0.03704
0.02796
0.01817
0.00924
0.0013
-0.007
-0.01423
-0.01778
-0.0195
-0.02178
-0.02415
-0.02584
-0.02715
-0.02846
-0.03002
-0.03222
-0.03479
-0.03683
-0.03828
-0.03966
-0.04119
-0.04251
-0.04311
-0.04313
-0.04308
-0.04311
-0.0431
-0.04301
-0.04324
-0.04427
-0.04577
-0.04728
-0.0487
-0.05009
-0.05154
-0.05313
-0.05445
-0.05456
-0.05356
-0.05275
-0.05294
-0.05426
-0.05644
-0.05906
-0.06178
-0.06535
-0.0704
-0.07531
-0.07874
-0.08144
-0.08414
-0.08702
-0.09086
-0.09608
-0.10136
-0.10584
-0.10998
-0.11462
-0.12018
-0.12618
-0.13173
-0.13589
-0.13817
-0.1387
-0.13868
-0.1383
-0.13669
-0.13406
-0.13104
-0.12708
-0.12187
-0.11669
-0.11221
-0.10793
-0.10387
-0.1009
-0.09957
-0.09913
-0.09824
-0.09716
-0.09678
-0.09686
-0.09697
-0.09703
-0.09672
-0.0956
-0.09407
-0.09255
-0.09112
-0.08978
-0.08832
-0.08628
-0.08376
-0.08163
-0.0798
-0.07739
-0.07488
-0.07313
-0.07181
-0.07038
-0.06882
-0.0677
-0.06744
-0.06754
-0.06757
-0.06754
-0.06754
-0.06754
-0.06752
-0.06753
-0.06761
-0.06742
-0.06639
-0.06435
-0.06171
-0.05946
-0.05797
-0.05667
-0.05478
-0.05216
-0.04981
-0.04826
-0.047
-0.04524
-0.04262
-0.03962
-0.03664
-0.03377
-0.03108
-0.02814
-0.02394
-0.01893
-0.01544
-0.01355
-0.01129
-0.00818
-0.00539
-0.00406
-0.00364
-0.00276
-0.00163
-0.00131
-0.00199
-0.00359
-0.00598
-0.00874
-0.01174
-0.01536
-0.0192
-0.02194
-0.02351
-0.0248
-0.02618
-0.02777
-0.02997
-0.03285
-0.03583
-0.03819
-0.03993
-0.04206
-0.04469
-0.04677
-0.04773
-0.04799
-0.04867
-0.04974
-0.05027
-0.05063
-0.0517
-0.0528
-0.05281
-0.05174
-0.05071
-0.05033
-0.04935
-0.04701
-0.04466
-0.04314
-0.04186
-0.03994
-0.03732
-0.03502
-0.03344
-0.03212
-0.03068
-0.02921
-0.02818
-0.02843
-0.03041
-0.03297
-0.03479
-0.03646
-0.03943
-0.04427
-0.04953
-0.05325
-0.05539
-0.05705
-0.05928
-0.06192
-0.06392
-0.06489
-0.06505
-0.06501
-0.06489
-0.06413
-0.06197
-0.05809
-0.05354
-0.04924
-0.04506
-0.04027
-0.03486
-0.03029
-0.02663
-0.0221
-0.01712
-0.01331
-0.00956
-0.00438
0.00158
0.00754
0.01335
0.01836
0.02168
0.0237
0.02521
0.02672
0.02793
0.02814
0.02732
0.02623
0.0257
0.02528
0.02426
0.02342
0.0229
0.0214
0.0187
0.01569
0.01243
0.0082
0.00295
-0.00246
-0.00726
-0.01213
-0.0174
-0.02183
-0.02533
-0.02913
-0.03268
-0.03484
-0.03673
-0.03922
-0.04148
-0.04279
-0.04299
-0.04238
-0.04107
-0.03899
-0.03559
-0.03053
-0.02513
-0.02048
-0.01618
-0.01206
-0.00867
-0.00597
-0.00297
0.0014
0.00657
0.01068
0.01358
0.01634
0.01933
0.02209
0.02413
0.02568
0.02705
0.02792
0.02826
0.02895
0.0303
0.03183
0.03325
0.03473
0.03628
0.03743
0.03785
0.03837
0.03936
0.03953
0.03864
0.03799
0.03762
0.03661
0.0351
0.03352
0.032
0.03093
0.03055
0.03004
0.029
0.02822
0.028
0.02809
0.02872
0.02967
0.02968
0.02882
0.0283
0.02749
0.0253
0.02283
0.02113
0.01983
0.01846
0.01696
0.01542
0.01415
0.01354
0.01343
0.01349
0.01398
0.01519
0.01674
0.01822
0.01963
0.02103
0.02254
0.0241
0.02527
0.0257
0.02614
0.02719
0.02805
0.02844
0.0292
0.03055
0.03212
0.03367
0.03493
0.03547
0.03577
0.03679
0.03838
0.03977
0.04044
0.04055
0.04053
0.04017
0.03893
0.03681
0.03384
0.02996
0.02553
0.02124
0.01767
0.01437
0.01048
0.00684
0.00466
0.00282
0.00033
-0.00201
-0.0033
-0.00357
-0.00353
-0.00347
-0.00287
-0.00121
0.00134
0.00374
0.00559
0.00778
0.01009
0.01116
0.01149
0.01254
0.01421
0.01554
0.01601
0.01631
0.01736
0.01889
0.02042
0.02193
0.02311
0.02353
0.02349
0.02342
0.02342
0.0235
0.02356
0.02311
0.02198
0.02106
0.02093
0.02114
0.02087
0.01966
0.018
0.01672
0.01625
0.01595
0.01489
0.01336
0.01188
0.01048
0.00897
0.0075
0.0066
0.00625
0.00555
0.00447
0.0039
0.00386
0.00398
0.00453
0.00601
0.00842
0.01129
0.01424
0.01724
0.01993
0.02188
0.02367
0.02617
0.02875
0.0303
0.03076
0.03109
0.03212
0.03317
0.03347
0.03342
0.03324
0.03239
0.0305
0.02788
0.02562
0.02384
0.02162
0.01877
0.01579
0.0129
0.01003
0.00716
0.00429
0.00138
-0.00162
-0.00433
-0.00634
-0.00822
-0.01067
-0.0127
-0.0133
-0.01327
-0.01275
-0.01093
-0.00815
-0.00505
-0.00144
0.00251
0.00594
0.00915
0.01312
0.01767
0.02188
0.02528
0.02853
0.03244
0.03635
0.03955
0.04242
0.045
0.04695
0.04848
0.04975
0.05042
0.05083
0.05177
0.05277
0.05319
0.05378
0.05483
0.05551
0.05563
0.05554
0.05504
0.05376
0.05213
0.05096
0.05062
0.05023
0.04904
0.04748
0.04601
0.04459
0.04315
0.04172
0.0403
0.03881
0.03727
0.03619
0.0359
0.03553
0.03408
0.03156
0.02899
0.0272
0.02544
0.02262
0.01875
0.01473
0.01139
0.00845
0.00578
0.00374
0.00183
-0.0007
-0.00246
-0.00183
0.00004
0.00139
0.00174
0.00201
0.00315
0.00481
0.00617
0.00673
0.00669
0.00668
0.0069
0.00664
0.00489
0.00257
0.00165
0.00196
0.00184
0.00017
-0.00204
-0.00299
-0.00371
-0.00593
-0.00904
-0.01204
-0.01486
-0.01771
-0.02062
-0.02353
-0.02639
-0.02926
-0.0322
-0.0351
-0.03748
-0.03913
-0.04049
-0.04188
-0.04335
-0.04487
-0.04622
-0.04697
-0.04707
-0.04698
-0.04701
-0.04701
-0.04647
-0.04493
-0.04251
-0.03979
-0.0368
-0.03265
-0.0275
-0.02317
-0.02017
-0.01747
-0.01412
-0.00992
-0.00542
-0.00125
0.00209
0.00449
0.00617
0.00763
0.00884
0.00936
0.00944
0.00932
0.00869
0.00745
0.00603
0.0043
0.00174
-0.00132
-0.00412
-0.00618
-0.00764
-0.00902
-0.01052
-0.01192
-0.01266
-0.0126
-0.01243
-0.01337
-0.01565
-0.01741
-0.01767
-0.01737
-0.01766
-0.0189
-0.02051
-0.02181
-0.02245
-0.02226
-0.02105
-0.01893
-0.01627
-0.0135
-0.01006
-0.00509
0.00076
0.0067
0.01262
0.01792
0.02175
0.02461
0.02739
0.03029
0.03324
0.0362
0.03882
0.04052
0.04128
0.0414
0.04135
0.04136
0.04138
0.04135
0.04137
0.04148
0.04126
0.04021
0.03862
0.03725
0.03664
0.03635
0.03544
0.03395
0.03244
0.03111
0.02954
0.02717
0.02419
0.02132
0.01917
0.01732
0.01492
0.01275
0.01194
0.01141
0.01059
0.01069
0.01156
0.0121
0.01306
0.01528
0.01758
0.01944
0.02172
0.02457
0.02758
0.03056
0.03324
0.03522
0.03673
0.03811
0.03908
0.03911
0.03819
0.03683
0.03535
0.03342
0.03075
0.02777
0.02486
0.022
0.01913
0.01623
0.01334
0.01046
0.00758
0.00469
0.0018
-0.00109
-0.00396
-0.00684
-0.00976
-0.01264
-0.01504
-0.01651
-0.01705
-0.01709
-0.01704
-0.01702
-0.01704
-0.01713
-0.01692
-0.0159
-0.01432
-0.01289
-0.01224
-0.01201
-0.01111
-0.0094
-0.00809
-0.00872
-0.01072
-0.01187
-0.01268
-0.01471
-0.0166
-0.01724
-0.0179
-0.01901
-0.01952
-0.01893
-0.0177
-0.01689
-0.01684
-0.01698
-0.01659
-0.01533
-0.0137
-0.01242
-0.01193
-0.01193
-0.01196
-0.01195
-0.01195
-0.01193
-0.01186
-0.0119
-0.01211
-0.01176
-0.00995
-0.00773
-0.00685
-0.00652
-0.0054
-0.00372
-0.0024
-0.00198
-0.00209
-0.00206
-0.00137
-0.00002
0.00149
0.00293
0.00437
0.0059
0.00721
0.00783
0.00782
0.00776
0.00827
0.00959
0.01122
0.01241
0.0128
0.01282
0.01269
0.012
0.01068
0.00915
0.00771
0.0063
0.00487
0.00339
0.00195
0.00063
-0.00089
-0.00307
-0.00544
-0.0067
-0.00694
-0.00676
-0.00562
-0.00334
-0.00115
0.00076
0.00314
0.00553
0.00741
0.00955
0.01207
0.01411
0.01559
0.01693
0.01833
0.01988
0.02154
0.02239
0.0215
0.01979
0.01839
0.01723
0.01514
0.0115
0.00809
0.00605
0.00407
0.00133
-0.00168
-0.00455
-0.00744
-0.01042
-0.01305
-0.01491
-0.01676
-0.01927
-0.02164
-0.02328
-0.0246
-0.02598
-0.02747
-0.02903
-0.03029
-0.0308
-0.03109
-0.03212
-0.03371
-0.03508
-0.03573
-0.03584
-0.0358
-0.03534
-0.03419
-0.03276
-0.03101
-0.02856
-0.02609
-0.02426
-0.02229
-0.01959
-0.01659
-0.0137
-0.0108
-0.0078
-0.00509
-0.00313
-0.00126
0.00124
0.00326
0.00371
0.00348
0.00357
0.00371
0.00272
0.00052
-0.00099
-0.00175
-0.00358
-0.00576
-0.00644
-0.00617
-0.00615
-0.0064
-0.00575
-0.00352
-0.00114
0.00088
0.00387
0.00776
0.01124
0.01417
0.01684
0.01901
0.02065
0.02209
0.02306
0.0234
0.02395
0.02527
0.02692
0.02807
0.02832
0.02819
0.0282
0.02834
0.02807
0.02696
0.02543
0.02395
0.02254
0.02112
0.01967
0.01823
0.01679
0.01535
0.01391
0.01248
0.01106
0.00959
0.00809
0.00675
0.00551
0.00338
-0.00036
-0.00434
-0.00742
-0.01005
-0.01321
-0.01723
-0.0212
-0.02423
-0.02631
-0.02749
-0.02789
-0.02802
-0.02774
-0.02623
-0.02383
-0.02182
-0.01993
-0.01745
-0.01508
-0.01343
-0.01208
-0.01066
-0.00919
-0.00771
-0.00633
-0.0055
-0.00606
-0.0083
-0.01076
-0.01256
-0.01461
-0.01745
-0.02047
-0.02284
-0.0246
-0.02672
-0.02925
-0.03128
-0.03279
-0.03407
-0.03489
-0.0351
-0.03503
-0.03485
-0.03494
-0.03617
-0.03851
-0.04063
-0.04248
-0.04491
-0.04737
-0.04907
-0.05039
-0.05187
-0.05337
-0.05428
-0.05465
-0.05543
-0.05626
-0.05584
-0.05483
-0.05436
-0.05383
-0.05264
-0.05118
-0.04942
-0.04686
-0.0438
-0.041
-0.03894
-0.03744
-0.03605
-0.03463
-0.0331
-0.03103
-0.02795
-0.02394
-0.01998
-0.0168
-0.01402
-0.01119
-0.00828
-0.00527
-0.00246
-0.0007
-0.00054
-0.00156
-0.00301
-0.00448
-0.00586
-0.00737
-0.00951
-0.01267
-0.01669
-0.02052
-0.02376
-0.02734
-0.0314
-0.03489
-0.03726
-0.03896
-0.04113
-0.04356
-0.04478
-0.04441
-0.04314
-0.0418
-0.04002
-0.03678
-0.03277
-0.02943
-0.02673
-0.02377
-0.01999
-0.0159
-0.0125
-0.01009
-0.00856
-0.00731
-0.0055
-0.00295
-0.001
-0.00026
0.00103
0.00318
0.00437
0.00472
0.00573
0.00739
0.00875
0.00922
0.00949
0.01055
0.01217
0.01355
0.01419
0.01427
0.01422
0.01416
0.01424
0.01493
0.01636
0.01794
0.01884
0.01924
0.02058
0.02281
0.0241
0.02416
0.02399
0.024
0.02407
0.02406
0.02402
0.02403
0.02414
0.02401
0.02318
0.02198
0.02146
0.022
0.0232
0.02403
0.02413
0.02403
0.02408
0.02406
0.02343
0.02213
0.0206
0.01911
0.01771
0.01638
0.01476
0.01238
0.00977
0.00793
0.0067
0.00512
0.00267
0.00041
-0.00043
-0.0012
-0.00349
-0.00661
-0.00959
-0.01242
-0.01529
-0.01818
-0.02105
-0.02401
-0.027
-0.0295
-0.03129
-0.03334
-0.03574
-0.03713
-0.03725
-0.03709
-0.0372
-0.03707
-0.03569
-0.03271
-0.02869
-0.02439
-0.01996
-0.01497
-0.00934
-0.00349
0.00239
0.00808
0.01273
0.01578
0.01765
0.01907
0.02051
0.02204
0.02336
0.024
0.02406
0.024
0.02401
0.02401
0.02399
0.02403
0.02408
0.02367
0.02249
0.021
0.01934
0.0171
0.01402
0.0098
0.00456
-0.00068
-0.00459
-0.00818
-0.01315
-0.01864
-0.0232
-0.0267
-0.02935
-0.03117
-0.03259
-0.03398
-0.03542
-0.03694
-0.03843
-0.03945
-0.03974
-0.03974
-0.0395
-0.03859
-0.03727
-0.03572
-0.0332
-0.02904
-0.02369
-0.01799
-0.01219
-0.00583
0.00107
0.00759
0.01348
0.01919
0.02466
0.0291
0.03193
0.03347
0.03481
0.03652
0.03775
0.03705
0.03504
0.0339
0.03312
0.03106
0.02864
0.02669
0.02445
0.02196
0.02008
0.01829
0.01553
0.01169
0.00763
0.00427
0.00142
-0.00138
-0.00425
-0.00725
-0.01027
-0.01239
-0.01295
-0.01284
-0.01257
-0.01174
-0.01043
-0.00885
-0.00673
-0.00426
-0.00223
-0.00031
0.00215
0.00406
0.00464
0.00517
0.00651
0.00813
0.00918
0.00938
0.00928
0.00928
0.0093
0.00926
0.00927
0.00943
0.00914
0.00741
0.00441
0.00144
-0.00019
-0.00076
-0.0022
-0.00503
-0.0081
-0.01043
-0.01215
-0.01431
-0.01692
-0.01896
-0.01997
-0.02013
-0.02005
-0.02005
-0.02007
-0.02006
-0.02005
-0.02009
-0.02008
-0.01996
-0.02016
-0.02134
-0.02316
-0.02419
-0.02302
-0.02082
-0.01985
-0.01998
-0.02013
-0.02008
-0.02003
-0.02005
-0.02007
-0.02006
-0.02003
-0.02005
-0.02014
-0.01987
-0.01867
-0.01653
-0.01375
-0.01082
-0.00796
-0.00505
-0.00205
0.00066
0.00264
0.00448
0.00697
0.00908
0.00948
0.00854
0.00718
0.00579
0.00391
0.00134
-0.00101
-0.00262
-0.00394
-0.00539
-0.00687
-0.00785
-0.0078
-0.00676
-0.00566
-0.0053
-0.00492
-0.00366
-0.00197
-0.00085
-0.00054
0.00036
0.00267
0.00506
0.00666
0.00799
0.00946
0.01089
0.0122
0.01391
0.01646
0.01869
0.01933
0.01963
0.0209
0.0227
0.02358
0.0228
0.02177
0.02137
0.02075
0.01945
0.01789
0.01637
0.01505
0.0143
0.01416
0.01425
0.01433
0.01425
0.01402
0.01446
0.01644
0.01869
0.01941
0.01919
0.01907
0.01914
0.0192
0.01917
0.01909
0.0192
0.01996
0.02133
0.02284
0.02428
0.02572
0.02719
0.0286
0.02995
0.03178
0.03438
0.03687
0.0383
0.03866
0.03893
0.04006
0.0417
0.04303
0.04363
0.04374
0.04369
0.04316
0.04201
0.04068
0.0387
0.03523
0.03126
0.02801
0.02524
0.02243
0.01951
0.01656
0.01372
0.01135
0.0099
0.00941
0.00945
0.00945
0.00925
0.00955
0.01127
0.01374
0.01567
0.0175
0.02011
0.0232
0.02592
0.0278
0.02921
0.03059
0.03203
0.03356
0.03509
0.03611
0.03645
0.03703
0.03811
0.03881
0.0389
0.0388
0.03873
0.03887
0.03964
0.04106
0.0426
0.04359
0.0438
0.0437
0.04368
0.04371
0.04373
0.04371
0.04368
0.04372
0.04382
0.04351
0.04234
0.04076
0.03931
0.038
0.03632
0.03374
0.03066
0.0279
0.02592
0.02412
0.02167
0.01917
0.01742
0.01609
0.01472
0.01324
0.01169
0.01032
0.0096
0.00931
0.00848
0.00696
0.00551
0.00478
0.00438
0.00341
0.00269
0.00335
0.00386
0.00304
0.00214
0.002
0.00213
0.00206
0.00212
0.0029
0.00406
0.00462
0.00451
0.00453
0.00528
0.00637
0.00689
0.00729
0.00833
0.00925
0.00961
0.0103
0.01174
0.01328
0.01415
0.01444
0.01518
0.01637
0.01693
0.01636
0.0152
0.01453
0.014
0.01221
0.00934
0.0063
0.00335
0.00064
-0.00139
-0.00277
-0.00419
-0.00634
-0.00879
-0.01016
-0.0103
-0.01014
-0.01011
-0.01018
-0.01027
-0.01006
-0.00906
-0.00747
-0.00608
-0.00547
-0.00503
-0.00333
-0.00003
0.00412
0.00793
0.01095
0.01372
0.01666
0.01957
0.02193
0.02353
0.02488
0.02637
0.02785
0.02879
0.02905
0.02907
0.02875
0.02774
0.02675
0.02636
0.02577
0.02453
0.02308
0.02131
0.01869
0.0156
0.01288
0.01097
0.00915
0.00665
0.00426
0.00244
0.00034
-0.00246
-0.0055
-0.00805
-0.00956
-0.01008
-0.01042
-0.01142
-0.01254
-0.01283
-0.0126
-0.01277
-0.01382
-0.01496
-0.01528
-0.01513
-0.01514
-0.01529
-0.01496
-0.01385
-0.01291
-0.01255
-0.0119
-0.01057
-0.00902
-0.00756
-0.00616
-0.00475
-0.00324
-0.00173
-0.0007
-0.00043
-0.00044
-0.00063
-0.0015
-0.00302
-0.00448
-0.00525
-0.00558
-0.00644
-0.00756
-0.00799
-0.00792
-0.00787
-0.00791
-0.00786
-0.00783
-0.00836
-0.00945
-0.01019
-0.01061
-0.01153
-0.01252
-0.01295
-0.01355
-0.01462
-0.01529
-0.01536
-0.01526
-0.01523
-0.01528
-0.0154
-0.01517
-0.01406
-0.01242
-0.01112
-0.01065
-0.01005
-0.00807
-0.00556
-0.00372
-0.00229
-0.00117
-0.00072
-0.00032
0.00076
0.00178
0.00179
0.00079
-0.0006
-0.00209
-0.00407
-0.00679
-0.00976
-0.01265
-0.01554
-0.01853
-0.02127
-0.02332
-0.02517
-0.02758
-0.02998
-0.03186
-0.03405
-0.03637
-0.0375
-0.03753
-0.03741
-0.03743
-0.03742
-0.03741
-0.03759
-0.03752
-0.03624
-0.03407
-0.03282
-0.03211
-0.03014
-0.02757
-0.02582
-0.02465
-0.02295
-0.02036
-0.01828
-0.01769
-0.01728
-0.016
-0.01433
-0.01319
-0.01295
-0.01307
-0.0131
-0.01306
-0.01305
-0.01308
-0.01312
-0.01307
-0.01299
-0.01327
-0.01431
-0.01572
-0.01733
-0.01956
-0.02215
-0.02414
-0.02549
-0.02695
-0.02914
-0.03174
-0.0338
-0.03528
-0.03663
-0.03806
-0.03958
-0.04114
-0.04226
-0.0426
-0.04301
-0.04425
-0.04591
-0.04716
-0.04754
-0.04745
-0.04743
-0.04756
-0.0474
-0.04641
-0.04481
-0.04345
-0.0429
-0.04232
-0.04039
-0.03821
-0.03749
-0.03718
-0.03596
-0.03425
-0.03316
-0.03285
-0.03187
-0.02957
-0.02725
-0.02557
-0.02424
-0.02344
-0.02296
-0.02148
-0.01928
-0.01813
-0.01813
-0.0183
-0.01828
-0.01822
-0.01824
-0.01833
-0.01829
-0.01807
-0.01843
-0.02027
-0.02254
-0.02339
-0.02325
-0.02314
-0.02322
-0.0232
-0.02314
-0.02362
-0.02477
-0.02567
-0.02576
-0.02558
-0.02597
-0.02715
-0.02812
-0.02826
-0.02805
-0.02833
-0.02951
-0.03107
-0.03253
-0.03393
-0.03545
-0.03693
-0.03784
-0.03814
-0.03877
-0.04017
-0.04178
-0.04277
-0.04303
-0.04359
-0.04499
-0.04663
-0.04758
-0.04795
-0.04922
-0.05145
-0.05281
-0.05292
-0.05274
-0.05275
-0.05282
-0.05283
-0.0528
-0.0528
-0.05286
-0.0528
-0.05216
-0.05059
-0.04811
-0.0452
-0.04225
-0.03935
-0.03659
-0.0338
-0.03035
-0.02643
-0.02394
-0.02316
-0.02174
-0.01881
-0.01579
-0.01416
-0.01348
-0.01188
-0.00982
-0.00886
-0.00785
-0.00583
-0.00439
-0.00358
-0.0017
0.00047
0.00108
0.00064
0.00098
0.00302
0.00526
0.00596
0.00578
0.00557
0.0054
0.00607
0.00828
0.01035
0.01074
0.01029
0.0108
0.01299
0.01511
0.01563
0.01539
0.01531
0.01537
0.01539
0.01536
0.01534
0.01534
0.01534
0.01536
0.01531
0.01524
0.01534
0.01556
0.0149
0.01269
0.01062
0.01016
0.01047
0.01027
0.00917
0.00775
0.00618
0.00396
0.00135
-0.00065
-0.00197
-0.00347
-0.00579
-0.00811
-0.00909
-0.00985
-0.01197
-0.01397
-0.01447
-0.01424
-0.01411
-0.01421
-0.01445
-0.01417
-0.01248
-0.01019
-0.00921
-0.00945
-0.00942
-0.00794
-0.00542
-0.00335
-0.002
-0.0006
0.00155
0.00415
0.00622
0.00768
0.00906
0.01054
0.01191
0.01323
0.01509
0.0176
0.01939
0.02013
0.02157
0.02374
0.02484
0.02484
0.0246
0.02448
0.02485
0.02593
0.0265
0.02578
0.02544
0.02626
0.02694
0.02737
0.02835
0.02933
0.02958
0.02947
0.02941
0.02943
0.02944
0.02943
0.02942
0.02939
0.02938
0.02943
0.02937
0.02873
0.02735
0.02571
0.02463
0.02436
0.02389
0.02254
0.02085
0.01982
0.01949
0.01836
0.01611
0.01465
0.01434
0.01353
0.01098
0.00717
0.00409
0.00242
0.00116
-0.00028
-0.00181
-0.00327
-0.00466
-0.00611
-0.00772
-0.00908
-0.00926
-0.00836
-0.00772
0.00266
0.00379
0.00487
0.00535
0.00603
0.00777
0.0105
0.01312
0.01496
0.01642
0.01789
0.01942
0.02142
0.02408
0.02653
0.02826
0.02969
0.03117
0.03275
0.0344
0.03575
0.03632
0.03665
0.03778
0.03957
0.04082
0.04057
0.03985
0.0404
0.04154
0.04195
0.04185
0.04181
0.04188
0.04193
0.04193
0.04194
0.04197
0.04197
0.04196
0.04197
0.04205
0.0419
0.04109
0.0397
0.03822
0.03683
0.03539
0.03388
0.03269
0.03225
0.03229
0.03233
0.03229
0.03226
0.03225
0.03225
0.03222
0.03211
0.03223
0.03303
0.03441
0.03581
0.03665
0.0367
0.03645
0.03666
0.03767
0.03862
0.03873
0.03843
0.03857
0.0395
0.04042
0.04059
0.0404
0.04019
0.04001
0.04028
0.04122
0.04199
0.04197
0.04163
0.04179
0.04268
0.04342
0.04352
0.04336
0.04279
0.04161
0.04097
0.04159
0.04226
0.04212
0.04175
0.04203
0.0428
0.0427
0.04158
0.04071
0.04045
0.04033
0.04009
0.03982
0.03958
0.03935
0.03911
0.03885
0.03859
0.03834
0.03811
0.03784
0.03748
0.03731
0.03776
0.03851
0.03867
0.03824
0.038
0.03848
0.03892
0.03818
0.03724
0.03753
0.03814
0.03805
0.03758
0.0372
0.03691
0.03659
0.03618
0.0358
0.03562
0.0353
0.03391
0.03187
0.03146
0.03277
0.03349
0.03313
0.03258
0.03222
0.03189
0.03152
0.03113
0.03072
0.03032
0.02999
0.02967
0.02898
0.02774
0.02665
0.02591
0.02483
0.02388
0.02396
0.02404
0.02306
0.02192
0.02138
0.02112
0.02077
0.02036
0.01997
0.0196
0.01923
0.01884
0.01846
0.01808
0.01769
0.0173
0.01692
0.01654
0.01616
0.01573
0.01532
0.01506
0.01472
0.01351
0.01159
0.01063
0.0107
0.01015
0.00901
0.00834
0.00812
0.00774
0.00689
0.00586
0.00514
0.00474
0.00427
0.00332
0.00222
0.0016
0.00134
0.00107
0.00074
0.00043
0.00013
-0.00023
-0.0005
-0.00032
0.00019
0.00031
-0.0004
-0.00143
-0.00144
-0.00044
0.00007
-0.00004
0.00019
0.00085
0.0014
0.00142
0.00093
0.0005
0.00087
0.00177
0.00177
0.00097
0.00076
0.00099
0.00083
0.00033
-0.00014
-0.00054
-0.00096
-0.00138
-0.00176
-0.00225
-0.00315
-0.0044
-0.00565
-0.00654
-0.007
-0.00732
-0.00767
-0.00804
-0.00841
-0.00874
-0.00908
-0.00948
-0.00985
-0.00993
-0.0097
-0.00966
-0.0098
-0.00963
-0.00956
-0.01037
-0.0117
-0.01264
-0.01271
-0.01265
-0.01331
-0.0142
-0.01469
-0.01495
-0.01516
-0.01547
-0.0163
-0.01767
-0.0187
-0.01918
-0.01981
-0.02074
-0.02168
-0.02251
-0.02345
-0.02473
-0.02607
-0.02701
-0.02749
-0.02759
-0.02756
-0.02793
-0.02898
-0.02992
-0.03015
-0.03004
-0.03015
-0.03065
-0.03114
-0.03121
-0.03084
-0.03037
-0.03018
-0.0302
-0.03022
-0.03021
-0.03023
-0.03027
-0.03013
-0.02972
-0.0294
-0.02926
-0.02898
-0.02864
-0.0285
-0.02833
-0.02803
-0.02803
-0.02848
-0.02905
-0.02941
-0.02942
-0.0293
-0.02943
-0.03004
-0.03064
-0.03078
-0.03081
-0.03107
-0.03144
-0.03174
-0.03201
-0.03226
-0.0325
-0.03271
-0.0329
-0.03307
-0.03326
-0.03335
-0.03325
-0.03309
-0.03307
-0.03305
-0.03284
-0.03253
-0.03224
-0.03196
-0.03165
-0.03138
-0.03127
-0.03117
-0.0308
-0.03028
-0.02989
-0.02961
-0.02934
-0.02906
-0.02871
-0.02821
-0.02772
-0.02741
-0.0273
-0.02722
-0.02701
-0.0267
-0.0264
-0.02621
-0.02612
-0.02606
-0.02592
-0.02562
-0.02526
-0.02496
-0.02476
-0.02459
-0.0243
-0.02394
-0.0236
-0.02334
-0.02322
-0.02318
-0.02306
-0.02273
-0.02232
-0.02197
-0.02171
-0.02148
-0.02126
-0.02111
-0.02093
-0.02062
-0.02028
-0.02007
-0.01983
-0.01944
-0.019
-0.01857
-0.01817
-0.01776
-0.01735
-0.01694
-0.01654
-0.01614
-0.01574
-0.01535
-0.01497
-0.01458
-0.01413
-0.01368
-0.0133
-0.013
-0.01269
-0.0123
-0.01189
-0.01152
-0.01114
-0.01075
-0.01038
-0.01005
-0.00973
-0.00941
-0.00908
-0.0087
-0.00829
-0.00792
-0.00757
-0.00724
-0.00694
-0.00664
-0.00631
-0.00598
-0.0057
-0.00543
-0.00514
-0.00484
-0.00457
-0.00432
-0.00408
-0.00384
-0.0036
-0.00337
-0.00313
-0.0029
-0.00266
-0.00243
-0.00221
-0.00201
-0.00182
-0.00159
-0.00136
-0.00113
-0.0009
-0.00068
-0.00047
-0.00026
-0.00005
0.00018
0.0004
0.00062
0.00083
0.00105
0.00127
0.00149
0.0017
0.00191
0.00212
0.00232
0.00252
0.00272
0.00292
0.00312
0.00331
0.00351
0.0037
0.00389
0.00408
0.00426
0.00445
0.00463
0.00481
0.00499
0.00518
0.00536
0.00553
0.00571
0.00589
0.00606
0.00624
0.00641
0.00658
0.00675
0.00692
0.00708
0.00725
0.00741
0.00757
0.00773
0.00789
0.00805
0.00821
0.00836
0.00851
0.00867
0.00882
0.00897
0.00911
0.00926
0.00941
0.00955
0.00969
0.00983
0.00997
0.01011
0.01025
0.01038
0.01052
0.01065
0.01078
0.01091
0.01104
0.01117
0.0113
0.01142
0.01155
0.01167
0.01179
0.01191
0.01203
0.01214
0.01226
0.01237
0.01249