0.005
0.0004046954
0.0004149927
0.0004319264
0.0004552332
0.0004845146
0.0005186512
0.0005573896
0.0006029833
0.0006503549
0.0006712423
0.0006186626
0.0004662016
0.0002627853
7.422147E-05
-9.679165E-05
-0.0002500871
-0.0003619508
-0.0004194978
-0.0004283257
-0.0004238279
-0.0004394028
-0.0004910492
-0.0005869965
-0.0007236611
-0.0008705889
-0.001019656
-0.001194828
-0.001374844
-0.001495757
-0.001521592
-0.001407387
-0.001082551
-0.0004505645
0.0005038205
0.001549638
0.002423709
0.003080338
0.003485494
0.003560376
0.003289165
0.002710331
0.001981598
0.001183294
0.0002691765
-0.0007871431
-0.001934288
-0.003053628
-0.004043954
-0.004889795
-0.005561615
-0.006019631
-0.006375098
-0.006780184
-0.007298614
-0.007807152
-0.00810453
-0.008156961
-0.007950911
-0.007439802
-0.006650188
-0.005726277
-0.004752067
-0.003718218
-0.002611262
-0.001429115
-0.0001654182
0.001147879
0.002376914
0.003292704
0.003663835
0.003462202
0.002684084
0.001334377
-0.0002148726
-0.001308432
-0.001353033
-0.0002787441
0.001421929
0.003161984
0.004542362
0.005371334
0.00539811
0.004464948
0.002663119
5.873387E-05
-0.003185713
-0.006746275
-0.01007536
-0.01271704
-0.01447386
-0.01551155
-0.01587879
-0.01578305
-0.01609816
-0.01776465
-0.02059945
-0.02407042
-0.0275228
-0.0295688
-0.02882561
-0.02523499
-0.0181836
-0.006725542
0.007876365
0.02178858
0.03267866
0.03971929
0.04296818
0.04251335
0.03940104
0.03352268
0.02314833
0.00799314
-0.009823205
-0.02544769
-0.03489926
-0.03619136
-0.02876149
-0.01304336
0.005618455
0.02096462
0.02933275
0.02863058
0.01491154
-0.01240167
-0.04607795
-0.07303779
-0.08790686
-0.09235253
-0.09014229
-0.08119057
-0.06456033
-0.04351779
-0.02354933
-0.00885503
-0.001897999
-0.001892522
-0.006569824
-0.01354219
-0.02034979
-0.02485936
-0.02572028
-0.02276895
-0.01744726
-0.01249276
-0.01021081
-0.01074027
-0.01311752
-0.01576063
-0.01684004
-0.01451212
-0.007021671
0.008494857
0.03216706
0.0567493
0.07256111
0.07763859
0.07255743
0.05769426
0.03030103
-0.01132004
-0.05822053
-0.09842879
-0.1260273
-0.1399137
-0.1416691
-0.1297316
-0.09962062
-0.05632424
-0.01181972
0.02066607
0.03716869
0.04132296
0.04054859
0.03920731
0.039567
0.04717784
0.0672182
0.0944554
0.118189
0.1312082
0.1331313
0.1201732
0.07218604
-0.01847953
-0.1096533
-0.1669825
-0.1926808
-0.1990471
-0.1905374
-0.1681269
-0.1247377
-0.05546659
0.01881864
0.06990376
0.09697361
0.1064258
0.1005163
0.0817491
0.05554438
0.0305851
0.01154968
-0.004877007
-0.02397792
-0.04727223
-0.06878546
-0.08171383
-0.08692068
-0.08747013
-0.08580316
-0.08383014
-0.08250124
-0.08123538
-0.07837466
-0.07199197
-0.05960491
-0.03850106
-0.009218554
0.02566333
0.06026471
0.08819996
0.1056314
0.1135674
0.1121781
0.1007191
0.07776019
0.04437451
0.009300038
-0.01758943
-0.03297134
-0.03782665
-0.03659071
-0.03500784
-0.0367213
-0.04138561
-0.04863065
-0.05861942
-0.06917493
-0.07645344
-0.07828312
-0.07343
-0.06121979
-0.038386
-0.003498032
0.03310563
0.05904335
0.06949383
0.05888824
0.02116114
-0.03904312
-0.1067681
-0.1578565
-0.1803264
-0.1814265
-0.1642532
-0.1242801
-0.06723326
0.0009200755
0.07371127
0.1341063
0.1646443
0.1700931
0.1584712
0.1334621
0.0984498
0.05970915
0.02785307
0.01047066
0.004365193
0.003673549
0.00433646
0.002925927
-0.004683227
-0.02167059
-0.04718908
-0.07468677
-0.09634231
-0.1067355
-0.1066777
-0.09759967
-0.08208998
-0.06328262
-0.04256764
-0.01792687
0.01450301
0.05400344
0.0915811
0.1162655
0.1260634
0.1189289
0.09044647
0.03990404
-0.02185404
-0.07227686
-0.09487885
-0.1001222
-0.1027565
-0.1099214
-0.1229041
-0.1392146
-0.1525135
-0.1571827
-0.153305
-0.142573
-0.1240019
-0.09479536
-0.0570404
-0.02298249
-0.0002462682
0.01299051
0.02043573
0.02305
0.0217839
0.01734432
0.009925806
0.001603018
-0.003251828
0.0006230135
0.01484304
0.03408803
0.05010773
0.05662989
0.05363733
0.04365645
0.03170711
0.0237575
0.02460283
0.03773954
0.06778565
0.1125643
0.1576744
0.185412
0.1902539
0.1682147
0.1193561
0.0600924
0.01849246
0.003003532
0.007775959
0.02457278
0.04648544
0.06521232
0.07322614
0.06156876
0.02234889
-0.03866795
-0.09368982
-0.1274563
-0.1445639
-0.1508793
-0.1443967
-0.1235188
-0.09050234
-0.05107262
-0.01358507
0.01512197
0.03379762
0.03995679
0.02706945
-0.01251607
-0.07442866
-0.124365
-0.1383761
-0.1218817
-0.07674144
-0.004545465
0.06153006
0.09378509
0.09964615
0.08665012
0.05356425
0.0112335
-0.02559713
-0.04723466
-0.04047103
0.00464015
0.07257708
0.1365649
0.1764219
0.183584
0.1607084
0.1049419
0.01030989
-0.1024984
-0.2028705
-0.2670779
-0.2890052
-0.275409
-0.2406295
-0.1901138
-0.1257933
-0.0585572
-0.004007807
0.03013695
0.04227478
0.03907519
0.02790642
0.01332871
0.00316131
0.01518847
0.07012594
0.1655341
0.2649624
0.3309234
0.3461282
0.323099
0.2625258
0.161281
0.05173958
-0.02333771
-0.06712332
-0.09911501
-0.1279771
-0.1539378
-0.1758276
-0.1939204
-0.2056184
-0.2070784
-0.1952341
-0.1695602
-0.1313873
-0.08465639
-0.03791558
0.01146548
0.07329874
0.1353392
0.1758733
0.1927781
0.1791358
0.1209861
0.0262878
-0.07483471
-0.149546
-0.1820912
-0.1882525
-0.1807123
-0.1490092
-0.07036454
0.04772702
0.1376185
0.1675866
0.165659
0.1362826
0.06078415
-0.03898356
-0.1270895
-0.1856668
-0.2167208
-0.2197266
-0.1835118
-0.106486
-0.01441203
0.07746676
0.1665074
0.2295253
0.238109
0.1957175
0.1228926
0.04445457
-0.01115521
-0.02291699
0.002675762
0.05179527
0.1094192
0.1554194
0.1742695
0.1672035
0.1299366
0.059362
-0.01732556
-0.06514369
-0.08514811
-0.08816649
-0.0755708
-0.0430683
0.007296673
0.05368202
0.07593803
0.0743397
0.05392037
0.02061012
-0.0100102
-0.02331894
-0.01966708
0.0009877444
0.04324387
0.105706
0.176195
0.2295512
0.2522491
0.2545452
0.2407688
0.2004146
0.1308615
0.04870678
-0.01133723
-0.03532196
-0.03256469
-0.01107754
0.02643564
0.06773901
0.1015624
0.1247416
0.1357685
0.1309347
0.1089161
0.06565197
0.001120984
-0.06624256
-0.1137746
-0.1380601
-0.1421047
-0.1300116
-0.105092
-0.07043292
-0.03499154
-0.007401298
0.009645247
0.01847822
0.02261865
0.02347832
0.02176231
0.02078623
0.02105401
0.01826354
0.006516934
-0.0176664
-0.04868882
-0.07862028
-0.1016465
-0.1146238
-0.1150218
-0.1031868
-0.08060368
-0.05295421
-0.02739377
-0.007659939
0.009360191
0.02791144
0.04949523
0.07424047
0.1011606
0.1264549
0.1444934
0.1517371
0.147444
0.1341441
0.1156545
0.09481814
0.07483708
0.05701016
0.03971276
0.02002942
-0.004501336
-0.03269509
-0.05934427
-0.07690039
-0.08000814
-0.06525001
-0.03243708
0.01468165
0.06230062
0.09969555
0.1252754
0.1411483
0.145596
0.1363357
0.1140379
0.08371134
0.04997404
0.01322488
-0.02826029
-0.07461637
-0.121457
-0.160824
-0.1857931
-0.1983112
-0.200702
-0.1937876
-0.1771975
-0.1519657
-0.1234228
-0.08980951
-0.0408525
0.02442088
0.09253767
0.1461738
0.174431
0.1832912
0.1785872
0.1597022
0.1216041
0.06330562
0.003646597
-0.03932183
-0.06155631
-0.06450145
-0.04885178
-0.02038811
0.01345266
0.04366219
0.0639294
0.0735619
0.07415951
0.05929584
0.01980519
-0.03722546
-0.09019499
-0.1229154
-0.1249187
-0.09364132
-0.03324962
0.03907803
0.09668364
0.1217726
0.1217348
0.09664305
0.04242074
-0.01467644
-0.04185357
-0.04471426
-0.02573825
0.03445365
0.1356112
0.2464754
0.3230289
0.3343888
0.2876298
0.2008985
0.09730927
0.01168608
-0.03123642
-0.04387001
-0.03698269
-0.007580987
0.04083209
0.09484631
0.1340369
0.1459737
0.1341089
0.100741
0.04198231
-0.03611873
-0.1170005
-0.1770355
-0.2060729
-0.2099312
-0.196361
-0.1649048
-0.1177311
-0.06551779
-0.02262084
0.004874411
0.01642189
0.01515695
0.002204933
-0.02063116
-0.04622315
-0.06572064
-0.0739232
-0.06999858
-0.05948453
-0.04922568
-0.04303494
-0.04034808
-0.04017712
-0.04243605
-0.04661896
-0.05128143
-0.05391126
-0.0517137
-0.04269597
-0.02449019
0.003100555
0.03328237
0.0579624
0.07561215
0.0900405
0.1069639
0.1270299
0.1463478
0.1612667
0.170778
0.1769996
0.1797294
0.1760379
0.1636488
0.1394912
0.1041372
0.06351716
0.02380129
-0.0164279
-0.05786262
-0.09238615
-0.1150895
-0.1294963
-0.1383792
-0.1404798
-0.1356374
-0.1214396
-0.09501006
-0.05826136
-0.01585984
0.02580536
0.05904454
0.07796631
0.08245039
0.07472067
0.05156963
0.005143603
-0.06003599
-0.1234431
-0.1661143
-0.1883818
-0.1768586
-0.1039139
0.009446338
0.09543442
0.1417036
0.1785723
0.2193489
0.2518819
0.2541196
0.2085449
0.116706
0.0256107
-0.02803758
-0.05244172
-0.06382853
-0.06842782
-0.06976969
-0.07087905
-0.07232916
-0.07088248
-0.06241318
-0.04782519
-0.0312401
-0.01792714
-0.01065216
-0.0083681
-0.008818132
-0.01003516
-0.009575599
-0.005358725
0.002617053
0.01239487
0.02157562
0.02877645
0.03327602
0.03573438
0.03740378
0.03819547
0.03424289
0.02173012
0.003624054
-0.01273473
-0.02017327
-0.01511489
0.005087552
0.03764526
0.07462832
0.1056916
0.1265945
0.1371318
0.1374556
0.1252222
0.1002797
0.06671011
0.0307234
0.0003651219
-0.01821453
-0.02476618
-0.02061987
-0.007892347
0.006869232
0.01774853
0.02384485
0.02712571
0.02989903
0.0323284
0.03262448
0.02882546
0.01820911
-0.001810644
-0.03197208
-0.06869903
-0.100027
-0.1177938
-0.1253208
-0.1269328
-0.1234933
-0.1152742
-0.1009603
-0.0795343
-0.05321362
-0.02618966
-0.0008470828
0.02217574
0.04477357
0.0735767
0.1143215
0.1587927
0.1935475
0.2146314
0.2217778
0.215472
0.1959792
0.1652203
0.1313097
0.09613786
0.05534376
0.01631755
-0.007120655
-0.01556764
-0.01503718
-0.01069802
-0.008843668
-0.01668746
-0.03642129
-0.06379959
-0.087386
-0.1009243
-0.1074643
-0.1107898
-0.1115799
-0.1097869
-0.105519
-0.09934006
-0.09224054
-0.08496166
-0.07810214
-0.07250711
-0.06866762
-0.06488616
-0.05818237
-0.04670661
-0.02858763
-0.003263953
0.02807191
0.0624367
0.09533955
0.1219727
0.1398806
0.1485714
0.1488906
0.138318
0.1123589
0.07497923
0.03233801
-0.009519381
-0.04469374
-0.06869084
-0.08244525
-0.08802918
-0.0884207
-0.08435022
-0.07430893
-0.05887693
-0.03962602
-0.01959642
-0.001511334
0.01329982
0.02512686
0.03424498
0.04057185
0.04296002
0.04092576
0.03723008
0.03500934
0.03428542
0.03445529
0.03590183
0.03924876
0.04438019
0.04975577
0.0542262
0.05743589
0.05762708
0.05284852
0.0451426
0.03802769
0.03363156
0.03206649
0.03246888
0.03536146
0.04156265
0.04918498
0.05607933
0.06169743
0.06551007
0.06492353
0.05640505
0.03998668
0.02211966
0.009185598
0.004806603
0.009502103
0.02144059
0.03427703
0.0414601
0.03757482
0.01729044
-0.0213267
-0.06710881
-0.108481
-0.1404204
-0.1619755
-0.1732458
-0.1780015
-0.1768711
-0.1669933
-0.1479698
-0.1221932
-0.09625704
-0.07671554
-0.06742376
-0.06947725
-0.08088953
-0.09421926
-0.1034471
-0.1076722
-0.1064886
-0.09870428
-0.08437062
-0.06394968
-0.04061793
-0.01895533
-0.001827047
0.01334779
0.02961812
0.04459721
0.05470944
0.05973325
0.06327894
0.06932487
0.07892131
0.09123892
0.1035515
0.1116701
0.1122412
0.106098
0.09352868
0.07398744
0.04814313
0.01862345
-0.01064525
-0.03708983
-0.06118455
-0.08438975
-0.1070966
-0.1262346
-0.1369826
-0.1380116
-0.1275973
-0.1043598
-0.06868208
-0.02321975
0.02247786
0.05910736
0.08343988
0.09673342
0.1020968
0.1036736
0.1040162
0.1044982
0.1062012
0.1096294
0.1139715
0.1166847
0.1134897
0.09871905
0.06852958
0.02359971
-0.03254255
-0.08973703
-0.1381071
-0.1727556
-0.1923046
-0.1969348
-0.1910878
-0.1755997
-0.1482032
-0.1073912
-0.05491177
4.612235E-05
0.04773125
0.08366077
0.1072923
0.1201061
0.1229319
0.1154939
0.1017409
0.08403648
0.06259938
0.04111055
0.02495341
0.01557367
0.011926
0.01120485
0.01102031
0.009975299
0.006717061
-5.509794E-05
-0.009949087
-0.02141071
-0.03356343
-0.04936131
-0.07432856
-0.1091805
-0.1451759
-0.1697444
-0.1798355
-0.1757688
-0.1581104
-0.1281712
-0.09052484
-0.04895126
-0.006617818
0.02931706
0.05362057
0.0682013
0.074642
0.07130995
0.05875828
0.03858121
0.01478771
-0.009184881
-0.03177654
-0.05178521
-0.0663238
-0.07223672
-0.06752755
-0.05189898
-0.02625734
0.005618923
0.03220647
0.04627364
0.05113672
0.05176636
0.04970832
0.04520795
0.03813115
0.02856781
0.01658112
0.002758909
-0.01017299
-0.01909948
-0.02276033
-0.02015246
-0.009998131
0.008631798
0.03694571
0.07154602
0.1048889
0.1288857
0.1406977
0.1402137
0.1306785
0.1136795
0.08916964
0.05649913
0.01698278
-0.01991321
-0.0449221
-0.05633641
-0.05628691
-0.04758432
-0.03533554
-0.02414935
-0.01684077
-0.014263
-0.01557509
-0.01938122
-0.02463191
-0.02961504
-0.03178155
-0.02863907
-0.01919773
-0.004904362
0.008203123
0.01561305
0.01760335
0.01504776
0.007822967
-0.001875029
-0.009287391
-0.009126711
0.0005280714
0.01895118
0.04500013
0.07761599
0.1115256
0.1397292
0.157481
0.1648369
0.1623389
0.1518054
0.1342851
0.1108509
0.08221608
0.04611961
0.001044803
-0.04887199
-0.09345239
-0.1279759
-0.1531249
-0.1700586
-0.1766017
-0.1712166
-0.1532028
-0.1231882
-0.08730787
-0.05184756
-0.02097702
0.002095008
0.01585012
0.02208063
0.02322609
0.02297762
0.02529475
0.03339057
0.04846519
0.06851623
0.08606196
0.09492284
0.09461576
0.08523673
0.06570592
0.03919001
0.01215044
-0.007455953
-0.01643039
-0.01695202
-0.01078249
0.00593375
0.03610721
0.07193019
0.09940963
0.1153459
0.1217656
0.118061
0.1007198
0.06936177
0.02996945
-0.009192003
-0.03980691
-0.05637502
-0.05961391
-0.05210844
-0.03607062
-0.01721351
-0.001882217
0.005420432
0.002947718
-0.008205701
-0.02373051
-0.03903342
-0.05028683
-0.0561269
-0.05787419
-0.05677321
-0.05316305
-0.04851903
-0.0444573
-0.04172479
-0.04076403
-0.04288197
-0.04972641
-0.06160894
-0.07539923
-0.08746341
-0.09604296
-0.1021559
-0.1063984
-0.1081227
-0.105861
-0.09772102
-0.08208634
-0.0581501
-0.02990089
-0.002060683
0.02257167
0.04192951
0.05218453
0.05016277
0.03625877
0.01743848
0.002927659
-0.0005889713
0.007230124
0.02631758
0.05470007
0.08623104
0.1126593
0.1281689
0.130369
0.1218165
0.09942014
0.0566258
-0.000351494
-0.05597362
-0.09390493
-0.1101221
-0.1114714
-0.09402131
-0.04882094
0.009971453
0.06063567
0.09017347
0.09868522
0.08826435
0.0564155
0.0006368699
-0.06722443
-0.1262895
-0.1610061
-0.1751373
-0.1752225
-0.1636752
-0.138667
-0.09929771
-0.05303177
-0.008016071
0.03112419
0.05895582
0.07000433
0.06395998
0.04421607
0.02104668
0.003016823
-0.00666186
-0.007633598
-0.0012526
0.007512546
0.01480601
0.01989334
0.02162371
0.01756141
0.005874657
-0.0139255
-0.03758169
-0.0590397
-0.07374209
-0.08060493
-0.0793112
-0.07065019
-0.05473906
-0.03324033
-0.01256719
0.001349253
0.009971132
0.01551185
0.01804273
0.01793383
0.01656207
0.01656801
0.02081403
0.0306932
0.04493502
0.05988706
0.07076626
0.07353501
0.06635387
0.04487693
0.006822852
-0.03678583
-0.07243108
-0.0968616
-0.1109455
-0.1159295
-0.1119879
-0.0986212
-0.07968084
-0.05850881
-0.03678233
-0.01567192
0.003834815
0.02054333
0.03205114
0.03664219
0.03526491
0.03047126
0.02352472
0.014009
0.002693792
-0.007839466
-0.01489091
-0.01828973
-0.01867069
-0.01697601
-0.01479036
-0.01384391
-0.01303475
-0.009714101
-0.003595014
0.004877031
0.015701
0.0295591
0.04589613
0.06051684
0.07034749
0.07679325
0.07944258
0.07525381
0.06290019
0.04129749
0.0114566
-0.02310836
-0.05603588
-0.07981641
-0.0892435
-0.08754507
-0.07728869
-0.05920782
-0.0361609
-0.01159713
0.01177091
0.03133897
0.04468535
0.0508333
0.05023191
0.04540456
0.03892593
0.03361945
0.03094455
0.03026345
0.03014604
0.0303637
0.03187737
0.0338395
0.03356182
0.02959898
0.02172596
0.01132235
0.0007239873
-0.007128902
-0.01017776
-0.007505113
-0.0002637065
0.01072183
0.02465573
0.04078008
0.05789637
0.07307184
0.08392996
0.09109304
0.09457657
0.09248884
0.0829001
0.06481785
0.04121169
0.01319316
-0.01992312
-0.05492059
-0.08632091
-0.1105277
-0.1245953
-0.1274163
-0.119616
-0.1023029
-0.07939966
-0.05423946
-0.02987621
-0.01001294
0.002372436
0.007210089
0.003770159
-0.008036013
-0.02604472
-0.04570145
-0.06180152
-0.07051784
-0.07138891
-0.06381002
-0.04848473
-0.03109917
-0.01801785
-0.0103087
-0.007341961
-0.009368022
-0.01940034
-0.03996176
-0.0652255
-0.08791122
-0.1039216
-0.1105758
-0.1058949
-0.09044337
-0.06510781
-0.03401117
-0.001772503
0.02806755
0.05253974
0.06864124
0.07559147
0.07207343
0.05778169
0.03474941
0.004460088
-0.02984082
-0.06208879
-0.08494566
-0.09714963
-0.1016884
-0.1008106
-0.09489586
-0.08585246
-0.07554291
-0.06525025
-0.05760259
-0.05496493
-0.05683455
-0.06358617
-0.07616165
-0.09177114
-0.1066254
-0.1191859
-0.1289949
-0.135805
-0.1390349
-0.137444
-0.1303991
-0.116241
-0.09427823
-0.06684608
-0.03893414
-0.01703269
-0.00525036
-0.001883273
-0.00656393
-0.02059946
-0.04033046
-0.06029617
-0.07614842
-0.08563469
-0.08907339
-0.0876446
-0.08002177
-0.06317884
-0.03533317
-0.0003448886
0.03289633
0.05648382
0.07026962
0.07494773
0.07071254
0.05801293
0.03847433
0.0181035
0.003721356
-0.0007358179
0.00588617
0.02271924
0.04748237
0.07751228
0.1069522
0.1308576
0.14738
0.155418
0.1537152
0.1446352
0.1280003
0.1018459
0.06869197
0.03388285
0.002476383
-0.0220257
-0.03869826
-0.04765611
-0.04908453
-0.04450626
-0.03559871
-0.02566459
-0.0173607
-0.01165207
-0.008594249
-0.007924198
-0.008151003
-0.0082298
-0.008156146
-0.008090375
-0.008132305
-0.008294718
-0.007887865
-0.005652052
-0.0007819494
0.007017277
0.01701319
0.02796386
0.03816541
0.04634759
0.05116297
0.04930987
0.0366128
0.01436339
-0.01085474
-0.0312424
-0.04442282
-0.05126674
-0.05382074
-0.05176129
-0.04344596
-0.02906245
-0.009982096
0.01024219
0.02853968
0.0433812
0.05380157
0.05858698
0.05738503
0.04957558
0.03571668
0.01594068
-0.009275366
-0.03544726
-0.05761367
-0.07380378
-0.08303288
-0.08525471
-0.08268559
-0.07739909
-0.07083507
-0.06393604
-0.05791559
-0.05517329
-0.05785874
-0.06475225
-0.07456165
-0.08616356
-0.09603394
-0.09916193
-0.09246763
-0.07388401
-0.04531769
-0.01134709
0.02205424
0.04832902
0.06382607
0.07211932
0.07535212
0.07239131
0.06370661
0.05010177
0.03245464
0.01139134
-0.01102646
-0.03100004
-0.04564655
-0.0569238
-0.06688082
-0.07522723
-0.07938799
-0.07653206
-0.06777241
-0.05580379
-0.04441501
-0.03650765
-0.03300392
-0.03289573
-0.03527293
-0.03948079
-0.04537845
-0.05246061
-0.05832676
-0.06082285
-0.060917
-0.05902109
-0.05368911
-0.04392161
-0.03052186
-0.01743084
-0.006645315
0.004200626
0.01811263
0.03555038
0.05251494
0.06462283
0.07009467
0.06670117
0.05314323
0.03359687
0.01184429
-0.0114215
-0.03437265
-0.05316939
-0.06544002
-0.06984096
-0.06692778
-0.05775055
-0.04514452
-0.03303337
-0.0245754
-0.02070785
-0.02141969
-0.02547583
-0.03146138
-0.03746767
-0.03997784
-0.03717828
-0.03187262
-0.02524915
-0.01574901
-0.003949143
0.007493084
0.01552106
0.01815327
0.01536686
0.008769287
0.0006941621
-0.005412911
-0.007104331
-0.003847968
0.005424939
0.02051478
0.03496179
0.04315072
0.04509358
0.04023559
0.02692931
0.008447805
-0.009852798
-0.02297877
-0.02745632
-0.02308248
-0.01402513
-0.003763734
0.0067206
0.01563447
0.02045396
0.02183969
0.02171773
0.02045833
0.01815214
0.01594463
0.01439911
0.01307518
0.01138742
0.00832035
0.002568725
-0.006362252
-0.01735648
-0.02772052
-0.03536699
-0.04017789
-0.04024941
-0.03180055
-0.01324269
0.0130281
0.03758804
0.05326624
0.05956385
0.05657785
0.04242673
0.01881049
-0.01168147
-0.04465863
-0.07394878
-0.09480735
-0.1080005
-0.1139245
-0.1117557
-0.1006546
-0.08025419
-0.05214988
-0.01943213
0.01081165
0.03307125
0.04710399
0.05631943
0.06231758
0.06390732
0.06017382
0.0526921
0.0440204
0.0366148
0.03283678
0.03320976
0.03519288
0.03656641
0.03590365
0.03105594
0.02092585
0.008607569
-0.00223557
-0.009811857
-0.01376189
-0.01286438
-0.006012352
0.006663101
0.02306325
0.03973757
0.05325896
0.06138734
0.06320605
0.06008365
0.05368911
0.04445479
0.03273971
0.01864707
0.003060447
-0.01202696
-0.02474234
-0.03518921
-0.0439607
-0.05171342
-0.05894797
-0.06539319
-0.0690094
-0.06725053
-0.06020355
-0.04875972
-0.03464417
-0.02186192
-0.01467237
-0.01348623
-0.01737215
-0.02550013
-0.0390446
-0.05850256
-0.07751908
-0.08935564
-0.0924188
-0.08642643
-0.07033489
-0.04588909
-0.01780344
0.006002537
0.0219998
0.03173477
0.03502688
0.03018602
0.02030561
0.008898156
-0.00217621
-0.01044407
-0.01344005
-0.01181102
-0.005737669
0.005599917
0.02241899
0.04412981
0.06751209
0.08849201
0.1039645
0.1137339
0.119436
0.1214532
0.1177818
0.1074431
0.09237563
0.07671498
0.06429765
0.05748293
0.0555158
0.05615673
0.05650868
0.05376161
0.0451019
0.02879499
0.00379047
-0.02752752
-0.05892648
-0.08347483
-0.09787783
-0.100785
-0.09391021
-0.07759607
-0.05155547
-0.02112258
0.007889762
0.03278731
0.05198749
0.06450904
0.07128522
0.0737177
0.07423513
0.07395454
0.07256367
0.069116
0.0613649
0.0472657
0.02750501
0.007299828
-0.009010628
-0.01951195
-0.02396436
-0.02217174
-0.0155941
-0.004469396
0.01188697
0.030773
0.04794121
0.06052558
0.06732135
0.06713897
0.05499179
0.02650842
-0.009160825
-0.03811365
-0.05102418
-0.04853368
-0.03608189
-0.02106745
-0.008923416
-0.002614771
-0.004295653
-0.01529056
-0.03349431
-0.05488368
-0.07353645
-0.0858237
-0.09154665
-0.09146442
-0.08556312
-0.07542463
-0.06237116
-0.04717915
-0.03212913
-0.01993743
-0.01121873
-0.004942298
0.0002340118
0.003124393
0.001843829
-0.001408306
-0.004547091
-0.007999717
-0.01241706
-0.01688551
-0.01867356
-0.01518011
-0.005583355
0.0121512
0.03858501
0.06610933
0.08685449
0.1007834
0.1079848
0.1062485
0.09469835
0.07378105
0.04825335
0.02360026
0.004078556
-0.008962871
-0.01624299
-0.01985408
-0.0197221
-0.01440251
-0.003924106
0.009799857
0.02293305
0.03170993
0.03423401
0.02907671
0.01499852
-0.007300048
-0.03388954
-0.05534003
-0.06550489
-0.06492637
-0.05325141
-0.02824497
0.004943428
0.03984977
0.0722396
0.09960935
0.1193129
0.1288705
0.1261129
0.1126305
0.08893833
0.05452998
0.01525567
-0.02038249
-0.04560138
-0.05734804
-0.0566626
-0.04527468
-0.02155578
0.0132183
0.05144917
0.0815535
0.09786775
0.09958065
0.08903704
0.06470891
0.0258676
-0.02027596
-0.06314541
-0.09639294
-0.1178144
-0.1296123
-0.131949
-0.1220406
-0.09996867
-0.06805592
-0.03288349
0.002171989
0.03703152
0.06745985
0.0876586
0.09830628
0.1008213
0.09565377
0.08466033
0.0708547
0.05883203
0.05117684
0.04680022
0.04410356
0.04239223
0.04077216
0.03769941
0.03181237
0.02348779
0.01447078
0.006644045
0.00227842
0.002971518
0.008013379
0.01495557
0.02315776
0.03240105
0.0397704
0.04293488
0.0423695
0.03824255
0.02957261
0.01736153
0.003670649
-0.008886378
-0.01786807
-0.0214642
-0.01937324
-0.01180029
-0.001025355
0.009915927
0.01863255
0.0240267
0.02637119
0.02801215
0.03108563
0.03654902
0.04525788
0.05713327
0.0689457
0.07673979
0.07753185
0.06595513
0.0352997
-0.0108393
-0.06070898
-0.09836564
-0.1180798
-0.1237849
-0.119713
-0.1054597
-0.08229088
-0.05434013
-0.02527203
0.004421836
0.03354493
0.05660129
0.06950346
0.07300586
0.06903889
0.05793316
0.0421207
0.02381969
0.004617309
-0.01312957
-0.02620591
-0.03237096
-0.03057859
-0.022758
-0.01046345
0.005528713
0.02164442
0.03333979
0.03843084
0.0365996
0.0276299
0.009771541
-0.01747018
-0.04659825
-0.07056992
-0.0876816
-0.09882425
-0.1044731
-0.1061864
-0.1047778
-0.1002379
-0.09197933
-0.07912907
-0.06255772
-0.04267034
-0.01951815
0.00670669
0.0349759
0.06203423
0.084131
0.09949539
0.1074441
0.1088462
0.1070547
0.1040263
0.09816682
0.08583817
0.0650276
0.03885116
0.01272649
-0.008462106
-0.02167511
-0.02705374
-0.02570728
-0.01889268
-0.009998363
-0.001064199
0.007821864
0.01534139
0.01990218
0.02296787
0.02514381
0.02320369
0.01429941
-0.0002625301
-0.01358554
-0.01838981
-0.01356431
-0.001873083
0.01146525
0.02113312
0.02312144
0.01707122
0.003770096
-0.01391534
-0.03191892
-0.04640422
-0.05514491
-0.05778589
-0.05655806
-0.05018428
-0.03413182
-0.008065898
0.02444639
0.05539109
0.07923186
0.09579435
0.1071772
0.1137952
0.1152189
0.111156
0.1029348
0.09290859
0.08274037
0.07346547
0.06655273
0.06344775
0.06345774
0.06383804
0.06112494
0.05344177
0.04225666
0.02911563
0.01495471
0.002006848
-0.00738744
-0.0131501
-0.015954
-0.0167139
-0.01701779
-0.01814982
-0.02023419
-0.02315631
-0.02690629
-0.03123141
-0.03559472
-0.03906509
-0.0403985
-0.03875674
-0.03399746
-0.02636225
-0.0166661
-0.00553846
0.006132605
0.01756034
0.02811493
0.03725728
0.04493619
0.05181831
0.05644209
0.05599972
0.05071272
0.04258694
0.03380023
0.02517121
0.0169841
0.01113152
0.009491072
0.01036184
0.01190789
0.01357214
0.01419658
0.01256589
0.009619584
0.006509111
0.003429465
0.00130233
0.001308158
0.002643492
0.004359708
0.006706828
0.00873365
0.008188444
0.004950417
0.0007281572
-0.002536686
-0.004137604
-0.004700663
-0.004313211
-0.002141366
0.002654712
0.01101774
0.02292967
0.03722716
0.05193202
0.0643876
0.07222288
0.07509727
0.07331671
0.06775737
0.06052485
0.05321511
0.04642006
0.04134412
0.03972934
0.04220695
0.04855659
0.0568614
0.06497736
0.07125641
0.07528374
0.07727988
0.07722463
0.07470632
0.07011277
0.06441312
0.05856425
0.0532782
0.04872037
0.0444705
0.04016125
0.03521862
0.02774971
0.0160079
0.001385624
-0.01422198
-0.02954097
-0.04288636
-0.05259191
-0.05917318
-0.06391109
-0.06857459
-0.07505548
-0.08416293
-0.09382386
-0.1008536
-0.1030518
-0.09950488
-0.09033238
-0.07688267
-0.0604481
-0.04266931
-0.02315633
-0.0005511103
0.0230368
0.04400204
0.06073605
0.07137108
0.07387941
0.06722732
0.05102615
0.02861296
0.003927373
-0.01843574
-0.03294629
-0.03514723
-0.0259775
-0.007507172
0.01594665
0.0391929
0.05804675
0.0703564
0.07465933
0.07142644
0.06092983
0.04449875
0.02718556
0.01291365
-0.0004428633
-0.01623661
-0.03512559
-0.05475816
-0.07156327
-0.08306541
-0.088209
-0.08885463
-0.08731366
-0.08475408
-0.08124958
-0.07539592
-0.06500616
-0.04840271
-0.02612538
-0.00249185
0.0183058
0.03516966
0.04741961
0.05426317
0.0552847
0.04949252
0.03792319
0.02355423
0.01111197
0.003676622
0.002159179
0.004862937
0.009995238
0.01656285
0.0273683
0.04643837
0.07100272
0.09463288
0.1108275
0.114813
0.1041448
0.07886434
0.04072237
-0.0009182553
-0.03734626
-0.06506965
-0.08355688
-0.09299382
-0.09698297
-0.09629469
-0.08748235
-0.06678989
-0.03456515
-0.001765495
0.02242756
0.03808565
0.04660687
0.04745783
0.04104133
0.0277523
0.01022646
-0.007092398
-0.02023805
-0.02914368
-0.03526845
-0.03968277
-0.04247423
-0.043571
-0.04340233
-0.04206763
-0.03975625
-0.03736946
-0.03580613
-0.03276756
-0.02496294
-0.01354804
-0.0005924038
0.01269672
0.02457959
0.03352944
0.04020405
0.04415095
0.04295508
0.03641652
0.02761677
0.0194641
0.01345634
0.01018629
0.01026751
0.01372469
0.02019544
0.02959298
0.0407117
0.05157245
0.06008064
0.06529837
0.06664582
0.06281964
0.05244068
0.03765658
0.02311179
0.01305583
0.008442339
0.009020809
0.0134473
0.02053298
0.02903794
0.03678848
0.04180141
0.04405884
0.0439873
0.04178013
0.03622314
0.02491108
0.007866308
-0.01221557
-0.02988413
-0.04142099
-0.04656714
-0.04769922
-0.04463153
-0.03551152
-0.02231665
-0.01016943
-0.002021397
0.001534394
0.001918908
0.0009651641
0.0002882988
0.0005479779
0.001853121
0.004410535
0.008714679
0.01491321
0.02203962
0.0281508
0.03088199
0.02841198
0.02088475
0.00826838
-0.00977135
-0.03064534
-0.05025282
-0.06443793
-0.07058996
-0.0686132
-0.06079158
-0.04865303
-0.03389705
-0.01885768
-0.00616521
0.002192895
0.004917831
0.002993233
-0.002297903
-0.009323517
-0.01608023
-0.02100521
-0.0240055
-0.02584371
-0.02744485
-0.02809328
-0.02646106
-0.0235007
-0.02041264
-0.01733528
-0.01524397
-0.01598407
-0.0203151
-0.02824451
-0.03817966
-0.04728486
-0.05244132
-0.05207635
-0.04624859
-0.03791659
-0.02952938
-0.02220213
-0.01755817
-0.01736268
-0.02088847
-0.02581991
-0.02853687
-0.02582466
-0.01677194
-0.005021601
0.005042142
0.01135587
0.01465079
0.01724823
0.02015553
0.02309697
0.02587013
0.02878075
0.03199185
0.03397166
0.03212491
0.02555027
0.01476353
0.001987823
-0.01077828
-0.02258255
-0.0333453
-0.04377685
-0.05527786
-0.06800455
-0.08029337
-0.08947017
-0.09327447
-0.09228524
-0.0881005
-0.08253546
-0.07726173
-0.0725894
-0.06676029
-0.05818149
-0.0472553
-0.03647118
-0.02840644
-0.02320603
-0.0199775
-0.01732802
-0.01418355
-0.0102292
-0.005582168
0.0002407549
0.007838904
0.01550663
0.01959874
0.01757231
0.009048811
-0.001948389
-0.01149372
-0.01845811
-0.02454524
-0.03129533
-0.03766604
-0.04177992
-0.04263946
-0.04051991
-0.0367044
-0.03413451
-0.03543293
-0.04145979
-0.05287231
-0.06959225
-0.08785036
-0.103894
-0.1163452
-0.1237048
-0.1243703
-0.119256
-0.1100633
-0.09948224
-0.08982258
-0.08240007
-0.07772126
-0.07556972
-0.07432371
-0.07291204
-0.07106331
-0.06682288
-0.05717656
-0.04161488
-0.0208004
0.002941363
0.02670172
0.04815444
0.06555028
0.07580685
0.07606814
0.06513568
0.04445147
0.01919207
-0.004916406
-0.02303138
-0.03324472
-0.0373851
-0.03783557
-0.03563194
-0.03236634
-0.02975343
-0.02867886
-0.02855448
-0.02861856
-0.02985681
-0.03401303
-0.04121785
-0.04890462
-0.05363038
-0.05393621
-0.04872806
-0.03736788
-0.0196863
0.002366951
0.022451
0.03438879
0.03770559
0.0331127
0.02184424
0.007884957
-0.004307488
-0.01271452
-0.01742783
-0.02005631
-0.02076954
-0.01781783
-0.01013033
0.001672551
0.01399298
0.02288379
0.02578594
0.02218147
0.01192222
-0.002591961
-0.01736226
-0.02871635
-0.03545298
-0.03780662
-0.03724361
-0.03413255
-0.02828523
-0.02157982
-0.0166246
-0.01420954
-0.01390046
-0.01474782
-0.01667283
-0.02023029
-0.02537784
-0.03266756
-0.04254164
-0.05302278
-0.06077608
-0.06451302
-0.06356187
-0.0574418
-0.04550181
-0.02859522
-0.01107748
0.002877115
0.01304336
0.02009358
0.02406975
0.02420078
0.01972384
0.01247577
0.004005117
-0.00495724
-0.01277526
-0.01716393
-0.01734644
-0.01379173
-0.0085513
-0.002492998
0.005193561
0.01458932
0.02415822
0.03103705
0.0341443
0.03482117
0.03437389
0.03325151
0.03191067
0.03009146
0.0269548
0.0227243
0.01825531
0.01425391
0.01169951
0.01138241
0.0123486
0.01295844
0.01274417
0.01093717
0.006336485
4.467357E-06
-0.005501387
-0.009621632
-0.01227049
-0.01240618
-0.01003261
-0.006881894
-0.003991933
-0.001183041
0.001774526
0.004516756
0.006473677
0.00808358
0.01058712
0.01505076
0.02189725
0.03022436
0.0384593
0.04507644
0.04905865
0.04948556
0.04647534
0.04059745
0.03266006
0.02419672
0.01692189
0.01223567
0.01091942
0.01248806
0.01534471
0.01832837
0.02127463
0.02385104
0.02521714
0.0248367
0.02250208
0.01846529
0.01301134
0.006992912
0.001647595
-0.002052359
-0.004019751
-0.004193361
-0.002703401
0.000139821
0.004046442
0.008865733
0.01427421
0.01934707
0.02408381
0.02928124
0.03455574
0.03932342
0.04433926
0.04937608
0.05276477
0.05428375
0.05444302
0.05240705
0.04736754
0.04101988
0.03592905
0.03336212
0.0320306
0.03077672
0.02997571
0.02990244
0.02998408
0.0297932
0.02994573
0.03149391
0.03342496
0.03305516
0.02978037
0.02430988
0.01720569
0.009066893
0.001616101
-0.003124431
-0.004423623
-0.003993816
-0.002051695
0.003198211
0.01127415
0.01934353
0.02537089
0.02856545
0.02925085
0.02776599
0.02438432
0.01959854
0.01409999
0.009361976
0.00658451
0.005662884
0.005508002
0.005625365
0.006813082
0.009081549
0.01068935
0.0103803
0.008055051
0.004480741
0.0004717359
-0.003161911
-0.006045479
-0.007967507
-0.008095465
-0.005910432
-0.002779831
0.0001759015
0.002988264
0.005823229
0.008745097
0.01206155
0.0166446
0.02340873
0.03258116
0.04362657
0.05452148
0.06282181
0.06691061
0.06594127
0.05934962
0.04789823
0.03310599
0.01824938
0.005731422
-0.004153813
-0.01183213
-0.01631992
-0.01636856
-0.0128155
-0.008221486
-0.003341544
0.00187551
0.005504931
0.00578869
0.003051953
-0.001861174
-0.008433375
-0.01563234
-0.02295157
-0.02999084
-0.0339143
-0.03133061
-0.02339851
-0.01221603
0.0004466499
0.01255555
0.02259061
0.03109729
0.03798106
0.04088536
0.03816041
0.03104303
0.02253169
0.01509934
0.009768281
0.00670636
0.0054414
0.006161396
0.009554403
0.01505359
0.02199094
0.02961434
0.03599215
0.03817113
0.03421097
0.02436432
0.01291773
0.002744777
-0.00619621
-0.01398132
-0.0202477
-0.02538552
-0.02924821
-0.03099773
-0.03050823
-0.02797602
-0.02418881
-0.02033635
-0.01767402
-0.01608516
-0.01479016
-0.01386735
-0.01359299
-0.01364157
-0.01379572
-0.01384371
-0.01288497
-0.01052487
-0.008144741
-0.006654855
-0.00542031
-0.003407107
-0.0009587787
-0.00039138
-0.003011502
-0.007869966
-0.01396511
-0.02090415
-0.02737873
-0.03127901
-0.03140795
-0.0285532
-0.02326246
-0.01424992
-0.001329672
0.01200391
0.02373218
0.0341427
0.04220268
0.04593277
0.04572015
0.04290468
0.03819022
0.03118793
0.02199483
0.01342636
0.007479194
0.003613896
0.00121683
0.0007121124
0.002075953
0.004500893
0.006657131
0.008270044
0.009628356
0.01008384
0.009108097
0.007515107
0.005971434
0.004545826
0.003556364
0.003293863
0.003361477
0.003427445
0.003468183
0.003149017
0.001967878
-0.0001121524
-0.002946827
-0.006077518
-0.00838498
-0.008971513
-0.008731517
-0.008696766
-0.008912851
-0.008497327
-0.006396703
-0.002515883
0.003011413
0.009672144
0.01662332
0.022949
0.02797121
0.03112482
0.0325266
0.03261051
0.03175547
0.02965678
0.02584215
0.02126058
0.0170851
0.01371182
0.01071543
0.007897567
0.006072764
0.005714766
0.005904504
0.005876642
0.005810453
0.006336504
0.007473786
0.008275223
0.008394129
0.008316994
0.008296899
0.008333308
0.008805121
0.0105548
0.01396292
0.01787035
0.02118018
0.02419675
0.02648147
0.0267583
0.02577678
0.02523086
0.02517823
0.02553904
0.02706805
0.02975789
0.03278311
0.0357285
0.03845652
0.04065662
0.04210765
0.0426322
0.04175599
0.03940437
0.03703453
0.03534649
0.03331768
0.02973218
0.024509
0.01931542
0.01452717
0.008630309
0.001599006
-0.004645305
-0.008224438
-0.008960136
-0.008801967
-0.008290608
-0.006378714
-0.003030947
0.001238903
0.005781128
0.009635018
0.01201955
0.01350845
0.0147543
0.01553622
0.0158183
0.01590967
0.01517628
0.01296618
0.0102269
0.006675248
0.0005074474
-0.007735359
-0.01558348
-0.02138492
-0.0243895
-0.02483727
-0.02345452
-0.02088135
-0.01741361
-0.01346779
-0.009936364
-0.006600384
-0.002646154
0.0006178123
0.001454593
0.0009930879
0.001229029
0.003071801
0.005907792
0.008899578
0.01188477
0.01444326
0.01576088
0.01573819
0.01456666
0.01171292
0.006417837
-0.0009636517
-0.00967706
-0.01858672
-0.02526636
-0.02764444
-0.0266685
-0.02384888
-0.019956
-0.01549258
-0.01129586
-0.008748388
-0.008402595
-0.009482919
-0.01118732
-0.01251607
-0.01167739
-0.008201781
-0.003821794
0.001246053
0.007677094
0.01324778
0.01532922
0.01428129
0.01128491
0.006502859
-0.0006949877
-0.009889968
-0.0177946
-0.02200923
-0.02316094
-0.02330081
-0.02309307
-0.02128024
-0.01764367
-0.01387145
-0.01095479
-0.00937338
-0.01023222
-0.01370091
-0.01757471
-0.02033731
-0.02209266
-0.02285656
-0.02139341
-0.01671409
-0.01032022
-0.004899088
-0.0005602634
0.003496252
0.006267429
0.00582857
0.001760166
-0.003258194
-0.00690485
-0.01023605
-0.01398064
-0.01685527
-0.01815787
-0.01830554
-0.01814234
-0.01827517
-0.01906426
-0.0204364
-0.02196608
-0.02309076
-0.02309819
-0.02157514
-0.01890106
-0.01592484
-0.01296526
-0.01020805
-0.008453249
-0.008545981
-0.01050988
-0.01338882
-0.01631526
-0.01915269
-0.02205209
-0.02495295
-0.02768226
-0.0305654
-0.03458962
-0.03970895
-0.04414603
-0.04704551
-0.04877844
-0.0493331
-0.04825675
-0.04595876
-0.04316845
-0.04026819
-0.03727807
-0.03452577
-0.03290929
-0.03262501
-0.03279297
-0.03283471
-0.03274915
-0.03267756
-0.03281002
-0.0330232
-0.03232239
-0.0301678
-0.02829912
-0.02753674
-0.02621019
-0.0236949
-0.02068292
-0.0168175
-0.0117045
-0.006574029
-0.001862588
0.003322307
0.00881868
0.0133787
0.01591918
0.01590108
0.01382908
0.01126563
0.009485674
0.008204254
0.006796435
0.005223992
0.004014009
0.003673786
0.00382319
0.003748459
0.002979693
0.001638306
0.000134511
-0.00137473
-0.002693477
-0.003423762
-0.003606648
-0.003611537
-0.003185603
-0.002081473
-0.001155834
-0.0009745073
-0.001091326
-0.001079983
-0.001051997
-0.001511965
-0.002909095
-0.00522144
-0.008077897
-0.01099884
-0.01348631
-0.01496869
-0.01501097
-0.01326915
-0.009779279
-0.00515916
0.0005644081
0.007838962
0.01583957
0.0222139
0.02488842
0.02315319
0.01923396
0.01493975
0.0106209
0.00657005
0.003327246
0.001392816
0.001416645
0.003350799
0.005557799
0.006409476
0.006770196
0.007843884
0.009335829
0.0110771
0.01343692
0.01626743
0.01926364
0.02231003
0.02473948
0.025764
0.02593253
0.02573337
0.02408973
0.0201182
0.01463636
0.009070722
0.004447523
0.001176723
-0.0003996085
-0.0002557365
0.001383302
0.003996463
0.00643568
0.008159736
0.01006012
0.01310454
0.01719364
0.02080548
0.02271375
0.02383517
0.0253843
0.02723829
0.02737202
0.02422668
0.01967242
0.01498132
0.009667751
0.004760284
0.002212477
0.001575644
0.001495349
0.001317638
0.001731154
0.003802204
0.006940273
0.009710277
0.01109039
0.01135199
0.01135704
0.01063662
0.008309186
0.005136095
0.002463142
0.001234506
0.001845485
0.004248902
0.007306578
0.01019257
0.01299648
0.01597624
0.01887184
0.02072365
0.02115181
0.02107701
0.02079828
0.01981681
0.01835315
0.01683155
0.01494528
0.01173833
0.006751723
0.001573792
-0.001793444
-0.003217162
-0.0033336
-0.002568606
-0.0004871617
0.003226809
0.007132623
0.01031369
0.01322346
0.01555255
0.01635307
0.01584052
0.01437172
0.01205242
0.009499818
0.007577835
0.006190985
0.0048146
0.003306534
0.001998991
0.001418451
0.001815385
0.003020791
0.004039713
0.003999807
0.002932604
0.001797272
0.00144949
0.001551654
0.001641073
0.001640387
0.001499743
0.001475393
0.002502283
0.004875853
0.007208848
0.008696696
0.009971107
0.01194256
0.01445292
0.01606644
0.01636717
0.01627355
0.01592133
0.01480474
0.01323246
0.01189292
0.01122605
0.01142956
0.01264846
0.01440694
0.01543343
0.01443778
0.01187599
0.008873691
0.004986915
-0.0001415357
-0.004804042
-0.007433078
-0.00814206
-0.008245278
-0.008008405
-0.006101141
-0.002142466
0.002478942
0.006509849
0.009600339
0.01193676
0.0131702
0.01286179
0.01159714
0.01002489
0.007909534
0.005520289
0.00419877
0.003858729
0.003002564
0.0009888919
-0.001658247
-0.003862155
-0.005403673
-0.006822309
-0.007982483
-0.008147182
-0.007233787
-0.006297285
-0.006626009
-0.007906593
-0.009544993
-0.0121753
-0.0159718
-0.01968122
-0.02246068
-0.0241473
-0.02453184
-0.02332405
-0.02102372
-0.01813113
-0.01427552
-0.00844748
-0.0006917602
0.006758326
0.01280631
0.01769671
0.02007337
0.01852153
0.01521948
0.01214626
0.009319887
0.006774257
0.005016487
0.004149617
0.004183505
0.005076276
0.006462685
0.007932915
0.009392985
0.0107734
0.01162573
0.01119697
0.009138655
0.006293977
0.00321637
-1.193653E-05
-0.001931009
-0.0008890336
0.001249093
0.002028126
0.001947056
0.001485559
-0.0001945418
-0.003049644
-0.006036288
-0.008327521
-0.009910875
-0.01134965
-0.01257301
-0.01296368
-0.01239175
-0.01113355
-0.009670383
-0.008136872
-0.006627178
-0.006003814
-0.006963138
-0.008671558
-0.01001471
-0.01045783
-0.01027197
-0.01035369
-0.01170034
-0.01409139
-0.01615563
-0.01789821
-0.02035939
-0.02379917
-0.02804616
-0.03266141
-0.03636447
-0.03749828
-0.03581622
-0.03207867
-0.02776503
-0.02290658
-0.01662863
-0.009812439
-0.003712969
0.001538571
0.005215428
0.005940846
0.003813586
-0.000139916
-0.004544523
-0.00890823
-0.01336735
-0.01719087
-0.01925568
-0.0198719
-0.02010547
-0.02095309
-0.02216076
-0.02261182
-0.02197929
-0.02085255
-0.02017812
-0.0197319
-0.01879867
-0.01798247
-0.0173944
-0.01535967
-0.01189921
-0.00916242
-0.007541678
-0.006383515
-0.006125447
-0.007124397
-0.008688389
-0.01036453
-0.01173353
-0.01151164
-0.00933564
-0.006988772
-0.005447204
-0.004146946
-0.002613118
-0.001289906
-0.001180002
-0.002654754
-0.005201405
-0.008072465
-0.01097206
-0.01393083
-0.0164926
-0.01776372
-0.01720904
-0.01472899
-0.0114532
-0.008933565
-0.00798755
-0.007300901
-0.00522525
-0.002708522
-0.0009150545
0.0004679863
0.001573335
0.002046848
0.002123873
0.001930735
0.001132007
9.834233E-05
-0.0003842885
-0.0008173703
-0.0018608
-0.002765521
-0.002953606
-0.002847747
-0.002825341
-0.002839675
-0.00281481
-0.002848774
-0.00295158
-0.002640225
-0.001551552
-0.0004889401
-0.0003224526
-0.001092846
-0.002737976
-0.005231614
-0.008087833
-0.01104743
-0.01452966
-0.0188279
-0.02339906
-0.02669945
-0.02742342
-0.02606926
-0.02295979
-0.01816704
-0.01286352
-0.008096897
-0.003538912
1.428118E-05
0.0003884167
-0.002422589
-0.006695544
-0.01121501
-0.01520766
-0.017501
-0.01711644
-0.01397206
-0.009116171
-0.003499478
0.001865724
0.005622258
0.007044
0.007259678
0.006947146
0.004989323
0.001516834
-0.001285221
-0.002858635
-0.004096835
-0.005058832
-0.005152401
-0.004262144
-0.002852469
-0.001369605
0.0001037699
0.001451513
0.002249548
0.002131878
0.001082481
-0.0004252973
-0.001851546
-0.002697143
-0.002556415
-0.001506324
-0.0004272881
-7.719773E-05
-0.0004832104
-0.002384359
-0.006638263
-0.01168878
-0.01537034
-0.01814009
-0.02066258
-0.02218533
-0.02188835
-0.01965733
-0.01619602
-0.01204213
-0.007634194
-0.003466015
-4.62246E-05
0.002109114
0.002464791
0.001085649
-0.00182056
-0.005763281
-0.009710314
-0.0129236
-0.01539181
-0.01638623
-0.01502628
-0.01282767
-0.01199657
-0.01213929
-0.01234942
-0.01295322
-0.0145711
-0.01715801
-0.01964955
-0.02131803
-0.02261092
-0.02403775
-0.02556394
-0.02668253
-0.02685605
-0.02611747
-0.02478417
-0.02326907
-0.02181141
-0.02041403
-0.01863864
-0.01551015
-0.01058743
-0.005707894
-0.003153576
-0.002354177
-0.002553529
-0.004527894
-0.009420531
-0.01710485
-0.02470942
-0.02956926
-0.03160943
-0.03137362
-0.02933308
-0.02649216
-0.02348118
-0.02001756
-0.01586175
-0.01137651
-0.007212015
-0.00413011
-0.002546593
-0.002196506
-0.00213858
-0.002598574
-0.004728484
-0.008388301
-0.01238096
-0.01520873
-0.01673567
-0.01802854
-0.0196477
-0.0208758
-0.02030537
-0.01760381
-0.01361849
-0.008834668
-0.003445118
0.001730754
0.006217585
0.009949835
0.0116174
0.009934178
0.00673653
0.003628341
0.0006588359
-0.001567547
-0.002303748
-0.002704376
-0.003780424
-0.004702253
-0.004506683
-0.003357695
-0.002439243
-0.001992646
-0.0006607142
0.001731891
0.003851888
0.005377896
0.006661966
0.007495131
0.00768223
0.007610262
0.007589656
0.007610377
0.007621097
0.00763835
0.007646971
0.00758874
0.007598661
0.008118728
0.00928413
0.01068247
0.01249231
0.01499865
0.01701624
0.0176395
0.01811182
0.01935373
0.02092241
0.02239579
0.02381465
0.02525517
0.0266543
0.02806627
0.02968383
0.03110479
0.03092757
0.02858469
0.02553502
0.02254449
0.01871482
0.01314071
0.006747994
0.002340066
0.0004166615
-0.0007870642
-0.001437571
-0.0005471521
0.001641902
0.004679264
0.008505912
0.01279938
0.01714194
0.02145027
0.02571424
0.02947269
0.03151782
0.03103639
0.02945636
0.02775201
0.02551592
0.02301248
0.02111155
0.01966252
0.0183991
0.01809655
0.02002383
0.02455501
0.02997195
0.03468694
0.03855038
0.04070798
0.03992757
0.03725627
0.03409952
0.03001103
0.0248967
0.02045082
0.01799133
0.01749858
0.01768445
0.01768831
0.01760459
0.01770446
0.01778936
0.01689697
0.01449172
0.01148208
0.008507859
0.005570358
0.003339388
0.002913776
0.004368717
0.007070307
0.01005751
0.01285732
0.01573185
0.0192541
0.0232039
0.02622878
0.02701906
0.02507084
0.02149152
0.01728035
0.01291051
0.008815074
0.00543235
0.003242402
0.003107221
0.005418782
0.009230518
0.01282124
0.01550314
0.01697493
0.01652401
0.01400327
0.01070883
0.008379721
0.007871831
0.008125545
0.008110752
0.007925399
0.008300044
0.009411067
0.009877457
0.009005073
0.00811097
0.007959881
0.008092595
0.008140982
0.008090886
0.007999407
0.008175486
0.009110441
0.0106757
0.01207192
0.01227522
0.01112108
0.009530503
0.00806372
0.006676
0.005271282
0.003810663
0.002286594
0.00103807
0.0006594187
0.001278627
0.002429736
0.003176586
0.003325124
0.003288761
0.00287472
0.001702775
0.0001718778
-0.00128523
-0.002686399
-0.004170139
-0.005584205
-0.006432439
-0.006550449
-0.006446626
-0.006537342
-0.006545229
-0.005509602
-0.002985593
0.0001461922
0.002872547
0.004646772
0.005498824
0.005754304
0.005864604
0.005359768
0.003433579
0.0006534174
-0.002467568
-0.006225771
-0.009781921
-0.01141794
-0.01153664
-0.01127767
-0.0102535
-0.007510248
-0.002885035
0.003239211
0.01013709
0.01632955
0.02101501
0.02464225
0.02677223
0.02651914
0.02499707
0.0233389
0.02127244
0.01850494
0.01547577
0.01294316
0.01129787
0.01005337
0.008460044
0.006079523
0.003191303
0.0003013247
-0.002507091
-0.005457367
-0.008520754
-0.01078501
-0.01150372
-0.01154497
-0.0111578
-0.00947942
-0.007261977
-0.00630388
-0.006405661
-0.006509628
-0.006425734
-0.006493125
-0.006636626
-0.005827114
-0.003525941
-0.001112094
0.0005273147
0.001915182
0.003144098
0.003414888
0.002142314
-0.0003021739
-0.002584489
-0.003912361
-0.004139462
-0.003428691
-0.002360098
-0.00182216
-0.001231914
0.0007535113
0.003388178
0.005033688
0.005036711
0.003545852
0.001074226
-0.001811726
-0.004723927
-0.00716458
-0.00830169
-0.007794655
-0.006851589
-0.00639204
-0.005244549
-0.003088698
-0.001661093
-0.001456138
-0.001623883
-0.002100226
-0.003309919
-0.004927865
-0.006161363
-0.006564864
-0.006567129
-0.006477688
-0.005874105
-0.00447874
-0.002813008
-0.002081897
-0.003003035
-0.004613094
-0.006124445
-0.007605378
-0.008826459
-0.00911717
-0.008373885
-0.007249794
-0.006676437
-0.006336331
-0.005327104
-0.004203439
-0.00405435
-0.0049995
-0.006178013
-0.006649776
-0.006583039
-0.006555943
-0.006668142
-0.006466752
-0.005534904
-0.004181873
-0.0026386
-0.0005201602
0.001911612
0.003362023
0.002925626
0.0005050757
-0.002734174
-0.005339151
-0.006466896
-0.006882259
-0.007849911
-0.008909153
-0.009196029
-0.00901395
-0.009144306
-0.01011055
-0.01198417
-0.01465151
-0.0176355
-0.02041239
-0.02251466
-0.02333396
-0.02239448
-0.02025622
-0.01731502
-0.01359416
-0.009358139
-0.004955608
-0.0008735837
0.001654619
0.001322452
-0.001263919
-0.004389884
-0.007379706
-0.009996025
-0.01152442
-0.01161606
-0.01054627
-0.008567428
-0.006062129
-0.00393072
-0.002027095
0.000488111
0.002373169
0.001879369
0.0001339404
-0.001452395
-0.002802942
-0.004177118
-0.005649132
-0.007172784
-0.008499621
-0.009182448
-0.009210808
-0.009113486
-0.009557764
-0.01079569
-0.01232796
-0.01376937
-0.01518012
-0.01667775
-0.01806972
-0.01887806
-0.01901512
-0.01893959
-0.0189326
-0.01895965
-0.01896379
-0.01895505
-0.0189604
-0.01897343
-0.01896051
-0.01892897
-0.01897535
-0.01908226
-0.01879259
-0.01775328
-0.01671934
-0.01639476
-0.0164612
-0.01664384
-0.01674649
-0.01584427
-0.01364879
-0.01194461
-0.01136814
-0.01059662
-0.009548602
-0.009126233
-0.009145897
-0.009340941
-0.01012238
-0.01156622
-0.01306763
-0.01392574
-0.01426064
-0.01500499
-0.01607844
-0.01662047
-0.01669237
-0.01649794
-0.01572535
-0.01467782
-0.01417315
-0.01380086
-0.01272253
-0.01121378
-0.009686006
-0.008173976
-0.007027711
-0.006728257
-0.006878981
-0.006871822
-0.006644673
-0.007104961
-0.009264771
-0.01242938
-0.0151377
-0.01645722
-0.01674914
-0.01671393
-0.01574946
-0.01357616
-0.0118986
-0.01149376
-0.01154164
-0.01228385
-0.01453097
-0.017541
-0.0205573
-0.02355477
-0.02591246
-0.02656678
-0.02542713
-0.02268267
-0.01882358
-0.01478654
-0.01146518
-0.009052164
-0.007560752
-0.00691319
-0.006805589
-0.006863788
-0.006941916
-0.006846416
-0.006163184
-0.0049041
-0.003480453
-0.001694583
0.0008786163
0.003823582
0.006732968
0.009658804
0.01237992
0.01413384
0.01434757
0.01338005
0.01265491
0.01238162
0.01147517
0.009467055
0.006820745
0.004586536
0.003067418
0.001723202
0.0002253973
-0.001179105
-0.001974931
-0.002098293
-0.002017721
-0.002010256
-0.002047049
-0.002055929
-0.002012208
-0.001995081
-0.002121222
-0.002105637
-0.001048501
0.001373652
0.004293154
0.007549518
0.01145429
0.01493203
0.01684227
0.01755393
0.0171747
0.01524639
0.01230605
0.009370526
0.007100626
0.005730559
0.005159024
0.005348653
0.006585755
0.008837165
0.01127263
0.01255743
0.01267035
0.01251535
0.01248786
0.01257679
0.01268652
0.01238583
0.0113319
0.01028791
0.01000502
0.01011727
0.01016911
0.01013341
0.01009599
0.01011951
0.01020518
0.01004663
0.009172078
0.007698702
0.006224489
0.005350855
0.005194354
0.005277912
0.005292182
0.005261653
0.005252464
0.005283017
0.005304059
0.00523355
0.005191391
0.005680059
0.006800414
0.007654266
0.007802267
0.007695663
0.00766884
0.007719497
0.007756647
0.007688884
0.007579958
0.007941332
0.009045831
0.01000906
0.01026444
0.01024473
0.009945435
0.008931652
0.007468018
0.005936164
0.004423859
0.003268098
0.00282739
0.002737763
0.00290995
0.004180087
0.006880974
0.0100672
0.01228366
0.01280005
0.0125926
0.01250123
0.01256796
0.01269985
0.01262267
0.01189503
0.01099094
0.0111803
0.01206948
0.01257702
0.01359492
0.01574356
0.01737046
0.01764034
0.01743759
0.01740499
0.01747757
0.01748643
0.01743093
0.01743504
0.0175589
0.01748043
0.01670215
0.01578421
0.01605796
0.0171042
0.01759623
0.01758373
0.01735373
0.01659014
0.01530484
0.01381179
0.01189778
0.009297499
0.006380822
0.00338167
0.0004168287
-0.001673453
-0.002197241
-0.002010507
-0.001918356
-0.001969095
-0.002071704
-0.002009875
-0.001352839
-0.0002321297
0.0004662266
0.0005095545
0.0004005494
0.0007866859
0.002219937
0.004681225
0.007058429
0.007950945
0.007407476
0.006085545
0.004594968
0.003175791
0.001762856
0.0002809703
-0.001134615
-0.002018391
-0.001941344
-0.0009773411
0.0003473505
0.001882738
0.004036737
0.006401372
0.007688608
0.007913532
0.007761858
0.006754737
0.004364721
0.001346106
-0.001708797
-0.00459088
-0.00652087
-0.007060497
-0.007090036
-0.006586498
-0.004655635
-0.002098391
-0.0003164877
0.0008573913
0.002472016
0.005031362
0.00732472
0.007956185
0.007705658
0.007638223
0.007800302
0.007584645
0.006486328
0.004904156
0.003527389
0.00283849
0.00279913
0.002919846
0.002544663
0.001268236
-0.0004272817
-0.001446598
-0.001002024
0.0003222215
0.001977233
0.004223941
0.006464785
0.007466822
0.008249559
0.01032639
0.01227912
0.01278157
0.0126598
0.01236563
0.01134299
0.009722422
0.008388442
0.007933399
0.007375094
0.005324552
0.002995987
0.00261798
0.004405433
0.006620054
0.007548388
0.008338187
0.01045008
0.01235044
0.01274969
0.01251949
0.01251918
0.01255406
0.01200915
0.0108045
0.009388504
0.007559195
0.005087594
0.003151976
0.002560866
0.002541087
0.003203779
0.005202822
0.007129006
0.007929901
0.009203522
0.01132755
0.0125679
0.01267901
0.01249255
0.01194095
0.01063084
0.008997106
0.007961742
0.007622332
0.006528736
0.004328819
0.002803538
0.002590442
0.002807508
0.002893191
0.002756481
0.002518389
0.003049001
0.005131036
0.007312739
0.007869432
0.007505307
0.007693697
0.00885163
0.009611315
0.008811261
0.007726416
0.007473813
0.007625294
0.007670393
0.007608191
0.007581126
0.007638352
0.007675962
0.00752784
0.007466058
0.008488987
0.0107263
0.01237981
0.012652
0.01244487
0.01238628
0.01246908
0.01256893
0.01235508
0.01143462
0.01005851
0.008577942
0.006640897
0.00382989
0.0006611052
-0.001532811
-0.002240579
-0.003268261
-0.005364515
-0.006821665
-0.007409067
-0.008296965
-0.008821253
-0.008046134
-0.00710717
-0.006906797
-0.007038251
-0.007075343
-0.007034905
-0.007028156
-0.007052275
-0.00704878
-0.007013927
-0.007045039
-0.007157566
-0.006960875
-0.006040219
-0.004995428
-0.004571863
-0.004089967
-0.003042234
-0.002232049
-0.002082964
-0.002209218
-0.002298771
-0.002202942
-0.001967066
-0.002446489
-0.004495226
-0.006742591
-0.007337393
-0.006898371
-0.007197332
-0.009200455
-0.01152608
-0.01222187
-0.01148018
-0.01012647
-0.008603125
-0.007296756
-0.00691157
-0.008065588
-0.01033321
-0.01190046
-0.01217362
-0.01197577
-0.01177475
-0.01202441
-0.01353966
-0.01576353
-0.01693334
-0.0169584
-0.01680152
-0.01681591
-0.0168813
-0.01689032
-0.01682608
-0.01683222
-0.01735298
-0.01862661
-0.02021931
-0.02146437
-0.02187396
-0.02138494
-0.02005929
-0.01842612
-0.0173338
-0.01700844
-0.01611455
-0.01392073
-0.01215536
-0.01182756
-0.01204105
-0.01208848
-0.01202934
-0.01201428
-0.01202718
-0.0120394
-0.01206563
-0.01205252
-0.01195808
-0.01209614
-0.01295779
-0.01415157
-0.01463812
-0.01406296
-0.01288709
-0.01209514
-0.01196391
-0.0120594
-0.01215901
-0.01205852
-0.01132971
-0.01019456
-0.009586526
-0.009649423
-0.009687542
-0.009025835
-0.007876387
-0.007199797
-0.007172386
-0.00725671
-0.007189628
-0.007271688
-0.008020729
-0.009441459
-0.01099486
-0.01200575
-0.01217489
-0.01203358
-0.01214007
-0.0123164
-0.01146419
-0.009177172
-0.007319508
-0.007108042
-0.007521853
-0.006812359
-0.004535588
-0.002656663
-0.002079171
-0.001487936
-0.0002733389
0.001333303
0.003496085
0.005804773
0.007013216
0.007776144
0.009740843
0.0118357
0.01239819
0.0121302
0.0121683
0.0123685
0.01149818
0.00926202
0.007582368
0.006912613
0.00538868
0.002504994
-0.0005369136
-0.002383821
-0.002507385
-0.001513722
-0.0002008373
0.001232385
0.003260241
0.005755121
0.007333169
0.007214208
0.006007419
0.005028503
0.004685387
0.004037988
0.00294879
0.002324275
0.002291257
0.002416794
0.002470402
0.002317741
0.002100295
0.002835597
0.005047733
0.006921779
0.007505878
0.008159618
0.00928551
0.009817021
0.009231386
0.007975388
0.007161163
0.007219309
0.007396039
0.006409507
0.004164017
0.002547733
0.00204032
0.001234919
8.35862E-05
-0.0002545553
0.0005243312
0.001715681
0.002340846
0.002358277
0.002284264
0.002298233
0.002306877
0.002282457
0.002313789
0.002340524
0.001905839
0.0006631357
-0.0009658174
-0.002230906
-0.002638755
-0.002537208
-0.002565172
-0.002813676
-0.00236824
-0.000357907
0.001859021
0.002518462
0.002262743
0.002182667
0.002346979
0.002119821
0.0009847556
-0.0006211694
-0.001983925
-0.00263067
-0.00264589
-0.002556551
-0.002992789
-0.004253522
-0.005864707
-0.007104193
-0.007560559
-0.007550095
-0.00746396
-0.007431349
-0.007587065
-0.00776188
-0.006935184
-0.004750992
-0.00305303
-0.002274067
-0.000625019
0.001555291
0.002423454
0.002270426
0.002133472
0.002176063
0.002189828
0.002181258
0.002260646
0.002157571
0.001367878
0.0002136896
-0.0003314403
-0.0002237791
-0.0002375037
-0.001000437
-0.002114814
-0.00263529
-0.002938993
-0.004015054
-0.005646035
-0.007019318
-0.00759391
-0.007568167
-0.007539459
-0.00773135
-0.007500564
-0.005882542
-0.003364241
-0.001398901
-0.0001251431
0.001369509
0.003687598
0.006009158
0.007053451
0.007204341
0.006939805
0.005548918
0.003325491
0.002062832
0.002044646
0.002159599
0.001943751
0.002245801
0.004058801
0.006301828
0.007177192
0.007061905
0.006865308
0.00678357
0.007173963
0.008247813
0.008795675
0.007957215
0.00700405
0.006832293
0.006948828
0.006909877
0.0069087
0.007116194
0.006764372
0.004830974
0.00241291
0.001737854
0.003215221
0.005538755
0.00681146
0.007180321
0.008082682
0.009595895
0.01112027
0.01250316
0.01392405
0.01542883
0.01656536
0.01668958
0.01580971
0.01471834
0.01423937
0.01383369
0.01279451
0.01185153
0.01159141
0.01167777
0.01185672
0.01180732
0.0106127
0.008295697
0.00671123
0.006958291
0.008223243
0.008596965
0.007850808
0.008341096
0.01097831
0.01421491
0.01630203
0.016762
0.01661766
0.01642848
0.01630145
0.01718938
0.01935587
0.02054099
0.01981333
0.01903442
0.01876462
0.01773962
0.0154916
0.0130981
0.01194754
0.01110578
0.009119236
0.007687919
0.008075581
0.008216022
0.007530136
0.007808658
0.009251922
0.01083185
0.01220283
0.01367779
0.01528183
0.01605323
0.01523171
0.0137266
0.01196129
0.009534248
0.00777788
0.006976266
0.006506845
0.00541233
0.004557261
0.004510568
0.004574328
0.003848561
0.002897624
0.003592407
0.005603707
0.006766217
0.006896302
0.006497294
0.005001945
0.002821671
0.001640407
0.001186162
0.0001590315
-0.0009651333
-0.001085079
-0.0001053613
0.001006025
0.001353355
0.001221537
0.001076139
0.001023746
0.001131213
0.001142163
9.493282E-05
-0.002169164
-0.003869823
-0.004187127
-0.004036189
-0.00404296
-0.004125892
-0.004172969
-0.004242812
-0.004284873
-0.004167187
-0.004270509
-0.005551687
-0.007788055
-0.009198696
-0.009350606
-0.009206025
-0.009248976
-0.009302515
-0.009231894
-0.009437823
-0.01043891
-0.01197058
-0.0133384
-0.01403113
-0.01416148
-0.01417207
-0.01384646
-0.01271422
-0.01114821
-0.009884375
-0.009369396
-0.009363109
-0.009416226
-0.009407847
-0.009395088
-0.009400906
-0.009407233
-0.009405826
-0.009400861
-0.009397919
-0.00940076
-0.009399942
-0.009380588
-0.009360322
-0.009395204
-0.009433752
-0.009295498
-0.009138976
-0.009930476
-0.0119805
-0.01357863
-0.01413956
-0.0149011
-0.01553673
-0.01487024
-0.01382027
-0.01349338
-0.01358005
-0.01359319
-0.01350965
-0.01345377
-0.01344028
-0.01340056
-0.01330018
-0.01326148
-0.01338343
-0.01317979
-0.01177498
-0.009667866
-0.008552762
-0.008575449
-0.008633093
-0.00798543
-0.006931448
-0.006309115
-0.006168232
-0.006265441
-0.006834104
-0.007702619
-0.008130873
-0.008712968
-0.01049717
-0.01228436
-0.0126812
-0.01237707
-0.01234382
-0.01243744
-0.01159773
-0.009551435
-0.007945946
-0.007631435
-0.007757321
-0.00770739
-0.007640494
-0.007702056
-0.007461469
-0.006519382
-0.005796266
-0.00635033
-0.0072338
-0.007421627
-0.00725241
-0.007197322
-0.007163622
-0.006972069
-0.007082261
-0.008307554
-0.01014707
-0.0110526
-0.0106189
-0.009410102
-0.008464762
-0.008591902
-0.009567726
-0.009698014
-0.008089721
-0.006952497
-0.007272885
-0.007215839
-0.006324727
-0.005795517
-0.005846279
-0.005770225
-0.005026607
-0.003990803
-0.003524764
-0.003908774
-0.004784895
-0.005356042
-0.005374445
-0.005228568
-0.005148062
-0.005095964
-0.00502303
-0.004940172
-0.004862928
-0.004789187
-0.004713554
-0.004634493
-0.004554378
-0.004478219
-0.00440659
-0.004322142
-0.004222199
-0.004158535
-0.004146469
-0.003908667
-0.003091169
-0.00189371
-0.0008105593
-0.0002240288
-0.0001075325
-0.0001191577
-8.349052E-05
-9.251825E-06
5.122402E-05
3.876985E-05
1.861459E-05
0.0003453782
0.001123482
0.001728996
0.00210686
0.002817922
0.003108442
0.001986117
0.000706167
0.000160355
-0.0007486677
-0.002118943
-0.002774374
-0.002710608
-0.002480064
-0.001983233
-0.001023408
9.492192E-05
0.0008264924
0.001071049
0.001479248
0.002213344
0.00267734
0.002727847
0.002678377
0.00268819
0.002729983
0.002757103
0.002738099
0.002733345
0.003022676
0.003802591
0.004791324
0.005532888
0.005772245
0.005726203
0.005657983
0.005626505
0.005648298
0.005663596
0.005381063
0.004716887
0.004212667
0.003972544
0.003483101
0.002870837
0.002640029
0.002660806
0.002771938
0.003206226
0.004017359
0.004852981
0.005309608
0.005480828
0.005899176
0.006317015
0.006019867
0.005396024
0.00515371
0.005189046
0.005207393
0.00516379
0.00509464
0.005081285
0.005340042
0.005976247
0.006753515
0.007291263
0.007380697
0.007261734
0.007168426
0.007110865
0.007047589
0.006962093
0.006868789
0.006814149
0.006795044
0.006597142
0.006034584
0.005459537
0.005270216
0.005283166
0.00522162
0.005110066
0.00523215
0.005674018
0.005997015
0.006094379
0.006371372
0.006761715
0.006862135
0.006731648
0.0065975
0.0065107
0.006434528
0.006328723
0.006189071
0.006137642
0.006353477
0.00669135
0.006797327
0.006684398
0.006533377
0.006388796
0.006329424
0.00653491
0.006983751
0.007373619
0.007307581
0.006803299
0.00637802
0.006214226
0.006111969
0.00596555
0.005831739
0.005732653
0.005507172
0.005029272
0.004561662
0.004358545
0.004287161
0.004187529
0.004066076
0.003970636
0.003856537
0.003578091
0.003085797
0.002528918
0.002123907
0.001977538
0.001945425
0.001908621
0.001848716
0.001747965
0.001688216
0.001920001
0.002434678
0.002751944
0.002705359
0.002569447
0.002504878
0.002394082
0.002096504
0.001813321
0.001853781
0.001952254
0.001699322
0.001243739
0.00088844
0.0007329128
0.0006775924
0.0006431213
0.0007011189
0.0008987591
0.001140207
0.001350034
0.001535616
0.001720195
0.001877732
0.001920805
0.0017776
0.001484137
0.00122318
0.001074906
0.0008895539
0.0006382808
0.0004697425
0.0004038778
0.0003519706
0.0002773666
0.0002326803
0.0002881609
0.0004225027
0.0005548049
0.0006041552
0.0005196895
0.0003252892
9.072507E-05
-0.0001583569
-0.0004703855
-0.0007856137
-0.0009006327
-0.0008360409
-0.0007959733
-0.0007819199
-0.0007144008
-0.0006626243
-0.0006853935
-0.000739243
-0.0007842505
-0.000821392
-0.0008599999
-0.0009003432
-0.0009380463
-0.000971714
-0.00100775
-0.001050077
-0.001074135
-0.001042635
-0.0009875237
-0.0009918279
-0.001079243
-0.001185919
-0.001211037
-0.001190987
-0.001246333
-0.001346643
-0.001391027
-0.00136519
-0.001322434
-0.001317604
-0.00134521
-0.001376442
-0.001402641
-0.001423589
-0.001442195
-0.001479079
-0.001547088
-0.001607419
-0.001628639
-0.001630952
-0.001650181
-0.00169982
-0.001746694
-0.001754689
-0.001726568
-0.001692418
-0.001681141
-0.001687138
-0.00169363
-0.001696926
-0.001699452
-0.001701792
-0.001703432
-0.001704907
-0.001705808
-0.001703795
-0.001700513
-0.001706944
-0.00172466
-0.001727744
-0.001707023
-0.001687889
-0.001675659
-0.001656927
-0.001638689
-0.001628999
-0.001616604
-0.001599386
-0.001589038
-0.001586198
-0.001583489
-0.001578181
-0.001574277
-0.001576642
-0.001582837
-0.001586056
-0.001581388
-0.001571123
-0.00156295
-0.001558223
-0.00155292
-0.001542923
-0.00152429
-0.001496531
-0.001467507
-0.001446407
-0.001430904
-0.001415537
-0.001399027
-0.001381586
-0.001364054
-0.00134946
-0.001338409
-0.00132474
-0.001305757
-0.00128494
-0.001264583
-0.001244345
-0.001223826
-0.001203415
-0.001183128
-0.001161499
-0.001137856
-0.001114936
-0.001094503
-0.001074943
-0.001054855
-0.001034542
-0.00101501
-0.0009961115
-0.0009762908
-0.0009554231
-0.000934562
-0.0009135294
-0.0008917381
-0.0008696931
-0.0008480196
-0.000826774
-0.0008055947
-0.0007842862
-0.0007630717
-0.0007420072
-0.0007209154
-0.0006998566
-0.0006789733
-0.0006581518
-0.0006372717
-0.0006163366
-0.0005953688
-0.0005743812
-0.0005534128
-0.0005324955
-0.000511637
-0.0004908381
-0.0004700999
-0.0004494224
-0.0004288108
-0.0004082753
-0.0003878176
-0.0003674346
-0.0003471272
-0.0003268988
-0.0003067525
-0.0002866913
-0.0002667177
-0.000246834
-0.0002270427
-0.0002073462
-0.0001877468
