0.005
0.01439
0.01437
0.01434
0.01431
0.01428
0.01425
0.01422
0.01419
0.01416
0.01413
0.0141
0.01406
0.01402
0.01399
0.01395
0.0139
0.01385
0.0138
0.01377
0.01374
0.01371
0.0137
0.0137
0.01368
0.01366
0.01365
0.01361
0.01356
0.01351
0.01345
0.01334
0.01324
0.01319
0.01315
0.0131
0.01306
0.01308
0.01315
0.01316
0.01312
0.01308
0.01306
0.013
0.01284
0.01266
0.01256
0.01243
0.01221
0.01204
0.01194
0.01188
0.01189
0.01205
0.01229
0.01249
0.01253
0.01249
0.01244
0.0124
0.01237
0.01234
0.01227
0.01207
0.0118
0.0116
0.0116
0.01169
0.01171
0.01166
0.01158
0.01139
0.01116
0.01102
0.01097
0.01092
0.01085
0.01079
0.01072
0.01066
0.0106
0.01054
0.01047
0.01041
0.01035
0.01028
0.01022
0.01015
0.01009
0.01002
0.00996
0.00989
0.00983
0.00977
0.00969
0.00961
0.00966
0.00995
0.01036
0.01065
0.01072
0.01083
0.0111
0.01112
0.0108
0.01052
0.01045
0.01045
0.01047
0.01031
0.00969
0.00868
0.00752
0.00633
0.00529
0.00468
0.00444
0.00434
0.00462
0.00537
0.00594
0.00599
0.00581
0.00562
0.00561
0.00614
0.00702
0.0075
0.00746
0.00732
0.00726
0.00722
0.00716
0.00705
0.00699
0.00718
0.0077
0.00833
0.00916
0.01039
0.01152
0.01166
0.01052
0.00827
0.00533
0.0021
-0.00111
-0.00382
-0.00557
-0.00635
-0.00641
-0.00589
-0.00489
-0.00346
-0.00183
-0.00037
0.0006
0.00105
0.00105
0.00087
0.00083
0.00135
0.00257
0.00405
0.00489
0.00528
0.00637
0.00794
0.00916
0.01007
0.01083
0.01122
0.01129
0.01123
0.01084
0.00996
0.00891
0.0078
0.00607
0.00288
-0.00183
-0.00673
-0.01118
-0.0155
-0.0194
-0.02199
-0.02283
-0.02194
-0.01962
-0.01627
-0.01222
-0.00826
-0.00511
-0.00269
-0.00018
0.00279
0.00526
0.00688
0.00867
0.01019
0.0101
0.00901
0.00743
0.00449
0.00027
-0.00391
-0.00741
-0.00979
-0.01007
-0.00816
-0.00553
-0.00349
-0.00215
-0.00058
0.00158
0.00352
0.0043
0.00355
0.00183
-0.00072
-0.00458
-0.00959
-0.01477
-0.01898
-0.02202
-0.02478
-0.02661
-0.02591
-0.02345
-0.02079
-0.01831
-0.01606
-0.01434
-0.01311
-0.01194
-0.01031
-0.00776
-0.00432
-0.00076
0.00212
0.0046
0.00711
0.00927
0.00994
0.00842
0.00584
0.00293
-0.00104
-0.00569
-0.00941
-0.01177
-0.01317
-0.0139
-0.01401
-0.01389
-0.01422
-0.01527
-0.01616
-0.0164
-0.0164
-0.01615
-0.01522
-0.01387
-0.01252
-0.01124
-0.00997
-0.00867
-0.00735
-0.00607
-0.00483
-0.00339
-0.00131
0.00159
0.00533
0.0094
0.01316
0.01623
0.01892
0.02148
0.02323
0.0233
0.02172
0.01903
0.01541
0.01048
0.00439
-0.00115
-0.00479
-0.00671
-0.00849
-0.0107
-0.01213
-0.0126
-0.01336
-0.01444
-0.01474
-0.01397
-0.01306
-0.01325
-0.01451
-0.016
-0.01706
-0.01677
-0.01445
-0.0111
-0.00799
-0.00435
0.00003
0.0033
0.00532
0.00744
0.00853
0.00698
0.00415
0.00107
-0.00253
-0.0055
-0.00637
-0.00617
-0.00595
-0.00536
-0.00389
-0.00151
0.00123
0.00374
0.00568
0.00686
0.00716
0.00669
0.00552
0.00368
0.00065
-0.0039
-0.0085
-0.01166
-0.01366
-0.01466
-0.01434
-0.01315
-0.01171
-0.01019
-0.00936
-0.01042
-0.01273
-0.01455
-0.01503
-0.0137
-0.01032
-0.00493
0.00227
0.01072
0.01953
0.02704
0.03198
0.03442
0.03543
0.03547
0.03426
0.03183
0.02907
0.02654
0.02389
0.02051
0.01712
0.01543
0.01509
0.0143
0.01242
0.00992
0.0078
0.00673
0.00649
0.00569
0.00354
0.00126
0.00002
-0.00027
-0.00064
-0.00166
-0.00291
-0.00453
-0.00699
-0.00864
-0.00713
-0.00305
0.00186
0.00636
0.01037
0.01424
0.01738
0.01889
0.01874
0.01735
0.01503
0.01225
0.00973
0.00835
0.00815
0.00825
0.00821
0.00819
0.00831
0.00801
0.00645
0.00382
0.00105
-0.00081
-0.00067
0.00175
0.00515
0.00824
0.01153
0.01469
0.01538
0.01321
0.01017
0.00773
0.00646
0.00652
0.00748
0.00865
0.01088
0.01534
0.02088
0.02606
0.03049
0.03426
0.0371
0.0383
0.03725
0.03436
0.03024
0.02529
0.02006
0.01469
0.00882
0.00235
-0.00431
-0.01067
-0.01597
-0.01942
-0.02077
-0.02046
-0.01848
-0.01384
-0.00619
0.00368
0.01373
0.02253
0.02955
0.03472
0.03738
0.03715
0.03431
0.02956
0.02435
0.02058
0.0199
0.02232
0.02614
0.02976
0.03253
0.03457
0.03567
0.03537
0.03378
0.03131
0.02859
0.02598
0.02343
0.02059
0.01697
0.01224
0.00569
-0.00314
-0.01337
-0.02314
-0.03106
-0.0368
-0.04139
-0.04489
-0.04631
-0.04557
-0.04333
-0.04067
-0.03792
-0.03508
-0.03338
-0.03387
-0.0349
-0.03529
-0.03581
-0.03725
-0.03967
-0.04248
-0.04495
-0.04629
-0.04615
-0.04507
-0.04445
-0.04543
-0.04799
-0.05222
-0.05808
-0.06406
-0.06851
-0.07166
-0.07442
-0.07765
-0.08215
-0.08822
-0.09487
-0.10157
-0.10887
-0.11665
-0.12362
-0.12827
-0.13032
-0.1311
-0.13002
-0.12544
-0.11911
-0.11344
-0.10843
-0.10318
-0.09713
-0.09019
-0.08258
-0.07517
-0.06866
-0.06293
-0.05778
-0.05369
-0.05141
-0.05085
-0.05084
-0.05153
-0.05347
-0.05456
-0.05268
-0.0485
-0.04303
-0.03679
-0.03095
-0.02662
-0.02344
-0.021
-0.01975
-0.02113
-0.02668
-0.03568
-0.04745
-0.0621
-0.0804
-0.10262
-0.12635
-0.15039
-0.17514
-0.19827
-0.21662
-0.23154
-0.24411
-0.25269
-0.25694
-0.25874
-0.25932
-0.25839
-0.25589
-0.25188
-0.24634
-0.23913
-0.2305
-0.2218
-0.21363
-0.20564
-0.1986
-0.19274
-0.18468
-0.17091
-0.15141
-0.12694
-0.09757
-0.06434
-0.02818
0.00982
0.04916
0.08958
0.12903
0.16361
0.19008
0.20702
0.21579
0.2172
0.2089
0.18908
0.15552
0.10886
0.05392
-0.00201
-0.05021
-0.08652
-0.11557
-0.14061
-0.16045
-0.17458
-0.1834
-0.18903
-0.19271
-0.19484
-0.19641
-0.19743
-0.19634
-0.1932
-0.19054
-0.18957
-0.18943
-0.18846
-0.18615
-0.18302
-0.17797
-0.16914
-0.15727
-0.14279
-0.12501
-0.10392
-0.08083
-0.05798
-0.03663
-0.01674
0.00069
0.01451
0.02677
0.03924
0.05031
0.05811
0.06251
0.06171
0.05112
0.02922
-0.0012
-0.0322
-0.0588
-0.08093
-0.1004
-0.11767
-0.13256
-0.14569
-0.15783
-0.16872
-0.17691
-0.18165
-0.18262
-0.17936
-0.1695
-0.1496
-0.12152
-0.09037
-0.06193
-0.03763
-0.01518
0.0081
0.03242
0.05583
0.07855
0.10255
0.12846
0.15557
0.18295
0.21092
0.23959
0.26584
0.287
0.30543
0.32366
0.34196
0.36064
0.38122
0.40516
0.43162
0.45688
0.4776
0.49238
0.50319
0.51095
0.51496
0.51351
0.50396
0.4845
0.45363
0.41458
0.37193
0.32856
0.28475
0.24081
0.19911
0.16078
0.12459
0.09022
0.05922
0.03241
0.00997
-0.00906
-0.02568
-0.03954
-0.0494
-0.05395
-0.05354
-0.04881
-0.0408
-0.0331
-0.02829
-0.02535
-0.02298
-0.02049
-0.01657
-0.01096
-0.00648
-0.00468
-0.00388
-0.00211
0.00139
0.00599
0.01116
0.01657
0.02128
0.02449
0.02696
0.02942
0.03153
0.03235
0.03093
0.02654
0.01775
0.00426
-0.01191
-0.02763
-0.04161
-0.05347
-0.0631
-0.07191
-0.0823
-0.09331
-0.10214
-0.10833
-0.11221
-0.11401
-0.11347
-0.10952
-0.10075
-0.08596
-0.06716
-0.04894
-0.0356
-0.02761
-0.02432
-0.02488
-0.02933
-0.03773
-0.04864
-0.06169
-0.07782
-0.09674
-0.11591
-0.13415
-0.15243
-0.17205
-0.19223
-0.21042
-0.22636
-0.2417
-0.25713
-0.27187
-0.28391
-0.29168
-0.29826
-0.31316
-0.33742
-0.35502
-0.36021
-0.36043
-0.35152
-0.32719
-0.30157
-0.28314
-0.26244
-0.23197
-0.19283
-0.15244
-0.11608
-0.08393
-0.05277
-0.01984
0.01275
0.04228
0.06935
0.09537
0.12071
0.14496
0.16743
0.18825
0.20799
0.22702
0.24396
0.25682
0.26605
0.27279
0.27827
0.28378
0.29001
0.29659
0.3032
0.31031
0.31843
0.3273
0.33555
0.34253
0.34875
0.35272
0.35174
0.34674
0.34046
0.33518
0.3307
0.32524
0.31867
0.31196
0.30547
0.29883
0.29156
0.28348
0.27455
0.26489
0.25442
0.24319
0.23137
0.21866
0.20395
0.18614
0.16543
0.14092
0.11096
0.07685
0.04222
0.01151
-0.01406
-0.03696
-0.05832
-0.07753
-0.09496
-0.11013
-0.12192
-0.13144
-0.14037
-0.14825
-0.15401
-0.15831
-0.16222
-0.1662
-0.17025
-0.17411
-0.1778
-0.18228
-0.18821
-0.19353
-0.19581
-0.19568
-0.19435
-0.19221
-0.18959
-0.18698
-0.1846
-0.18154
-0.17619
-0.16777
-0.15585
-0.13972
-0.11818
-0.09217
-0.0652
-0.04132
-0.02203
-0.00664
0.00714
0.01924
0.028
0.0347
0.04078
0.04479
0.04481
0.04081
0.03315
0.02115
0.00484
-0.01566
-0.03929
-0.0639
-0.08698
-0.10647
-0.12188
-0.13577
-0.15032
-0.16581
-0.18131
-0.19589
-0.20947
-0.22286
-0.23748
-0.25416
-0.27188
-0.28723
-0.29808
-0.3053
-0.3095
-0.31057
-0.31029
-0.31018
-0.31029
-0.31034
-0.31032
-0.31033
-0.31041
-0.31043
-0.3103
-0.31033
-0.31087
-0.31021
-0.30449
-0.29174
-0.27274
-0.24725
-0.21562
-0.1839
-0.15501
-0.12611
-0.09753
-0.07223
-0.04967
-0.02936
-0.01263
0.0003
0.01027
0.01739
0.02059
0.0202
0.01778
0.015
0.01243
0.00979
0.00696
0.00479
0.00453
0.00627
0.00988
0.01548
0.023
0.03124
0.0385
0.04424
0.05053
0.05939
0.07038
0.08176
0.09252
0.104
0.11792
0.1339
0.15072
0.1677
0.18518
0.20307
0.21942
0.23228
0.24119
0.24683
0.25003
0.25276
0.25697
0.26373
0.27347
0.28684
0.30361
0.3222
0.33976
0.35612
0.37269
0.38756
0.39768
0.4033
0.40567
0.40498
0.40004
0.38966
0.37576
0.35982
0.34226
0.32459
0.30819
0.29245
0.27715
0.26308
0.24937
0.23438
0.21878
0.20441
0.19218
0.18158
0.17206
0.16448
0.1597
0.15652
0.15449
0.1543
0.15593
0.15981
0.16689
0.17628
0.18481
0.19104
0.19521
0.19757
0.19781
0.19617
0.19351
0.1908
0.18899
0.18879
0.19017
0.19295
0.19663
0.19989
0.20154
0.2016
0.19997
0.1962
0.1901
0.18147
0.17096
0.15944
0.14809
0.13836
0.13105
0.1248
0.11824
0.11097
0.10292
0.09406
0.08477
0.07566
0.06718
0.05928
0.05147
0.0435
0.03573
0.02863
0.02163
0.01348
0.00426
-0.00499
-0.01324
-0.01961
-0.02375
-0.02623
-0.02771
-0.02848
-0.02864
-0.02858
-0.02861
-0.02864
-0.02825
-0.02709
-0.02521
-0.02216
-0.01702
-0.00919
0.00205
0.01648
0.03314
0.05046
0.06703
0.08181
0.09412
0.10323
0.10921
0.11293
0.11464
0.11388
0.11061
0.10605
0.09989
0.09087
0.08023
0.06954
0.05863
0.04671
0.03378
0.02156
0.01182
0.00418
-0.0026
-0.00933
-0.01511
-0.01849
-0.01983
-0.01996
-0.01972
-0.02026
-0.02225
-0.02495
-0.02772
-0.03054
-0.03248
-0.03235
-0.03065
-0.02793
-0.02397
-0.019
-0.01377
-0.00792
-0.00051
0.00818
0.01702
0.02475
0.0308
0.03511
0.03838
0.04105
0.04307
0.04393
0.04321
0.04174
0.04039
0.03921
0.03772
0.03548
0.03276
0.03016
0.02817
0.02685
0.02567
0.02389
0.02162
0.02012
0.01966
0.01903
0.01784
0.01638
0.01451
0.01219
0.00969
0.00643
0.00189
-0.00247
-0.0057
-0.00894
-0.0123
-0.01457
-0.0156
-0.01551
-0.01411
-0.01195
-0.01013
-0.00845
-0.00618
-0.0036
-0.00053
0.00412
0.0114
0.02229
0.0368
0.05454
0.07394
0.09341
0.11208
0.12958
0.14544
0.15929
0.17051
0.17864
0.18422
0.18701
0.18612
0.18069
0.17048
0.1554
0.13583
0.11504
0.09515
0.076
0.05901
0.04684
0.03926
0.03478
0.03164
0.02947
0.02877
0.0288
0.02901
0.0301
0.03299
0.0376
0.04247
0.04678
0.05164
0.05818
0.06655
0.07599
0.08505
0.09159
0.0947
0.09561
0.0951
0.09307
0.09064
0.08939
0.09018
0.09305
0.09768
0.10345
0.10978
0.11585
0.12085
0.12435
0.12633
0.12661
0.12532
0.1229
0.12011
0.11768
0.11619
0.11601
0.11706
0.11858
0.11972
0.12
0.11942
0.11829
0.11707
0.11539
0.1123
0.1075
0.10126
0.09451
0.08814
0.08251
0.07729
0.07209
0.06686
0.06153
0.05566
0.04858
0.03989
0.03053
0.02143
0.0129
0.00537
-0.00043
-0.00476
-0.00935
-0.01664
-0.02682
-0.03846
-0.05125
-0.06493
-0.07721
-0.08616
-0.09176
-0.09478
-0.09524
-0.0937
-0.09167
-0.09077
-0.09015
-0.0882
-0.08582
-0.08438
-0.08396
-0.08389
-0.08391
-0.08439
-0.08541
-0.08612
-0.08622
-0.08613
-0.08611
-0.08614
-0.08614
-0.08613
-0.08612
-0.08612
-0.08613
-0.08612
-0.0862
-0.08673
-0.0887
-0.09319
-0.09965
-0.10733
-0.1158
-0.1254
-0.13656
-0.14812
-0.15868
-0.1678
-0.17547
-0.18152
-0.18567
-0.18748
-0.18708
-0.18383
-0.17699
-0.16747
-0.15578
-0.14151
-0.12549
-0.11041
-0.09749
-0.08672
-0.07836
-0.07248
-0.06796
-0.06475
-0.06368
-0.06376
-0.06396
-0.06455
-0.06579
-0.06722
-0.06811
-0.06839
-0.06892
-0.07004
-0.07135
-0.07303
-0.07533
-0.0775
-0.07898
-0.08017
-0.08148
-0.08284
-0.08371
-0.08388
-0.08416
-0.08628
-0.09147
-0.09824
-0.1049
-0.11125
-0.11797
-0.12549
-0.1331
-0.13979
-0.14559
-0.15108
-0.15646
-0.16074
-0.16411
-0.16984
-0.17907
-0.18904
-0.19908
-0.21005
-0.21971
-0.22577
-0.22936
-0.23151
-0.23146
-0.22813
-0.22105
-0.21169
-0.20107
-0.18953
-0.17855
-0.17011
-0.16441
-0.15994
-0.15453
-0.14782
-0.14123
-0.13634
-0.13314
-0.12991
-0.12629
-0.12321
-0.12099
-0.11978
-0.11984
-0.12118
-0.12348
-0.12651
-0.13026
-0.13433
-0.13808
-0.14112
-0.14377
-0.14629
-0.14837
-0.14983
-0.15099
-0.15242
-0.15483
-0.15898
-0.16521
-0.17275
-0.18044
-0.18734
-0.19297
-0.19709
-0.1998
-0.20053
-0.19821
-0.19271
-0.18417
-0.17317
-0.15968
-0.14437
-0.1307
-0.12122
-0.1135
-0.10674
-0.10339
-0.10346
-0.10486
-0.1062
-0.10745
-0.10887
-0.10987
-0.10928
-0.10658
-0.1018
-0.09579
-0.08898
-0.08149
-0.07415
-0.06717
-0.05934
-0.05077
-0.04316
-0.03665
-0.03018
-0.0234
-0.01723
-0.01253
-0.0077
-0.00085
0.00671
0.01369
0.02086
0.02843
0.03549
0.04123
0.04538
0.04848
0.05118
0.05382
0.05618
0.05762
0.05773
0.05644
0.05417
0.05162
0.04893
0.04542
0.04014
0.03263
0.02294
0.01165
0.00034
-0.01053
-0.02227
-0.03534
-0.04862
-0.06076
-0.0717
-0.0829
-0.09396
-0.10251
-0.10751
-0.10957
-0.11082
-0.11159
-0.11049
-0.10787
-0.1051
-0.10227
-0.09799
-0.09091
-0.08188
-0.07255
-0.06306
-0.0527
-0.04178
-0.0322
-0.02553
-0.02006
-0.01389
-0.00725
-0.0005
0.00683
0.01509
0.02401
0.03303
0.04264
0.05365
0.06457
0.07335
0.08058
0.0868
0.09175
0.09614
0.10094
0.1053
0.1084
0.11095
0.11325
0.11495
0.11658
0.11899
0.12186
0.12412
0.12497
0.12506
0.12485
0.12337
0.11936
0.11238
0.1022
0.08872
0.0739
0.05961
0.04665
0.03525
0.02546
0.0171
0.01056
0.00619
0.0033
0.00082
-0.00132
-0.00298
-0.00451
-0.00502
-0.00298
0.0011
0.00642
0.01379
0.02393
0.03573
0.04682
0.05549
0.06218
0.0674
0.07119
0.07375
0.07529
0.07606
0.07631
0.07644
0.07595
0.0741
0.07184
0.07019
0.06849
0.06579
0.06216
0.05863
0.05566
0.05246
0.04894
0.04598
0.04258
0.03697
0.03
0.02366
0.01927
0.01673
0.01523
0.01405
0.01263
0.01059
0.00822
0.00639
0.00548
0.00532
0.00537
0.00548
0.00613
0.00803
0.01152
0.01565
0.01952
0.02277
0.02502
0.02558
0.02412
0.02047
0.01502
0.00829
0.00074
-0.00697
-0.01509
-0.02479
-0.03646
-0.04932
-0.06253
-0.07549
-0.08749
-0.09795
-0.10679
-0.11403
-0.11973
-0.12455
-0.12804
-0.12894
-0.12757
-0.12508
-0.12197
-0.11821
-0.11455
-0.11284
-0.11408
-0.11598
-0.11665
-0.11718
-0.11794
-0.1177
-0.11609
-0.11354
-0.11072
-0.10828
-0.10665
-0.10499
-0.10151
-0.09528
-0.08672
-0.07745
-0.06786
-0.05773
-0.04883
-0.0431
-0.0402
-0.03893
-0.03859
-0.03906
-0.0401
-0.04081
-0.04105
-0.04169
-0.0436
-0.04718
-0.05184
-0.05693
-0.06218
-0.06754
-0.0727
-0.07685
-0.07994
-0.08317
-0.08689
-0.09091
-0.0958
-0.1018
-0.10779
-0.11325
-0.11844
-0.12284
-0.12596
-0.12857
-0.13075
-0.1317
-0.1317
-0.13158
-0.13159
-0.13163
-0.13162
-0.13158
-0.13157
-0.13166
-0.13139
-0.1296
-0.1248
-0.11587
-0.10375
-0.08981
-0.07499
-0.05839
-0.03889
-0.0189
-0.0011
0.01507
0.03052
0.04485
0.05685
0.06552
0.07156
0.07542
0.07705
0.07667
0.07451
0.07092
0.06576
0.05897
0.05118
0.04326
0.03552
0.02758
0.01893
0.01021
0.0027
-0.00318
-0.00733
-0.00952
-0.00939
-0.00738
-0.00543
-0.00481
-0.00399
-0.00168
0.00134
0.00356
0.00408
0.00376
0.00399
0.00554
0.0078
0.00962
0.01075
0.01053
0.00782
0.00311
-0.00152
-0.00507
-0.0078
-0.01039
-0.01286
-0.01474
-0.01581
-0.01597
-0.01536
-0.01416
-0.01278
-0.0115
-0.01019
-0.00841
-0.00596
-0.00327
-0.0006
0.00205
0.00434
0.00577
0.00633
0.0065
0.00656
0.00588
0.00377
0.00066
-0.00373
-0.01019
-0.01769
-0.02465
-0.03111
-0.03746
-0.04337
-0.04841
-0.05259
-0.05644
-0.06031
-0.06422
-0.06824
-0.07221
-0.07533
-0.07706
-0.07825
-0.07925
-0.07915
-0.07643
-0.06944
-0.05804
-0.04245
-0.02378
-0.00478
0.01176
0.02524
0.03601
0.04495
0.05251
0.05836
0.0626
0.06551
0.06757
0.06834
0.06691
0.06387
0.06001
0.05548
0.05026
0.04485
0.04036
0.03722
0.03445
0.03261
0.03382
0.03798
0.04318
0.04788
0.05214
0.05684
0.06163
0.06595
0.07121
0.07836
0.08576
0.09255
0.09979
0.10861
0.1185
0.12726
0.13429
0.1408
0.14639
0.14984
0.15185
0.15279
0.1519
0.14896
0.14416
0.13759
0.12847
0.11627
0.10196
0.08738
0.07385
0.0618
0.05109
0.04282
0.03823
0.03571
0.03336
0.03123
0.02989
0.02944
0.02977
0.03086
0.0323
0.03354
0.03415
0.03393
0.0329
0.03123
0.02847
0.02378
0.01716
0.00946
0.00197
-0.0047
-0.01105
-0.01777
-0.02453
-0.02956
-0.03188
-0.03356
-0.03557
-0.0367
-0.03685
-0.03662
-0.03594
-0.03511
-0.03525
-0.03637
-0.03781
-0.03964
-0.04191
-0.04388
-0.0453
-0.04655
-0.04749
-0.04764
-0.04691
-0.04562
-0.04425
-0.04306
-0.04164
-0.03913
-0.03548
-0.0315
-0.02722
-0.0223
-0.01743
-0.01339
-0.01023
-0.00782
-0.00619
-0.00526
-0.00529
-0.00666
-0.0093
-0.0129
-0.01725
-0.02228
-0.02755
-0.03279
-0.03805
-0.04311
-0.04712
-0.04925
-0.04961
-0.0494
-0.04934
-0.04939
-0.04949
-0.04922
-0.04787
-0.04499
-0.04031
-0.03366
-0.02489
-0.01442
-0.00203
0.01258
0.02797
0.04276
0.05676
0.06909
0.07866
0.087
0.09563
0.10331
0.1089
0.1132
0.11693
0.1198
0.12173
0.12348
0.12624
0.12987
0.13392
0.13934
0.14631
0.15245
0.15657
0.15944
0.16135
0.16175
0.16091
0.15985
0.15945
0.15924
0.15819
0.15618
0.15374
0.15129
0.14816
0.14352
0.13845
0.1346
0.13282
0.13311
0.13515
0.13832
0.14203
0.14551
0.14791
0.1487
0.1482
0.14712
0.14608
0.14403
0.1388
0.13007
0.1188
0.10647
0.09314
0.07782
0.06056
0.04242
0.02466
0.00729
-0.01059
-0.02813
-0.04368
-0.05801
-0.07212
-0.08544
-0.097
-0.10684
-0.11607
-0.12503
-0.13259
-0.13787
-0.14129
-0.1437
-0.14512
-0.14501
-0.14217
-0.13496
-0.12072
-0.09762
-0.06981
-0.04094
-0.01147
0.01833
0.04688
0.07174
0.09105
0.10587
0.11737
0.12575
0.13097
0.13299
0.13337
0.13355
0.13377
0.13306
0.13106
0.12984
0.13061
0.13211
0.13371
0.13595
0.13874
0.14129
0.14305
0.14481
0.14792
0.1521
0.15594
0.15804
0.15814
0.15708
0.15574
0.15448
0.15331
0.15177
0.14956
0.14736
0.1457
0.14344
0.14002
0.13658
0.13405
0.13253
0.13183
0.13155
0.1309
0.12974
0.12844
0.12652
0.12287
0.11706
0.10917
0.09955
0.08867
0.07716
0.06633
0.05714
0.04958
0.04353
0.0391
0.03609
0.03492
0.03602
0.03827
0.04008
0.04133
0.04257
0.04391
0.04524
0.04655
0.04793
0.04918
0.04989
0.05002
0.04995
0.04994
0.04998
0.05002
0.04999
0.0499
0.05016
0.0512
0.05265
0.05395
0.05507
0.05682
0.06006
0.06417
0.06811
0.07134
0.07401
0.07659
0.07927
0.08183
0.08388
0.08526
0.08584
0.08509
0.08305
0.08149
0.0808
0.07894
0.07446
0.06729
0.05839
0.04803
0.03609
0.02301
0.00979
-0.00245
-0.01326
-0.02314
-0.03182
-0.03835
-0.04309
-0.04718
-0.0517
-0.05664
-0.0612
-0.06498
-0.06771
-0.06911
-0.0695
-0.07013
-0.07145
-0.07283
-0.07355
-0.0739
-0.07514
-0.07778
-0.08144
-0.08581
-0.09085
-0.09612
-0.10145
-0.10735
-0.1149
-0.12472
-0.13552
-0.14591
-0.15545
-0.16456
-0.17373
-0.18269
-0.19011
-0.19483
-0.19774
-0.20016
-0.20144
-0.20073
-0.19915
-0.19774
-0.19655
-0.19505
-0.1924
-0.18823
-0.1836
-0.18005
-0.17707
-0.17353
-0.16997
-0.16734
-0.16562
-0.16422
-0.16296
-0.16231
-0.16178
-0.15979
-0.15549
-0.14856
-0.1379
-0.12136
-0.09897
-0.07351
-0.04799
-0.02258
0.00302
0.02699
0.04806
0.06703
0.08516
0.10229
0.11685
0.12708
0.13276
0.13474
0.13297
0.12671
0.11587
0.10325
0.09249
0.08562
0.08151
0.07878
0.0765
0.07305
0.06693
0.05852
0.04801
0.03526
0.02199
0.01094
0.00113
-0.00987
-0.02182
-0.0338
-0.04567
-0.05689
-0.06666
-0.07498
-0.08124
-0.08427
-0.08393
-0.08087
-0.07544
-0.06648
-0.05275
-0.03411
-0.01185
0.01178
0.03544
0.05872
0.08014
0.09767
0.11104
0.12083
0.1285
0.13553
0.14296
0.1502
0.15615
0.16144
0.16623
0.16938
0.17096
0.17208
0.17298
0.17324
0.17273
0.17097
0.16774
0.16458
0.16267
0.1609
0.15862
0.15672
0.15549
0.15421
0.15216
0.15002
0.14912
0.1484
0.14552
0.14074
0.1358
0.13206
0.12907
0.12563
0.12209
0.11915
0.11655
0.11424
0.11251
0.11082
0.10856
0.10599
0.10305
0.09946
0.09629
0.09432
0.09165
0.08699
0.08151
0.07613
0.07098
0.06659
0.06375
0.06252
0.06285
0.06474
0.06773
0.07164
0.07637
0.08124
0.0856
0.09001
0.09481
0.09854
0.10015
0.10041
0.10033
0.1004
0.1006
0.10029
0.0987
0.09649
0.09476
0.09305
0.09077
0.08863
0.08744
0.0872
0.08695
0.08578
0.08371
0.08127
0.07875
0.07544
0.07077
0.06556
0.05988
0.05293
0.04572
0.03978
0.03428
0.02796
0.02067
0.01247
0.00361
-0.00465
-0.0117
-0.01874
-0.02644
-0.03441
-0.04228
-0.05008
-0.0579
-0.06578
-0.0737
-0.08128
-0.08803
-0.09397
-0.09921
-0.10371
-0.10735
-0.11021
-0.1132
-0.11695
-0.12107
-0.1248
-0.12771
-0.13021
-0.13284
-0.13566
-0.13785
-0.13861
-0.13885
-0.1399
-0.14192
-0.14446
-0.14711
-0.14975
-0.15232
-0.15482
-0.1577
-0.16178
-0.16715
-0.17349
-0.18054
-0.18833
-0.19682
-0.2062
-0.21722
-0.2305
-0.24531
-0.25853
-0.26663
-0.26658
-0.25543
-0.23114
-0.19886
-0.16379
-0.12822
-0.09363
-0.06149
-0.03294
-0.00968
0.00757
0.02059
0.03133
0.04024
0.0474
0.05403
0.05981
0.06278
0.06231
0.05907
0.05493
0.05085
0.04687
0.04378
0.04184
0.03915
0.03397
0.02623
0.01644
0.00513
-0.00627
-0.01689
-0.02724
-0.03781
-0.04828
-0.05802
-0.06777
-0.07965
-0.09361
-0.10742
-0.1197
-0.13044
-0.14072
-0.15124
-0.16186
-0.17172
-0.17997
-0.18673
-0.19172
-0.19445
-0.1957
-0.19692
-0.1989
-0.20111
-0.20228
-0.20245
-0.20234
-0.20148
-0.19925
-0.19637
-0.19388
-0.19224
-0.19103
-0.1897
-0.18815
-0.18733
-0.1885
-0.19148
-0.19529
-0.19881
-0.20126
-0.20235
-0.20203
-0.19983
-0.19518
-0.18764
-0.17766
-0.16511
-0.14938
-0.13162
-0.11346
-0.09629
-0.08095
-0.06718
-0.05358
-0.03968
-0.02663
-0.01403
-0.00044
0.01259
0.02298
0.0325
0.04226
0.05074
0.057
0.06128
0.06448
0.06744
0.0713
0.07688
0.08418
0.09186
0.09843
0.10311
0.1054
0.10524
0.10346
0.10103
0.09893
0.09756
0.09648
0.09468
0.09119
0.08605
0.07963
0.07233
0.06426
0.05535
0.04609
0.03697
0.02795
0.01847
0.00832
-0.00135
-0.00965
-0.01739
-0.02502
-0.03207
-0.03824
-0.04365
-0.04848
-0.05193
-0.05324
-0.05366
-0.05449
-0.05484
-0.05394
-0.05253
-0.05087
-0.04862
-0.04607
-0.04319
-0.0392
-0.03404
-0.02865
-0.02388
-0.01968
-0.01514
-0.01018
-0.00565
-0.00199
0.00071
0.00263
0.00416
0.00561
0.00628
0.00555
0.00464
0.0043
0.00375
0.00233
-0.00004
-0.00317
-0.00694
-0.01098
-0.01473
-0.01775
-0.01997
-0.02137
-0.02202
-0.02197
-0.02119
-0.01925
-0.01573
-0.01148
-0.00781
-0.00553
-0.00422
-0.00297
-0.00156
-0.00038
0.00017
0.00033
0.00028
-0.00067
-0.00281
-0.00533
-0.00864
-0.01395
-0.02055
-0.02724
-0.03384
-0.04009
-0.04508
-0.04824
-0.05
-0.05228
-0.05585
-0.05935
-0.06139
-0.06187
-0.06235
-0.06317
-0.06305
-0.0621
-0.0616
-0.06168
-0.06173
-0.0616
-0.0618
-0.06276
-0.06379
-0.06397
-0.06323
-0.06205
-0.06075
-0.05906
-0.05677
-0.0543
-0.0511
-0.04607
-0.04005
-0.03427
-0.02791
-0.02092
-0.01516
-0.0106
-0.0059
-0.00195
0.00013
0.00137
0.00213
0.00168
0.00072
0.00038
0.00049
0.00057
0.00055
0.0005
0.00054
0.00102
0.0023
0.00446
0.00715
0.00978
0.0118
0.01344
0.01557
0.01766
0.01847
0.01837
0.01827
0.01834
0.01836
0.01829
0.01856
0.01974
0.02178
0.0242
0.02669
0.03003
0.03467
0.03895
0.04208
0.04534
0.04904
0.05208
0.05366
0.05401
0.05404
0.05356
0.05175
0.04914
0.04631
0.04301
0.03944
0.03631
0.03362
0.03113
0.02917
0.02758
0.02553
0.02286
0.02023
0.01824
0.01662
0.01452
0.01229
0.0106
0.00851
0.00492
0.00015
-0.00509
-0.01038
-0.01528
-0.0193
-0.02248
-0.02526
-0.02795
-0.02987
-0.03037
-0.03031
-0.03
-0.02852
-0.02558
-0.02185
-0.01854
-0.01544
-0.01125
-0.0066
-0.00317
-0.00069
0.00181
0.00455
0.00704
0.00877
0.00965
0.00984
0.00982
0.00966
0.00895
0.00717
0.00356
-0.0022
-0.00969
-0.01771
-0.02559
-0.03339
-0.04121
-0.04909
-0.05701
-0.06466
-0.07157
-0.07763
-0.08299
-0.08812
-0.09343
-0.09875
-0.10327
-0.10629
-0.10824
-0.10927
-0.10899
-0.10726
-0.1036
-0.09743
-0.0886
-0.07831
-0.06808
-0.05864
-0.0496
-0.04044
-0.03117
-0.02219
-0.01397
-0.00656
0.00013
0.00653
0.01322
0.0207
0.02876
0.03647
0.04297
0.04872
0.05489
0.06051
0.06399
0.06639
0.06876
0.07077
0.07194
0.07217
0.07164
0.07046
0.06902
0.06792
0.06758
0.06766
0.06769
0.06759
0.06774
0.06866
0.07011
0.07135
0.07186
0.07239
0.07413
0.07611
0.0768
0.07673
0.07641
0.07552
0.07485
0.07545
0.07642
0.07673
0.07669
0.07642
0.07553
0.07421
0.07281
0.07151
0.07031
0.06905
0.06722
0.065
0.06366
0.06299
0.06135
0.05936
0.05867
0.05887
0.05899
0.05894
0.05891
0.05892
0.05894
0.05896
0.05895
0.05889
0.05893
0.05912
0.0589
0.05742
0.05548
0.05466
0.05374
0.05063
0.04583
0.04059
0.03545
0.03009
0.02377
0.0161
0.00726
-0.00199
-0.01129
-0.02043
-0.02864
-0.03566
-0.04269
-0.05046
-0.0585
-0.06573
-0.07123
-0.07505
-0.0778
-0.08033
-0.08304
-0.0856
-0.08715
-0.08729
-0.08644
-0.08486
-0.08251
-0.07982
-0.07716
-0.07456
-0.07196
-0.06933
-0.06667
-0.06408
-0.06155
-0.05873
-0.05519
-0.0512
-0.04727
-0.04346
-0.03928
-0.03442
-0.02965
-0.02531
-0.02024
-0.01433
-0.00918
-0.00512
-0.00136
0.00215
0.0049
0.00673
0.00798
0.00924
0.01112
0.01338
0.01476
0.01494
0.01478
0.01482
0.01484
0.01427
0.01297
0.01152
0.01067
0.01033
0.00918
0.00723
0.00607
0.00563
0.00482
0.00403
0.0036
0.00282
0.00207
0.00258
0.00399
0.00538
0.00658
0.00809
0.01029
0.01283
0.01562
0.0194
0.02435
0.02972
0.03509
0.04023
0.04441
0.04733
0.04981
0.05244
0.05507
0.05758
0.06036
0.06385
0.06725
0.06938
0.07066
0.07178
0.07249
0.07265
0.07256
0.07247
0.07257
0.07323
0.07423
0.07481
0.07487
0.07477
0.07467
0.07488
0.07573
0.0767
0.07708
0.07747
0.07852
0.07992
0.08134
0.08265
0.08347
0.08378
0.08439
0.08542
0.08603
0.08571
0.08455
0.08314
0.08188
0.08068
0.07904
0.07673
0.07422
0.07126
0.067
0.06232
0.05894
0.05657
0.05391
0.0504
0.04697
0.04481
0.04349
0.0424
0.04178
0.0414
0.04055
0.03964
0.03929
0.03883
0.03768
0.03628
0.03502
0.03371
0.03182
0.02952
0.02764
0.02602
0.02383
0.02119
0.01848
0.01579
0.01341
0.01171
0.0104
0.00915
0.00832
0.00848
0.00953
0.01015
0.00945
0.0086
0.00816
0.0074
0.00657
0.00615
0.00511
0.00313
0.00179
0.00165
0.00179
0.00171
0.00182
0.00259
0.0035
0.0039
0.00475
0.00668
0.00816
0.00875
0.00954
0.01013
0.00949
0.00862
0.00821
0.00755
0.0064
0.00499
0.00312
0.00082
-0.00116
-0.00254
-0.00377
-0.00513
-0.00638
-0.00704
-0.00712
-0.00706
-0.00705
-0.00706
-0.00707
-0.00708
-0.00708
-0.00699
-0.00706
-0.00768
-0.00864
-0.00916
-0.00956
-0.01046
-0.01121
-0.01171
-0.01309
-0.0153
-0.01714
-0.01844
-0.01964
-0.02088
-0.0224
-0.02458
-0.02721
-0.02986
-0.03244
-0.03509
-0.03779
-0.04011
-0.04169
-0.04297
-0.04411
-0.04469
-0.04476
-0.04468
-0.04463
-0.04469
-0.04484
-0.04443
-0.04261
-0.03956
-0.0357
-0.03117
-0.02582
-0.01967
-0.0132
-0.00654
0.00069
0.00808
0.01449
0.01966
0.02365
0.02637
0.02821
0.0303
0.03231
0.03309
0.03313
0.0328
0.0314
0.02918
0.02734
0.02605
0.02484
0.02354
0.02217
0.0208
0.01982
0.01957
0.01967
0.01972
0.01968
0.01961
0.01968
0.01988
0.01953
0.01787
0.01597
0.01517
0.0143
0.01236
0.01042
0.00845
0.00535
0.00215
0.00024
-0.0013
-0.00407
-0.00858
-0.01363
-0.01781
-0.02096
-0.02385
-0.0273
-0.03094
-0.03392
-0.03644
-0.03898
-0.04162
-0.04432
-0.04692
-0.04906
-0.05063
-0.05204
-0.05286
-0.05235
-0.05141
-0.05103
-0.05056
-0.0494
-0.04792
-0.04684
-0.04662
-0.04723
-0.04848
-0.04992
-0.0509
-0.05121
-0.0517
-0.05266
-0.05327
-0.05355
-0.05443
-0.05588
-0.05711
-0.05763
-0.05801
-0.05893
-0.05947
-0.05877
-0.05796
-0.05757
-0.05679
-0.05574
-0.05543
-0.05612
-0.05719
-0.05777
-0.05786
-0.05777
-0.05729
-0.0562
-0.05489
-0.05333
-0.0511
-0.04844
-0.04576
-0.04316
-0.04057
-0.03792
-0.03524
-0.03267
-0.03022
-0.02722
-0.0229
-0.01802
-0.01367
-0.00967
-0.00614
-0.00379
-0.002
0.00018
0.0019
0.00244
0.00294
0.00415
0.00562
0.00659
0.00676
0.00659
0.00674
0.00764
0.00905
0.01034
0.011
0.01129
0.01203
0.01328
0.01469
0.0161
0.01723
0.0177
0.01802
0.01897
0.01999
0.02011
0.0193
0.01812
0.01686
0.01479
0.01133
0.00726
0.00322
-0.00072
-0.00422
-0.00717
-0.01033
-0.01388
-0.0171
-0.01991
-0.02238
-0.02384
-0.02448
-0.02587
-0.02806
-0.02989
-0.03127
-0.03232
-0.03279
-0.03335
-0.03513
-0.03742
-0.03906
-0.04026
-0.04148
-0.04281
-0.04419
-0.04546
-0.04621
-0.04631
-0.04622
-0.04634
-0.04631
-0.04525
-0.04312
-0.04115
-0.03948
-0.03731
-0.03475
-0.03191
-0.02808
-0.02278
-0.01647
-0.01028
-0.00478
0.00046
0.00548
0.00982
0.01401
0.01899
0.02453
0.02944
0.0329
0.03619
0.04072
0.04519
0.04825
0.05065
0.05324
0.05595
0.05819
0.05968
0.06088
0.0622
0.0636
0.06462
0.0648
0.06412
0.06291
0.06156
0.06028
0.05897
0.0576
0.05643
0.05589
0.05586
0.05591
0.05591
0.05592
0.05594
0.05588
0.05586
0.05635
0.05736
0.05804
0.05835
0.05913
0.06049
0.06185
0.0626
0.06266
0.0625
0.06283
0.06388
0.06477
0.06496
0.06486
0.06484
0.06488
0.0649
0.06488
0.06484
0.06493
0.065
0.06427
0.06202
0.05866
0.05462
0.04989
0.0444
0.03798
0.03076
0.02311
0.01533
0.00703
-0.00178
-0.00949
-0.01525
-0.02031
-0.02529
-0.02962
-0.03303
-0.0358
-0.03843
-0.04082
-0.04253
-0.04385
-0.04505
-0.04578
-0.04584
-0.04569
-0.04606
-0.04709
-0.0479
-0.0481
-0.04808
-0.04776
-0.04678
-0.04548
-0.04397
-0.04186
-0.03953
-0.03782
-0.03659
-0.0353
-0.03387
-0.03278
-0.03243
-0.03211
-0.03105
-0.02955
-0.02836
-0.02791
-0.02797
-0.02799
-0.02745
-0.02621
-0.02473
-0.02373
-0.02346
-0.02301
-0.02195
-0.02116
-0.02141
-0.02245
-0.0232
-0.02365
-0.02505
-0.02702
-0.02795
-0.02825
-0.02921
-0.03071
-0.0319
-0.03233
-0.03234
-0.03227
-0.03183
-0.03053
-0.02836
-0.02575
-0.0231
-0.02051
-0.01789
-0.01518
-0.01272
-0.01105
-0.01026
-0.01003
-0.00989
-0.01037
-0.01224
-0.0142
-0.01476
-0.01453
-0.01445
-0.01459
-0.01442
-0.01329
-0.01126
-0.00894
-0.00712
-0.0055
-0.00329
-0.00065
0.00211
0.00488
0.00697
0.00771
0.00813
0.009
0.00967
0.01012
0.01101
0.01154
0.01086
0.01005
0.00964
0.00886
0.00789
0.00753
0.00762
0.00768
0.00766
0.00765
0.00764
0.00761
0.00768
0.00779
0.00743
0.00646
0.00608
0.0067
0.00676
0.00616
0.00645
0.00732
0.00779
0.00837
0.00928
0.00977
0.0101
0.01107
0.01214
0.01205
0.01036
0.00809
0.00639
0.00474
0.00233
-0.00049
-0.00288
-0.00451
-0.00623
-0.00851
-0.01057
-0.01207
-0.01343
-0.01416
-0.0133
-0.01116
-0.00882
-0.00706
-0.0054
-0.00315
-0.00102
0.00065
0.00265
0.00502
0.00677
0.00753
0.00775
0.00836
0.00958
0.01097
0.01227
0.01358
0.01491
0.01616
0.0174
0.01909
0.0214
0.02349
0.02513
0.02712
0.02965
0.03238
0.0351
0.03753
0.03933
0.04096
0.04319
0.0455
0.04698
0.04753
0.04755
0.04751
0.04763
0.04752
0.04637
0.04384
0.04033
0.03611
0.03111
0.02572
0.02059
0.01615
0.01221
0.00832
0.00434
0.0005
-0.00282
-0.0053
-0.00689
-0.00804
-0.00948
-0.01164
-0.01372
-0.01458
-0.01495
-0.01587
-0.01671
-0.01688
-0.01679
-0.01679
-0.0168
-0.01672
-0.01688
-0.01774
-0.01876
-0.01913
-0.01906
-0.01901
-0.01903
-0.01905
-0.01905
-0.01906
-0.01905
-0.01901
-0.01907
-0.0192
-0.01862
-0.01638
-0.01288
-0.00929
-0.00633
-0.00306
0.00153
0.00632
0.01067
0.01539
0.02011
0.02344
0.02542
0.02687
0.02833
0.02915
0.02858
0.02763
0.02726
0.02677
0.02558
0.0241
0.02305
0.02289
0.0235
0.0248
0.02686
0.02979
0.03346
0.03693
0.03976
0.04236
0.04471
0.04638
0.04764
0.04888
0.05018
0.05154
0.05289
0.05384
0.05402
0.05383
0.05402
0.05497
0.05598
0.05625
0.05611
0.0561
0.05623
0.05596
0.05491
0.0539
0.05385
0.05478
0.05583
0.05618
0.05608
0.05607
0.05619
0.05593
0.05498
0.05409
0.05372
0.05311
0.05217
0.05168
0.05133
0.05035
0.04899
0.04751
0.04553
0.04271
0.039
0.03496
0.03103
0.02721
0.02308
0.01818
0.01282
0.00762
0.00306
-0.00093
-0.0048
-0.00879
-0.01268
-0.01602
-0.01872
-0.02126
-0.02398
-0.02657
-0.02815
-0.0284
-0.02814
-0.0284
-0.02949
-0.03051
-0.03053
-0.0296
-0.0287
-0.02835
-0.02743
-0.02547
-0.02404
-0.02362
-0.02293
-0.02158
-0.02022
-0.01951
-0.01944
-0.01951
-0.01949
-0.01949
-0.01956
-0.01942
-0.01868
-0.01744
-0.01606
-0.01464
-0.01352
-0.01309
-0.01258
-0.01077
-0.00806
-0.00535
-0.0028
-0.00018
0.00251
0.0048
0.00632
0.00751
0.00883
0.01025
0.01126
0.01151
0.01148
0.01135
0.01061
0.00925
0.00791
0.00724
0.00677
0.00526
0.00336
0.0025
0.00166
-0.00025
-0.00182
-0.00212
-0.00193
-0.0019
-0.00196
-0.00195
-0.00197
-0.00205
-0.0018
-0.00079
0.00062
0.00195
0.00267
0.00206
0.00007
-0.00159
-0.00233
-0.00369
-0.00556
-0.00647
-0.00727
-0.00921
-0.01138
-0.01299
-0.01425
-0.01504
-0.01545
-0.01664
-0.01864
-0.01984
-0.01993
-0.01978
-0.01979
-0.01984
-0.01984
-0.01985
-0.01985
-0.01981
-0.01989
-0.02054
-0.02184
-0.02326
-0.02414
-0.02441
-0.02494
-0.02614
-0.02753
-0.02883
-0.03015
-0.03157
-0.03267
-0.0331
-0.03352
-0.03445
-0.0348
-0.03404
-0.03333
-0.03298
-0.0322
-0.03063
-0.02787
-0.02367
-0.01914
-0.01568
-0.01226
-0.00774
-0.00353
-0.00056
0.00192
0.00423
0.00582
0.00657
0.00653
0.00577
0.00429
0.00193
-0.00125
-0.00504
-0.00902
-0.01293
-0.01687
-0.0209
-0.0247
-0.02786
-0.03087
-0.03443
-0.0376
-0.0395
-0.04126
-0.04358
-0.04559
-0.04658
-0.0468
-0.04731
-0.04832
-0.04898
-0.04905
-0.04895
-0.04893
-0.04901
-0.04912
-0.04883
-0.04787
-0.04699
-0.04666
-0.04613
-0.04497
-0.04356
-0.04221
-0.04097
-0.03978
-0.03825
-0.03603
-0.03377
-0.03212
-0.0304
-0.02802
-0.02531
-0.02258
-0.02001
-0.01796
-0.01633
-0.01432
-0.01204
-0.01027
-0.00894
-0.00776
-0.00705
-0.007
-0.00714
-0.00675
-0.00572
-0.00497
-0.00469
-0.00399
-0.00263
-0.0013
-0.00063
-0.00028
0.00056
0.00125
0.00068
-0.00022
-0.00065
-0.00132
-0.00226
-0.0027
-0.00302
-0.00411
-0.0057
-0.00663
-0.00614
-0.00524
-0.00481
-0.00381
-0.00158
0.0012
0.00403
0.00652
0.00793
0.00857
0.01006
0.01209
0.01291
0.0127
0.01269
0.01348
0.01452
0.01497
0.01498
0.01485
0.01426
0.01307
0.01168
0.01035
0.00906
0.00775
0.00643
0.00511
0.00379
0.00249
0.0012
-0.00015
-0.00155
-0.00263
-0.00299
-0.00295
-0.0029
-0.00291
-0.00295
-0.003
-0.0027
-0.00157
0.00041
0.00298
0.00564
0.00811
0.01079
0.0146
0.01929
0.02321
0.02566
0.02711
0.02834
0.02966
0.03099
0.03226
0.03356
0.03493
0.03616
0.03682
0.03686
0.03679
0.03692
0.03681
0.03555
0.03329
0.03137
0.03014
0.02884
0.02679
0.02466
0.02369
0.02299
0.02112
0.01933
0.01875
0.01827
0.01707
0.01559
0.01462
0.01448
0.01467
0.01447
0.01349
0.01242
0.01221
0.01296
0.01401
0.01455
0.01456
0.01448
0.01446
0.01451
0.01459
0.01431
0.01333
0.01202
0.01055
0.00854
0.00606
0.00341
0.00036
-0.00331
-0.0068
-0.0093
-0.01089
-0.01263
-0.0149
-0.0165
-0.01679
-0.0166
-0.01662
-0.01667
-0.01621
-0.01501
-0.01352
-0.0125
-0.01221
-0.01184
-0.01075
-0.00935
-0.00801
-0.00674
-0.00544
-0.00414
-0.00285
-0.00151
-0.00014
0.00084
0.00108
0.00098
0.00096
0.00099
0.00095
0.00094
0.00139
0.00258
0.00407
0.00509
0.00538
0.00578
0.00681
0.00765
0.00748
0.00644
0.00552
0.00519
0.00466
0.00355
0.00221
0.0005
-0.0018
-0.00394
-0.00546
-0.00675
-0.00781
-0.00815
-0.00767
-0.00633
-0.00422
-0.00179
0.00083
0.00441
0.00907
0.01316
0.01595
0.01832
0.0213
0.02503
0.02855
0.03106
0.03266
0.03431
0.0366
0.03879
0.04029
0.04148
0.0427
0.04408
0.04556
0.04656
0.04632
0.04547
0.04504
0.0442
0.04212
0.03994
0.03854
0.0374
0.03564
0.03333
0.03179
0.03152
0.03168
0.03172
0.03166
0.03157
0.03171
0.03246
0.03377
0.03513
0.03597
0.03611
0.03601
0.03605
0.03609
0.03567
0.03456
0.03323
0.03174
0.02963
0.02665
0.02291
0.01893
0.01494
0.01094
0.00732
0.00441
0.0018
-0.00065
-0.00253
-0.00392
-0.00519
-0.00612
-0.00621
-0.00543
-0.00422
-0.00291
-0.00121
0.00116
0.00384
0.00653
0.00919
0.01141
0.01301
0.01476
0.01723
0.02005
0.02245
0.02396
0.02504
0.02651
0.02876
0.03085
0.03156
0.03142
0.03133
0.03137
0.03135
0.03134
0.03147
0.03129
0.02998
0.02779
0.02587
0.02443
0.0233
0.02274
0.0222
0.02049
0.01845
0.01777
0.01802
0.01798
0.01718
0.01596
0.0146
0.01277
0.01049
0.00855
0.00688
0.00471
0.00244
0.00082
-0.0004
-0.00162
-0.00296
-0.00442
-0.00564
-0.00578
-0.0049
-0.00424
-0.00419
-0.0043
-0.0043
-0.00426
-0.00427
-0.00434
-0.00432
-0.00413
-0.00438
-0.00589
-0.0079
-0.0088
-0.00912
-0.01009
-0.01154
-0.01287
-0.01407
-0.01572
-0.01806
-0.02025
-0.02175
-0.02295
-0.0242
-0.02558
-0.027
-0.02814
-0.02862
-0.029
-0.02995
-0.03051
-0.02964
-0.02808
-0.02681
-0.02575
-0.0235
-0.01886
-0.01307
-0.00835
-0.00585
-0.00393
-0.00067
0.00302
0.00574
0.00744
0.00879
0.01007
0.0109
0.01113
0.01113
0.01081
0.00989
0.00902
0.00864
0.00802
0.00709
0.00653
0.00635
0.0066
0.00795
0.00984
0.01079
0.01155
0.01341
0.01504
0.01575
0.01703
0.01944
0.02226
0.02505
0.02735
0.02849
0.02892
0.02974
0.03062
0.03097
0.03105
0.03056
0.02879
0.02655
0.02485
0.02307
0.02064
0.01792
0.01529
0.01267
0.00999
0.00751
0.00564
0.0042
0.00294
0.00217
0.00185
0.00115
0.0001
-0.00035
-0.00018
-0.00027
-0.0012
-0.00181
-0.00047
0.00155
0.00218
0.00185
0.00192
0.00287
0.00393
0.00423
0.00409
0.00409
0.00421
0.00391
0.00293
0.00209
0.00171
0.00104
0.00012
-0.00035
-0.00079
-0.00172
-0.00244
-0.00279
-0.00354
-0.00482
-0.00622
-0.00756
-0.00882
-0.01003
-0.01159
-0.01395
-0.01675
-0.01922
-0.02099
-0.02273
-0.02496
-0.02661
-0.02731
-0.02864
-0.03056
-0.03152
-0.03189
-0.03281
-0.03373
-0.03369
-0.03268
-0.03173
-0.0314
-0.03088
-0.02993
-0.02939
-0.02911
-0.02816
-0.02668
-0.0255
-0.02504
-0.02463
-0.02371
-0.02333
-0.02398
-0.0241
-0.02323
-0.02264
-0.02266
-0.02274
-0.02264
-0.02281
-0.02372
-0.02477
-0.02508
-0.0249
-0.02496
-0.02577
-0.02717
-0.02848
-0.02912
-0.02961
-0.03114
-0.03302
-0.03388
-0.03479
-0.03664
-0.038
-0.03872
-0.04034
-0.04261
-0.04432
-0.04553
-0.04674
-0.04808
-0.04949
-0.05077
-0.05148
-0.05175
-0.05244
-0.05378
-0.05514
-0.05588
-0.05623
-0.05702
-0.05774
-0.05725
-0.05639
-0.05591
-0.05477
-0.05244
-0.04966
-0.04697
-0.04443
-0.04237
-0.04097
-0.03983
-0.03822
-0.03587
-0.03366
-0.03219
-0.031
-0.02966
-0.02833
-0.0275
-0.02728
-0.02727
-0.02758
-0.02851
-0.02938
-0.02975
-0.03036
-0.03135
-0.0319
-0.03189
-0.03185
-0.03197
-0.03178
-0.0309
-0.02996
-0.0296
-0.0291
-0.02819
-0.02762
-0.02724
-0.02635
-0.02549
-0.02517
-0.02462
-0.02336
-0.02193
-0.02112
-0.02078
-0.01958
-0.01739
-0.01546
-0.01413
-0.01293
-0.01165
-0.01031
-0.00892
-0.00779
-0.00754
-0.00828
-0.00919
-0.00903
-0.00808
-0.0076
-0.00766
-0.00776
-0.00774
-0.00771
-0.00771
-0.00778
-0.00774
-0.00717
-0.00593
-0.00448
-0.00351
-0.00326
-0.00285
-0.0017
-0.0002
0.0009
0.00115
0.00096
0.00107
0.00189
0.00291
0.00332
0.00326
0.0032
0.00321
0.00322
0.00321
0.0032
0.00319
0.00318
0.0032
0.00319
0.00311
0.00314
0.00373
0.00476
0.00539
0.00538
0.0053
0.00575
0.0069
0.00829
0.0096
0.01087
0.01217
0.0135
0.01483
0.01605
0.01729
0.01907
0.02133
0.0228
0.02322
0.02386
0.02517
0.02655
0.02734
0.02747
0.02738
0.02734
0.02737
0.02747
0.02731
0.02651
0.02552
0.02512
0.02479
0.0237
0.02218
0.02107
0.02072
0.02035
0.01935
0.01849
0.01833
0.01842
0.01838
0.01838
0.0189
0.01998
0.02124
0.02293
0.02521
0.02687
0.02744
0.02858
0.03111
0.03397
0.0357
0.03622
0.03733
0.03955
0.04156
0.04256
0.04269
0.0426
0.04257
0.04259
0.04264
0.0426
0.04207
0.04095
0.03964
0.03807
0.0358
0.03313
0.03046
0.02785
0.0252
0.02259
0.02007
0.01733
0.01391
0.0105
0.00826
0.00657
0.00436
0.00216
0.00062
-0.00058
-0.00182
-0.0032
-0.00466
-0.00577
-0.00617
-0.00674
-0.00864
-0.01097
-0.01256
-0.01368
-0.01515
-0.01738
-0.02002
-0.02273
-0.02544
-0.0278
-0.02952
-0.03128
-0.03351
-0.03506
-0.0356
-0.03628
-0.03724
-0.03768
-0.03773
-0.03749
-0.03669
-0.03579
-0.03542
-0.03465
-0.0325
-0.02971
-0.02704
-0.02448
-0.02188
-0.01927
-0.01667
-0.01402
-0.01134
-0.00904
-0.00746
-0.00618
-0.00506
-0.00451
-0.00442
-0.00449
-0.00495
-0.00608
-0.0075
-0.00881
-0.01006
-0.01174
-0.01421
-0.01702
-0.01942
-0.02108
-0.02278
-0.02508
-0.02723
-0.0287
-0.02991
-0.03125
-0.03258
-0.03339
-0.03354
-0.03347
-0.03346
-0.0335
-0.03351
-0.03351
-0.03352
-0.03354
-0.03354
-0.03352
-0.03357
-0.03368
-0.03344
-0.03252
-0.03162
-0.03128
-0.03075
-0.0298
-0.02919
-0.02912
-0.02925
-0.02936
-0.02917
-0.02834
-0.02738
-0.02701
-0.02663
-0.0256
-0.02422
-0.02279
-0.02149
-0.02073
-0.02037
-0.01916
-0.01691
-0.01493
-0.01402
-0.01383
-0.01329
-0.01226
-0.01166
-0.01171
-0.01176
-0.01117
-0.01021
-0.00967
-0.00924
-0.00836
-0.00802
-0.00866
-0.00875
-0.00791
-0.00732
-0.00724
-0.00746
-0.00817
-0.00911
-0.00958
-0.00999
-0.01095
-0.01174
-0.01207
-0.01276
-0.0141
-0.01547
-0.01622
-0.01652
-0.01725
-0.01827
-0.01872
-0.01871
-0.01861
-0.01854
-0.01882
-0.01977
-0.02074
-0.02102
-0.02094
-0.0209
-0.02094
-0.02096
-0.02096
-0.02097
-0.02099
-0.02099
-0.02097
-0.02101
-0.02111
-0.02096
-0.02016
-0.01922
-0.01882
-0.01838
-0.01745
-0.01678
-0.01645
-0.01568
-0.01441
-0.013
-0.01161
-0.01054
-0.01014
-0.00985
-0.00885
-0.00745
-0.00613
-0.00486
-0.00864
-0.0072
-0.00631
-0.00587
-0.00502
-0.00385
-0.00328
-0.0033
-0.00309
-0.00212
-0.00117
-0.00148
-0.00236
-0.00255
-0.00222
-0.00222
-0.00293
-0.004
-0.00527
-0.00711
-0.00912
-0.01007
-0.01025
-0.01098
-0.01231
-0.01337
-0.0137
-0.01392
-0.01468
-0.01502
-0.01415
-0.01315
-0.01273
-0.01263
-0.01296
-0.0137
-0.01371
-0.01271
-0.01188
-0.01162
-0.01157
-0.0115
-0.01114
-0.01015
-0.00897
-0.00842
-0.00837
-0.00817
-0.0073
-0.00588
-0.00439
-0.00303
-0.00152
0.00059
0.00301
0.00494
0.00636
0.00768
0.00906
0.01053
0.01201
0.01305
0.01345
0.01402
0.01509
0.01586
0.01598
0.01596
0.0165
0.01764
0.01851
0.01841
0.01752
0.01676
0.01653
0.01604
0.01523
0.01485
0.01463
0.0138
0.01257
0.01139
0.01029
0.0092
0.00807
0.00696
0.00588
0.00481
0.0037
0.00259
0.00189
0.0019
0.00222
0.00218
0.00143
0.00066
0.00062
0.00097
0.00096
0.00026
-0.00042
-0.00056
-0.00083
-0.00153
-0.00192
-0.0018
-0.00151
-0.00129
-0.00117
-0.00107
-0.0006
0.00047
0.00138
0.00189
0.0031
0.0055
0.00818
0.00985
0.0105
0.01167
0.01347
0.01443
0.01506
0.01684
0.0194
0.02167
0.02325
0.02447
0.02556
0.02622
0.0265
0.02709
0.02793
0.0283
0.02821
0.02818
0.02867
0.02969
0.03084
0.0316
0.03168
0.03145
0.03154
0.03223
0.03291
0.0331
0.03339
0.03406
0.03449
0.03447
0.03424
0.03397
0.03407
0.03517
0.03662
0.03717
0.03695
0.03665
0.03646
0.03641
0.03632
0.0355
0.03375
0.03236
0.03186
0.03123
0.03004
0.02886
0.02825
0.02779
0.02646
0.02479
0.0241
0.02417
0.02404
0.02332
0.02249
0.02209
0.02171
0.02091
0.02025
0.02008
0.02006
0.01993
0.01988
0.02026
0.02086
0.0211
0.02124
0.02179
0.0223
0.02233
0.02212
0.02197
0.02185
0.02172
0.02159
0.02146
0.02131
0.02113
0.02122
0.02182
0.02266
0.02323
0.02329
0.02329
0.02378
0.02454
0.02511
0.02521
0.02499
0.02472
0.0245
0.02429
0.02405
0.02378
0.02356
0.02344
0.02306
0.02191
0.02045
0.01966
0.01947
0.01936
0.01918
0.01886
0.01817
0.01718
0.01622
0.0156
0.01536
0.01524
0.01507
0.01489
0.01472
0.01456
0.01439
0.01421
0.01405
0.01391
0.01369
0.01318
0.01234
0.01141
0.01071
0.0105
0.01053
0.01019
0.00909
0.00791
0.0075
0.00755
0.00744
0.00693
0.00618
0.00544
0.00475
0.00403
0.0033
0.00277
0.00258
0.0024
0.0019
0.00124
0.00057
-0.00006
-0.00028
0.00013
0.00059
0.00072
0.0007
0.00068
0.00075
0.00103
0.00154
0.00212
0.00282
0.0038
0.00474
0.0053
0.00569
0.00629
0.00715
0.00773
0.00786
0.00821
0.00884
0.0091
0.00892
0.00867
0.0085
0.00833
0.00815
0.00797
0.00778
0.00759
0.00743
0.00728
0.00699
0.00647
0.00601
0.00573
0.00535
0.00487
0.00457
0.00445
0.00433
0.0042
0.00406
0.00392
0.00378
0.00366
0.00354
0.00338
0.00319
0.00325
0.00369
0.00404
0.00398
0.00376
0.0036
0.00344
0.00323
0.00313
0.00337
0.00365
0.00346
0.00301
0.00276
0.00278
0.00286
0.00278
0.00259
0.00239
0.00221
0.00204
0.00185
0.00167
0.0015
0.00132
0.00115
0.00098
0.0008
0.00064
0.0005
0.00029
-0.00013
-0.00063
-0.00093
-0.00106
-0.00115
-0.00125
-0.00145
-0.00185
-0.00226
-0.00244
-0.0025
-0.00257
-0.00267
-0.00276
-0.00284
-0.00292
-0.003
-0.00308
-0.00316
-0.00324
-0.00326
-0.00322
-0.00322
-0.00329
-0.00338
-0.00347
-0.00354
-0.00355
-0.00354
-0.00357
-0.00365
-0.00374
-0.00382
-0.00391
-0.00401
-0.00403
-0.00395
-0.00389
-0.00395
-0.00406
-0.00415
-0.00423
-0.00432
-0.0044
-0.00448
-0.00456
-0.00464
-0.00472
-0.00479
-0.00486
-0.00493
-0.005
-0.00507
-0.00514
-0.0052
-0.00526
-0.00532
-0.00538
-0.00543
-0.00553
-0.00566
-0.00576
-0.00582
-0.00592
-0.00604
-0.00616
-0.00626
-0.00635
-0.00643
-0.0065
-0.00657
-0.00663
-0.00667
-0.00666
-0.00665
-0.00667
-0.00668
-0.00666
-0.00662
-0.00659
-0.00656
-0.00653
-0.0065
-0.00645
-0.00639
-0.00636
-0.00634
-0.00632
-0.00629
-0.00625
-0.00622
-0.00621
-0.0062
-0.00619
-0.00619
-0.00618
-0.00617
-0.00616
-0.00615
-0.00615
-0.00614
-0.00613
-0.00613
-0.00612
-0.00611
-0.00611
-0.00611
-0.00611
-0.00611
-0.0061
-0.0061
-0.00609
-0.00608
-0.00608
-0.00607
-0.00607
-0.00606
-0.00606
-0.00606
-0.00605
-0.00605
-0.00605
-0.00604
-0.00604
-0.00604
-0.00604
-0.00604
-0.00603
-0.00603
-0.00603
-0.00603
-0.00603
-0.00603
-0.00603
-0.00603
-0.00603
-0.00603
-0.00603
-0.00603
-0.00603
-0.00603
-0.00603
-0.00603
-0.00603
-0.00604
-0.00604
-0.00604
-0.00604
-0.00604
-0.00604
-0.00604
-0.00605
-0.00605
-0.00605
-0.00605
-0.00605
-0.00605
-0.00605
-0.00606
-0.00606
-0.00606
-0.00606
-0.00606
-0.00606
-0.00606
-0.00607
-0.00607
-0.00607
-0.00607
-0.00607
-0.00607