0.005
0.01361
0.013647879
0.013680606
0.013710909
0.013741212
0.013771515
0.013807273
0.013842121
0.013872424
0.013902727
0.013927273
0.013953333
0.013982727
0.014005455
0.014034242
0.014060909
0.014082424
0.014097576
0.0141
0.014107879
0.01412303
0.014138182
0.014173333
0.01419
0.014175455
0.014114848
0.014026364
0.013976364
0.013989697
0.014095758
0.014209091
0.014191818
0.014057273
0.01383
0.013617879
0.013503636
0.013487273
0.013571212
0.013851515
0.013919091
0.013800909
0.013526364
0.013230909
0.012854848
0.012636667
0.012735455
0.013447576
0.013541515
0.012782727
0.011283333
0.009866667
0.010893636
0.012567273
0.013846061
0.012876364
0.011246667
0.010273636
0.009841818
0.009266061
0.009526667
0.01051
0.011568182
0.011704545
0.009142727
0.005629697
0.003050909
0.00346
0.008164545
0.011354545
0.011483636
0.00730697
-1.87879E-05
-0.005059091
-0.006268182
-0.002753333
0.00433
0.007480909
0.007723333
0.005645455
0.002107576
-0.001442424
-0.003039091
-0.001866667
0.002716667
0.006307273
0.006687273
0.003685758
-0.001685455
-0.006403333
-0.00817697
-0.006256364
0.000258788
0.005198788
0.004751818
0.000524848
-0.004422121
-0.002401818
-0.00131303
-0.003406061
-0.0108
-0.015542424
-0.016771515
-0.013745455
-0.006079091
0.001943636
0.001702727
-0.003742727
-0.012110303
-0.019739091
-0.022917273
-0.02118
-0.014524545
-0.004562424
0.003114848
0.009431818
0.013896364
0.013123636
0.002512727
-0.010685152
-0.023774545
-0.033797273
-0.03516
-0.029215758
-0.019214545
-0.011608485
-0.008985758
-0.010619091
-0.016879697
-0.028485758
-0.020586364
-0.006788182
0.002852727
-0.00242
-0.012139697
-0.012210606
-0.008024545
-0.004975758
-0.017119697
-0.02802
-0.032585152
-0.027503333
-0.01242
0.000734545
0.005386667
-0.000922727
-0.013945455
-0.023634848
-0.027861818
-0.026553939
-0.022516061
-0.023779091
-0.021194545
-0.012206667
0.00446
0.006313333
-0.004862424
-0.024362727
-0.042832424
-0.043264545
-0.034805455
-0.020378485
-0.003158788
0.006511818
0.006888485
0.001297879
-0.00624
-0.008346061
-0.008808788
-0.011277273
-0.018795152
-0.028923939
-0.031836364
-0.028336364
-0.019362424
-0.009642727
-0.000947879
0.001836667
-0.002870909
-0.010378485
-0.009673939
-0.003687273
0.005633939
0.014096061
0.012026364
-0.000810606
-0.020177273
-0.033313636
-0.027976667
-0.02102
-0.016495455
-0.017434848
-0.011906364
-0.00537
0.00019697
0.002507576
-0.002403636
-0.013933333
-0.026100303
-0.03207
-0.027327576
-0.01952
-0.006961818
0.010844848
0.013466061
-0.004607273
-0.031525455
-0.057218485
-0.055074545
-0.042279091
-0.030656667
-0.024063636
-0.012010606
0.002181818
0.00644
-0.001162121
-0.011487879
-0.002614545
0.017495152
0.038855758
0.037234545
0.005313333
-0.023001515
-0.039249091
-0.03653697
-0.038585152
-0.034465455
-0.020391818
0.007994545
0.01489
0.004443939
-0.010714848
-0.01623
-0.003646667
0.004738182
0.008070909
0.006231515
0.011519394
0.014707273
0.012802727
0.004597879
-0.002303636
-0.003303636
-0.001863333
-0.000700909
-0.006958485
-0.02051303
-0.032655455
-0.040375455
-0.043284545
-0.03304
-0.012694848
0.01099303
0.020008182
0.010056667
-0.002680606
-0.01232
-0.011653333
-0.009209394
-0.009342727
-0.010484848
-0.009537879
0.001867273
0.007681515
0.006665758
-0.00166
-0.00785697
-0.011910909
-0.011675455
-0.005394848
0.005983939
0.004817273
-0.006488788
-0.024537273
-0.029378182
-0.018748485
0.000303333
0.021520909
0.025611818
0.016448182
0.004952727
-0.004979697
-0.012290303
-0.019492727
-0.017862121
-0.006254545
0.012722727
0.01398
0.003852424
-0.012098182
-0.024173939
-0.024533636
-0.014665455
0.002839697
0.024195758
0.025035455
0.014615455
-0.001179697
-0.01596
-0.019232727
-0.018183333
-0.013984545
-0.007859091
-0.003086364
-0.004668182
-0.009227273
-0.013648485
-0.007754545
0.002670606
0.00733
0.001386364
-0.015143939
-0.016498485
-0.001862727
0.024315455
0.041724545
0.035709091
0.019870303
0.000741515
-0.011750909
-0.011396667
-0.014453636
-0.019512727
-0.018065758
0.005217273
0.019171818
0.019468788
0.00389303
-0.017479091
-0.032649091
-0.033750909
-0.01266
0.022173333
0.038018182
0.038253636
0.026631818
0.015177273
0.003624545
-0.00732697
-0.016727273
-0.019318182
-0.017366364
-0.01312
-0.007429091
0.000828485
0.006473939
0.005251818
-0.002694242
-0.010595758
-0.002225455
0.00945697
0.019784242
0.023905455
0.026993333
0.028582727
0.026749091
0.017453636
-0.005098182
-0.024711818
-0.037355758
-0.039090606
-0.028789091
-0.009365455
0.011266061
0.02416
0.011341818
-0.004690909
-0.017152727
-0.020351515
-0.018139394
-0.012054545
0.002915152
0.028134242
0.043937273
0.031004242
0.002723333
-0.031029091
-0.046354848
-0.036789697
-0.013787273
0.01612303
0.04126697
0.051812727
0.03844697
0.004901515
-0.031340909
-0.038536667
-0.027737576
-0.001099091
0.040779697
0.05632
0.034879091
-0.006651515
-0.040371212
-0.030418182
-0.003828485
0.028911515
0.05701
0.039684242
0.01074697
-0.011370909
-0.01111
0.00214
-0.007644545
-0.027965758
-0.047212727
-0.026871818
0.017731515
0.053403333
0.06042
0.01217
-0.030473939
-0.042850909
-0.019407879
0.027917879
0.056063636
0.05566303
0.028396364
-0.014421818
-0.036506667
-0.044924848
-0.041104545
-0.025498485
0.008040606
0.034175455
0.046390606
0.038178485
0.027515455
0.014825455
0.003893939
-0.001
0.005234848
0.01256697
0.021195455
0.03074303
0.029068788
0.007218182
-0.020933333
-0.044304242
-0.039357273
-0.010804242
0.02239
0.047386364
0.038522727
0.008489394
-0.018214545
-0.03052
-0.01627
0.003840909
0.018292424
0.026722727
0.036086364
0.045883333
0.035553939
0.010215455
-0.012428485
0.010160909
0.036324545
0.049014545
0.027673636
-0.011630909
-0.030820909
-0.028171212
-0.00405
0.030169697
0.046539394
0.04147
0.013116667
-0.017716667
-0.022275455
0.001462424
0.053247576
0.115717273
0.131164848
0.103356667
0.040657273
-0.012782121
-0.033760909
-0.034751818
-0.02002
0.00973
0.028470909
0.023609697
-0.003453939
-0.039923636
-0.035866667
-0.002148182
0.04411
0.070026667
0.069144848
0.070050909
0.064564242
0.035579394
-0.019405455
-0.053485758
-0.055105758
-0.01403
0.065932121
0.100550606
0.079827273
-4.18182E-05
-0.048587273
-0.046198182
-0.01488
0.031500606
0.093758182
0.106281818
0.05905
-0.040889091
-0.116214848
-0.126819394
-0.076429091
0.030775758
0.181374242
0.194104545
0.106222121
-0.035200606
-0.116253636
-0.092986667
-0.054056061
-0.017686364
0.006995455
0.049136364
0.078259091
0.077363333
0.024196667
-0.070933636
-0.152083939
-0.177223333
-0.10214
0.031253939
0.109243333
0.129799091
0.092529091
0.005506364
-0.056490909
-0.090434848
-0.093625455
-0.059193636
0.019686667
0.09652
0.139477273
0.084121212
0.007813636
-0.039808182
-0.039433333
0.019983333
0.107164545
0.180709394
0.222676061
0.208206364
0.16269
0.131929091
0.122124545
0.131435152
0.143756667
0.15594
0.168109091
0.180927273
0.142821818
0.022201818
-0.132822121
-0.26486
-0.269132727
-0.234346667
-0.175204545
-0.105058485
-0.025770606
0.02031
0.029091818
0.002365455
-0.012066364
0.021514242
0.074083333
0.125658182
0.134226364
0.111309697
0.059794545
-0.016200606
-0.102829394
-0.146153636
-0.165991818
-0.168602424
-0.158564545
-0.11766
-0.080318485
-0.058101818
-0.064442727
-0.062510606
-0.034027273
0.027429394
0.129391515
0.200451818
0.165628182
0.053064848
-0.09967
-0.123541212
-0.065055152
0.031178182
0.122086364
0.128245455
0.08623
0.031092121
-0.011328182
-0.004305455
0.010495758
0.027023333
0.044221818
0.073153636
0.079867273
0.059353636
0.017847273
-0.010607273
-0.002642727
0.01523303
0.032495152
0.036320909
0.025813333
0.004641515
-0.024633636
-0.057898788
-0.084528788
-0.098872727
-0.099280303
-0.083924242
-0.046488182
-0.004810909
0.019391515
0.00249
-0.067131212
-0.103102727
-0.107393636
-0.083120303
-0.049377879
0.001273636
0.040603939
0.047660303
-0.007710909
-0.04244697
-0.042443333
-0.002485455
0.067052424
0.133541818
0.154810909
0.116107273
0.015402727
-0.049760909
-0.067980909
-0.046714242
-0.015835455
0.008283333
0.028964545
0.047238182
0.064147273
0.070009394
0.06527
0.053265455
0.039106364
0.039703636
0.047839394
0.055026061
0.05192
0.031313939
0.019316061
0.017742727
0.027700303
0.042457879
0.057280909
0.067568788
0.069337576
0.051807273
0.04320697
0.043343333
0.049803636
0.047417273
0.028691515
0.002182727
-0.028388182
-0.059251818
-0.083548182
-0.106022424
-0.128961818
-0.155870909
-0.14668
-0.105809394
-0.050004545
-0.013481818
-0.03218697
-0.07374
-0.118431212
-0.14025697
-0.115624545
-0.080726667
-0.045191818
-0.01826
-0.005926667
-0.003463636
-0.016819091
-0.049370606
-0.065885758
-0.064160909
-0.025730606
0.063292424
0.223322727
0.261269394
0.196403333
0.05578
-0.040636667
-0.047459394
-0.007723636
0.058770909
0.128339091
0.136129091
0.074041818
-0.03654303
-0.126558182
-0.086306667
-0.001335152
0.081645455
0.091251515
0.046891212
-0.005348182
-0.058301212
-0.10762697
-0.121236364
-0.122147879
-0.11713697
-0.11294
-0.104485455
-0.099667879
-0.097540909
-0.096816364
-0.087975455
-0.069534545
-0.049242121
-0.032638485
-0.025994545
-0.017732727
-0.009253333
-0.001351818
0.005049697
0.013111818
0.026072727
0.042707879
0.053132121
0.041659091
0.019058182
-0.007175152
-0.022250909
-0.031186667
-0.030948788
-0.012384545
0.043471515
0.099731818
0.114377273
0.091640606
0.044178485
0.0186
0.003635152
-0.010364545
-0.03391
-0.031917576
-0.003703939
0.017460909
0.001595758
-0.075760303
-0.145807273
-0.193454242
-0.205821818
-0.149844545
-0.004221818
0.155466667
0.270561818
0.19157697
0.029816364
-0.083463636
-0.100260303
-0.003949697
0.071717273
0.094268788
0.06144
-0.01131
-0.071626667
-0.121300606
-0.155826364
-0.164644545
-0.102699394
-0.010432727
0.077476364
0.112749091
0.038596364
-0.052784848
-0.114940909
-0.09985
-0.027009091
0.018147576
0.029131818
0.001705758
-0.045400303
-0.06981
-0.070102424
-0.046077273
-0.006168182
0.034374242
0.07045
0.095768182
0.08575303
0.060786364
0.050732727
0.064544848
0.097575152
0.091640909
0.040470606
-0.038658182
-0.089999091
-0.062666667
-0.019375152
0.015966364
0.013117879
-0.014445152
-0.050770909
-0.084132424
-0.098533939
-0.088564545
-0.074486364
-0.055245152
-0.02873
0.005300303
0.017349091
-0.000656364
-0.052908485
-0.086120606
-0.078881818
-0.052006061
-0.021465758
-0.016162727
-0.014089697
-0.00589
0.010243636
0.017857273
0.006792121
0.008744545
0.03556
0.09231
0.129822727
0.139798485
0.122234848
0.082659091
0.03663
-0.004348182
-0.033546364
-0.040197879
-0.060314848
-0.081093636
-0.09008697
-0.069647576
-0.04907
-0.04614
-0.05235697
-0.05691
-0.044485758
-0.01239303
0.026271818
0.057377273
0.021559091
-0.027639091
-0.068270909
-0.087503939
-0.098178182
-0.125745152
-0.150533333
-0.159109091
-0.124518182
-0.092587879
-0.07877
-0.082876364
-0.081853636
-0.069051818
-0.059395455
-0.062275758
-0.095404545
-0.12288
-0.123922121
-0.094679091
-0.033383636
0.070224848
0.171330909
0.241686061
0.243564848
0.193152727
0.148013939
0.109219697
0.075
0.054818182
0.047288485
0.049334545
0.058095152
0.073473939
0.080452727
0.079237576
0.07017697
0.055889091
0.060129091
0.093833333
0.157545455
0.220924242
0.213751515
0.148428182
0.044287576
-0.033227576
-0.041099091
-0.043213636
-0.058748485
-0.100240909
-0.067013333
-0.001171212
0.056718182
0.033627273
-0.070479394
-0.148871818
-0.185413333
-0.170496667
-0.155638182
-0.145208788
-0.140677879
-0.14339
-0.176458182
-0.205595758
-0.217580909
-0.201103333
-0.154436667
-0.084926364
-0.016053636
0.028694242
-0.039752727
-0.143516667
-0.210183333
-0.201014545
-0.086052424
0.003994545
0.050507273
0.049920909
0.014239091
-0.044262727
-0.117905152
-0.186770303
-0.196671818
-0.011573333
0.205308788
0.346254545
0.233815152
0.018175455
-0.057724545
0.017964848
0.228517879
0.345521818
0.314375758
0.190398182
0.04158
-0.026010909
-0.056613939
-0.057767273
-0.036293333
0.014373333
0.106227273
0.197692424
0.256482424
0.222512727
0.183608788
0.15965
0.152676364
0.116229394
0.061352121
0.025201818
0.01556697
0.01242303
-0.019675455
-0.064238182
-0.11251697
-0.150001818
-0.15744
-0.139789394
-0.103223636
-0.058988788
-0.022706364
-0.009892727
-0.029133939
-0.091755152
-0.128892727
-0.122350303
-0.086584242
-0.03966
-0.023311515
-0.03327697
-0.07047
-0.134325152
-0.204703939
-0.24145
-0.239928788
-0.199187576
-0.141907273
-0.097834848
-0.056256667
-0.017000909
-0.010425152
-0.097625152
-0.190934545
-0.234287879
-0.113962121
0.026561818
0.088304242
0.059849697
-0.024301818
-0.050673333
-0.02701303
0.0267
0.0707
0.083817273
0.099621818
0.122968485
0.156498788
0.162065455
0.127984545
0.072652424
0.01816
0.014705455
0.018102424
0.03197
0.062109091
0.173586364
0.276145455
0.315363636
0.257930303
0.121809091
0.018298788
-0.05287
-0.090016364
-0.083402727
-0.031946667
0.023374545
0.058793939
0.031506061
-0.053805455
-0.142652727
-0.204196667
-0.18428
-0.046203333
0.116199394
0.24559
0.250006667
0.161963333
0.096125455
0.068572727
0.087618182
0.122547273
0.165265455
0.205541818
0.23211
0.205375152
0.148153636
0.090047273
0.058811212
0.098091515
0.147315455
0.172257879
0.149756364
0.067210909
-0.001286061
-0.029556667
-0.005046364
0.072483939
0.101480909
0.085097273
0.031626667
-0.027456667
-0.011983636
0.063458485
0.165249394
0.203446364
0.15879
0.104036061
0.055190909
0.022069697
-0.028573333
-0.062571818
-0.055700909
0.025117273
0.111011818
0.111716667
0.01953
-0.16797
-0.314136667
-0.318528485
-0.230959091
-0.10344303
-0.094268788
-0.136345455
-0.170283333
-0.157685758
-0.094132727
-0.063754848
-0.059203333
-0.072152727
-0.070175455
0.023201818
0.181432727
0.359282727
0.401237273
0.364320909
0.329608485
0.303188788
0.246332727
0.14061
0.035753939
-0.055283636
-0.121298788
-0.153294848
-0.164555455
-0.159529091
-0.143097273
-0.137865455
-0.147558485
-0.174608485
-0.22126
-0.245100909
-0.206876364
-0.12049
-0.00380697
0.031268788
-0.024184545
-0.106728485
-0.171296061
-0.169121818
-0.178036667
-0.19686
-0.219404545
-0.209442424
-0.207928788
-0.240058182
-0.303307273
-0.350602727
-0.340746364
-0.321611212
-0.313314242
-0.342435455
-0.379003333
-0.400435758
-0.410601818
-0.425276061
-0.470561212
-0.52009
-0.553173333
-0.541256667
-0.447121818
-0.282458182
-0.077835758
0.13149
0.054315758
-0.125497273
-0.271599091
-0.262697273
-0.032879091
0.129024545
0.198965455
0.166548182
0.087775455
0.025999091
-0.003313333
0.009030909
0.073955152
0.149588485
0.194244545
0.192965152
0.141934848
0.129162727
0.162894545
0.23234
0.29984
0.310786667
0.268771818
0.194890909
0.132686364
0.120775152
0.116264545
0.106916364
0.079939091
0.041354545
0.011740909
1.51515E-05
0.015
0.074295455
0.125013636
0.153970909
0.149695152
0.104073939
0.031943636
-0.031889697
-0.061007273
-0.011848182
0.094748485
0.190146667
0.225306364
0.092526061
-0.020599697
-0.038073636
0.051830909
0.189399091
0.218219091
0.164866667
0.059595455
-0.026427273
-0.054096667
-0.075043333
-0.093510909
-0.101056364
-0.079907576
-0.068940909
-0.089453636
-0.169180909
-0.284966364
-0.351703939
-0.372802121
-0.35734
-0.362241515
-0.385168182
-0.411013636
-0.422905758
-0.337299697
-0.147904545
0.040398485
0.147603939
0.037278182
-0.067433939
-0.100493333
-0.041317273
0.042038788
0.085631212
0.112373636
0.131382727
0.149087273
0.147713636
0.139570303
0.133241515
0.145749091
0.175496667
0.193336364
0.190494545
0.157638485
0.139976364
0.145049091
0.15632
0.14682
0.065836364
-0.020535455
-0.085593636
-0.10248
-0.097972424
-0.072338485
0.011062727
0.182293939
0.420892424
0.511094545
0.459041515
0.287601212
0.201616364
0.210510606
0.258686667
0.323280909
0.421288485
0.496162727
0.543202727
0.562016061
0.558053939
0.510252727
0.443827273
0.359307576
0.240345455
0.09305
0.007992121
0.005296364
0.098947879
0.18533
0.236302727
0.239768788
0.18069303
0.097020909
0.059136061
0.056809697
0.07409
0.057400606
0.030341212
-0.004039091
-0.044178788
-0.118398485
-0.186498182
-0.243042121
-0.287021212
-0.344786364
-0.411884545
-0.46697
-0.493934545
-0.454305758
-0.262095152
0.039740909
0.379317879
0.510492121
0.349575455
0.148563333
0.003684545
0.025957273
0.042303333
-0.020223636
-0.143621818
-0.265546061
-0.280771212
-0.255563636
-0.221208485
-0.216738788
-0.258625455
-0.314026667
-0.372023333
-0.42169
-0.415273333
-0.382166667
-0.316408182
-0.209917879
0.016885152
0.180693636
0.198116364
0.030570303
-0.161550909
-0.213578788
-0.148546667
0.003863636
0.117393939
0.061354545
-0.05259
-0.145834545
-0.042175455
0.231717273
0.413609697
0.428323333
0.23374
0.069643333
-0.00577
0.012882727
0.119102424
0.228772121
0.278014545
0.267191212
0.20601697
0.132093636
0.07345
0.036817576
0.02806
0.077681212
0.151071515
0.198335455
0.176576667
0.090243333
0.060031818
0.079436364
0.137842424
0.165372727
0.152087576
0.121673333
0.092657273
0.113467879
0.18213303
0.237910909
0.251528182
0.185141818
0.112684545
0.063140606
0.044367879
0.059807273
0.069286667
0.058009697
0.030044545
-0.001144848
-0.034257879
-0.102679091
-0.199342727
-0.308388182
-0.344779091
-0.334482121
-0.304001818
-0.28282
-0.286918485
-0.284237576
-0.278985455
-0.276424545
-0.312038182
-0.307020909
-0.241520909
-0.113528485
-0.037634545
-0.038391212
-0.072286667
-0.100312727
-0.001918788
0.288790303
0.568752727
0.730010606
0.602639394
0.449075455
0.336128788
0.262672727
0.178786364
0.1049
0.076583333
0.090036364
0.125771212
0.17187697
0.20263
0.201162727
0.144708182
0.094937273
0.077299394
0.077259697
0.07654
0.064229394
0.068640606
0.088028182
0.119435152
0.136063939
0.116872727
0.065133333
-0.014306667
-0.09114
-0.135212727
-0.158316667
-0.160521818
-0.108620303
0.013038788
0.109100909
0.13933303
0.06872697
0.025242727
0.005416061
-0.005661212
-0.050017273
-0.102373333
-0.138239697
-0.155907273
-0.159687576
-0.158895758
-0.157529091
-0.164232121
-0.191989697
-0.23814
-0.259025152
-0.24453303
-0.18598
-0.086305758
0.010622727
0.073245455
0.073908788
-0.003871515
-0.070415455
-0.11622
-0.134569394
-0.119561818
-0.086515758
-0.044973333
-0.000259091
0.041581818
0.073125758
0.088560909
0.088600303
0.084789697
0.115654545
0.181223939
0.271167879
0.354857273
0.332666667
0.249468788
0.147977273
0.104424242
0.125396667
0.135470909
0.122397273
0.078101818
0.032482727
-0.013579394
-0.060788182
-0.10997
-0.142992727
-0.141850606
-0.105379091
-0.036207576
-0.00364697
-0.014619091
-0.058211515
-0.127496061
-0.221571818
-0.265015455
-0.232243333
-0.111473636
0.092496061
0.287871818
0.365084545
0.291400303
0.085339697
-0.036211818
-0.102630909
-0.129247576
-0.140785455
-0.112516667
-0.066045758
-0.020065455
-0.007421515
-0.053371818
-0.145458182
-0.256827576
-0.347426061
-0.381697273
-0.371255455
-0.290832424
-0.11234
0.18641
0.361616364
0.351348182
0.116750303
-0.068742121
-0.066418182
0.006321212
0.064230303
-0.003140909
-0.056722727
-0.059643333
-0.004036364
0.048577273
0.0263
-0.027503636
-0.087439697
-0.106750303
-0.115681818
-0.139323636
-0.178119091
-0.215914545
-0.21621
-0.185080303
-0.132406364
-0.076974545
-0.078687273
-0.113923636
-0.160265152
-0.186212121
-0.174719091
-0.166495152
-0.165385152
-0.17362
-0.141718485
-0.074925758
-0.002450909
0.048788788
0.048508485
0.065606364
0.102210909
0.158821212
0.225586364
0.27657
0.280956667
0.226448182
0.12843303
0.039411818
-0.038146364
-0.103019091
-0.153700909
-0.17994
-0.179372121
-0.152469091
-0.102014545
-0.059113333
-0.026745152
0.002750909
0.046796364
0.0839
0.091618182
0.08106697
0.072877576
0.100266364
0.128526667
0.149939091
0.15753
0.18553
0.218619697
0.250316364
0.275089394
0.295324242
0.279499091
0.23638697
0.175172727
0.134581818
0.104308485
0.083116667
0.073352727
0.093042121
0.142640606
0.209494545
0.284636061
0.347673939
0.405951818
0.450634242
0.452934242
0.332555455
0.11883
-0.037064545
-0.106486364
-0.077637879
-0.030089697
0.015661818
0.056999697
0.092855758
0.124442727
0.163294242
0.198482424
0.21699
0.142717273
0.05190303
-0.021710909
-0.049672424
-0.04798303
-0.070582727
-0.114091818
-0.173732121
-0.221133636
-0.249679091
-0.268686667
-0.282404545
-0.290775758
-0.275995455
-0.251889091
-0.226026061
-0.211063939
-0.193868182
-0.187501818
-0.200157879
-0.247347273
-0.279003333
-0.28584
-0.255847273
-0.165710909
0.026615152
0.15055
0.150310909
-0.036757273
-0.204370909
-0.25939697
-0.252229697
-0.24651
-0.330699394
-0.40993303
-0.441114545
-0.387250303
-0.243007879
-0.121227273
-0.040521212
-0.008666667
0.01925
0.072586364
0.124643333
0.16355
0.192883333
0.266695455
0.364325455
0.475407576
0.584892424
0.619789091
0.53813303
0.343884545
0.077157273
-0.07365
-0.167299091
-0.2174
-0.232483333
-0.071010303
0.102538182
0.23069697
0.247757576
0.278272727
0.366618788
0.469014545
0.53281
0.403022121
0.250361515
0.123079091
0.071408485
0.292370606
0.632263636
0.789443939
0.583809091
0.155422727
0.018139394
0.055883333
0.175257273
0.117651212
-0.056088182
-0.229551818
-0.350834848
-0.364865152
-0.253366364
-0.084074545
0.094084545
0.182607273
0.179683333
0.149313636
0.10355
0.0463
0.005826061
-0.013025455
-0.019891818
-0.030505455
-0.031911818
0.030692121
0.152210909
0.32287
0.424309394
0.453019697
0.412287273
0.308528182
0.194732727
0.123275455
0.086422424
0.074705152
0.039144545
-0.054757576
-0.16455
-0.262282727
-0.295222121
-0.334167576
-0.404101818
-0.508504242
-0.626155758
-0.696722727
-0.723292121
-0.713904242
-0.690025455
-0.650066667
-0.584229697
-0.488842727
-0.358812424
-0.217254242
-0.095007273
0.000940303
0.064084242
0.066217273
0.058865152
0.06034697
0.0889
0.114339394
0.081602727
-0.017112727
-0.18372
-0.33272
-0.345776364
-0.255283939
-0.090267576
0.057512727
0.105479697
0.078153333
-0.005440909
-0.093115152
-0.177431818
-0.268934545
-0.359165455
-0.397074545
-0.318688182
-0.11176697
0.192354242
0.492475455
0.45025
0.183447576
-0.180822727
-0.411125758
-0.261789394
-0.055159091
0.105749394
0.107461515
0.026933636
-0.025345758
-0.046430909
-0.03909
0.001432727
0.079226667
0.144565455
0.152638788
0.066108485
-0.001227273
-0.040225758
-0.047146667
-0.04523
-0.048282121
-0.045806667
-0.033940909
-0.019448485
-0.017562121
-0.02454
-0.036488485
-0.042041515
-0.030457273
-0.018433333
-0.011966667
-0.0173
-0.01046
-0.008153939
-0.02476
-0.085843333
-0.16939697
-0.231340909
-0.261768485
-0.251548788
-0.254209091
-0.255917576
-0.226362121
-0.13215
-0.018627273
0.033200909
0.010767273
-0.093353636
-0.228194545
-0.268982727
-0.241058485
-0.167618182
-0.125095455
-0.115834242
-0.11843
-0.122530909
-0.125038485
-0.125927879
-0.118532727
-0.104215455
-0.098374545
-0.12586
-0.157278485
-0.180469394
-0.179666364
-0.197176667
-0.238829091
-0.282868182
-0.280610606
-0.221835758
-0.208191818
-0.241813939
-0.311185152
-0.341741818
-0.340533333
-0.297370303
-0.20109
-0.025612727
0.109507576
0.151211818
0.058486364
-0.085104545
-0.135608182
-0.124714242
-0.080790909
-0.091677273
-0.122778485
-0.14095
-0.126753636
-0.055450606
0.047894848
0.115869091
0.119983333
0.035566667
-0.033220909
-0.059192424
-0.043684848
-0.009359091
-0.00924
-0.050978788
-0.133528182
-0.252770606
-0.281086364
-0.229345455
-0.1415
-0.0845
-0.116532727
-0.16165697
-0.187491212
-0.16112
-0.069332121
-0.010457273
0.0054
-0.0276
-0.0586
-0.06374
-0.053923333
-0.03695
-0.0222
-0.021083939
-0.03435
-0.055887273
-0.044031212
0.018897576
0.081921818
0.116859697
0.076420303
-0.003282727
-0.071338788
-0.10771303
-0.087978182
-0.031196667
0.061525758
0.169007273
0.246370909
0.133747576
0.008576364
-0.056442424
0.026406061
0.274534545
0.467663636
0.538052121
0.42159
0.277711212
0.220434545
0.209339091
0.205633333
0.147716667
0.066983636
0.013253333
0.022587576
0.138307273
0.239938182
0.29383
0.283713636
0.208243939
0.16275
0.150797273
0.162884242
0.153035758
0.115333636
0.076958788
0.043822424
0.014534545
-0.019906667
-0.083886364
-0.181459091
-0.313663636
-0.361067879
-0.342048182
-0.266836364
-0.148359091
-0.127241818
-0.193628485
-0.292081515
-0.35893
-0.295566364
-0.217649697
-0.164234545
-0.169096061
-0.234997576
-0.267866364
-0.250204242
-0.17640697
-0.107119091
-0.092315152
-0.10349
-0.123592727
-0.127282121
-0.14892303
-0.18727
-0.240807273
-0.304602727
-0.392656364
-0.463443333
-0.495078182
-0.450919091
-0.379993333
-0.346144848
-0.325589091
-0.245793636
-0.029461818
0.082151818
0.070177576
-0.059723939
-0.087996364
-0.050831818
0.009588182
0.04627
0.024012424
-0.014312727
-0.053945455
-0.081510303
-0.086267879
-0.090092727
-0.093042727
-0.087811212
0.002673636
0.223815152
0.45427
0.608069091
0.497894848
0.353266061
0.277147273
0.299135455
0.397544545
0.515248182
0.599860606
0.632056061
0.590336364
0.537083333
0.492358788
0.45942
0.43867
0.412671818
0.38269
0.353315758
0.331550606
0.302469091
0.249960303
0.194059697
0.15859
0.163173333
0.219936364
0.365708182
0.62127303
0.761848788
0.639351818
0.395797273
0.146596667
0.15593
0.275889394
0.400463333
0.477706364
0.490842727
0.511391212
0.524741818
0.518340606
0.459719394
0.387187273
0.303401818
0.20717
0.09292
0.015916667
-0.012170606
-0.003541818
0.012283939
0.003715758
-0.009982727
-0.032634242
-0.073149394
-0.108559091
-0.127484545
-0.133019697
-0.12955
-0.136777273
-0.153060909
-0.160406364
-0.139380909
-0.000653636
0.13365
0.174666667
0.074667879
-0.067483636
-0.073865758
-0.00924
0.080459091
0.091451515
0.065243939
0.048772727
0.05940303
0.10404697
0.141970909
0.154379697
0.138178182
0.097019091
0.04632
-0.008815152
-0.063884545
-0.110945152
-0.125917273
-0.124849091
-0.10918
-0.07868
-0.036456364
-0.013986667
-0.005860909
-0.00402
0.021464848
0.073747879
0.143
0.216551212
0.207331515
0.139071818
0.048891515
-0.034657576
-0.059877273
-0.036819697
0.030256667
0.13236
0.222776667
0.229369091
0.197063636
0.15012
0.12837
0.117781818
0.108114242
0.093832424
0.065544545
0.015116667
-0.035258788
-0.077379091
-0.101000303
-0.146764242
-0.229221818
-0.328019394
-0.409231515
-0.419592727
-0.404150909
-0.37131
-0.32881
-0.272575152
-0.217865152
-0.137388182
-0.008691212
0.147278485
0.181213636
0.119563636
-0.009314848
-0.081125455
-0.100507576
-0.113183333
-0.135860909
-0.139951818
-0.122521515
-0.122870909
-0.153745455
-0.213154545
-0.252225455
-0.276285758
-0.288967576
-0.297255455
-0.297123333
-0.269561212
-0.200387273
-0.064834242
0.119109394
0.251029091
0.296804545
0.217463636
0.12669
0.108749091
0.138888182
0.18357
0.154645758
0.091917273
0.0211
-0.032359091
-0.002836364
0.062757273
0.133708788
0.189657576
0.222627273
0.241819091
0.263803333
0.294909091
0.326234848
0.301481818
0.257250909
0.21710697
0.22946303
0.247164545
0.232824848
0.168965758
0.029094545
-0.155636667
-0.270371818
-0.291943636
-0.207875455
-0.146716667
-0.114109091
-0.095919697
-0.069275758
-0.074348182
-0.113134848
-0.168193333
-0.21911
-0.220723636
-0.198496061
-0.161571818
-0.119191515
-0.094229394
-0.087458182
-0.08414
-0.074971212
-0.060986364
-0.051227576
-0.049073333
-0.056023636
-0.071220606
-0.086526667
-0.082623636
-0.049111515
0.030441515
0.045766364
-0.022000606
-0.157526364
-0.302458182
-0.332223333
-0.282083333
-0.175049091
-0.04758697
0.019343333
0.013382727
-0.058166364
-0.182439091
-0.261686364
-0.276051515
-0.241947879
-0.18016
-0.129485758
-0.109349697
-0.114488182
-0.13937697
-0.173051212
-0.161316364
-0.088655758
0.047914545
0.173096364
0.21071697
0.195706667
0.155806364
0.166526061
0.205094242
0.215108182
0.187487273
0.164282727
0.23386
0.319246667
0.378246667
0.33858
0.258506667
0.211266364
0.198792727
0.201012424
0.161532424
0.066558182
-0.083943939
-0.288315152
-0.374104545
-0.353566364
-0.280289091
-0.21613
-0.25193303
-0.286381212
-0.293055455
-0.250940606
-0.195705758
-0.16296
-0.143099394
-0.128755758
-0.106452727
-0.08036697
-0.06336
-0.066583636
-0.122280606
-0.161092727
-0.174458182
-0.155670606
-0.088799394
0.053735455
0.181586061
0.265208788
0.279352727
0.257576667
0.225985455
0.184523636
0.124038788
0.082957576
0.077168182
0.10005
0.13905
0.181671818
0.217661515
0.232824848
0.21184
0.141832424
0.078573333
0.031728182
0.008286667
-0.018296667
-0.049892727
-0.071953333
-0.069484848
0.016954545
0.132360303
0.209756667
0.22193
0.19593
0.225190606
0.282048182
0.34189303
0.33903697
0.285558182
0.245214545
0.236637273
0.271023636
0.298596667
0.313735152
0.316068182
0.306477273
0.275796061
0.228449091
0.160379091
0.064447273
-0.026786364
-0.067913939
-0.069371818
-0.04619
-0.054197576
-0.070983333
-0.077052727
-0.055981515
-0.017019394
0.007651818
0.029489697
0.055541212
0.083056364
0.077534545
0.045493333
-0.005525455
-0.045570909
-0.071198182
-0.098406364
-0.134413939
-0.187126061
-0.235727273
-0.259570303
-0.259153636
-0.250221818
-0.229263333
-0.163434545
-0.068488182
0.011102727
0.030363939
0.068088182
0.114739394
0.143701515
-0.009634545
-0.15621
-0.234183939
-0.18354
-0.113600606
-0.105989394
-0.133297273
-0.16876
-0.16151
-0.137230909
-0.097244545
-0.041686667
0.03623
0.075737879
0.08448
0.072616364
0.083586061
0.109495152
0.118917273
0.10432697
0.07868303
0.076177273
0.077716364
0.077443636
0.071261818
0.068933333
0.057181818
0.036286364
0.011187879
0.00918
0.010893636
0.005436667
-0.021396667
-0.046717273
-0.055189394
-0.050333636
-0.03722
-0.034015455
-0.033572121
-0.033367273
-0.031817576
-0.04325697
-0.060238182
-0.075153333
-0.082905758
-0.081102727
-0.081694848
-0.07819
-0.071478182
-0.086546364
-0.143608485
-0.200896364
-0.232837273
-0.190132727
-0.114089091
-0.049583939
-0.001903636
0.044528182
0.0729
0.079722424
0.068508182
0.047667273
0.030241515
0.012767273
-0.000412727
-0.001958182
-0.010114545
-0.05571
-0.123565152
-0.1943
-0.184981818
-0.139953333
-0.091947273
-0.070431212
-0.094711515
-0.094560909
-0.064436667
-0.00567303
0.029289091
0.003963636
-0.04139
-0.081284545
-0.071905758
-0.047199697
-0.024570909
-0.005855152
0.025925152
0.042725455
0.027914848
-0.013727576
-0.056515455
-0.040036667
0.01499303
0.089079091
0.147700303
0.147295152
0.127102727
0.101444545
0.086853636
0.09059
0.090522727
0.085229394
0.07429
0.078646061
0.08854
0.093220909
0.083213636
0.054304545
0.029186364
0.011378788
0.000233636
-0.034970909
-0.094374545
-0.13955
-0.15215
-0.129983333
-0.117792424
-0.097873636
-0.064092121
-0.015667879
-0.021340909
-0.054966667
-0.094757576
-0.094045455
-0.054933333
-0.03206
-0.040901818
-0.096742727
-0.139264545
-0.149282727
-0.137763333
-0.124596667
-0.141808182
-0.16132303
-0.174163333
-0.17158
-0.158405758
-0.147719697
-0.140378182
-0.136910909
-0.133683636
-0.129043636
-0.124617879
-0.121487879
-0.120086364
-0.117821212
-0.11491
-0.111545455
-0.108340909
-0.095815152
-0.07105
-0.035851818
-0.002238182
0.014938182
0.024563636
0.028333333
0.025
0.008153333
-0.004749394
-0.009383636
-0.002232121
0.000319394
-0.00067
-0.001555758
0.003209394
0.01244
0.018385152
0.018830909
0.01174
0.003217273
0.002416667
0.008877273
0.021642727
0.030960909
0.037300909
0.041134242
0.04255697
0.039519091
0.036383333
0.03329
0.030279091
0.027188182
0.024109394
0.020277273
0.015995455
0.013654545
0.014775455
0.016000303
0.016388182
0.015479091
0.015856667
0.016681212
0.017477273
0.017507576
0.018018788
0.019285455
0.021343939
0.024215152
0.026904545
0.028713636
0.029920303
0.03089
0.032533939
0.034203636
0.035607273
0.036470606
0.036235758
0.035188182
0.033939697
0.032921515
0.032565455
0.032019394
0.031463333
0.03102
0.030936667
0.031192727
0.031799091
0.032783939
0.034246061
0.034511818
0.033478182
0.031576667
0.03016
0.030203333
0.030428788
0.030495455
0.030101515
0.029784242
0.029614545
0.029451818
0.029065455
0.028373636
0.027785455
0.027313636
0.02695
0.026510606
0.026066061
0.025608182
0.025128788
0.024598485
0.02403
0.023446667
0.022876667
0.02246
0.021928182
0.021333333
0.020716364
0.020186061
0.019649697
0.019108182
0.018555455
0.017964545
0.017354545
0.016748788
0.016151818
0.015560909
0.014956667
0.014350606
0.013740909
0.013119697
0.012498485
0.011877273
0.011253939
0.010625152
0.009989091
0.009352727
0.008716364
0.00808
0.007443636
0.006802121
0.006158182
0.005513939
0.004862424
0.004216364
0.003569394
0.002917879
0.002266364
0.001620606