0.005
0.00042019
0.000411447
0.000402794
0.000394035
0.000385026
0.000376412
0.000367418
0.000358954
0.00035127
0.000340831
0.000330259
0.000317899
0.000304032
0.00029541
0.000290387
0.000292502
0.000299662
0.000297828
0.000278772
0.000243207
0.000206288
0.000212803
0.000232252
0.000224239
0.000179841
9.29379E-05
7.77271E-05
0.000100149
0.000164421
0.000282477
0.000585565
0.000983005
0.001233675
0.001068898
0.000535476
7.8851E-05
-0.00021164
-0.000245795
0.000325746
0.000992484
0.001096535
0.000173887
-0.002210827
-0.00445412
-0.005960972
-0.0064169
-0.005622705
-0.003091003
-4.19009E-05
0.002370527
0.000968219
-0.000639423
0.001869445
0.008698998
0.017467455
0.015051597
0.005736664
-0.005669304
-0.010326004
-0.00496251
-0.000161065
0.001280802
-0.003459039
-0.009398434
-0.013750692
-0.016126968
-0.01626115
-0.007739334
0.008609877
0.025030661
0.033846828
0.01426028
-0.006931439
-0.020354125
-0.020333981
-0.01050512
0.002274251
0.013468889
0.020328495
0.018884958
0.015739765
0.012306959
0.009047371
0.00591343
0.006402994
0.008918285
0.012612158
0.016089151
0.020537357
0.020314397
0.012814397
-0.005777741
-0.02923584
-0.048196662
-0.060324244
-0.063315615
-0.044569415
-0.014963299
0.013147282
0.02618149
0.023184043
0.024791314
0.032977655
0.049153046
0.06881419
0.078089525
0.071097367
0.043560264
-0.009300941
-0.060826549
-0.087540157
-0.078669979
-0.036494222
-0.010308614
0.002985555
0.004455293
-0.005569168
-0.024787741
-0.047320733
-0.069229483
-0.082869596
-0.07058155
-0.035954608
0.014497912
0.068280512
0.094901052
0.102976
0.094560418
0.071484055
0.053351422
0.027132563
-0.005907484
-0.04353077
-0.007032545
0.049803788
0.082303365
0.051958788
-0.039920007
-0.096345086
-0.115007882
-0.098670578
-0.093396185
-0.092376737
-0.073265587
-0.031640028
-0.006305593
-0.014338193
-0.00302614
0.047628254
0.147363466
0.154112536
0.107564998
0.03695291
0.00147326
-0.001344304
-0.013135052
-0.03421666
-0.05131141
-0.023240739
0.000798205
0.00422461
-0.03170839
-0.068384612
-0.070166196
-0.046618017
-0.0109911
0.001429539
0.008918835
0.011861647
0.009613348
-0.022251939
-0.042439111
-0.028539662
0.029024502
0.079079404
0.074077314
0.041675279
-0.00121753
-0.02758308
-0.046432845
-0.048496448
-0.028725363
0.020893053
0.037598775
0.022571326
-0.005284654
0.009566475
0.046226643
0.039882681
-0.008136571
-0.0737297
-0.078705848
-0.06188659
-0.04684628
-0.064707886
-0.093286095
-0.082409405
-0.039751794
0.0227456
0.046545941
0.065121007
0.087189451
0.118513482
0.118005527
0.082655082
0.028454588
-0.030087501
-0.047129637
-0.016965265
0.024442945
0.055215415
0.042184961
0.005303385
-0.035132044
-0.064718208
-0.051046512
-0.002236864
0.01332728
-0.02296994
-0.119247583
-0.156979633
-0.126779948
-0.051838393
0.015628804
0.086140867
0.172661509
0.227398448
0.173416479
0.045827078
-0.019300894
-0.020017899
0.03781148
0.064756912
0.046796426
0.008451587
-0.026930508
-0.023114721
-0.018297593
-0.022512043
-0.042391299
-0.079903784
-0.106748828
-0.105336263
-0.067685364
0.003416523
0.026128755
0.017402859
-0.005371447
0.008100395
0.05565754
0.092652585
0.101525105
0.060878127
0.025559543
0.009614129
0.005507396
-0.007504623
-0.034602525
-0.061161712
-0.08370939
-0.098965034
-0.090149115
-0.055018145
-0.010359928
0.02428786
0.001671555
-0.041703077
-0.091266253
-0.133039645
-0.140608282
-0.090088764
-0.00440538
0.090230895
0.070923455
-0.013933022
-0.082388587
-0.095020198
-0.044548516
0.031420378
0.104294825
0.142912965
0.055538995
-0.091970333
-0.188634052
-0.199063705
-0.094587727
0.032698997
0.121150279
0.140576195
0.045787422
-0.031296014
-0.041332277
0.002432652
0.072244804
0.101639843
0.083725124
0.038033779
-0.01214591
-0.019435562
-0.021326044
-0.022322986
-0.025329681
-0.006287963
0.040599561
0.078814278
0.07919354
-0.019130081
-0.045228104
-0.001276447
0.093015
0.115543333
0.075617945
0.042878709
0.042801061
0.084524129
0.095358106
0.066241163
0.009211675
-0.033681097
-0.00578301
0.046664958
0.099760036
0.117840188
0.08068264
0.018871674
-0.047982389
-0.093775602
-0.099337854
-0.090292994
-0.06777014
-0.03206292
0.024360428
0.05215061
0.040106915
-0.016478169
-0.017386904
0.002491186
0.017430264
0.013828084
0.021644379
0.05340087
0.075347253
0.068077993
0.008682266
-0.035705213
-0.051583426
-0.040187197
-0.026406743
-0.009147271
0.018113068
0.052605684
0.081547904
0.076708223
0.042288467
-0.014354487
-0.079234564
-0.109026348
-0.106422173
-0.075771167
-0.023305122
0.035919127
0.095239882
0.12204073
0.07995801
-0.035918725
-0.067620702
-0.042342912
0.013015596
0.04927174
0.105732355
0.15202613
0.162273105
0.068898165
-0.014348502
-0.04410236
-0.005671245
0.063368551
0.079006801
0.052595658
-0.010880986
-0.105725912
-0.184878045
-0.212775739
-0.178283298
-0.072440791
0.077091237
0.170574464
0.167970827
0.015370104
-0.098521404
-0.07918754
0.032747189
0.160182392
0.142016673
0.071033578
-0.006793611
-0.04328284
-0.022125007
-0.005675083
-0.014360773
-0.06541097
-0.155283962
-0.192282418
-0.1676836
-0.081232082
0.008672525
0.055123653
0.05991687
0.029065469
-0.002446041
0.032798101
0.082666821
0.113457828
0.055831752
-0.071298953
-0.186285433
-0.247912433
-0.1898241
-0.065692635
0.057470604
0.140338445
0.120420718
0.023988835
-0.021317235
-0.016212083
0.019471833
-0.00799177
-0.030774171
-0.029106023
0.015779
0.046512538
0.036838328
0.004368243
-0.034449419
-0.064309138
-0.090501718
-0.080030712
-0.011747902
0.113524196
0.141876276
0.075969373
-0.065624518
-0.168164836
-0.094332567
0.073066195
0.264476894
0.300570606
0.160201102
-0.012519727
-0.165233855
-0.242576127
-0.1855488
-0.050760102
0.122181352
0.268051859
0.212164297
0.075760795
-0.080644528
-0.18053152
-0.156411
-0.059451282
0.078350035
0.2220503
0.24341727
0.141038906
-0.025583667
-0.196050752
-0.202312039
-0.159341691
-0.085631365
0.005262445
0.093763941
0.058056256
-0.032829507
-0.125338802
-0.080848817
0.004505774
0.051305127
0.032778428
-0.051322768
-0.087040366
-0.058512267
0.020102661
0.095878053
0.089250713
0.070299181
0.058561779
0.072374817
0.029218356
-0.053545696
-0.14495383
-0.199183224
-0.1755788
-0.094814835
0.016160435
0.1268877
0.05694648
-0.081085962
-0.209156236
-0.256306448
-0.153592661
0.022347909
0.184398258
0.26010833
0.073741201
-0.158028028
-0.2909379
-0.258785681
-0.072682188
0.094031898
0.228706382
0.304559745
0.226258155
0.06808622
-0.082417348
-0.185302688
-0.182201627
-0.10060936
0.036183463
0.212296655
0.402211048
0.417900512
0.287251436
0.07728187
-0.111760024
-0.202674936
-0.264412061
-0.286627173
-0.2548474
-0.119967438
0.040220424
0.162540209
0.188529927
0.026445601
-0.068632786
-0.046568424
0.10839574
0.220493369
0.164971
0.04129252
-0.086084645
-0.098499691
-0.06862967
-0.049080851
-0.047410041
-0.020772859
0.025786278
0.014456066
-0.066872268
-0.200436761
-0.2523777
-0.241535367
-0.184979355
-0.112180415
-0.016218664
0.1280907
0.279400706
0.369283585
0.2239357
-0.001417006
-0.222648997
-0.3512093
-0.214553542
0.040322739
0.303848118
0.469982206
0.303379858
0.093379056
-0.062861569
-0.1045119
-0.04686815
0.032071623
0.095827787
0.122503935
0.081740898
-0.023097183
-0.137754071
-0.231463124
-0.250458276
-0.235476573
-0.171886322
-0.06563651
0.055669642
0.092109793
0.071885625
0.026718815
0.014759375
0.105127452
0.224846445
0.299022327
0.221025282
0.035124164
-0.065188109
-0.080462804
-0.02271219
0.030182507
0.063711556
0.078547999
0.075781403
0.059261221
0.019502137
-0.044103746
-0.129444648
-0.209275255
-0.221429012
-0.163986723
-0.046929501
0.057209408
0.014953929
-0.073208048
-0.145885362
-0.084329498
0.023039934
0.082389199
0.069724166
-0.021472304
-0.136229027
-0.234317655
-0.287369027
-0.247267891
-0.09822423
0.055399885
0.157976764
0.137676991
-0.030963953
-0.179605987
-0.223141595
-0.07461908
0.182765602
0.278833173
0.230675118
0.063651992
-0.041500705
-0.084043358
-0.097113898
-0.103989776
-0.128011973
-0.118127576
-0.070742309
0.011587838
0.100107556
0.12555047
0.067638753
-0.064462784
-0.201668746
-0.198249118
-0.085110644
0.093372907
0.227022544
0.158112367
0.047494263
-0.039318254
-0.015698769
0.053844084
0.105086351
0.133031673
0.139288718
0.103050869
0.057957381
0.024164013
0.02285221
0.105825081
0.175916748
0.2029867
0.162066479
0.066340964
-0.053809973
-0.145947588
-0.168252175
-0.034560618
0.05473996
0.05659309
-0.033888273
-0.116149629
-0.113855658
-0.080878342
-0.042870271
-0.032735149
-0.037079789
-0.03141744
-0.007151906
0.044393912
0.046304617
-0.010929012
-0.107269712
-0.197133219
-0.273853948
-0.338805509
-0.363436073
-0.302600618
-0.04556936
0.225696767
0.376365276
0.2635202
-0.030263891
-0.151884706
-0.092500018
0.1440084
0.3653534
0.455520836
0.42489923
0.287152568
0.121095916
-0.056307616
-0.1997227
-0.266303415
-0.120101044
0.076862745
0.201272355
0.208614626
0.086181664
-0.084206376
-0.236843815
-0.342104224
-0.357123845
-0.2524796
-0.067591985
0.148645918
0.305106827
0.263145273
0.154746664
0.038018056
-0.015816959
0.054431836
0.117513395
0.137403361
0.08025824
-0.008577169
-0.028360989
0.007591013
0.083766555
0.133692918
0.185602936
0.235462406
0.272834315
0.215278255
0.141222652
0.096856187
0.100157855
0.127296976
0.111047248
0.078742105
0.04573967
0.03869811
-0.005251925
-0.113427212
-0.272426755
-0.423541527
-0.419219833
-0.335306264
-0.213709818
-0.118079061
-0.105265936
-0.154323573
-0.247442555
-0.360143464
-0.4063683
-0.347518039
-0.199538471
0.01555412
0.186216226
0.175107182
0.045744182
-0.134891461
-0.150247976
0.003506164
0.279164012
0.616440961
0.693949218
0.448409458
0.136650503
-0.094095364
-0.064840977
-0.05246533
-0.03840683
-0.005163207
0.095231627
0.222088064
0.278974255
0.21046883
-0.082641018
-0.351734467
-0.407060152
-0.263463164
-0.013670515
0.068295578
0.004301175
-0.162411458
-0.368056306
-0.418240936
-0.396223597
-0.321441048
-0.2130937
0.025362209
0.244878418
0.388111236
0.405150224
0.26801583
0.162247527
0.103836748
0.100899124
0.129399669
0.135908106
0.126692833
0.110034436
0.120728906
0.153348891
0.153694764
0.093932378
-0.066664008
-0.196548556
-0.255780252
-0.255719721
-0.257762827
-0.284370467
-0.289431615
-0.260778445
-0.187307385
-0.072360194
-0.009731174
-0.02566225
-0.147733933
-0.202898618
-0.151328981
-0.027943782
0.1238009
0.213761203
0.183253736
0.058830982
-0.122012494
-0.068704835
0.12716505
0.28239347
0.280035542
0.122854823
0.083917275
0.12205628
0.195550527
0.157441588
0.0779126
0.034988498
0.053984286
0.130975074
0.164070364
0.149501627
0.090585573
-0.000601064
-0.091995287
-0.172712848
-0.236674545
-0.274210985
-0.290372897
-0.284151518
-0.228215915
-0.079628824
0.138935198
0.221853112
0.173023936
0.009856863
0.016948012
0.084622681
0.112678535
0.01872227
-0.096699972
0.008590055
0.218455358
0.426223836
0.286566791
0.06837077
-0.063765203
-0.044899365
0.046602672
0.033367977
-0.020543713
-0.074343436
-0.045127474
-0.044397344
-0.121423045
-0.255081788
-0.348208227
-0.361509667
-0.34120303
-0.2805576
-0.148709267
0.135145648
0.413087073
0.546884045
0.342820636
0.001840136
-0.137091739
-0.129202915
-0.05765046
-0.164408975
-0.283304903
-0.290308076
-0.084145872
0.220194341
0.213100909
0.029584636
-0.214790527
-0.204949618
0.047786715
0.402723333
0.728390027
0.601443588
0.195292464
-0.127186246
-0.244895545
-0.160446455
-0.2024229
-0.253533236
-0.235946476
0.001239145
0.233666273
0.241510918
0.072948809
-0.09706657
0.006140871
0.118897727
0.229888485
0.360696288
0.626490564
0.710193639
0.598726233
0.2969004
0.043467074
-0.022520209
0.044410504
0.183520709
0.147393436
-0.033545691
-0.238867994
-0.383667358
-0.383289327
-0.409806948
-0.365658867
-0.186678055
0.242258158
0.23903637
-0.022519173
-0.393125952
-0.481453148
-0.365939645
-0.335400509
-0.384052888
-0.292359327
0.213217433
0.390778897
0.154895973
-0.433669558
-0.554009242
-0.362521373
-0.012468537
0.280558902
0.217512945
0.022927858
-0.198868412
-0.3389922
-0.215412806
0.018903197
0.293361473
0.540211658
0.635148097
0.526159045
0.330080848
0.138358361
0.131014118
0.138192036
0.094258958
-0.02518917
-0.178576195
-0.281213176
-0.363162755
-0.432913312
-0.484118388
-0.327597127
-0.016426524
0.326996779
0.374511173
0.023313633
-0.274660236
-0.400176609
-0.247280397
-0.135697788
-0.136102449
-0.202829258
-0.254279106
0.1189757
0.635074606
0.960774685
0.7322862
0.065808397
-0.235231688
-0.254478691
-0.091973827
-0.253179509
-0.526997609
-0.566733367
-0.143217585
0.814328855
0.866591621
0.289658033
-0.621281336
-0.777301639
-0.501440852
-0.327580882
-0.385545061
-0.466375439
0.029139564
0.453223306
0.543829721
-0.030385173
-0.11292532
0.266234785
0.834704173
1.020716976
0.623470548
0.250943409
0.017809789
0.013795252
0.013771128
-0.119686694
-0.353272267
-0.6399356
-0.787853782
-0.796403955
-0.668461782
-0.405672255
0.068071382
0.388060927
0.422290761
0.114262173
-0.231816918
-0.350122397
-0.358854833
-0.340237691
-0.472405948
-0.335538509
0.208723491
1.025158636
1.335981364
0.884550355
0.38551235
0.077589693
0.173817556
0.264609633
0.194083746
-0.016279285
-0.269929762
-0.443472891
-0.534358936
-0.504404552
-0.293474021
0.064477673
0.103397162
-0.12791248
-0.5447935
-0.639250697
-0.588177952
-0.5054728
-0.474483938
-0.112322401
0.536183159
0.886917464
0.585336424
-0.160425773
-0.342484915
-0.191272533
0.104695169
0.013108246
-0.068512267
0.093944191
0.462155621
0.536563879
0.537394882
0.579511988
0.564795411
0.118556464
-0.436211203
-0.733222385
-0.700603755
-0.302302315
0.173320245
0.5499037
0.721498688
0.54728793
0.174440344
-0.106411933
-0.249179706
-0.2183741
-0.07935763
0.028594044
0.098114922
0.122778631
0.086851896
0.016971565
-0.061936946
-0.134358942
-0.204221973
-0.271115303
-0.319400333
-0.3353718
-0.2793018
-0.248838467
-0.184377029
-0.04036319
0.29152706
0.4190801
0.345334321
0.14186084
0.019024043
0.088557342
0.193374703
0.274895864
0.260124045
0.198514958
0.144903291
0.101528891
0.063787073
0.02082466
-0.00560503
-0.006809387
0.02556831
0.000777565
-0.125041987
-0.294659355
-0.453799482
-0.521279027
-0.550740227
-0.557591485
-0.543849985
-0.428273545
-0.187391795
0.026308727
0.116535655
-0.075698058
-0.216069952
-0.156970213
0.097149137
0.314367553
0.212646491
0.026981988
-0.148931542
-0.200205255
-0.244266833
-0.205763036
-0.001455627
0.524913009
1.025471394
1.016947
0.584064539
-0.071158537
-0.286870398
-0.32012183
-0.294931976
-0.3417619
-0.010126673
0.433960103
0.627142709
0.272602733
-0.264183933
-0.407522345
-0.282751039
0.013608454
0.297721475
0.301125739
0.116422533
-0.190024873
-0.460945479
-0.536687539
-0.498188527
-0.344402542
0.042413442
0.646370955
0.842150924
0.535119242
-0.123327045
-0.2449306
-0.066074939
0.237719609
0.371725897
0.164559343
-0.066058042
-0.230073161
-0.233481948
-0.137694882
-0.051890038
0.01747185
0.06876475
0.1174285
0.078926831
-0.031289416
-0.191964624
-0.25397773
-0.162811049
0.07759121
0.438041997
0.632318209
0.397116348
-0.016795367
-0.438424482
-0.51451933
-0.357106421
-0.118205082
0.140978942
0.375200458
0.416798836
0.285403662
0.038676547
-0.16610412
-0.196846667
-0.2279885
-0.282077691
-0.348791403
-0.305535564
-0.277878245
-0.313863955
-0.470369864
-0.581768064
-0.551950194
-0.354372864
0.03314256
0.458200318
0.542727603
0.349106127
-0.043878088
-0.191205285
-0.162386009
-0.071366
0.009658184
0.084416987
0.214911933
0.3377961
0.407983555
0.327037342
0.115318027
-0.094834367
-0.254213745
-0.341889655
-0.436221036
-0.543106767
-0.563725327
-0.197601464
0.401456067
0.520758897
0.279895136
0.171210288
0.572084097
0.755877309
0.616556488
0.09446823
-0.245542427
-0.394281718
-0.445069436
-0.5072708
-0.431159739
-0.068537633
0.397290282
0.772322264
0.317496355
-0.265644736
-0.658156267
-0.666754873
-0.409495782
-0.218355942
-0.0304964
0.184307909
0.432445485
0.486051727
0.408444445
0.2578451
0.1937151
0.223800709
0.20970637
0.119706579
-0.044527527
-0.05288212
0.01954509
0.097540553
0.045063689
-0.137134485
-0.269390255
-0.329046812
-0.30697257
-0.287872727
-0.243811242
-0.164858375
-0.04174642
0.015013739
0.036380599
0.048667162
0.068485063
-0.054160861
-0.201492673
-0.329827709
-0.410477203
-0.436038491
-0.32266487
-0.099842733
0.184210918
0.30526857
0.159000779
-0.016096642
-0.105518322
0.038722792
0.170464107
0.199330085
0.124929242
0.008517452
-0.043400748
-0.072417955
-0.091801583
-0.115776969
-0.03095727
0.125570065
0.310291115
0.460800812
0.6119988
0.677009079
0.641832652
0.496815
0.417587273
0.408302697
0.390388464
0.293337628
0.069555822
-0.178341092
-0.376182221
-0.460838603
-0.269104891
0.042570236
0.3127654
0.439541718
0.255237703
0.284602961
0.4579095
0.665334903
0.537029297
0.174755767
-0.107035073
-0.236023509
-0.215518055
-0.291469467
-0.377448524
-0.400937382
-0.234317306
-0.018296457
-0.007638771
-0.171410721
-0.424300797
-0.471974436
-0.416706361
-0.308753488
-0.2016722
-0.060928321
0.191920492
0.527154264
0.899076824
0.88732993
0.515884345
0.074968421
-0.233893673
-0.238752082
-0.271486715
-0.365642233
-0.515242873
-0.580340979
-0.562265267
-0.449676318
-0.250144926
-0.013446964
-0.121738415
-0.411564685
-0.753017852
-0.873326109
-0.7456393
-0.576541636
-0.3936917
-0.186185867
0.279600209
0.6611078
0.817754318
0.579165455
0.319051209
0.240946739
0.247752239
0.2163608
-0.043857685
-0.270080548
-0.424885164
-0.481380215
-0.543045594
-0.397254536
-0.063371006
0.384252355
0.286975536
-0.120089776
-0.471850733
-0.583171745
-0.360501291
0.024575406
0.498037736
0.973874861
1.190407739
1.045204227
0.711442764
0.292964805
-0.022573173
-0.233504243
-0.377894621
-0.481554382
-0.586301806
-0.476909821
-0.156678609
0.185966009
0.256727827
-0.242338573
-0.56578893
-0.586496667
-0.2021725
0.204931818
0.446908542
0.593763982
0.706968506
0.755556158
0.588841555
0.330321497
0.076347011
0.013971402
-0.069487961
-0.214346967
-0.425329345
-0.610294724
-0.580286588
-0.351270535
0.015985537
0.282809643
0.206302891
-0.017906761
-0.288454806
-0.440455336
-0.426846133
-0.297413191
-0.064603618
0.263573806
0.300324782
0.100154873
-0.176764627
-0.288332582
0.104795609
0.526007255
0.765856579
0.6118787
0.233770139
0.06458821
0.078949698
0.243417673
0.374174491
0.396347564
0.361014564
0.300188039
0.209749782
0.071700858
-0.07787644
-0.213090355
-0.275700809
-0.343187748
-0.402910645
-0.434462255
-0.369206345
-0.014978664
0.489745967
0.923458255
0.720673027
0.1267678
-0.239309888
-0.301354825
-0.100187432
-0.087787889
0.012497549
0.27350887
0.769014476
0.737290482
0.280027873
-0.328795361
-0.7772918
-0.680577255
-0.355699919
0.028564102
0.3098072
0.1658672
-0.140345364
-0.434562652
-0.595770424
-0.522865727
-0.342499276
-0.092124567
0.202836545
0.488083591
0.488735606
0.235992318
-0.206474024
-0.608459176
-0.688128118
-0.57514813
-0.293827297
0.176221718
0.8586012
1.217013758
1.106272818
0.387980394
-0.303028803
-0.611545773
-0.621081448
-0.513441979
-0.594823818
-0.581266903
-0.322789479
0.3332484
1.041597339
0.934628958
0.284747536
-0.611392673
-0.623746991
-0.156806418
0.345201127
0.579067948
0.339681055
0.081104604
-0.09514012
-0.154351218
-0.18030387
-0.317121491
-0.4907239
-0.645254167
-0.648078333
-0.294405151
0.244333709
0.735331424
0.602768545
0.097111333
-0.221118706
-0.282665055
-0.124301948
-0.155292755
-0.315592027
-0.500125309
-0.553529627
-0.400793
-0.257842197
-0.131987693
-0.02049892
0.135121853
0.264987255
0.385266909
0.511913888
0.683241085
0.793675045
0.798368091
0.676050194
0.508645118
0.361831206
0.21551121
0.061899582
-0.089104153
-0.224944779
-0.329456191
-0.36772837
-0.21486943
0.163071455
0.469923821
0.624106427
0.588390064
0.678858033
0.709009952
0.615393609
0.322729064
0.07495005
-0.017382997
0.047135674
0.255199545
0.366703918
0.321567427
0.178290607
0.008891252
-0.034760696
-0.060317143
-0.13391004
-0.311876333
-0.581919667
-0.635687491
-0.449328682
-0.013243221
0.603362522
1.024664109
1.099362867
0.783415727
0.262058455
0.091153018
0.097296883
0.164742981
0.045356609
-0.194941704
-0.496379539
-0.823373933
-1.1118856
-1.0234574
-0.699308679
-0.273457885
0.015844675
0.259549485
0.543621218
0.763525897
0.742431958
0.386528418
0.13393455
-0.00953372
-0.06127252
-0.158385459
-0.326321027
-0.533869182
-0.750750333
-0.923493667
-1.018528273
-1.011548152
-0.848682629
-0.131592985
0.86707674
1.3107759
0.844145709
-0.288587548
-0.692804867
-0.615808945
-0.279369555
-0.281893645
-0.457159918
-0.499030667
-0.330650045
0.064709727
0.3632129
0.393405064
0.198385849
-0.075081446
-0.197005673
-0.326991755
-0.495336809
-0.725908627
-0.926768445
-1.001245973
-0.952155267
-0.7900686
-0.687837615
-0.594258445
-0.453550264
-0.218319082
0.100911373
0.374855191
0.487520418
0.371733249
0.107001363
-0.055683723
-0.143434233
-0.184358355
-0.280508809
-0.460674052
-0.6190035
-0.723802918
-0.791219282
-0.968772055
-0.942419973
-0.584042185
0.272100391
0.7207109
0.53651561
-0.05744488
-0.51278388
-0.349942345
-0.223261982
-0.227598336
-0.414693109
-0.317374064
-0.062668685
0.203256242
0.319062
0.088941356
-0.284423039
-0.644058491
-0.830150261
-0.313071776
0.297769473
0.740026988
0.871974388
0.972416736
1.25140623
1.386521333
1.2293194
0.797531067
0.637461097
0.642773736
0.712480976
0.565995824
0.378327891
0.525626406
1.01807177
1.625341618
1.236024667
0.511539412
-0.212324664
-0.438418679
-0.461415376
-0.524871391
-0.532420912
-0.29657667
-0.028296056
0.060464509
0.055038141
0.06566258
0.220753959
0.192866652
0.0085133
-0.296583336
-0.497559245
-0.571896318
-0.554383591
-0.456254835
-0.165915266
0.067330995
0.0621862
-0.232647873
-0.595161812
-0.647849206
-0.491291564
-0.135842415
0.514240615
1.023962509
1.005281627
0.536364579
0.118812973
0.54711426
1.040110424
1.238875545
0.631927818
-0.238750664
-0.6234723
-0.531963075
-0.088242984
-0.063729395
-0.342380188
-0.727640424
-0.997948
-1.006379061
-0.922373497
-0.730249818
-0.415401873
0.087771309
0.435681509
0.428212109
-0.027297119
-0.546522104
-0.616935318
-0.5099194
-0.397593845
-0.579522558
-0.708026664
-0.656838036
-0.419557809
-0.151335991
-0.029024718
0.074258552
0.192680915
0.339298491
0.391446467
0.316997394
0.131212409
-0.12420297
-0.214291979
-0.218263691
-0.091971936
0.246298291
1.019063936
1.319361485
1.064304897
0.2155077
-0.230526467
-0.346791233
-0.3130628
-0.283511483
-0.132668551
0.152737286
0.409315436
0.513772064
0.268801609
-0.01194337
-0.223886167
-0.328557664
-0.394167361
-0.516470088
-0.618640436
-0.640585485
-0.436461015
-0.099704415
0.241351279
0.516623645
0.606168873
0.425259367
0.189516428
-0.016555724
-0.084001007
0.126485015
0.565618827
1.096415636
1.512380409
1.203865545
0.621952297
0.0528108
-0.1984767
0.004681686
0.043550661
-0.079820555
-0.335450122
-0.141705659
0.11791745
0.207401645
-0.008239932
-0.355995713
-0.491133185
-0.5040166
-0.405263628
-0.002217196
0.606889429
0.769976991
0.312165991
-0.575637191
-0.785980373
-0.654825579
-0.385716245
-0.349248973
-0.3729829
-0.210307411
0.108300326
0.436463728
0.506585955
0.481636409
0.404803282
0.319069645
0.227863355
0.181040091
0.14879688
0.09421213
0.002480963
-0.006110848
0.04593438
0.130703542
0.082974587
-0.037755636
-0.190233764
-0.344246903
-0.457978191
-0.47798507
-0.264449633
0.215396218
0.744697203
0.440191339
-0.159669764
-0.712121918
-0.521413282
0.003634
0.325398567
0.304268673
-0.102717464
-0.027147547
0.454825546
1.046076727
1.135929758
0.544777948
0.020400736
-0.289067367
-0.261899033
-0.167863427
-0.126763139
-0.107719855
-0.06894315
-0.085907377
-0.205302884
-0.353274236
-0.455367921
-0.293820952
-0.11852184
-0.018074495
-0.046106709
-0.168206944
-0.076598581
0.21473642
0.619031455
0.617462742
0.214929873
-0.175962465
-0.407033909
-0.435372091
-0.557140991
-0.620836997
-0.49603633
0.102618518
0.733685033
0.71096043
0.069566382
-0.893256194
-1.07878903
-0.918510909
-0.477547694
0.208227685
1.066234918
1.048621921
0.388230479
-0.5828474
-0.643229597
-0.466611085
-0.322453255
-0.424682279
-0.296604248
0.376588891
1.145949724
1.641424745
0.985134064
0.170963918
-0.403846467
-0.564395564
-0.386381927
-0.331295867
-0.16952154
0.192081308
0.821206732
0.826470673
0.431872683
-0.140385356
-0.385630038
-0.3648694
-0.3256988
-0.2686092
-0.110330033
0.076109009
0.090028959
-0.046313072
-0.269098291
-0.353443155
-0.312255888
-0.147577348
0.136365
0.336726742
0.341204079
0.217359022
0.033989267
-0.035936067
-0.055543316
-0.081301544
-0.141774003
-0.157805291
-0.011961945
0.26362212
0.604884927
0.693982655
0.409445594
0.007583145
-0.364311403
-0.442848297
-0.3285266
-0.133008062
0.107035309
0.361011105
0.346373067
0.157489247
-0.109776196
-0.282846848
-0.37418647
-0.537195773
-0.727471539
-0.852815252
-0.658551545
-0.41922667
-0.233260206
-0.1986246
-0.246789676
-0.352089588
-0.500379036
-0.671274888
-0.697682085
-0.336103831
0.357720921
1.24713197
1.257269091
0.529289903
-0.214304457
-0.5833024
-0.235019067
0.059449539
0.266282755
0.449505506
0.930681794
1.182461909
1.057737588
0.625251952
0.190557709
0.085284013
0.03876479
-0.031833568
-0.213101561
-0.35911923
-0.310635655
-0.083105039
0.276656248
0.289463936
0.030356461
-0.352288685
-0.6897077
-0.748645806
-0.710126621
-0.5196783
-0.131057445
0.488183918
0.572263682
0.232438136
-0.394447785
-0.600203845
-0.468783488
-0.3105251
-0.276407273
-0.409358712
-0.373999303
-0.239882985
-0.050276651
0.108289341
0.255102264
0.294834027
0.202803511
-0.029165436
-0.059323703
0.169750136
0.583761027
1.006883224
0.900979285
0.565414755
0.172055752
-0.055074779
-0.061992524
-0.12397428
-0.258790106
-0.471592
-0.438978061
-0.313620055
-0.197141864
-0.176499579
-0.214891548
-0.246841427
-0.300090655
-0.3911447
-0.5063247
-0.575211488
-0.582746
-0.500371455
-0.194841909
0.354989576
0.792458582
0.94210377
0.56710233
0.201836637
0.038154496
0.070529293
0.14967046
0.0126999
-0.17413212
-0.333713382
-0.356264139
-0.019511406
0.435857609
0.728036427
0.450801882
-0.122660955
-0.294986636
-0.107915321
0.3486368
0.622183845
0.639008842
0.431153935
0.042951546
-0.241823802
-0.356897355
-0.358318309
-0.278516885
-0.086749195
0.178548436
0.330515467
0.268146118
-0.09155123
-0.425430458
-0.637030864
-0.695837379
-0.611226621
-0.457898073
-0.302947642
-0.170551321
-0.086030927
0.04697004
0.195682427
0.305995664
0.272068845
0.070787538
-0.027278337
0.026342719
0.268127893
0.399630864
0.446395809
0.494754585
0.6422961
0.657903676
0.470639897
0.198106397
-0.050029398
-0.147784087
-0.1429312
-0.071119421
0.034537312
0.062695955
-0.048113266
-0.213743633
-0.374379291
-0.396312548
-0.302457564
-0.198672973
-0.135424842
-0.176831358
-0.197299345
-0.099556792
0.107067264
0.327473635
0.3377044
0.230432496
0.057898948
-0.100248226
-0.286688348
-0.342855318
-0.256132244
-0.029520615
0.032254759
0.020354877
-0.068402132
-0.2406252
-0.242323155
-0.054842533
0.198869955
0.399867039
0.308210524
0.151654693
0.030985367
0.008309676
0.058152308
0.062960194
0.04824538
0.0270946
0.008224596
-0.01943179
-0.033435769
-0.030549844
-0.029133116
-0.079254933
-0.153576318
-0.240511045
-0.324793773
-0.3586321
-0.306584003
-0.146407545
0.159596849
0.462146712
0.461958
0.213775664
-0.153639109
-0.219069882
-0.155597959
-0.041936587
0.03933858
0.084258875
0.14895761
0.199110727
0.201989763
0.088023839
-0.015535555
-0.092123333
-0.133254179
-0.162080164
-0.220785088
-0.263240633
-0.256818327
-0.131683555
0.079939824
0.287710082
0.406932103
0.206166497
-0.126386391
-0.36048627
-0.405050633
-0.1476773
0.252665167
0.461982539
0.414425045
0.077226485
-0.138139682
-0.197846091
-0.149830028
-0.07349727
0.084345465
0.260769052
0.348620182
0.2301045
0.019366591
-0.043090693
-0.008976446
0.068971544
0.055786385
0.03616046
0.026189878
0.03394455
0.035778171
0.013783779
-0.024735295
-0.077828327
-0.153796638
-0.231079755
-0.252445791
-0.205358194
-0.118786906
-0.047980986
0.039186412
0.131383245
0.172198473
0.074384747
-0.061573314
-0.195689009
-0.27609863
-0.256439015
-0.164947755
-0.015975378
0.172582774
0.305965827
0.314167979
0.229297325
0.09352928
0.023032116
-0.025060484
-0.046089443
-0.034401433
0.057626991
0.148643995
0.196920352
0.176677244
0.098951547
0.030492157
-0.025640243
-0.069246536
-0.108735423
-0.104502176
-0.057889425
0.022035503
0.097983345
0.09581965
0.036420624
-0.056936499
-0.129731143
-0.123460633
-0.065280521
0.028089842
0.130565636
0.183930124
0.171029291
0.106406937
0.015063142
-0.05904013
-0.092001163
-0.075701694
-0.003042832
0.053843738
0.072403801
0.063995528
0.039492694
0.009833285
0.038774561
0.116624299
0.221994658
0.193294127
0.107882777
0.062824037
0.097063573
0.169051762
-0.013299145
-0.288888755
-0.524226167
-0.379582833
-0.075094697
0.140412464
0.201000129
0.082873273
-0.043927583
-0.10437863
-0.107966096
-0.099513165
-0.146598779
-0.152688755
-0.103250048
0.010419421
0.035719975
-0.001002344
-0.050406776
-0.05702517
-0.000175018
0.074683475
0.173000782
0.292823579
0.289448048
0.173403553
0.027125178
-0.087343791
-0.070291177
0.025141325
0.14311056
0.251586709
0.311118452
0.266495224
0.141338582
-0.035605095
-0.174492255
-0.223726818
-0.202768864
-0.11571147
0.039623682
0.1751083
0.167438863
0.024637894
-0.196633675
-0.365558727
-0.433411364
-0.396867361
-0.257338648
-0.012190205
0.257948364
0.403989248
0.2617119
-0.045640676
-0.171112518
-0.155209044
-0.042474521
0.014071456
0.017204859
0.014808764
0.04126603
0.136611409
0.17508593
0.14170671
0.037832445
-0.079989926
-0.15024143
-0.150791113
-0.072050844
0.094172384
0.238447645
0.261123664
0.156748838
-0.022283473
-0.09503485
-0.115440576
-0.107827273
-0.105668409
-0.082323744
-0.043216759
0.005175083
0.053579282
0.048720025
-0.003091799
-0.072151859
-0.1243942
-0.09145323
-0.035786482
0.021026016
0.059282068
0.059596007
0.043775995
0.014948558
-0.02526655
-0.080293679
-0.146859565
-0.170174733
-0.116270455
0.066227424
0.191535182
0.211906136
0.125410145
-0.006626445
-0.050978166
-0.037939632
0.0088813
0.040597818
0.02788772
0.01062831
0.007190907
0.043768993
0.105938891
0.126932545
0.097439015
0.012524069
-0.070913453
-0.133133939
-0.14225863
-0.06384216
0.106339098
0.249048839
0.319793264
0.281424782
0.143281827
-0.035886291
-0.233769033
-0.413070955
-0.331076636
-0.122239556
0.0634385
0.153193518
0.12951617
0.089318894
0.025112985
-0.063889859
-0.170016791
-0.231834964
-0.231979358
-0.178673317
-0.1081219
-0.043434683
0.038134993
0.122853718
0.173549627
0.129245082
0.047706623
-0.032414908
-0.0592249
-0.035782762
-0.025919129
-0.003678426
0.0635969
0.2005619
0.248575894
0.179110071
-0.024342739
-0.217007709
-0.240413245
-0.1279054
0.077125669
0.137116662
0.002973076
-0.166939867
-0.273665645
-0.155357691
-0.017352021
0.047537939
0.022652179
-0.029702829
-0.014107076
0.026723213
0.064170685
0.042702761
-0.03612633
-0.089144685
-0.097784549
-0.04957392
-0.028287663
-0.036889865
-0.06109205
-0.078184694
-0.061881913
-0.042134317
-0.026607651
-0.02250484
-0.020568438
-0.01657819
-0.011657056
-0.006682561
0.001092861
0.028521154
0.077173436
0.142277503
0.162301291
0.128172286
0.07159217
0.007205182
-0.06449672
-0.135278858
-0.176233855
-0.179038988
-0.149891412
-0.109520488
-0.05142141
0.015486743
0.060066731
0.076111083
0.083501247
0.080475611
0.056317323
0.012869919
-0.024578755
-0.053140298
-0.072008146
-0.077045565
-0.089685432
-0.110443761
-0.1386777
-0.102041602
-0.016104298
0.085803402
0.172997739
0.215558724
0.243310455
0.244013515
0.204977831
0.076190717
-0.097748411
-0.256664867
-0.345387436
-0.192646073
0.029070685
0.196910491
0.264849394
0.212808106
0.10584499
0.027758315
0.000679605
0.032385717
0.024420383
-0.017387683
-0.071454255
-0.093595445
-0.076065035
-0.075360249
-0.095445617
-0.134233678
-0.150675891
-0.145604918
-0.128737988
-0.1114067
-0.069817761
0.00165041
0.062538346
0.076896413
0.025888989
-0.021562132
-0.055130303
-0.068643702
-0.067151233
-0.031946803
0.028814804
0.096674931
0.077418772
-0.041606242
-0.153700764
-0.203635811
-0.108509629
0.034999013
0.123211121
0.129280673
0.044979036
-0.010522947
-0.022314323
0.002749857
0.045538462
0.084065858
0.1048541
0.108808592
0.099251061
0.106069589
0.109956421
0.072773369
-0.04736329
-0.198594889
-0.204680224
-0.116214837
0.014422053
0.037320121
0.031498016
0.032797974
0.061348712
0.087763364
0.040148131
-0.0378362
-0.108278187
-0.058158081
0.035415261
0.108587222
0.134530368
0.090340172
0.014222408
-0.054528119
-0.099653712
-0.099936219
-0.06943988
-0.041992567
-0.018947954
0.008183865
0.042848308
0.038896413
0.006247107
-0.032873227
0.006550804
0.065618386
0.091275756
0.02636812
-0.080671441
-0.082017653
-0.00959744
0.101723327
0.121446509
0.042450229
-0.065008056
-0.14329221
-0.057347331
0.037316665