0.005
0.01718
0.017225455
0.017270909
0.017316364
0.017361818
0.017407273
0.017447273
0.017488182
0.017533636
0.017579091
0.017618788
0.01766
0.017704545
0.017742424
0.017780303
0.017810909
0.017833636
0.017856364
0.017891818
0.017933636
0.017976061
0.018006364
0.018003333
0.017974545
0.017943636
0.017958788
0.017980909
0.017967273
0.017937879
0.017930303
0.018002727
0.018063939
0.018066061
0.01796
0.017732727
0.01755697
0.017457273
0.017452121
0.017505152
0.017552727
0.017522424
0.017362121
0.017013636
0.016653636
0.01648
0.016587273
0.016981212
0.017175152
0.01705
0.016616364
0.016093636
0.015717273
0.01548303
0.015367879
0.015307273
0.01486
0.014109697
0.013215455
0.012488182
0.011642424
0.011363636
0.011732727
0.012778182
0.013525455
0.013843333
0.013824848
0.01359
0.012999091
0.012140303
0.011447273
0.011266667
0.010933333
0.009132727
0.006988788
0.005359091
0.005722727
0.005827273
0.005306667
0.004125455
0.003170909
0.002840606
0.003153636
0.004167879
0.006092121
0.007959091
0.008956364
0.008471515
0.005229091
-2.66667E-05
-0.004806061
-0.008351818
-0.009859394
-0.004508788
0.003888182
0.010779091
0.009597273
-0.003948182
-0.015705758
-0.019879394
-0.01069
0.005400909
0.011286667
0.007548182
-0.004449697
-0.008942121
-0.008290909
-0.009609091
-0.01684303
-0.023630909
-0.020204848
-0.012116667
-0.003147273
-0.001124545
-0.003689697
-0.006627273
-0.008331818
-0.007968182
-0.007941818
-0.006120303
-0.002352121
0.002337273
0.00344
0.00035
-0.005915455
-0.013021515
-0.019549091
-0.02659
-0.031399697
-0.029505758
-0.019626364
-0.009370606
-0.00198
-0.00073
-0.00723
-0.017856364
-0.029423636
-0.03867
-0.03492
-0.022884545
-0.007578485
0.006809394
0.009801818
0.003881515
-0.00496
-0.013429091
-0.018171515
-0.025483636
-0.02698
-0.018567273
0.005137273
0.011857273
0.000900303
-0.021661818
-0.037320909
-0.036913333
-0.033105758
-0.027039091
-0.01682697
-0.005144242
0.000839091
0.002299091
0.002117273
0.001491818
-0.002376364
-0.008099394
-0.01391
-0.012690303
-0.005917273
0.001816364
0.006185758
0.000329697
-0.007255455
-0.012873636
-0.014937576
-0.021657273
-0.029856667
-0.033506667
-0.029108182
-0.012509697
0.002646364
0.008845455
0.004559697
-0.005879697
-0.012978182
-0.016596061
-0.016588485
-0.012580909
-0.0007
0.010604242
0.016555455
0.009661515
-0.012753939
-0.032855455
-0.042946061
-0.033574848
-0.008
0.006904545
0.007861212
-0.00726
-0.01545697
-0.012598788
-0.005260909
0.000430909
-0.002546364
-0.005447273
-0.005709394
-0.00211303
0.000849091
-0.003351212
-0.010513333
-0.018347273
-0.024574545
-0.029310909
-0.027205455
-0.016855455
-1.45455E-05
0.006733636
0.006847879
0.003347879
0.002787273
0.006726667
0.007894242
0.004989091
-0.002389697
-0.003467879
0.000247273
0.004016061
0.000644848
-0.007533636
-0.014748788
-0.020936061
-0.02633
-0.027814848
-0.027599697
-0.024967273
-0.01934
-0.01084
-0.007810909
-0.008439697
-0.010630606
-0.004388182
0.008694242
0.01941
0.021854545
0.005892424
-0.005930303
-0.009932727
-0.006425455
-0.002084545
-0.003649091
-0.004782424
-0.004200606
-0.002503636
-0.004606667
-0.011147879
-0.02168
-0.035096667
-0.037222424
-0.023948182
-0.001933636
0.017839091
0.003146364
-0.014063636
-0.021687879
-0.00765
0.011736364
0.016997273
0.013630909
0.007151818
0.010447273
0.010377273
0.007631818
0.002930303
-0.000690909
-0.007403939
-0.01752
-0.030061818
-0.037743636
-0.035728485
-0.023630909
-0.003672121
0.014002121
0.014780909
0.008252424
-0.000344545
-0.002117273
-0.002536667
-0.002521212
-0.0011
0.00415
0.009016667
0.009859091
0.006876364
0.000899091
-0.006350909
-0.009794545
-0.008167879
-0.00038
0.001036667
-0.00548
-0.014606364
-0.021135758
-0.013279697
9.09091E-06
0.010040909
0.010835758
-0.001967273
-0.009778485
-0.009323333
-0.000388182
0.008293636
0.007381515
0.002089091
-0.004568485
-0.007121515
-0.004736364
-0.001024545
0.002943636
0.006511818
0.008686667
0.009903636
0.010280909
0.009909697
0.004339091
-0.005656364
-0.017330909
-0.026512727
-0.023701818
-0.018219091
-0.011087879
-0.00305
0.001169697
0.001391818
0.00156
0.004911818
0.006707273
0.001526364
-0.004864545
-0.008305758
-0.003752727
0.002072727
0.007736667
0.012058182
0.01179303
0.005806667
-0.005239091
-0.020401818
-0.036538182
-0.037980909
-0.026441515
-0.005064242
0.018064545
0.025013333
0.015093939
-0.004765455
-0.019621515
-0.014432727
-0.002732727
0.008745758
0.011480606
0.002739091
-0.006141212
-0.012207576
-0.0127
-0.004306061
0.00579303
0.013255455
0.014262727
0.007080909
0.000237273
-0.007065758
-0.015438788
-0.025923636
-0.023845455
-0.0105
0.010787273
0.022181212
0.014787273
0.000372727
-0.015925152
-0.028894848
-0.029251818
-0.015904242
0.008210909
0.033665455
0.0429
0.035265152
0.012408182
-0.022182727
-0.044186364
-0.0446
-0.026458485
0.004261212
0.028326364
0.042756667
0.040631212
0.01451
-0.017997576
-0.033793636
-0.033797273
-0.019450909
0.001026364
0.013365455
0.017503333
0.01315697
-0.001880909
-0.01881303
-0.03101
-0.034138182
-0.020539697
0.00448303
0.027827273
0.041912424
0.033177576
0.010538182
-0.00914
-0.020532424
-0.019494545
-0.018963333
-0.019273333
-0.017795455
-0.008734848
0.008124848
0.015135455
0.008965758
-0.013049394
-0.029988182
-0.031864545
-0.019990909
0.00335
0.024312121
0.028047576
0.016735455
-0.006223636
-0.012564545
-0.0012
0.019874242
0.042924242
0.039977273
0.010752727
-0.018996667
-0.03658
-0.037496667
-0.043031515
-0.03951
-0.020929091
0.018639091
0.026980909
0.011840606
-0.015721515
-0.028229091
-0.023543333
-0.016479091
-0.005051818
0.020107273
0.050995455
0.059654545
0.044842727
0.008638182
-0.010453636
-0.009142727
0.001563636
0.0087
-0.006678788
-0.024530303
-0.035775455
-0.032650606
-0.016165758
-0.003859091
0.003034848
0.004119091
0.003732727
0.007745152
0.01609
0.02708
0.029996667
0.020004242
0.006260909
-0.005762424
-0.005777576
-0.005811818
-0.010214545
-0.015108485
-0.005850909
0.007873333
0.008855758
-0.003704545
-0.025931818
-0.031543333
-0.020114545
-0.000373939
0.014004848
0.004129091
-0.006699091
-0.011429091
-0.00327
0.013813333
0.027790303
0.037837273
0.043166364
0.040575455
0.033102727
0.021210303
0.005824545
-0.006243636
-0.013740303
-0.017813333
-0.017897273
-0.007207879
0.005584545
0.014979091
0.018652727
0.014607273
0.002530909
-0.011228788
-0.023840909
-0.031295455
-0.02201
0.004678182
0.04413
0.08638
0.084581515
0.055943636
0.017373333
-0.007293333
-0.00636
0.000978182
0.011988182
0.02442
0.036503333
0.038510303
0.030110909
0.012457273
0.014389091
0.033928182
0.053050909
0.058126667
0.02696
-0.005168182
-0.019403333
-0.007259091
0.028498485
0.061516667
0.085199091
0.096029697
0.088590303
0.076530909
0.065600606
0.057032424
0.050494545
0.047696667
0.050100909
0.057031818
0.066622727
0.073383939
0.071708182
0.062051818
0.045915455
0.026797273
0.008699091
-0.005814848
-0.01408
-0.006405758
0.013652727
0.038535455
0.060576364
0.057235455
0.035332727
0.014669091
0.00991303
0.042200909
0.063624242
0.05707
0.018130909
-0.029194848
-0.052272121
-0.060927273
-0.057463939
-0.037926061
0.005481818
0.052443636
0.089995152
0.093570909
0.074666667
0.050100606
0.024598182
0.002590606
-0.020183636
-0.039592727
-0.049489091
-0.040807273
-0.008932727
0.010419697
0.007719394
-0.02572
-0.065136667
-0.081005758
-0.075893636
-0.052608485
-0.015570606
0.033150909
0.081058485
0.115448485
0.086804545
0.041452121
0.008486667
0.000752727
0.013192121
0.013855758
0.006604545
-0.005566364
-0.015293636
-0.039275455
-0.069730606
-0.096650303
-0.095551818
-0.070346667
-0.046919697
-0.034709091
-0.045413636
-0.071911515
-0.094914545
-0.10821303
-0.104902424
-0.092486364
-0.076873939
-0.056942424
-0.0312
-0.036351515
-0.065684242
-0.100423636
-0.123324545
-0.116938182
-0.110262727
-0.099823333
-0.082801212
-0.053066364
-0.038491212
-0.037606667
-0.047749091
-0.055658182
-0.056906667
-0.052646364
-0.044402727
-0.037107273
-0.038491818
-0.044937273
-0.053829697
-0.059928182
-0.060333333
-0.059338485
-0.054371818
-0.038379394
-0.00144303
0.031078182
0.049775455
0.043616364
0.016097273
-0.006973636
-0.017066061
-0.00596
0.003850606
0.016216364
0.050528182
0.122066061
0.201967576
0.220789091
0.198554242
0.153003636
0.137799091
0.132906364
0.124343333
0.109705455
0.115167576
0.139411515
0.160718182
0.169834848
0.158365152
0.147531818
0.137138788
0.126197879
0.111887273
0.09369
0.06249
0.022204545
-0.015818182
-0.038033636
-0.055274545
-0.064924848
-0.061227879
-0.049770909
-0.049704545
-0.061919394
-0.08623
-0.100555758
-0.096274242
-0.075834545
-0.042852424
-0.02466303
-0.017017273
-0.009074848
0.005507879
0.020606364
0.014292424
-0.005046667
-0.031256364
-0.049392727
-0.059535152
-0.065937273
-0.06813
-0.05813
-0.036115455
-0.008428485
0.023709394
0.061156364
0.085816667
0.093265455
0.08869
0.084523333
0.095669091
0.110832727
0.123829091
0.126647273
0.115334545
0.089988182
0.051520303
0.00124
-0.029752424
-0.030531212
-0.009829091
0.022504848
0.024126061
0.009950909
-0.004167273
-0.007928485
0.000465455
0.002497273
-0.00567
-0.026051818
-0.05956697
-0.099227576
-0.126471818
-0.133514545
-0.113855455
-0.07046
-0.032234242
-0.024058485
-0.100300909
-0.13925
-0.117427576
-0.056464545
-0.010108485
-0.039533939
-0.086149091
-0.129439091
-0.146007273
-0.132320909
-0.12422
-0.109257273
-0.07153
-0.014855758
-0.026887273
-0.069917273
-0.106881818
-0.055177273
0.003907273
0.034867879
0.01648303
-0.034729091
-0.059467879
-0.059333333
-0.03737
-0.009453333
0.020511818
0.049978182
0.070768788
0.051761212
-0.011359091
-0.072505455
-0.114335758
-0.117214545
-0.09134
-0.036005152
0.038238182
0.108813939
0.109288485
0.068321818
0.009001212
-0.03692303
-0.041312727
-0.030507576
-0.008843939
0.0198
0.054178788
0.086110606
0.101830909
0.089791515
0.054079394
0.038696364
0.045888788
0.075760909
0.113397273
0.137198182
0.154593333
0.169284545
0.183155758
0.188178485
0.181730909
0.16338697
0.13524303
0.108435455
0.071758182
0.021106667
-0.04806
-0.074366667
-0.062412424
-0.028448182
-0.005440606
-0.023540303
-0.057582727
-0.09097
-0.10147
-0.057380909
-0.003356667
0.040799697
0.05483
0.047178485
0.040026667
0.027341818
0.004350606
-0.019884242
-0.033051818
-0.040476061
-0.043695758
-0.023392727
0.012409697
0.053076667
0.089618182
0.096186364
0.072693939
0.049886364
0.036185152
0.023654848
0.011398182
0.024413636
0.065086364
0.123268182
0.129996667
0.092273636
0.026475455
-0.035085152
-0.064515455
-0.086179091
-0.093637273
-0.073091818
0.008791818
0.100411818
0.161532727
0.14926
0.041244848
-0.0501
-0.121657273
-0.169832424
-0.16639303
-0.114735455
-0.056556667
-0.021257273
-0.038098182
-0.062763636
-0.080366667
-0.084562727
-0.079418788
-0.06979
-0.048756364
-0.017247576
0.010767576
0.010712727
0.003857576
-0.002340909
-0.000545455
-0.00559
-0.014341818
-0.021848182
-0.018507273
-0.005492424
-0.001395455
-0.011392121
-0.040899697
-0.084378182
-0.112812121
-0.112216061
-0.06861
0.018768788
0.075836061
0.086473636
0.039035152
-0.029836061
-0.065663636
-0.076780303
-0.070367273
-0.066958182
-0.060785455
-0.044086667
-0.015268182
0.012330303
0.001165152
-0.033370909
-0.078375455
-0.100534545
-0.105976364
-0.115301212
-0.129989091
-0.140034545
-0.11938
-0.081014242
-0.035145455
0.000831818
-0.006207879
-0.029279091
-0.053251515
-0.058471212
-0.035429091
-0.009788788
0.019358485
0.05426
0.114320606
0.161646667
0.181069091
0.16042697
0.113101212
0.088264545
0.078640303
0.077018485
0.055874545
0.042871818
0.047523333
0.069468182
0.07745303
0.046225758
-0.003026364
-0.054081212
-0.067838788
-0.053284545
-0.044501818
-0.048059394
-0.059756364
-0.0405
-0.01449
0.005597273
0.000627576
-0.028770909
-0.060043636
-0.084332121
-0.091089697
-0.050421818
-0.000810606
0.042639697
0.06467
0.04842
0.010858182
-0.038341818
-0.089977879
-0.131424848
-0.159753636
-0.168662727
-0.153689697
-0.111060909
-0.055051515
-0.002413333
0.031092727
-0.004801212
-0.061955758
-0.098327273
-0.101897273
-0.081692727
-0.051185455
-0.005455758
0.04422
0.06072
0.005926667
-0.060480606
-0.113918182
-0.121577273
-0.093607273
-0.048461818
0.011019394
0.083231515
0.129269091
0.13098697
0.096146061
0.03529
0.006911212
0.018709091
0.054322727
0.097508182
0.112962727
0.094064545
0.04030697
-0.043854545
-0.106786364
-0.126242727
-0.13004
-0.132063636
-0.139093939
-0.11099697
-0.058943636
0.003734242
0.035885758
0.01681
-0.026260303
-0.077590606
-0.109393636
-0.11355
-0.106219394
-0.085809091
-0.043180303
0.013394848
0.030696364
-0.000684545
-0.087843636
-0.15941
-0.199257576
-0.200152424
-0.15541
-0.058417576
0.017546364
0.055921818
0.043142424
-0.01579697
-0.04772
-0.047476061
-0.015167879
0.012233636
0.021441212
0.022763333
0.021385455
0.020180909
0.006067273
-0.029222727
-0.085706667
-0.151373333
-0.198375455
-0.234290303
-0.258043333
-0.26096
-0.234603333
-0.195256667
-0.152956364
-0.123691212
-0.093011212
-0.054685455
-0.022964545
-0.021123636
-0.058264545
-0.087066061
-0.099509091
-0.0891
-0.065259091
-0.019869394
0.040812727
0.107280606
0.092795758
0.026874545
-0.057637576
-0.139590303
-0.216469091
-0.253637879
-0.24394
-0.189932727
-0.131372121
-0.070096364
0.00664
0.082650606
0.070779394
-0.058513636
-0.168218182
-0.20035
-0.0771
0.065563333
0.147059394
0.165148182
0.141223939
0.120240909
0.083218182
0.034031515
-0.018498788
-0.006905455
0.037376667
0.08594697
0.10775
0.048659091
-0.026406667
-0.087913636
-0.108457879
-0.045154848
0.028004545
0.086681818
0.114637879
0.105236364
0.078573636
0.0541
0.043013636
0.058793939
0.069713636
0.071487273
0.067243636
0.076516364
0.100126364
0.110181818
0.100892424
0.074354545
0.05137
0.019748788
-0.014077273
-0.032190909
0.001410606
0.057531818
0.123194848
0.182497879
0.225182727
0.229730303
0.190451515
0.1028
0.020815152
-0.005620909
0.02512
0.111375152
0.205753939
0.249770909
0.252217879
0.218377879
0.146476364
0.055592121
-0.027543333
-0.085295455
-0.085174242
-0.063143939
-0.055363636
-0.076386061
-0.136423939
-0.20035
-0.246083939
-0.266333939
-0.254553636
-0.22946
-0.204795152
-0.183257273
-0.166037576
-0.150079394
-0.127730909
-0.097298788
-0.05722303
-0.033045455
-0.018005455
0.001629697
0.04116
0.108069091
0.179861818
0.246201818
0.297620909
0.321643636
0.332924545
0.323856364
0.290484545
0.243166364
0.205607273
0.15995
0.097232727
0.013755455
-0.043994545
-0.077970909
-0.093681515
-0.112128485
-0.157207273
-0.218211818
-0.283790606
-0.327593636
-0.314616667
-0.279133333
-0.240600909
-0.229146364
-0.248637273
-0.276464545
-0.306167576
-0.331016061
-0.337864545
-0.322721818
-0.292673333
-0.25634
-0.263006667
-0.288898788
-0.30868
-0.299555758
-0.243449697
-0.184452727
-0.121449697
-0.052803333
0.03103
0.087117576
0.093396667
0.043922727
-0.031304545
-0.075022727
-0.103016364
-0.120626364
-0.128353636
-0.111103636
-0.08604697
-0.059033333
-0.03545
0.0042
0.049617273
0.090231818
0.106739394
0.105348788
0.126701818
0.172998485
0.241778788
0.302784545
0.356979091
0.395975455
0.41043
0.405263333
0.424097576
0.465151818
0.524570606
0.558585758
0.566435455
0.566218788
0.569005152
0.569944545
0.549972424
0.478793333
0.340057273
0.122201212
0.050551212
0.120456364
0.303937273
0.486482727
0.527036364
0.471978788
0.355290909
0.245245455
0.18928
0.182222424
0.208303636
0.235985455
0.188819697
0.084804545
-0.056606364
-0.207879091
-0.271180909
-0.320431818
-0.388381515
-0.50848
-0.560987576
-0.534429697
-0.472478182
-0.414518485
-0.374980606
-0.315806364
-0.256744242
-0.216435152
-0.258124545
-0.300119091
-0.29584
-0.225026364
-0.099079394
-0.010708182
0.039472727
0.053132727
0.038837273
-0.015084545
-0.078543636
-0.132445152
-0.140770909
-0.118156667
-0.054931818
0.05949
0.24549
0.314008788
0.243084545
0.063799697
-0.172594242
-0.323308182
-0.315276364
-0.200942424
-0.0462
0.045095455
0.209346667
0.40703
0.589976667
0.457643333
0.224073636
0.030091818
-0.040182121
-0.049833636
-0.085503636
-0.109076667
-0.102744545
-0.066699091
-0.030320303
0.016381818
0.071636667
0.113553333
0.137639091
0.156000303
0.170644242
0.179015455
0.200713333
0.232106667
0.274984545
0.334628485
0.373753636
0.355499091
0.282311818
0.163175455
0.047319091
-0.070160606
-0.18614303
-0.29684
-0.295862727
-0.266974545
-0.242755455
-0.24951303
-0.240088788
-0.183482727
-0.116294848
-0.061221818
-0.011494545
0.041180606
0.13334
0.278628182
0.453696364
0.419473636
0.291313636
0.148141515
0.162838485
0.263202727
0.335972121
0.354941818
0.320850909
0.314466667
0.322216364
0.323868182
0.280443939
0.164130606
0.056742727
-0.00808697
0.010352424
0.105068182
0.207005758
0.277962121
0.27825
0.169462121
0.113389697
0.134679091
0.24956697
0.368491212
0.445655455
0.502131212
0.550498485
0.582354545
0.540887879
0.43767
0.269514545
-0.014614242
-0.294585455
-0.392833636
-0.275481818
-0.053868182
-0.003156364
-0.039203333
-0.109889697
-0.118988182
-0.051993333
0.012905152
0.059572727
0.079542424
0.10851
0.109787273
0.077813333
0.009146667
-0.035032727
-0.039544545
-0.008399697
0.05232
0.132221515
0.210963939
0.28726
0.359672121
0.419975152
0.404710909
0.290180606
0.070010909
-0.159602727
-0.20884303
-0.11342
0.087437273
0.242914545
0.232197879
0.131958182
-0.004908485
-0.061211515
-0.035703636
-0.010748485
-0.017066667
-0.0889
-0.238666667
-0.398954545
-0.514064545
-0.486375152
-0.375495455
-0.29325
-0.232458182
-0.165344545
-0.095045455
-0.12217
-0.227624545
-0.38292
-0.41442
-0.384410909
-0.349377273
-0.358582121
-0.408885152
-0.432908182
-0.436241515
-0.427389091
-0.459002727
-0.529002121
-0.60061
-0.647739091
-0.613481515
-0.510339091
-0.359008182
-0.172317273
0.023887273
0.062655455
-0.038394545
-0.233261212
-0.397867273
-0.377033333
-0.256449091
-0.088241818
0.045500606
0.103698485
0.154840909
0.182896364
0.152419091
0.008807273
-0.130616667
-0.212250303
-0.18172
-0.073401818
-0.010252121
0.011061818
-0.003357576
0.00270303
0.016536364
0.021807576
0.010611818
0.009884545
0.054901212
0.123643333
0.194992727
0.198848788
0.162601818
0.124987273
0.092513636
0.037786364
-0.023769091
-0.043035758
-0.011279697
0.063621818
0.09871
0.103869091
0.0908
0.080966667
0.107968182
0.147713636
0.181132727
0.181928182
0.140825455
0.100546667
0.076110909
0.08227
0.118292727
0.153331515
0.181631818
0.197621212
0.185901515
0.16234
0.144667273
0.14629303
0.188830909
0.231472424
0.244666667
0.214320909
0.139828485
0.065754242
0.020522727
0.017299394
0.071170606
0.130221818
0.17295
0.194701515
0.196459091
0.19009
0.190961818
0.200475455
0.216581515
0.209903636
0.201680909
0.204384848
0.234437879
0.270789091
0.283131212
0.271401212
0.23753
0.202234545
0.181085152
0.169767273
0.165033939
0.182882424
0.220247273
0.258583636
0.282178788
0.250413636
0.183596364
0.119576667
0.081082727
0.100355455
0.144288788
0.193950909
0.241722121
0.282047879
0.275492727
0.240058788
0.192222424
0.168434545
0.178926667
0.196405455
0.212971818
0.220896061
0.237483636
0.266101818
0.299565455
0.326156364
0.298543636
0.213152424
0.090422121
-0.04529
-0.103388485
-0.108369697
-0.084787273
-0.054740909
-0.021763636
0.015822727
0.054689394
0.094242424
0.150522727
0.216308788
0.232133333
0.170896364
0.038866061
-0.03924303
-0.077842727
-0.098121818
-0.170258182
-0.263464545
-0.312958485
-0.30571303
-0.247728182
-0.19197
-0.099606364
0.018004545
0.123731818
0.063796364
-0.028353636
-0.098610909
-0.082042727
-0.045307273
-0.052880606
-0.089915758
-0.13559
-0.144332424
-0.150411515
-0.163176364
-0.190678485
-0.233140606
-0.263248182
-0.271884545
-0.254517879
-0.225616364
-0.216066061
-0.22542
-0.249904545
-0.265942424
-0.252277273
-0.221666364
-0.182492424
-0.152507576
-0.142994545
-0.138042727
-0.129324545
-0.103097273
-0.065376667
-0.035850606
-0.022358182
-0.035350606
-0.056616061
-0.068137273
-0.07176
-0.07301
-0.083489091
-0.099433939
-0.121478182
-0.15041
-0.177311515
-0.198247576
-0.219092727
-0.244656061
-0.267557576
-0.264380909
-0.231247576
-0.168402424
-0.105682727
-0.050660909
0.006233333
0.062207273
0.071267879
0.009019394
-0.098776364
-0.23676697
-0.37562303
-0.481655455
-0.517188182
-0.463579091
-0.290624545
-0.06461
0.168686667
0.386672727
0.556059091
0.519518788
0.396776364
0.241067576
0.117666061
-0.010317273
-0.128969091
-0.200046364
-0.18141
-0.066508485
0.034324242
0.114264545
0.167773939
0.195872424
0.20896
0.201049394
0.167455455
0.100023636
0.035061818
-0.0146
-0.042148182
-0.043049697
-0.016636061
0.030751818
0.092176667
0.146843333
0.158905455
0.144585455
0.119821818
0.120730909
0.145606667
0.06882697
-0.142587273
-0.519284242
-0.655561515
-0.571046364
-0.372973333
-0.225556667
-0.203994545
-0.081475152
0.143621212
0.45975
0.513568182
0.360815758
0.136149091
-0.035737879
-0.020184848
-0.022255455
-0.070388788
-0.179641212
-0.315406364
-0.405243333
-0.439616667
-0.412075455
-0.312787576
-0.179057273
-0.042450909
0.086026667
0.204443333
0.259828182
0.191564545
-0.005676364
-0.306608182
-0.50402
-0.590880909
-0.580304545
-0.501115152
-0.436555152
-0.367199091
-0.267227273
-0.098931818
0.084250909
0.232228485
0.346524545
0.43207
0.377251818
0.272489697
0.150671818
0.041013939
-0.051887576
-0.120690909
-0.152804545
-0.130979091
0.039907273
0.269066061
0.37193
0.272550909
0.040558485
-0.140512727
-0.296904545
-0.403751515
-0.318448485
-0.080208182
0.137640909
0.255327273
0.155213636
-0.023013333
-0.151276364
-0.219863636
-0.250295455
-0.346096061
-0.426758182
-0.469802121
-0.451809697
-0.414522727
-0.365420909
-0.301747273
-0.22027
-0.160633636
-0.138098485
-0.136532727
-0.140104242
-0.117210303
-0.081389091
-0.042931515
-0.014664545
-0.062346364
-0.163700303
-0.25696
-0.30609
-0.26534
-0.189662727
-0.097311818
0.001218485
0.087021515
0.124880909
0.118007879
0.075150303
0.019801818
-0.041386667
-0.11932303
-0.211354545
-0.308331818
-0.29861697
-0.21232
-0.078419091
0.062512727
0.143524545
0.110757273
0.005626364
-0.12026
-0.125153939
-0.110971818
-0.083356364
-0.04383
0.09142
0.118042727
0.06396697
-0.039829394
-0.052071818
-0.008511818
0.03535
0.051501818
0.026100303
-0.012955758
-0.044458182
-0.048245455
0.031095455
0.178209091
0.259424242
0.241681818
0.119090909
0.058666667
0.072714848
0.135816364
0.190051212
0.16380697
0.096428182
0.005678788
-0.08664697
-0.219889091
-0.327665152
-0.402513939
-0.43987
-0.202082121
0.125738788
0.33848
0.272327576
0.23051697
0.250004545
0.264193939
0.234218182
0.198945455
0.239528788
0.315816667
0.392048182
0.358199697
0.233902727
0.098586364
-0.011521515
-0.055218485
-0.083808182
-0.124761818
-0.173040606
-0.194343636
-0.165786667
-0.13736697
-0.124173636
-0.141938788
-0.139254848
-0.108251818
-0.035555455
0.098853636
0.225480909
0.193931818
0.048150909
-0.15169
-0.182826364
-0.202103939
-0.244960909
-0.337294242
-0.372900303
-0.327146364
-0.237788788
-0.140725758
-0.161422727
-0.222848788
-0.25822
-0.236382727
-0.158238788
-0.077779697
-0.017607273
0.005684545
-0.045974545
-0.10926
-0.133585455
-0.109174848
-0.041849091
-0.023996667
-0.053142727
-0.115320909
-0.181949697
-0.211416061
-0.237723636
-0.252181818
-0.236045455
-0.159327273
-0.015667879
0.180567879
0.41153
0.355567879
0.223636364
0.130128182
0.170760303
0.266017879
0.245246364
0.164679697
0.068611818
0.047384545
0.048853636
0.051833333
0.048784545
0.054322424
0.059878485
0.042737273
-0.009797576
-0.119032424
-0.212078182
-0.261184848
-0.26415303
-0.233418182
-0.201676667
-0.162203939
-0.117157273
-0.073354242
-0.038047273
0.001166364
0.035936061
0.051314848
0.005515455
-0.052893636
-0.109565455
-0.15052
-0.130671515
-0.082865758
-0.039344545
-0.027411212
-0.029441515
-0.010117273
0.031038788
0.093824545
0.172006364
0.235310606
0.258516667
0.229516364
0.148069394
0.07507697
0.018838182
-0.020767273
-0.056312727
-0.097413636
-0.112363333
-0.087396667
-0.00323
0.09173
0.174810909
0.240561818
0.284652727
0.281419394
0.252761818
0.212884848
0.180687879
0.183341818
0.207239394
0.248630909
0.30354
0.353229394
0.377372424
0.386722727
0.392430303
0.428937879
0.479927273
0.518781818
0.526051212
0.476566364
0.41317697
0.348813333
0.28471
0.190626667
0.072670606
-0.062708182
-0.213928788
-0.383171212
-0.464461818
-0.414721818
-0.236215758
0.035405455
0.1312
0.070056364
-0.068368182
-0.120693939
0.009593333
0.132023636
0.199334242
0.165599394
0.103857273
0.065723939
0.03608697
-0.00511
-0.058481212
-0.021026061
0.113048182
0.336478485
0.405690606
0.285711818
0.113325455
-0.015070303
-0.002699091
0.01547
0.02325
0.020372727
0.053395455
0.101351515
0.13551
0.144327576
0.119812424
0.071140909
0.01131303
-0.049656667
-0.09099
-0.092276667
-0.072978182
-0.043967273
-0.021830909
-0.030110303
-0.071311818
-0.140614545
-0.230273636
-0.289561818
-0.302396667
-0.284193939
-0.25405
-0.181110606
-0.06981303
0.026374545
0.060526667
0.020693333
-0.002907273
-0.013164848
-0.014124848
-0.029435455
-0.055207576
-0.082543333
-0.106099091
-0.118174848
-0.123656667
-0.142624545
-0.182652424
-0.247167576
-0.215808182
-0.122747273
-0.01072
0.01678
-0.05134
-0.117790606
-0.165415455
-0.190021515
-0.225228485
-0.238316364
-0.218185152
-0.152132121
-0.094748182
-0.062709697
-0.056838788
-0.07671
-0.117800909
-0.150927576
-0.172154545
-0.178090909
-0.164863636
-0.127472727
-0.072936364
-0.010553636
0.008400909
-0.014905152
-0.059276667
-0.11192
-0.15317
-0.169292727
-0.160071818
-0.125885455
-0.069044545
-0.047445455
-0.060851818
-0.097083636
-0.120151818
-0.111593333
-0.107122121
-0.130861818
-0.223036061
-0.385611212
-0.479226364
-0.492559697
-0.428165758
-0.415262727
-0.422158485
-0.390724848
-0.25674
-0.082202121
-0.096714545
-0.224180909
-0.386561212
-0.363341515
-0.286274545
-0.21226697
-0.17349697
-0.125959091
-0.053059091
-0.023186667
-0.067879091
-0.183038182
-0.231639697
-0.228954545
-0.187647576
-0.140632424
-0.086808182
-0.031344242
0.01828303
0.043298182
0.069566667
0.102793939
0.144714545
0.197275152
0.260004545
0.305504545
0.325132424
0.309283939
0.303311818
0.293004545
0.250541212
0.14542
0.022844242
-0.01638
-0.005806364
0.021037576
-0.01277303
-0.047609091
-0.024643939
0.092078182
0.283055455
0.293279394
0.183676667
0.005997273
-0.085275455
-0.106172424
-0.099002727
-0.071018485
0.006678485
0.060123636
0.049090303
-0.018871818
-0.093530909
-0.072776667
0.007434545
0.121542727
0.227429091
0.324854242
0.386348182
0.396872727
0.336668182
0.286950909
0.269200303
0.264055455
0.24801
0.182600909
0.113771212
0.073773636
0.090430303
0.167937879
0.188194545
0.153205152
0.072374545
0.033306364
0.043851212
0.05839
0.052698182
0.007599697
-0.02852303
-0.050914545
-0.056010606
-0.035639394
0.046140909
0.146401818
0.229680606
0.219983636
0.146133333
0.096859091
0.089246364
0.130647879
0.164145758
0.227015455
0.324915152
0.461362121
0.448572727
0.363567576
0.270835152
0.24057
0.277365455
0.284570606
0.262823636
0.215075758
0.184469697
0.168738182
0.156594242
0.141278485
0.127384545
0.11243697
0.099316667
0.092171818
0.10868697
0.164620303
0.234946364
0.298282121
0.299107879
0.281765455
0.292713939
0.332957879
0.373147273
0.337623333
0.25935
0.164527273
0.097974242
0.092203939
0.112819091
0.151940606
0.202478485
0.270245455
0.335952121
0.373856061
0.356
0.275712121
0.19793303
0.127691818
0.070064545
0.043928182
0.031575455
0.024310303
0.01621
0.00321
-0.013998788
-0.039606667
-0.072958182
-0.097109697
-0.068467273
-0.009033636
0.06272303
0.09911697
0.112544545
0.13502303
0.170901818
0.210810909
0.20358
0.16929
0.121882727
0.084269091
0.032081818
-0.042309091
-0.120053636
-0.170530909
-0.17471
-0.177604848
-0.18415697
-0.19771
-0.141437273
0.005136364
0.186418182
0.345759394
0.310744242
0.211212727
0.097724848
0.000506667
-0.10166
-0.148853333
-0.12361
-0.031321818
0.038579697
0.013899394
-0.03699
-0.083380303
-0.091569697
-0.144571818
-0.233921818
-0.32754303
-0.335558182
-0.257633333
-0.185752424
-0.144288182
-0.154947273
-0.209933636
-0.250747273
-0.264380303
-0.239024242
-0.136395455
-0.017727576
0.066376667
0.06171
-0.037373333
-0.103461212
-0.128824545
-0.108846667
-0.075763333
-0.054047273
-0.033203333
-0.008776061
-0.004351818
-0.010947576
0.0124
0.075966364
0.122519394
0.120048182
0.095233636
0.061094848
0.035375152
0.013098182
-0.014026364
-0.041315758
-0.048944545
-0.020986667
-4.21212E-05
0.000993636
-0.031491212
-0.058372424
-0.06468
-0.048604848
-0.009407879
0.052494545
0.103740606
0.138586364
0.15245
0.123556061
0.073370909
0.020459091
-0.018900303
-0.044157879
-0.088959091
-0.131248485
-0.153101212
-0.114366364
-0.070104242
-0.043806667
-0.040288182
-0.019856364
0.052660303
0.128976364
0.186859697
0.200420303
0.214534545
0.235585152
0.256638182
0.252479091
0.21712
0.176666364
0.139389091
0.114260303
0.084252727
0.023343636
-0.060045152
-0.148992121
-0.199335455
-0.235386667
-0.254269394
-0.25183
-0.203534545
-0.152184242
-0.104572727
-0.067306667
-0.057473333
-0.095901818
-0.153168485
-0.206424545
-0.212356364
-0.194935455
-0.162173333
-0.116655455
-0.051950909
-0.014343333
-0.014877273
-0.050976667
-0.095393333
-0.114336364
-0.130562424
-0.152501818
-0.189410909
-0.203293333
-0.175285455
-0.1047
0.0043
0.122179394
0.214299091
0.252882424
0.199283939
0.124238182
0.094858788
0.098013636
0.11465
0.123415152
0.116380606
0.083520909
0.017390606
-0.062594242
-0.103862727
-0.110262727
-0.086264545
-0.054446364
-0.000294545
0.071956667
0.154019091
0.204928182
0.194134242
0.142994545
0.072317576
0.040802424
0.035524545
0.009019697
-0.042909091
-0.099704545
-0.095106667
-0.065731515
-0.034893636
-0.040242121
-0.081115152
-0.118131818
-0.14082
-0.13857
-0.105694545
-0.081598788
-0.076558182
-0.09999
-0.13268697
-0.149063939
-0.142411818
-0.107346364
-0.045255455
0.041331818
0.133069697
0.206903939
0.150328182
0.038422121
-0.060906667
-0.114631818
-0.11439697
-0.130756061
-0.155856364
-0.177604848
-0.155635152
-0.120817273
-0.109307879
-0.125386667
-0.15672
-0.164513333
-0.162783939
-0.154429091
-0.140800303
-0.097724545
-0.028088182
0.053172121
0.123179697
0.154983636
0.158795758
0.142531212
0.11516
0.079372121
0.005406364
-0.081987273
-0.155638788
-0.093108485
-0.012698182
0.026956364
-0.009484848
-0.098045455
-0.149095455
-0.161213333
-0.1383
-0.1113
-0.065633333
0.026332727
0.162291818
0.292428182
0.287668182
0.218891212
0.125139697
0.072988182
0.025303333
-0.060654242
-0.163005455
-0.220528182
-0.128341818
-0.011582727
0.081858788
0.09553303
0.002538182
-0.068535152
-0.083405455
-0.01036
0.067503636
0.10068303
0.106733636
0.102217273
0.104399091
0.105037273
0.103041818
0.097684848
0.088745455
0.079138182
0.068976667
0.058862727
0.052302121
0.041662727
0.025549091
0.004527273
-0.016927273
-0.027913636
-0.030063333
-0.027663333
-0.03233
-0.041263333
-0.044894242
-0.039596364
-0.020664545
0.008617273
0.029858182
0.042083939
0.046455152
0.053553636
0.07157303
0.093203636
0.10959
0.098665758
0.073301818
0.038625455
-0.000387576
-0.03607697
-0.082751818
-0.132701818
-0.176586061
-0.167911818
-0.111328788
-0.037006667
0.033917273
0.055561212
0.028023333
-0.008675455
-0.036127576
-0.032862424
-0.028750909
-0.035654242
-0.052539091
-0.068084545
-0.07243
-0.073805758
-0.073382727
-0.070852424
-0.050821212
-0.015668182
0.022300303
0.044194242
0.03499
0.024499697
0.01593
0.01143
0.003028485
-0.010220606
-0.028906364
-0.053140303
-0.075897879
-0.084528182
-0.081216061
-0.068368788
-0.057103636
-0.055465152
-0.056713333
-0.057006364
-0.051726061
-0.046979091
-0.036674545
-0.017739394
0.014139394
0.031114545
0.032463636
0.021092424
0.006054545
-0.01099
-0.035851212
-0.065879091
-0.093500303
-0.084767576
-0.061655455
-0.035243333
-0.019576667
-0.006426364
0.006968182
0.013688788
0.00581
-0.013553636
-0.02631303
-0.033640909
-0.03705697
-0.045731212
-0.057585455
-0.066230909
-0.066877879
-0.052226364
-0.040839394
-0.036356667
-0.038945455
-0.038574242
-0.028281818
-0.014410909
-0.001602424
-0.000617576
-0.010342727
-0.020480909
-0.027191515
-0.026199091
-0.023186667
-0.021116364
-0.019679091
-0.01721697
-0.012461818
-0.010161818
-0.012397576
-0.021746061
-0.031123636
-0.035770303
-0.036826667
-0.03591
-0.037114545
-0.03688697
-0.034010909
-0.027655455
-0.022041818
-0.019379091
-0.017721515
-0.015810909
-0.013447273
-0.013611212