0.005
-0.0002886972
-0.0002874547
-0.0002861624
-0.0002848187
-0.0002834161
-0.0002819324
-0.000280355
-0.0002787483
-0.0002771665
-0.0002756889
-0.0002743438
-0.0002733159
-0.0002728563
-0.0002729086
-0.0002723755
-0.0002693135
-0.0002634674
-0.0002561941
-0.0002512933
-0.0002519401
-0.0002552944
-0.0002546355
-0.0002486593
-0.0002425591
-0.0002390702
-0.0002360457
-0.000230787
-0.0002251242
-0.000225643
-0.0002319178
-0.0002394586
-0.0002472664
-0.0002579625
-0.0002763418
-0.0003034055
-0.0003358295
-0.0003700081
-0.0003942809
-0.0004116875
-0.0004283545
-0.0004126467
-0.0003630475
-0.0003018104
-0.0002147019
-9.427413E-05
4.838486E-05
0.0002139786
0.0004221622
0.000659238
0.0008181886
0.0007904514
0.0005600891
0.000274967
9.552933E-05
4.173793E-05
-3.184298E-05
-0.0002680757
-0.0009235879
-0.002069344
-0.003121491
-0.003425715
-0.003186461
-0.002964139
-0.002898876
-0.002756201
-0.002204412
-0.0005504304
0.003369709
0.008200262
0.01125518
0.01134175
0.009356909
0.006247799
0.002411651
-0.001216233
-0.004335483
-0.007966827
-0.01128691
-0.01241434
-0.01089834
-0.007860608
-0.004601022
-0.001299546
0.001691252
0.002923317
0.00270368
0.002467658
0.00262818
0.002736031
0.002472567
0.001952629
0.001425286
0.0009837884
0.0005677375
0.0001057568
-0.0004099926
-0.0009514026
-0.001539697
-0.002211
-0.002709916
-0.0028208
-0.002508968
-0.002052166
-0.001540741
-0.0007535528
0.0002298619
0.001269408
0.002551221
0.00413625
0.005809545
0.00745884
0.009219154
0.01131005
0.0129643
0.01153982
0.005305857
-0.004018793
-0.0130126
-0.01763211
-0.01819607
-0.01834433
-0.01924133
-0.0178373
-0.009827055
0.00307614
0.01522197
0.01855959
0.0130345
0.006529055
0.003490063
0.002499489
0.0004111828
-0.003248145
-0.007102928
-0.009736018
-0.009553818
-0.005117537
0.003755211
0.01282476
0.01590615
0.01237542
0.006643476
0.001399157
-0.001787653
-0.0004446931
0.003317386
0.006091538
0.007706188
0.009854986
0.01268022
0.0138645
0.009535183
-0.001650793
-0.01767519
-0.03582461
-0.0508058
-0.05394973
-0.04556925
-0.0340488
-0.02487189
-0.01675004
-0.006362203
0.00636248
0.01546473
0.01896402
0.02009894
0.02153649
0.02280385
0.02239567
0.01967101
0.01479095
0.008582519
0.003374376
0.001417674
0.002093462
0.002708064
0.001627401
-0.001285711
-0.00665868
-0.01881283
-0.02821928
-0.02286263
-0.01031083
-0.005666274
-0.01027215
-0.0146983
-0.01473471
-0.008285793
0.003250449
0.01479468
0.02447695
0.03039709
0.03084793
0.02817203
0.02541876
0.02298869
0.01949402
0.01365698
0.003387103
-0.01459808
-0.02685648
-0.01680368
0.002594622
0.01479133
0.01393827
0.005787506
0.0005760103
0.006255255
0.0249272
0.04756289
0.06169183
0.05583383
0.03822886
0.0218887
0.009919923
-0.001722029
-0.01687174
-0.03424832
-0.04559633
-0.04254861
-0.01811659
0.01816443
0.03609741
0.02075257
-0.01054537
-0.04087865
-0.05794029
-0.05437911
-0.03710158
-0.01624421
0.002633551
0.01836869
0.02998812
0.03989581
0.04924965
0.05589627
0.04739514
0.01956692
-0.01390568
-0.03480621
-0.03302973
-0.01521897
0.006592058
0.01922319
0.01546394
-0.0004123719
-0.01861072
-0.03534783
-0.04579769
-0.0430037
-0.02632718
-5.395589E-05
0.03862128
0.07587488
0.09260895
0.08548761
0.05807281
0.01229216
-0.04448167
-0.07381232
-0.05990272
-0.0281562
-0.003667299
0.01361775
0.02934612
0.03911319
0.0403135
0.03552958
0.02859696
0.02011202
0.008133377
-0.008768514
-0.02909313
-0.04700147
-0.04530992
-0.01870405
0.01516696
0.03655306
0.03182494
0.00599979
-0.0275996
-0.05940477
-0.06908015
-0.05589034
-0.03811956
-0.01850459
0.010527
0.04014367
0.05005244
0.03540123
0.0140243
-0.0001853521
-0.01045777
-0.02458594
-0.04355376
-0.06166219
-0.07069396
-0.05456901
-0.002419793
0.06726068
0.1180056
0.1160372
0.07189896
0.01044866
-0.05479946
-0.07757062
-0.04636277
0.006144495
0.04395843
0.04965564
0.03723908
0.02988012
0.03205458
0.03318517
0.02480133
0.004146932
-0.03045328
-0.06737497
-0.08316081
-0.07209416
-0.04848618
-0.02655206
-0.009898786
-0.0001831223
0.002492165
0.004034134
0.006981151
0.009886651
0.01070865
0.01109994
0.01405121
0.01843959
0.0222784
0.02172444
0.008735517
-0.01554652
-0.0303502
-0.01885816
0.003876188
0.0171918
0.01228442
-0.005569206
-0.02361111
-0.03594073
-0.04850566
-0.06636403
-0.0773283
-0.06205564
-0.01566812
0.04253158
0.09258428
0.1070972
0.08522919
0.03502059
-0.04589725
-0.1257191
-0.1482118
-0.1121728
-0.05771067
-0.006936078
0.04786775
0.1088068
0.1436648
0.1328265
0.08175461
0.006634442
-0.07461704
-0.1226844
-0.109127
-0.06165904
-0.01427068
0.02321816
0.04917966
0.0632967
0.05802476
0.02711653
-0.0206111
-0.05645397
-0.05625118
-0.03775742
-0.02880931
-0.03096816
-0.03201896
-0.02479088
-0.005452522
0.02640885
0.0586778
0.06946856
0.04185066
-0.009078643
-0.04857924
-0.06287761
-0.06768538
-0.07828597
-0.08917526
-0.08754871
-0.07111002
-0.04643004
-0.006555974
0.05901847
0.1403645
0.2019796
0.2067195
0.1516676
0.05676976
-0.031084
-0.06924627
-0.05608906
-0.03539357
-0.03434472
-0.04292994
-0.04317655
-0.03244539
-0.0192836
-0.01031186
-0.004750358
0.0009560399
0.008171795
0.01524958
0.02072709
0.02245259
0.0155878
0.0008243928
-0.01306804
-0.01137171
0.01193398
0.04085376
0.04874061
0.02266831
-0.02074542
-0.0494376
-0.0384875
0.003231387
0.04636218
0.06811173
0.06587194
0.05044666
0.02402677
-0.01013366
-0.0456751
-0.08262866
-0.1241501
-0.1514988
-0.1463206
-0.1140827
-0.06755492
-0.00297385
0.06288697
0.09829316
0.08577608
0.04134303
-0.005471781
-0.02115803
-0.001531059
0.0288781
0.05792887
0.07835661
0.07057092
0.03670651
0.002331281
-0.01297953
-0.005835435
0.004156245
0.002233115
-0.01557655
-0.03824305
-0.04981042
-0.04003734
-0.01322915
0.02768809
0.06226862
0.07276259
0.07124776
0.07511266
0.08534045
0.09062466
0.07669415
0.0359941
-0.03372296
-0.1106443
-0.1318129
-0.0917413
-0.03790458
0.00577011
0.03472
0.0418331
0.03368294
0.02767773
0.03777524
0.05878806
0.07300629
0.06527752
0.0255718
-0.05135387
-0.1321732
-0.1627833
-0.1335264
-0.08473214
-0.04400376
-0.009603395
0.01728165
0.03209396
0.03978607
0.04496196
0.04291282
0.02755888
0.004098183
-0.01691103
-0.02684939
-0.02330099
-0.005902165
0.03436415
0.09183508
0.1510802
0.1881945
0.184695
0.1492894
0.09202816
0.0195891
-0.03360516
-0.05017306
-0.06134285
-0.08382529
-0.1046224
-0.1020462
-0.06388792
-0.000489786
0.06497567
0.1035278
0.08038
-0.02195334
-0.1596915
-0.2094226
-0.1589272
-0.09831804
-0.0818308
-0.09422635
-0.1011129
-0.08725388
-0.04930787
0.004097835
0.06334482
0.1244171
0.1714057
0.1843134
0.1591055
0.1036978
0.0535336
0.02207925
-0.004242945
-0.04313093
-0.1008505
-0.1645555
-0.1838835
-0.1320574
-0.05410092
0.007032681
0.05436593
0.07960027
0.08123499
0.07834142
0.07875062
0.07795679
0.06992218
0.05471625
0.03837663
0.02317985
0.01072365
0.01618141
0.04231817
0.07471617
0.09057506
0.06892183
0.003578001
-0.09837997
-0.1889297
-0.206768
-0.148325
-0.0520812
0.04048444
0.1246272
0.1726891
0.1604867
0.09567456
-0.01061531
-0.108265
-0.1302751
-0.09186905
-0.0462159
-0.01368169
-0.002030479
-0.0104938
-0.02284546
-0.01660648
0.01674508
0.07329159
0.1386999
0.1714687
0.1382328
0.044888
-0.08911808
-0.1935893
-0.212831
-0.1761197
-0.1331325
-0.08467009
-0.0188571
0.05283044
0.09561552
0.08812126
0.05033533
0.009410448
-0.006483757
0.008966193
0.0291384
0.03645991
0.02822337
0.009892535
-0.004693505
0.003713048
0.04170008
0.09351225
0.1465007
0.1837074
0.182024
0.1345305
0.06237613
0.0184638
0.02478125
0.05027242
0.06154594
0.04731843
0.01757536
-0.01021388
-0.03076635
-0.04148098
-0.040639
-0.03835018
-0.04048628
-0.04824211
-0.07000288
-0.1186462
-0.2013933
-0.2995428
-0.3477974
-0.3193156
-0.2371325
-0.1221385
0.04061646
0.2284505
0.327578
0.2819564
0.1323477
-0.03457442
-0.100616
-0.05745934
0.005067731
0.03513646
0.05233888
0.0863719
0.1363123
0.1681843
0.1545659
0.09568757
-0.008288546
-0.1282193
-0.1998486
-0.2040474
-0.1801537
-0.15857
-0.1370724
-0.1071737
-0.07192998
-0.03359001
-0.001056232
0.01658962
0.01938899
0.006305763
-0.01962531
-0.04809865
-0.06258128
-0.04465188
0.0014272
0.05402693
0.09830847
0.1155403
0.1034342
0.07889375
0.06151947
0.05066302
0.03524368
0.01253276
-0.01062138
-0.0296139
-0.04371433
-0.04731294
-0.03995129
-0.03041219
-0.02232429
-0.01288988
0.002532381
0.024147
0.04962634
0.07434739
0.09173414
0.07456412
0.006560714
-0.09435264
-0.2011002
-0.275236
-0.2904227
-0.2640837
-0.2200591
-0.1606602
-0.08189525
0.009405057
0.102854
0.1722685
0.1946786
0.1772807
0.1244842
0.03748996
-0.05132483
-0.08779601
-0.05984539
-0.009234643
0.02709789
0.04373244
0.04581161
0.04049892
0.03240438
0.02069043
0.001372985
-0.04133537
-0.1210838
-0.1904257
-0.1812802
-0.1064852
-0.01623903
0.1002254
0.2409931
0.3240764
0.3148428
0.2466965
0.114414
-0.02906165
-0.07898612
-0.04756387
-0.01088974
-0.002915153
-0.01153228
-0.02153611
-0.03550735
-0.05334129
-0.06447293
-0.06459781
-0.06070734
-0.05255492
-0.02180086
0.03206883
0.08406272
0.1084573
0.09026483
0.0272541
-0.05967497
-0.1163098
-0.1027542
-0.05901588
-0.02669347
-0.005906506
0.0186062
0.05355026
0.09022143
0.1178251
0.1324125
0.1335303
0.1196552
0.09004009
0.04320386
-0.009325796
-0.03377519
-0.03023059
-0.02300271
-0.0227168
-0.02448552
-0.02173052
-0.0159649
-0.01446469
-0.02156997
-0.03151835
-0.04078583
-0.04341183
-0.02584288
0.0208754
0.08257897
0.1261241
0.1281502
0.08891109
0.02935995
-0.01275793
-0.02091615
-0.01692835
-0.02092005
-0.02994292
-0.03200003
-0.02331122
-0.005587531
0.01723965
0.04473973
0.07379235
0.09023146
0.08256345
0.05845248
0.03165836
0.008430728
-0.00337835
-0.002324946
0.002519922
0.001729761
-0.01031582
-0.03313157
-0.06583797
-0.09532595
-0.1039734
-0.09305627
-0.07096027
-0.0440928
-0.01620743
0.01331169
0.04662884
0.08563326
0.1238235
0.1509324
0.1543691
0.1299876
0.08949813
0.04425178
-0.005645639
-0.06354695
-0.1238025
-0.1629395
-0.1659322
-0.1454087
-0.1123866
-0.07534894
-0.04577109
-0.03192814
-0.02180261
-0.006120871
0.0147377
0.0368809
0.05923247
0.08507023
0.1103497
0.11988
0.1054315
0.0794573
0.05004244
0.01866136
-0.0151723
-0.05311921
-0.08703739
-0.09329313
-0.06773986
-0.02878817
0.004909832
0.02808021
0.04311561
0.05667794
0.07119962
0.0788129
0.06935904
0.04093127
0.004814508
-0.03017413
-0.05002301
-0.04973137
-0.04485481
-0.04513266
-0.04516521
-0.03401823
-0.003851165
0.04030146
0.07597178
0.08030185
0.06358892
0.05014092
0.04569677
0.03944849
0.01970143
-0.02459807
-0.08831842
-0.1558381
-0.1961991
-0.193609
-0.1697735
-0.1450499
-0.1128272
-0.05180128
0.04249314
0.1465759
0.2193533
0.2308638
0.1754338
0.05502463
-0.08611273
-0.1769628
-0.1808138
-0.1398162
-0.1012278
-0.06470451
-0.03660996
-0.03335298
-0.04399147
-0.0514252
-0.05328444
-0.05552216
-0.05982505
-0.06032064
-0.04637635
-0.001099436
0.09574458
0.206622
0.2613664
0.2208144
0.09055791
-0.07211916
-0.1337596
-0.09372657
-0.06098105
-0.08891701
-0.1600391
-0.2477632
-0.3185847
-0.3238925
-0.2600893
-0.1546028
-0.04500507
0.05163979
0.13566
0.181576
0.1627866
0.1042909
0.06508227
0.06926599
0.08741738
0.08979801
0.07983796
0.07346209
0.07626803
0.08109762
0.06647325
0.009440711
-0.06269455
-0.119961
-0.1365429
-0.1092048
-0.06458457
-0.0235293
0.01563567
0.04002562
0.04093379
0.02797748
0.016103
0.007648353
-0.002603351
-0.01741445
-0.03468498
-0.0518137
-0.06841969
-0.08407327
-0.09479757
-0.08491948
-0.05471
-0.02205019
-0.006549092
-0.01862854
-0.03824329
-0.04248476
-0.009930798
0.06085581
0.1478628
0.2174659
0.2366408
0.203184
0.1520212
0.1301226
0.1605543
0.2155373
0.2491713
0.2224416
0.1174078
-0.03785483
-0.1566549
-0.1658712
-0.1030777
-0.04406528
-0.02387994
-0.03405207
-0.04145202
-0.01380226
0.05914834
0.154819
0.2315463
0.2700242
0.1602642
-0.2594266
-0.5316344
-0.4246982
-0.1531732
0.1005319
0.2672274
0.3099524
0.1841009
-0.0780981
-0.185555
-0.0687779
0.1045212
0.2397906
0.3020787
0.303464
0.2534644
0.1385933
0.02215483
-0.001635789
0.03331059
0.04462409
0.01842619
-0.009931687
-0.01636681
-0.0005604411
0.02278728
0.04026009
0.04394933
0.02307791
-0.04320276
-0.1369213
-0.1819312
-0.1457061
-0.04613376
0.08372991
0.1465578
0.1182095
0.06561011
0.03015151
0.01531186
0.0194266
0.03529989
0.05643094
0.07836192
0.09194782
0.08332162
0.0503241
-0.01587535
-0.1224672
-0.2344194
-0.2913791
-0.2651257
-0.1965177
-0.1143076
-0.005127178
0.1131424
0.1975362
0.2225877
0.1995147
0.156707
0.1218409
0.1117271
0.1132643
0.1064382
0.08815465
0.06433327
0.03803975
0.01844513
0.02162764
0.03963178
0.05178398
0.03957096
-0.03330906
-0.1584316
-0.28128
-0.3551828
-0.3620489
-0.323087
-0.2691519
-0.2081483
-0.1283535
-0.03528783
0.05482082
0.1179479
0.1318743
0.1043579
0.05679746
-0.003464271
-0.06339687
-0.09573625
-0.0863132
-0.05113466
-0.00880316
0.03521781
0.08525334
0.1381188
0.1731024
0.1778862
0.1592046
0.1210115
0.05693248
-0.02854688
-0.1161683
-0.1907945
-0.2194112
-0.2186361
-0.2231875
-0.2388562
-0.2524205
-0.2559877
-0.2520615
-0.2335259
-0.1769638
-0.0975057
-0.02836145
0.01839053
0.04313015
0.04340161
0.02970023
0.02412781
0.04582652
0.0897269
0.1384985
0.1755235
0.1823712
0.1479235
0.07761799
-0.01084146
-0.09766817
-0.1719044
-0.2200493
-0.2361555
-0.2287669
-0.2080443
-0.17107
-0.11226
-0.06260438
-0.05676933
-0.07862587
-0.09552584
-0.08829647
-0.05780961
-0.009678321
0.0468748
0.1025105
0.1563005
0.2009988
0.2269911
0.2232752
0.1900565
0.1382349
0.08205339
0.03061202
-0.002062683
-0.02357793
-0.04616197
-0.07112165
-0.09439362
-0.1119814
-0.1222572
-0.121437
-0.101561
-0.05346685
0.02717502
0.1243346
0.2031194
0.2396405
0.2211557
0.1637048
0.1007084
0.06953234
0.08474032
0.1193176
0.1410552
0.1379742
0.1169542
0.084919
0.03818784
-0.02749304
-0.1079748
-0.1598899
-0.1555395
-0.1121327
-0.04170637
0.05598194
0.1578953
0.217771
0.2004522
0.1089211
-0.008047329
-0.0527461
-0.02228899
0.01680914
0.03179509
0.03929166
0.05128724
0.06050102
0.05338485
0.03033343
0.003172847
-0.01624445
-0.02321666
-0.02293741
-0.02107754
-0.01947929
-0.01835267
-0.01966152
-0.02914289
-0.05172728
-0.07925276
-0.09086441
-0.07655895
-0.04991247
-0.02709516
-0.01161121
-0.00294357
-0.005168085
-0.01655167
-0.03046481
-0.04298077
-0.05569137
-0.06963142
-0.08348774
-0.09402317
-0.08768387
-0.05612875
-0.0173305
0.01540671
0.04062348
0.0593645
0.06392485
0.05182435
0.03368816
0.01810767
0.00485792
-0.009554954
-0.02606949
-0.04176971
-0.05420856
-0.05776255
-0.04734403
-0.02784924
-0.008416656
-0.0005692545
-0.01271712
-0.03709533
-0.05547967
-0.05898434
-0.04697141
-0.02287609
0.00594805
0.03417815
0.06193523
0.08324353
0.09211184
0.09133484
0.08420367
0.06486298
0.02623921
-0.02433492
-0.05760643
-0.05739979
-0.04486542
-0.03930784
-0.03706422
-0.02608156
-0.006770406
0.01387186
0.02779931
0.01690232
-0.02319907
-0.07269738
-0.102197
-0.0859996
-0.03707991
0.02040005
0.07803998
0.122587
0.1379003
0.1280357
0.1054566
0.06825212
0.02054245
-0.01719237
-0.0334629
-0.03938368
-0.04817542
-0.06151948
-0.07400181
-0.08288302
-0.09072425
-0.1010414
-0.1163479
-0.1418215
-0.1864663
-0.2330114
-0.2376403
-0.176046
-0.07532751
0.02206929
0.1033986
0.1559746
0.1703853
0.1596556
0.1397118
0.1071983
0.04943081
-0.02453994
-0.08668362
-0.1200856
-0.1198692
-0.09061188
-0.03748363
0.02977538
0.07847597
0.08756825
0.07795283
0.07356833
0.07748188
0.07955226
0.07420005
0.06635769
0.06260691
0.0659745
0.07815659
0.102211
0.137496
0.1752025
0.1915039
0.1781541
0.1407657
0.08681727
0.03630451
0.006937738
-0.01292218
-0.03858399
-0.06523516
-0.07413086
-0.05959989
-0.02628098
0.01692768
0.03406847
0.008711921
-0.03886551
-0.08307745
-0.1112306
-0.1155841
-0.1128281
-0.1168647
-0.1235126
-0.1219625
-0.1065148
-0.0791679
-0.04675724
-0.01283896
0.02318138
0.06280851
0.09786047
0.1132202
0.1086299
0.09320413
0.07277294
0.04841025
0.01653879
-0.02064576
-0.05555765
-0.07921224
-0.08613504
-0.08806585
-0.09703209
-0.110166
-0.1218017
-0.1293098
-0.1205771
-0.09183702
-0.05663169
-0.02523725
0.003914549
0.03514664
0.06280166
0.07763365
0.07528548
0.06318588
0.0491806
0.03532961
0.01898227
-0.0004075692
-0.02297207
-0.04608681
-0.06569458
-0.0775555
-0.06912967
-0.03572285
0.01232618
0.06046769
0.1021277
0.1326785
0.1429765
0.1262468
0.08737561
0.04138957
0.01356488
0.002295633
-0.00942391
-0.02860269
-0.04896441
-0.05821264
-0.04379015
-0.009691153
0.03030889
0.06516708
0.07963601
0.06858709
0.0381199
0.007080104
-0.01630229
-0.03867128
-0.06653948
-0.1001394
-0.139791
-0.1833927
-0.2164954
-0.2191025
-0.1946604
-0.1600296
-0.1176173
-0.06363914
-0.01273399
0.01277926
0.009710737
-0.01046876
-0.03208079
-0.04583411
-0.04489109
-0.03677567
-0.03411235
-0.03756621
-0.03993075
-0.03795501
-0.03377005
-0.02844834
-0.0161003
0.01611577
0.06557188
0.1032667
0.1143032
0.1056623
0.08674536
0.06094772
0.02959423
-0.001583935
-0.0191656
-0.01286736
0.01739877
0.05505589
0.08747375
0.1120671
0.1237312
0.1203688
0.1056204
0.08427269
0.05454834
0.01423265
-0.02779062
-0.06765405
-0.1060395
-0.1281955
-0.1191306
-0.08559046
-0.04467393
-0.009089762
0.02153292
0.03480079
0.02619615
0.01377932
0.01038927
0.01467347
0.01819343
0.01738136
0.01480814
0.01384594
0.0149154
0.01661323
0.0177978
0.01843781
0.01905772
0.01993551
0.02099823
0.02213609
0.02325144
0.02512489
0.03215244
0.05034625
0.07572053
0.1009094
0.1109081
0.08590432
0.03312566
-0.02842582
-0.0775622
-0.102086
-0.108963
-0.1094334
-0.1040149
-0.08857558
-0.06138294
-0.02483114
0.01827404
0.06273556
0.1021937
0.1401264
0.1746211
0.1954844
0.2011918
0.1864248
0.1204494
0.02306976
-0.03969767
-0.03776757
-0.01315098
-0.004589831
-0.01016255
-0.01022738
0.001387165
0.01617904
0.02516664
0.02653925
0.02156916
0.01293042
0.001634009
-0.01096579
-0.0242661
-0.03635628
-0.04567492
-0.05098195
-0.05357475
-0.05439038
-0.05450558
-0.05342314
-0.05111565
-0.04648438
-0.03836347
-0.02635678
-0.009020502
0.01047115
0.02751346
0.0391725
0.03767274
0.0155964
-0.01505915
-0.04105179
-0.05770094
-0.05697708
-0.04289548
-0.02914021
-0.02029023
-0.01137802
0.001925814
0.01807214
0.03214389
0.04001121
0.03920893
0.03013498
0.0125465
-0.02164159
-0.06904548
-0.1166535
-0.1587911
-0.1903351
-0.1966204
-0.1733879
-0.12993
-0.07885962
-0.03072993
0.02036576
0.07992855
0.1345241
0.1626881
0.1598421
0.1228294
0.04890609
-0.02132018
-0.04378858
-0.02890733
-0.01448609
-0.01404561
-0.0165549
-0.01186758
-0.0005908761
0.01178135
0.02358166
0.03794334
0.05748839
0.07470543
0.06873593
0.04689037
0.02735189
0.01532625
0.0123456
0.01982875
0.03369557
0.04714519
0.05581452
0.05740786
0.05126978
0.04385461
0.04022472
0.04383301
0.05170895
0.05766494
0.06130857
0.06420345
0.05968234
0.04257468
0.01769612
-0.01040752
-0.03066541
-0.03005576
-0.02076525
-0.01776598
-0.02028608
-0.02091408
-0.01686494
-0.01060982
-0.005416171
-0.00346802
-0.006256145
-0.01567868
-0.03202203
-0.05164917
-0.07201923
-0.09442826
-0.1128835
-0.1146055
-0.09900705
-0.07764733
-0.05731642
-0.03830648
-0.01838585
-0.004214655
-0.003578219
-0.01614921
-0.0332663
-0.0478762
-0.06082909
-0.06676779
-0.05298537
-0.02733353
-0.004636125
0.01290718
0.03114059
0.05275194
0.06874782
0.06734781
0.05117314
0.03232839
0.01775504
0.01259983
0.02775507
0.05992765
0.09278725
0.117428
0.1339654
0.141879
0.1371852
0.1195206
0.09661796
0.07503764
0.05362363
0.02914909
0.006596522
-0.00215012
0.001755486
0.007028596
0.008554093
0.007740498
0.006572173
0.004820532
0.0004151223
-0.00811471
-0.02003676
-0.03479202
-0.05005004
-0.06456775
-0.07448254
-0.06921343
-0.04998923
-0.02875834
-0.01152838
0.005671279
0.02472831
0.0339941
0.02329114
-0.004683763
-0.03543997
-0.04586229
-0.03858831
-0.03187327
-0.03260514
-0.03343081
-0.02892318
-0.01848427
-0.00278205
0.01647342
0.03924181
0.06636958
0.08871474
0.09093105
0.07198242
0.04211857
0.01293288
-0.005174393
-0.01032799
-0.0102447
-0.01111736
-0.01154757
-0.00799575
-0.0009810967
0.006834801
0.01351954
0.01376858
0.005878705
-0.003935704
-0.01127099
-0.0178497
-0.02263427
-0.01886073
-0.008709357
0.0005563992
0.007997373
0.01641959
0.02256344
0.01668611
2.381953E-05
-0.01388737
-0.01897255
-0.02069176
-0.02516296
-0.0326
-0.04369657
-0.05966067
-0.07636742
-0.08821613
-0.08031831
-0.04899107
-0.01352854
0.015514
0.03349336
0.03519658
0.02035204
0.001259723
-0.01487892
-0.02713196
-0.02431693
-0.00822938
0.00709322
0.01750131
0.02977896
0.04325396
0.04935817
0.04509653
0.03664232
0.02985353
0.02461093
0.02161982
0.03037534
0.04996776
0.06993329
0.0861827
0.1023515
0.1196731
0.1305023
0.1212921
0.08817262
0.04386584
0.002297977
-0.03285815
-0.04832913
-0.03513735
-0.007376696
0.01730354
0.03599377
0.05106562
0.05494018
0.04185053
0.0221923
0.007066078
0.00193086
0.005679612
0.01126941
0.01369172
0.01163061
0.00653261
0.002722223
0.002306386
0.003203431
0.002744224
0.0008673545
-0.001026294
-0.002187293
-0.003109713
-0.004356777
-0.002261806
0.009303234
0.02697372
0.04398468
0.05849757
0.07282039
0.0874544
0.09714627
0.09250764
0.06337053
0.02178242
-0.01476827
-0.04400164
-0.06169774
-0.06684687
-0.06713655
-0.06858698
-0.07036688
-0.06937448
-0.06574161
-0.06100176
-0.05634388
-0.05198889
-0.04663872
-0.04013544
-0.03121295
-0.01808247
0.002581975
0.02945076
0.05851211
0.08718094
0.1124664
0.1301912
0.1356042
0.1290862
0.1146364
0.09661007
0.07477503
0.04692512
0.01634068
-0.01372172
-0.04317352
-0.0734106
-0.1040465
-0.1259525
-0.1248574
-0.1070172
-0.09014805
-0.07815747
-0.06475532
-0.04688528
-0.0266494
-0.006903796
0.01166335
0.02992356
0.04858411
0.06741291
0.08461997
0.09705048
0.1021049
0.1002049
0.0867587
0.04546831
-0.01234598
-0.04395472
-0.04518137
-0.04762826
-0.064745
-0.08649166
-0.1001458
-0.09024317
-0.05353474
-0.007508879
0.02668985
0.04457765
0.04976334
0.046844
0.03729066
0.02087288
0.009806913
0.00575975
0.003874558
0.004695145
0.006684686
0.002997064
-0.02012072
-0.0515578
-0.06794814
-0.06416839
-0.0490515
-0.02850564
-0.002421818
0.03025241
0.05825449
0.07066395
0.06884984
0.0556629
0.03306442
0.008770368
-0.01311907
-0.03305792
-0.05411503
-0.07723204
-0.09919217
-0.1124831
-0.1127754
-0.1005711
-0.08471228
-0.07350211
-0.06587034
-0.04949893
-0.03433141
-0.03634622
-0.0471506
-0.05152865
-0.03675292
2.093901E-05
0.047066
0.07794124
0.08382493
0.06849699
0.03716791
0.002206455
-0.02393789
-0.03473519
-0.03364923
-0.03311298
-0.03727953
-0.0476594
-0.06775409
-0.08082411
-0.06326499
-0.02598525
-0.004036203
-0.006791611
-0.02157613
-0.03261078
-0.03246419
-0.01726962
0.01560816
0.05223718
0.08071676
0.09464486
0.08742767
0.05905113
0.01577428
-0.0138819
-0.01701453
-0.00721909
0.01493989
0.04888337
0.07358161
0.07502204
0.05441513
0.02819907
0.007213873
-0.01116003
-0.03271806
-0.05288492
-0.06490258
-0.07313352
-0.08302273
-0.09412996
-0.09958394
-0.09205425
-0.0781024
-0.06746949
-0.06593761
-0.06795904
-0.06638845
-0.0595386
-0.04417845
-0.01542921
0.01970208
0.05955146
0.0934449
0.1088209
0.1066332
0.09637523
0.07858241
0.05005975
0.01705954
-0.00902321
-0.02394237
-0.03611157
-0.04903083
-0.0603948
-0.06728072
-0.07054294
-0.07189881
-0.07101491
-0.06659251
-0.05661396
-0.04074099
-0.01925261
0.004071523
0.02656524
0.04834205
0.06721036
0.07413072
0.06361048
0.03547819
-0.002446191
-0.03693712
-0.05319732
-0.05178431
-0.04415146
-0.0368564
-0.03016509
-0.02172257
-0.01396657
-0.01288745
-0.02214465
-0.03812566
-0.05263033
-0.06093506
-0.05988147
-0.05073764
-0.03840883
-0.02842334
-0.02678949
-0.03353626
-0.04616431
-0.06248464
-0.07344398
-0.07038616
-0.05188322
-0.02267688
0.005771319
0.02714894
0.03661603
0.03681786
0.03352803
0.03001919
0.02536598
0.01707718
0.005020574
-0.007697028
-0.01886809
-0.02661225
-0.02509713
-0.009719328
0.009771423
0.022394
0.02441055
0.01954447
0.01647908
0.01731612
0.02448203
0.0445963
0.06954353
0.08509048
0.08252401
0.05841944
0.01638592
-0.02761888
-0.05662102
-0.06784394
-0.07093395
-0.0739361
-0.07678385
-0.07381364
-0.06388406
-0.04992223
-0.03417958
-0.01599337
0.006595347
0.03467752
0.06267482
0.08187982
0.08223314
0.05663189
-0.0008984328
-0.05734861
-0.08340541
-0.08027677
-0.06938958
-0.0606785
-0.05601665
-0.05319703
-0.0471599
-0.03565278
-0.01555315
0.009655357
0.03191987
0.04403378
0.04223679
0.02816267
0.02062977
0.02937603
0.04328383
0.05111735
0.05415779
0.05556223
0.05079342
0.0384026
0.01557467
-0.01060061
-0.02555567
-0.02839452
-0.02655097
-0.02242774
-0.01473035
-0.003674439
0.008897174
0.02040073
0.02549207
0.02028309
0.0106443
0.00399132
0.001390237
9.925879E-05
0.0003031372
0.0102337
0.0322414
0.05571699
0.06778997
0.06147068
0.03509323
0.005358146
-0.006300064
-0.004952808
-0.006669365
-0.01507719
-0.02389078
-0.02832067
-0.02892923
-0.02843258
-0.02620712
-0.01423674
0.007023207
0.02121794
0.0201311
0.004387863
-0.01688856
-0.03133669
-0.03401658
-0.02742015
-0.01497914
-0.002994014
0.00628306
0.01403044
0.01407671
0.006096562
-0.0009753198
-0.003832193
-0.004331292
-0.002630888
0.005193865
0.01886459
0.03451028
0.04952045
0.06450244
0.07721214
0.07961787
0.06986265
0.06031546
0.06217574
0.06892798
0.06806725
0.0590727
0.05024311
0.04529716
0.04158013
0.03471265
0.02262554
0.003465612
-0.009967416
0.0090153
0.02991806
0.01462815
-0.01953424
-0.0344888
-0.02212724
0.000311569
0.01115857
-0.007254333
-0.03420321
-0.04326456
-0.03313725
-0.01598471
-0.00372094
-0.00065094
-0.004549281
-0.007890452
-0.003803759
0.004640682
0.01201087
0.01670913
0.01892092
0.0184551
0.01275287
0.002481733
-0.006848745
-0.01155526
-0.00744055
0.01226695
0.0382892
0.05269659
0.04434973
0.01914945
-0.009151261
-0.02669912
-0.03143494
-0.03316533
-0.03796083
-0.03832897
-0.02656582
-0.006638658
0.0120112
0.02571563
0.03656591
0.0439948
0.04365471
0.0287438
0.003454131
-0.01622002
-0.02273396
-0.02056162
-0.01005076
0.006426219
0.02308169
0.03624306
0.04623516
0.05436402
0.06086358
0.06405569
0.0625554
0.05697427
0.04764531
0.03297785
0.02000392
0.01403157
0.0144921
0.01975498
0.03027133
0.04556358
0.05816027
0.05894218
0.03976235
-0.0006213106
-0.05180593
-0.08848544
-0.09979478
-0.09453983
-0.07960422
-0.05548987
-0.02711954
-0.005642154
0.006057734
0.01330469
0.01548149
0.01251035
0.00624565
-0.002758925
-0.01520695
-0.02865671
-0.03888691
-0.03971021
-0.02681996
-0.002319418
0.02418952
0.03864982
0.03680812
0.02022782
0.0008247752
-0.008401614
-0.009796199
-0.008112983
-0.004637198
-0.004413948
-0.006089922
-0.00632339
-0.006470887
-0.008308657
-0.01036717
-0.0113118
-0.0118868
-0.0129107
-0.01429158
-0.01559016
-0.01665452
-0.01763171
-0.01788695
-0.01236332
-0.0004440606
0.01316821
0.02568128
0.03494436
0.03939508
0.04151355
0.04256215
0.04128259
0.03614162
0.02541326
0.01025725
-0.006785364
-0.02370609
-0.03805876
-0.04674586
-0.04760926
-0.04285633
-0.0358846
-0.02935619
-0.02317314
-0.01629816
-0.009607538
-0.005102167
-0.004753485
-0.01088291
-0.01933142
-0.02409275
-0.01939531
-0.003220778
0.01668232
0.0334715
0.04484933
0.0467225
0.03957917
0.02934079
0.01921223
0.009434188
0.00203157
-0.002025018
-0.003537352
-0.003395665
-0.002332903
-0.002292114
-0.005306351
-0.01160148
-0.01950261
-0.02562825
-0.02387889
-0.01505869
-0.006458709
-0.0009574318
0.0005054684
-0.001348568
-0.004895994
-0.006954106
-0.005672354
-0.003578254
-0.002791206
-0.004068681
-0.009823913
-0.02358432
-0.04072911
-0.04723639
-0.03721703
-0.01287363
0.01220237
0.02610728
0.02918953
0.02522253
0.02004894
0.01602958
0.01501931
0.02065987
0.02900066
0.03479812
0.03755359
0.03602874
0.03057858
0.02417034
0.01799602
0.01121419
0.001026164
-0.01331742
-0.02800254
-0.03872306
-0.04233552
-0.03617356
-0.02650145
-0.01914741
-0.01375464
-0.008441477
-0.002569955
0.002820861
0.007427355
0.01116952
0.01240455
0.0109239
0.006432821
-4.733558E-06
-0.007307971
-0.01549222
-0.0246806
-0.03423265
-0.04373986
-0.05321147
-0.06001468
-0.0577095
-0.04493307
-0.02714483
-0.01078991
0.002037884
0.007658307
0.002712326
-0.01141106
-0.0263605
-0.03474178
-0.03127659
-0.01630919
0.007954298
0.03418437
0.0551386
0.06407146
0.05958946
0.04122963
0.01587914
-0.006178916
-0.01569113
-0.01318755
-0.006734038
-0.001699334
0.003491893
0.01000162
0.01478705
0.01605778
0.0139804
0.007203152
-0.008060949
-0.02776227
-0.04522052
-0.05699709
-0.06374181
-0.06995939
-0.07689493
-0.0799327
-0.07073742
-0.04753654
-0.01834597
0.004541388
0.01718702
0.01986052
0.01574846
0.01188005
0.01073869
0.0106044
0.01360607
0.02016162
0.02703301
0.03297602
0.03514889
0.0284048
0.01746768
0.008699702
0.004728095
0.006645839
0.009847612
0.01063303
0.009570541
0.006127901
0.0004924622
-0.006875059
-0.01468936
-0.02207478
-0.02844867
-0.03342194
-0.03658333
-0.03583188
-0.02844402
-0.01482719
0.001091583
0.01669839
0.03186384
0.04084296
0.04010264
0.03681787
0.03779788
0.0480136
0.0747045
0.1117049
0.1354724
0.1110985
0.02234558
-0.06162376
-0.0648075
-0.0226168
0.0007724437
-0.009507858
-0.0320768
-0.04291805
-0.03910952
-0.02839768
-0.01970806
-0.01921451
-0.0320233
-0.05079933
-0.06389152
-0.06912913
-0.06638265
-0.04805598
-0.009163925
0.03601354
0.07143292
0.09036362
0.09093543
0.08461344
0.07740128
0.0625888
0.03969039
0.01656446
-0.003874361
-0.02147308
-0.03694185
-0.04518659
-0.04185675
-0.03438235
-0.03183131
-0.03266169
-0.03108127
-0.0247898
-0.01700297
-0.01093779
-0.006779399
-0.002732431
0.001873031
0.006985013
0.01534276
0.02609571
0.03640052
0.03910253
0.03245836
0.02480768
0.01943758
0.01475989
0.01086442
0.008702556
0.009758852
0.01428702
0.02092138
0.02784311
0.03454069
0.04144743
0.04943998
0.0589338
0.06812544
0.07170009
0.06248632
0.04546814
0.03098854
0.02225909
0.01406501
0.002891671
-0.009702713
-0.02329799
-0.03931148
-0.05715453
-0.06854366
-0.06398117
-0.04873522
-0.03682164
-0.03086655
-0.02440603
-0.01264338
0.004334149
0.02482763
0.04490246
0.06228748
0.07427862
0.0771866
0.06667585
0.04230916
0.0155002
-0.002097053
-0.01264736
-0.02155005
-0.02340894
-0.01318735
0.001414306
0.01309289
0.01735715
0.01249525
0.003256517
-0.005023563
-0.008301012
-0.006595451
-0.004439505
-0.004395979
-0.009225428
-0.01756688
-0.02525416
-0.02814376
-0.02609836
-0.02336489
-0.02209963
-0.02147217
-0.02007511
-0.01768562
-0.0142448
-0.009897134
-0.005619375
-0.001834976
0.00169987
0.004157824
0.004259602
-0.001256315
-0.01569073
-0.03025531
-0.03519467
-0.02876252
-0.01619096
-0.005082321
0.002991148
0.006434712
0.002456255
-0.003260508
-0.005740576
-0.006570753
-0.00892214
-0.01312386
-0.01760386
-0.02135503
-0.0245986
-0.02773975
-0.02933343
-0.02423174
-0.01051272
0.005195393
0.01629172
0.02055746
0.01934685
0.01532956
0.009221106
0.001867814
-0.005354175
-0.01175413
-0.01276014
-0.007727682
-0.002745401
0.0007487835
0.007956469
0.02004103
0.0306736
0.03294393
0.03015114
0.02925838
0.03205483
0.03745816
0.04177962
0.04081044
0.03484438
0.0273763
0.0186488
0.008363213
-0.001506151
-0.006135713
-0.006093725
-0.006452716
-0.008715623
-0.01438554
-0.02745877
-0.04269827
-0.05093083
-0.05014193
-0.0471815
-0.0463848
-0.04682427
-0.0461063
-0.04267205
-0.0358284
-0.02403458
-0.010447
0.002446187
0.01678444
0.02902597
0.03800283
0.04485986
0.05000597
0.05175539
0.04596259
0.02988071
0.008192254
-0.01328949
-0.02643292
-0.02825224
-0.02501567
-0.02184129
-0.01774005
-0.01187143
-0.004618629
0.003673965
0.01151966
0.01513289
0.01244691
0.006355274
0.0003086863
-0.004817345
-0.008787311
-0.01148672
-0.01316631
-0.01397012
-0.01401421
-0.01281397
-0.006803757
0.007983448
0.02641168
0.04239858
0.05287888
0.05268797
0.03965458
0.02056314
0.004081615
-0.007165457
-0.0164038
-0.02445468
-0.02947331
-0.0301415
-0.02690469
-0.02127866
-0.01536685
-0.01006268
-0.006021849
-0.004150028
-0.002750512
-0.00043614
0.003214308
0.007879367
0.01327506
0.01694012
0.01484287
0.008609263
0.003178747
-0.0006629537
-0.004393248
-0.006435383
-0.005638821
-0.002032101
0.00267714
0.004240215
-0.0007222414
-0.00825355
-0.01373277
-0.01531514
-0.01398677
-0.0120016
-0.01109305
-0.01061557
-0.009282838
-0.007809481
-0.007765021
-0.01091822
-0.01754184
-0.02768794
-0.04090851
-0.05205048
-0.05360355
-0.04475863
-0.02934214
-0.0140502
-0.00129013
0.0106368
0.022209
0.02785617
0.0254265
0.01820136
0.008608763
-0.001895433
-0.01089451
-0.01281998
-0.006290324
0.002613869
0.009284843
0.01235427
0.01200533
0.009084568
0.003502013
-0.005836599
-0.01733298
-0.0286585
-0.03702042
-0.03667967
-0.0278392
-0.0127007
0.004836332
0.02063135
0.03082747
0.03377307
0.02951144
0.01551286
-0.004912346
-0.02534722
-0.04074819
-0.04831871
-0.0489673
-0.04651502
-0.04312025
-0.03804881
-0.02900829
-0.01618065
-0.00222659
0.008715574
0.01444604
0.01740014
0.01995753
0.02238344
0.02417342
0.02508144
0.02528233
0.02458639
0.02169016
0.01135272
-0.004424413
-0.01626297
-0.01755403
-0.008458929
0.001882186
0.007110444
0.003545885
-0.003083951
-0.005958202
-0.00289436
0.0037459
0.01023374
0.01502397
0.01827805
0.01993723
0.01850326
0.01334116
0.006251372
0.0001284142
-0.004387372
-0.008140243
-0.0117297
-0.01536077
-0.017336
-0.01503283
-0.006819841
0.006174869
0.01955208
0.03246189
0.04423008
0.04944357
0.04605621
0.03677499
0.02711784
0.01917697
0.01195878
0.005065072
-0.001368191
-0.00632537
-0.007950765
-0.004490088
0.00359782
0.01184688
0.01865025
0.0249756
0.0275552
0.02324448
0.0171145
0.01347737
0.01494659
0.01950364
0.02277423
0.02441162
0.02624049
0.02688344
0.02561036
0.02412176
0.023256
0.02250465
0.02088597
0.01671082
0.006692437
-0.006430493
-0.0183839
-0.02873813
-0.03431432
-0.03088352
-0.01966776
-0.006602646
0.005750717
0.01768616
0.02349075
0.01993684
0.01124034
0.003634968
-0.002526988
-0.007666647
-0.01202848
-0.01442693
-0.01473892
-0.01367466
-0.01226355
-0.01056527
-0.00740191
-0.003106837
0.001115202
0.00492781
0.008721583
0.01287029
0.01614255
0.01567942
0.01131621
0.004733684
-0.002156471
-0.008244555
-0.01309386
-0.01649076
-0.01877415
-0.01977942
-0.01934655
-0.01733378
-0.01352424
-0.008524916
-0.003591132
0.000992448
0.005245813
0.00418031
-0.005323351
-0.01571323
-0.01594966
-0.003073596
0.01312664
0.02312827
0.0256503
0.0257262
0.02414606
0.01783778
0.006841359
-0.005880337
-0.01874762
-0.02958323
-0.03582635
-0.03819511
-0.03815736
-0.03840831
-0.03937572
-0.03995569
-0.03966361
-0.03851528
-0.03329201
-0.02158959
-0.006763188
0.004752018
0.008661482
0.008568267
0.00944074
0.01162934
0.01351548
0.01414337
0.01372636
0.0116493
0.007608955
0.003401556
-0.0009163658
-0.006221504
-0.008345159
-0.004100117
0.003404137
0.010524
0.013095
0.009205169
0.003587967
0.0005874643
0.0008467488
0.001460172
0.0005524141
-0.00131001
-0.005986668
-0.01341692
-0.02072427
-0.02681713
-0.02825006
-0.02181385
-0.01130029
-0.002294091
0.004892431
0.01269123
0.02101166
0.02818341
0.03279637
0.03295642
0.02872589
0.0212981
0.01083741
-0.002008125
-0.01483227
-0.02300535
-0.02142646
-0.01147984
-2.445307E-05
0.008612687
0.01169305
0.006038635
-0.004254142
-0.01252904
-0.01703246
-0.01534317
-0.008816925
-0.002460203
0.001933687
0.005039051
0.007633655
0.008212624
0.005503172
-0.001381928
-0.01257488
-0.02762763
-0.0412798
-0.04741595
-0.04401982
-0.03235718
-0.01840494
-0.006596524
0.002990472
0.009543199
0.009940961
0.006137633
0.001815709
-0.00199347
-0.00439925
-0.002851147
0.002557709
0.009278385
0.01569333
0.01879084
0.01735198
0.01265726
0.003878183
-0.007840444
-0.01983271
-0.0312287
-0.04153034
-0.04815324
-0.04908402
-0.04492496
-0.03611574
-0.02645083
-0.01765294
-0.009371273
-0.003154588
0.001996331
0.007664334
0.01491088
0.02700416
0.03999426
0.04476699
0.03880884
0.03085557
0.02671234
0.02378647
0.01934251
0.01537339
0.01331546
0.01302704
0.01077972
0.001655539
-0.01061625
-0.02093744
-0.02872393
-0.03496918
-0.03885479
-0.0351803
-0.02210601
-0.003162793
0.01638817
0.03104379
0.04027864
0.04294233
0.03671946
0.02591459
0.0159289
0.007145717
0.0001660327
-0.0034236
-0.003894135
-0.002907336
-0.002283849
-0.002252505
-0.002533562
-0.003939474
-0.006549286
-0.009211227
-0.01189311
-0.01518279
-0.01728077
-0.01659735
-0.01247644
-0.004858761
0.005611841
0.01603886
0.02334708
0.02363457
0.01874327
0.01349512
0.009236274
0.005512314
0.002481382
0.001328947
0.003043388
0.007669928
0.01260503
0.01668031
0.02039717
0.0241118
0.02602085
0.02383457
0.01637993
0.007604463
-0.0001199627
-0.005672698
-0.008554704
-0.007279377
-0.003948922
-0.001484269
0.0001791741
0.002271416
0.004610808
0.006255795
0.006669217
0.007254411
0.00939588
0.01449511
0.02099767
0.02677999
0.03231072
0.03851444
0.04141338
0.0361467
0.02724903
0.01898122
0.01269076
0.008412
0.005112223
0.00244299
-0.0002432121
-0.002859858
-0.005116149
-0.007051784
-0.008909679
-0.01084698
-0.01289337
-0.01499936
-0.01708297
-0.01912408
-0.02059225
-0.02087147
-0.01886518
-0.01180838
0.0004124138
0.01169375
0.01483509
0.01094402
0.007733113
0.007718514
0.008359414
0.008636576
0.008447011
0.008026041
0.007672548
0.006230553
-0.003871313
-0.02375199
-0.0439904
-0.05581235
-0.05853666
-0.05442238
-0.04860956
-0.04151143
-0.03033084
-0.01431363
0.004848119
0.02540118
0.04440409
0.05544708
0.05616424
0.04706658
0.03293413
0.01986773
0.00984781
0.001426459
-0.006226893
-0.01273545
-0.0168986
-0.01780485
-0.01579201
-0.0113602
-0.005095062
0.002585724
0.008624287
0.009805557
0.00660423
-0.001056659
-0.01331179
-0.02630489
-0.03561515
-0.03939881
-0.03769247
-0.03351834
-0.02912437
-0.0246275
-0.01949532
-0.01356827
-0.007187918
-0.0003377275
0.0070816
0.01511695
0.02289863
0.02952729
0.03417063
0.03651069
0.03698195
0.03693953
0.03730057
0.03775512
0.03781286
0.03750423
0.03669016
0.03436235
0.02968632
0.02361473
0.01784365
0.01231594
0.005881746
-0.002349086
-0.01081447
-0.01731459
-0.02034172
-0.02051793
-0.0182309
-0.01523627
-0.01285422
-0.01284229
-0.01402153
-0.01438746
-0.01379907
-0.01289601
-0.01067794
-0.007330426
-0.003220578
0.001437975
0.006849811
0.01385225
0.0231603
0.03208187
0.0374675
0.03963483
0.0386779
0.03574994
0.03017614
0.0229648
0.01581051
0.01010546
0.005150396
-0.0001677747
-0.005609598
-0.009948149
-0.01171683
-0.01023195
-0.004999214
0.002236879
0.006239931
0.002847967
-0.003500912
-0.00764697
-0.01036032
-0.01251091
-0.01331369
-0.01161801
-0.008854488
-0.006580543
-0.004655655
-0.002374568
0.0003898009
0.003278376
0.005832245
0.006678269
0.004317718
-0.003076852
-0.01233063
-0.01999534
-0.02493034
-0.02409877
-0.01828874
-0.01283276
-0.008190162
-0.002855914
0.001537932
0.002905346
0.00188881
0.001120595
0.0007876643
-0.0003532246
-0.0005095343
0.002049231
0.007558717
0.01375376
0.01908254
0.02404844
0.02953043
0.03512324
0.03651091
0.03063128
0.01931638
0.007393392
-0.001535471
-0.002399628
0.00233571
0.006695279
0.009318191
0.01114318
0.01307385
0.0139837
0.0138708
0.0137371
0.01382363
0.01379966
0.01349979
0.01307148
0.01269988
0.01246453
0.01209555
0.01027396
0.006703847
0.001822159
-0.003609772
-0.00903433
-0.01390704
-0.01700318
-0.01747141
-0.01361625
-0.00637823
0.0006263995
0.00632156
0.0103579
0.009197917
0.0006496384
-0.01011683
-0.01992686
-0.02673784
-0.02994375
-0.03026141
-0.02865049
-0.02479035
-0.01943718
-0.01399064
-0.009468186
-0.006166188
-0.005047652
-0.006663313
-0.01105307
-0.01652662
-0.02139525
-0.02286662
-0.01902398
-0.01338359
-0.009345122
-0.006486474
-0.003185247
0.0002892655
0.00318648
0.005552077
0.007686981
0.0096822
0.01131276
0.0122753
0.01193827
0.009958982
0.006264904
0.002273434
-0.001449589
-0.00568935
-0.009729242
-0.01241002
-0.01292723
-0.01199765
-0.01132433
-0.01122483
-0.01103322
-0.01038029
-0.009481362
-0.008662616
-0.008458584
-0.00926162
-0.01031383
-0.01103701
-0.01157439
-0.01209318
-0.01228798
-0.01080271
-0.007725102
-0.004678106
-0.002528626
-0.001086207
0.0002477085
0.001536684
0.002364006
0.002396234
0.001176375
-0.001079719
-0.00468431
-0.009088786
-0.01340237
-0.01641968
-0.01773544
-0.01744315
-0.01702805
-0.01749677
-0.01905198
-0.02070933
-0.0219408
-0.02396498
-0.02677166
-0.02782562
-0.02335606
-0.01464193
-0.006450228
0.001051354
0.008744499
0.01472776
0.01740994
0.01656383
0.01268462
0.006733046
0.001487068
-0.001471228
-0.002156843
-0.001641668
0.000462683
0.004135248
0.008551101
0.01160898
0.01285214
0.01223757
0.01083992
0.009703653
0.01055283
0.01305771
0.01521573
0.01649782
0.0176521
0.01887615
0.01986703
0.02036558
0.0204775
0.02030754
0.01958168
0.01813196
0.01609151
0.01283467
0.00886682
0.003858067
-0.002548503
-0.008188896
-0.01041414
-0.008021422
-0.004805255
-0.003185118
-0.001901693
0.0003121583
0.0003579094
-0.002770332
-0.006264432
-0.008671699
-0.01061067
-0.01206982
-0.01302242
-0.01404919
-0.01575803
-0.01821065
-0.02103464
-0.02332808
-0.02414621
-0.02213489
-0.01803396
-0.01423196
-0.01097139
-0.007869276
-0.008402208
-0.01174881
-0.01473786
-0.01660889
-0.01622065
-0.01364623
-0.008593985
-0.002404303
0.003347186
0.008784577
0.01462692
0.02098958
0.0268973
0.03079293
0.03207542
0.03040863
0.02703496
0.02376031
0.02226443
0.02275759
0.02528692
0.02880616
0.03228698
0.03446724
0.03421363
0.03040199
0.02286082
0.01279002
0.00184849
-0.007551698
-0.0138384
-0.01479558
-0.01320385
-0.01290237
-0.01389239
-0.01461613
-0.01591728
-0.01850704
-0.02138664
-0.02299317
-0.02300951
-0.02258665
-0.0222814
-0.02165291
-0.01933164
-0.01460825
-0.007530234
0.0007262024
0.009614638
0.01652429
0.01535051
0.008169845
0.001239216
-0.004001714
-0.005230104
-0.004539017
-0.005308751
-0.007057174
-0.008035489
-0.00985602
-0.01344864
-0.01733114
-0.02038839
-0.02270887
-0.02425484
-0.02535619
-0.02613825
-0.02603049
-0.02424818
-0.01896067
-0.01170198
-0.005044673
0.001500893
0.009082846
0.01515825
0.0182251
0.01738849
0.01479712
0.0128726
0.01262044
0.01415454
0.01687254
0.02062315
0.02491752
0.02877654
0.03137251
0.03216219
0.03073203
0.02648234
0.01891408
0.007620424
-0.004576771
-0.01605543
-0.02519405
-0.02855757
-0.02588878
-0.02230045
-0.02055842
-0.01874465
-0.01600494
-0.01456282
-0.01598713
-0.02069504
-0.02679128
-0.03280829
-0.036816
-0.03818828
-0.03703994
-0.03452472
-0.03110046
-0.02751296
-0.02390517
-0.02004141
-0.01588414
-0.01163357
-0.007454906
-0.0035827
-0.001170429
-0.0002826066
-0.0008573984
-0.002146814
-0.003460537
-0.003987832
-0.003124363
-4.905977E-05
0.003842068
0.007173864
0.01037799
0.01397574
0.01682876
0.0177605
0.01641423
0.01466707
0.01363538
0.01285533
0.01166441
0.01018162
0.009685033
0.0105909
0.01289751
0.01527706
0.01636624
0.01544127
0.01238846
0.007248936
0.001155106
-0.004719136
-0.009085787
-0.01159161
-0.01221466
-0.01173603
-0.01042305
-0.008850902
-0.007276099
-0.005568946
-0.003651079
-0.001630086
0.0003614162
0.002161937
0.003118961
0.00351948
0.004071381
0.004885153
0.005793775
0.007253131
0.009142854
0.01095984
0.01183242
0.01154768
0.01120558
0.01134213
0.01162476
0.01167291
0.01149854
0.01130475
0.01059663
0.008056449
0.004559579
0.001465
-0.001160831
-0.003904636
-0.007010087
-0.01027141
-0.01331286
-0.01535864
-0.01560208
-0.01348099
-0.009113438
-0.002829674
0.003564392
0.008751836
0.01183476
0.01282486
0.01147514
0.009654853
0.008455922
0.007375238
0.005782649
0.003754975
0.001709222
-2.731401E-05
-0.001250986
-0.0002580584
0.004848933
0.01115402
0.01637529
0.01959557
0.02003397
0.01817886
0.01458871
0.01099481
0.007836108
0.004470284
0.0005467708
-0.003659382
-0.007765453
-0.01074093
-0.01168037
-0.01206373
-0.0130855
-0.0144881
-0.01577246
-0.01708232
-0.01928721
-0.02211072
-0.02388426
-0.02289713
-0.01923321
-0.01558469
-0.01298236
-0.01049741
-0.008169608
-0.00727014
-0.008567337
-0.01121828
-0.01361761
-0.0154857
-0.01727017
-0.01830825
-0.01801978
-0.01514223
-0.01080886
-0.006921891
-0.003623866
-0.0001293296
0.003882258
0.008112897
0.01217283
0.01511733
0.01658275
0.0173992
0.0183912
0.02005761
0.0231598
0.02882145
0.03738094
0.04744893
0.05528177
0.05665227
0.05243749
0.04702825
0.04222465
0.03697406
0.03050929
0.02388517
0.01919479
0.01701486
0.01511243
0.01219267
0.008499929
0.003639881
-0.002757301
-0.009328236
-0.01538049
-0.02119903
-0.02633236
-0.0300962
-0.03188923
-0.03211862
-0.03084259
-0.0276155
-0.02293377
-0.01823739
-0.01390624
-0.009490412
-0.004823266
-0.0001775338
0.003464986
0.005704259
0.007673807
0.009083802
0.009162046
0.008156281
0.006078804
0.003489568
0.001024863
-0.001132411
-0.00290472
-0.004001977
-0.003400916
-0.001409868
0.001384879
0.003541663
0.004348674
0.004545229
0.00428402
0.002477924
-0.0005131721
-0.003768766
-0.007241341
-0.01107699
-0.01509205
-0.01834169
-0.02031299
-0.01965816
-0.01640731
-0.01127549
-0.005406072
0.000775891
0.006263603
0.01043986
0.01230582
0.012885
0.01338978
0.01491758
0.01748313
0.02157536
0.02617671
0.02891413
0.02914773
0.02612438
0.01961436
0.01066342
0.002807233
-0.002254071
-0.00533177
-0.007370082
-0.007933783
-0.005821695
-0.001972718
0.002054923
0.005108763
0.007127064
0.006952883
0.004447554
0.0001870952
-0.004015091
-0.006635904
-0.006419869
-0.004620564
-0.00248343
-0.001422658
-0.001601261
-0.00358406
-0.007049425
-0.01132512
-0.01486785
-0.01713149
-0.01834739
-0.01792586
-0.01541261
-0.01181263
-0.007964448
-0.004166107
-0.0006267053
0.002174741
0.003262625
0.002613106
-0.0001102534
-0.004311535
-0.009048106
-0.01271837
-0.0148841
-0.0159619
-0.01661916
-0.01688286
-0.01541207
-0.01214434
-0.00867956
-0.005979414
-0.003969139
-0.002364011
-0.0008672314
0.0009942238
0.002714151
0.003467474
0.002961922
0.001488929
0.0002008402
-3.898302E-05
0.0009508017
0.002503821
0.004044317
0.004232715
0.003133193
0.001565145
0.00034598
-0.0003055905
0.0003663546
0.00172552
0.002700848
0.003534393
0.004852564
0.006437266
0.007640348
0.007731079
0.006326593
0.003435886
-0.001068217
-0.005961023
-0.009667189
-0.01088288
-0.009891633
-0.007625981
-0.005902305
-0.005794155
-0.006911798
-0.008703385
-0.01048201
-0.01149507
-0.01100438
-0.008576834
-0.004907236
-0.0001097212
0.004271281
0.006777049
0.005517373
0.0005986591
-0.006392924
-0.01326018
-0.01982813
-0.02289913
-0.02246867
-0.01803039
-0.007837911
0.003819659
0.01278669
0.01923711
0.02209628
0.02132665
0.01634948
0.00884609
0.001042851
-0.005336044
-0.01035181
-0.01461565
-0.01756954
-0.01864925
-0.01906721
-0.01958634
-0.01998418
-0.02028684
-0.02084745
-0.02226262
-0.0241895
-0.02527526
-0.02396296
-0.02000423
-0.01420731
-0.007896585
-0.002844119
0.0007679408
0.003300279
0.00497322
0.005567191
0.00542447
0.005175843
0.005286949
0.00576506
0.006433456
0.007066084
0.007388215
0.006874416
0.005541094
0.003658249
0.001029308
-0.002480242
-0.006619008
-0.01035834
-0.01300814
-0.01434371
-0.01468976
-0.01422117
-0.01290982
-0.01031298
-0.005162127
0.001927933
0.01008137
0.01772132
0.02109656
0.02025945
0.01624816
0.0111961
0.006946888
0.006197351
0.008753905
0.01384467
0.01858313
0.02035376
0.01960047
0.01787698
0.01813122
0.01974778
0.01783134
0.007649738
-0.002980284
-0.006557349
-0.005165746
-0.003745909
-0.004446876
-0.006096558
-0.007629655
-0.01099406
-0.01621294
-0.01986307
-0.01892653
-0.01353996
-0.006059762
0.001474446
0.005735438
0.007595867
0.009105127
0.01090256
0.01243065
0.01352212
0.01434199
0.01507241
0.01543492
0.01514194
0.01388705
0.01181047
0.009456844
0.008369228
0.009388742
0.01272028
0.01711473
0.02019763
0.02130934
0.0207604
0.01968823
0.01879459
0.01827179
0.0179352
0.01772427
0.01702898
0.01532519
0.01217827
0.008028442
0.003724149
0.001074098
-0.0002845133
-0.001585517
-0.003411722
-0.005481921
-0.007233549
-0.00813447
-0.007406601
-0.005071009
-0.001851242
0.0002685679
-2.808418E-06
-0.003601888
-0.00853023
-0.01274975
-0.01539111
-0.01675958
-0.01703187
-0.01638356
-0.01470067
-0.01236113
-0.009470156
-0.005488982
-0.001751746
0.0004259037
0.001119212
0.001341701
0.002196904
0.00356838
0.004833583
0.005226133
0.004350197
0.001801496
-0.001520847
-0.004559075
-0.00486608
-0.00215171
0.0019196
0.005130431
0.006473658
0.005504329
0.003401825
0.002946595
0.004983856
0.00877756
0.01177534
0.01292137
0.01140172
0.008366936
0.005247894
0.003138587
0.001784132
0.0007875835
-0.0005360923
-0.002772428
-0.006193842
-0.0103029
-0.01419273
-0.01649306
-0.01680617
-0.01595703
-0.01500307
-0.01497916
-0.01592224
-0.01766438
-0.01965098
-0.02109078
-0.02085278
-0.01871906
-0.01537224
-0.01273884
-0.01088362
-0.008201709
-0.004419452
-0.0003829098
0.002242071
0.002751042
0.001508391
0.0004271876
0.0009942597
0.002324646
0.003416583
0.004591333
0.005412531
0.004840483
0.002954376
0.0003791944
-0.00139564
-0.001826918
-0.001064424
0.0008172552
0.003532801
0.006855772
0.01016627
0.01277917
0.01389521
0.01293973
0.009195708
0.003448464
-0.003079443
-0.008044417
-0.01033127
-0.009671398
-0.006462372
-0.0002861392
0.006511826
0.01206844
0.01471791
0.0151825
0.01374966
0.01113078
0.007915782
0.004399669
0.001295491
-0.0004842723
-0.0008690693
-0.0004761454
0.0005263581
0.001839484
0.002957374
0.003041528
0.002111304
0.0004258192
-0.001457675
-0.003097469
-0.004313208
-0.005018793
-0.004902833
-0.003944076
-0.002004398
0.001016947
0.004911778
0.009934808
0.01520523
0.01946323
0.02188593
0.02243548
0.0215891
0.0194066
0.01553923
0.01135734
0.008287281
0.00705839
0.006823465
0.006727671
0.006791762
0.00724391
0.007804314
0.008199974
0.008307676
0.007845709
0.006902734
0.005882611
0.005086964
0.004626598
0.004566514
0.004778541
0.005087552
0.004976756
0.003892502
0.001933274
-0.0003336447
-0.002348346
-0.003849085
-0.004625965
-0.004254375
-0.003011211
-0.001799114
-0.0007483931
0.0004997555
0.001483115
0.001855085
0.001811514
0.001556334
0.001013966
0.0004864344
0.0001209931
-0.000312818
-0.001208803
-0.002820114
-0.004892593
-0.006669682
-0.007119002
-0.005790503
-0.002465325
0.001026258
0.003580347
0.005145037
0.006025707
0.006152351
0.005774196
0.005095934
0.004674955
0.004998038
0.006267887
0.007488723
0.008026253
0.008012599
0.007284026
0.005256486
0.001743093
-0.003131618
-0.008468279
-0.01315457
-0.01632773
-0.01667339
-0.01432758
-0.01047032
-0.006384583
-0.002331444
0.001143388
0.003555242
0.004858734
0.005567891
0.005831915
0.006414173
0.007818494
0.009505292
0.01073364
0.01086585
0.00964242
0.007249837
0.004154715
0.000725004
-0.00256581
-0.005173959
-0.006900911
-0.007878772
-0.007908284
-0.006510079
-0.003918653
-0.0008223928
0.0003958784
-0.001023229
-0.005688555
-0.01268918
-0.02040979
-0.02672147
-0.0313401
-0.03441497
-0.03499625
-0.03267471
-0.02780408
-0.02184759
-0.01552785
-0.009135022
-0.002906472
0.001930833
0.005590945
0.008815605
0.01147959
0.01265468
0.01127567
0.008099749
0.005179943
0.003855763
0.004452254
0.006099371
0.008056177
0.01071853
0.01340111
0.01473786
0.01396092
0.011481
0.0103412
0.01139656
0.01344292
0.01439939
0.01374371
0.01215675
0.01023946
0.007970583
0.006326156
0.005599375
0.005399812
0.004505772
0.001887227
-0.002080802
-0.005891019
-0.007788663
-0.009137798
-0.01171338
-0.01358385
-0.01297082
-0.01004851
-0.005733855
-5.227783E-05
0.005510871
0.01002402
0.0126925
0.01383058
0.013095
0.01004023
0.004935246
-0.0004698737
-0.005260722
-0.009400739
-0.01156897
-0.01135576
-0.007915864
-0.003174095
0.0003491334
0.002527165
0.004129363
0.004655579
0.004124085
0.002728342
0.0009537159
-0.0007046535
-0.001362148
-0.0008904587
0.0009197649
0.002555652
0.002846401
0.002252479
0.001790479
0.002169803
0.002874818
0.00320145
0.002854261
0.001723171
-0.0006507951
-0.003661469
-0.006342937
-0.007315113
-0.006521522
-0.003654485
0.0007367392
0.005951148
0.01170611
0.01716131
0.02025736
0.02084108
0.01916639
0.01533477
0.01027769
0.005919628
0.003848903
0.004148746
0.00601731
0.008304824
0.009389275
0.009107295
0.007598691
0.004281153
-0.0008120983
-0.006801212
-0.01221915
-0.01621974
-0.01788894
-0.01792161
-0.01671351
-0.01512964
-0.01375653
-0.01260262
-0.01169486
-0.01152032
-0.01223198
-0.01348777
-0.01404024
-0.01289665
-0.009191561
-0.004201639
0.0007790189
0.004293626
0.006261368
0.00616538
0.004262971
0.00102886
-0.002618909
-0.005768289
-0.007387256
-0.007357915
-0.00548692
-0.002125089
0.001989089
0.00611703
0.009501254
0.01150166
0.01182858
0.01025495
0.006642756
0.002684876
-0.001460765
-0.003716358
-0.003600542
-0.001602291
0.0009123915
0.002936641
0.00421856
0.004664664
0.003093167
-0.0008135769
-0.006478661
-0.01100371
-0.01301468
-0.01296694
-0.01234511
-0.01189184
-0.01162433
-0.01003564
-0.005778096
-0.0009948389
0.002285865
0.003485551
0.003776906
0.003817595
0.004087462
0.004927125
0.007193521
0.01009024
0.01216481
0.01297385
0.01294779
0.01238206
0.01127425
0.009708319
0.008503514
0.008215078
0.008825896
0.01007077
0.01171073
0.01253222
0.01179849
0.009763479
0.007275464
0.005324307
0.003562659
0.001472127
8.34413E-06
-0.0006693284
-0.001086044
-0.0007098572
0.001043771
0.003595193
0.005661895
0.005934004
0.004045362
0.0005651773
-0.002873689
-0.005309795
-0.006726132
-0.007537663
-0.007721842
-0.007013935
-0.005245888
-0.002334349
0.001615191
0.006330847
0.01035029
0.0127375
0.01250751
0.0106063
0.00822489
0.005500499
0.002477069
-0.0003469964
-0.002187093
-0.002744429
-0.002457999
-0.001933826
-0.001263761
-0.0009492032
-0.001449359
-0.002818364
-0.004340433
-0.005390269
-0.006064099
-0.006466891
-0.005698889
-0.003503966
-0.0001649316
0.004277477
0.009581243
0.01292987
0.01353146
0.01140058
0.007848175
0.004067342
0.00141658
-0.0005193544
-0.001897307
-0.002624782
-0.002915376
-0.002855317
-0.002449727
-0.00209004
-0.001988953
-0.00207796
-0.00203741
-0.001702878
-0.001544408
-0.001784124
-0.002146003
-0.002339524
-0.002393776
-0.002757158
-0.003450758
-0.003990873
-0.004343804
-0.004719366
-0.004596595
-0.00383412
-0.002972593
-0.00244848
-0.002245154
-0.001643497
-0.0005223843
0.0002831734
0.0005574068
0.0006295187
0.0002295036
-0.0007646857
-0.002219833
-0.003976746
-0.005960819
-0.007650415
-0.008561951
-0.008305187
-0.006919029
-0.004251556
-0.0007151653
0.003109666
0.006711461
0.009527472
0.01106777
0.0116987
0.01166215
0.01078274
0.009283987
0.007480945
0.006067254
0.005507682
0.0059896
0.006985212
0.008126913
0.009053415
0.009519311
0.009127412
0.008151886
0.006879586
0.005677099
0.004721291
0.003981254
0.003175813
0.002030865
0.0006665814
-0.0006623
-0.001695373
-0.002550518
-0.003427413
-0.003988737
-0.003993315
-0.004033694
-0.004270447
-0.004259196
-0.003859484
-0.00334209
-0.003274102
-0.003584804
-0.003904915
-0.004109196
-0.004253856
-0.004142965
-0.003715766
-0.002930437
-0.002569176
-0.003307353
-0.005421352
-0.008174157
-0.01095446
-0.01279289
-0.01324951
-0.01126177
-0.006390089
-0.001592675
0.001367406
0.00232478
0.002011615
0.0002707186
-0.002609264
-0.00621635
-0.01032168
-0.01404064
-0.01653427
-0.01683425
-0.01532759
-0.01196946
-0.007517502
-0.002845847
0.001056875
0.00365981
0.004389433
0.004357711
0.004627972
0.005635146
0.006919072
0.007689484
0.007708296
0.007136924
0.006453257
0.005865056
0.005231511
0.004402122
0.003356094
0.001957845
0.0002134585
-0.001734705
-0.003444347
-0.004412283
-0.003762062
-0.00174489
0.0004553353
0.002377457
0.004332659
0.006267366
0.007978635
0.009124515
0.00921176
0.007809887
0.00552281
0.003130901
0.001036516
-0.0005941883
-0.001502713
-0.001623932
-0.001324861
-0.001212153
-0.001762672
-0.003205776
-0.004728544
-0.005314817
-0.004077131
-0.002231812
-0.0009584411
0.0006830269
0.003689537
0.008972001
0.01286088
0.01100875
0.006467774
0.003023217
0.002016328
0.001369159
-0.0009534983
-0.004408269
-0.007247757
-0.008211841
-0.008129715
-0.008060937
-0.0083663
-0.008820159
-0.009266832
-0.008797364
-0.00650192
-0.003376681
-0.0004043796
0.002803578
0.005541727
0.006463534
0.006891858
0.008027496
0.00899226
0.008346329
0.005423303
0.001088615
-0.003207749
-0.006186942
-0.007329648
-0.006216677
-0.003897076
-0.001609567
-0.000684404
-0.0008151288
-0.001184666
-0.001244537
-0.001092132
-0.0007710183
-7.466867E-05
0.001209921
0.002119362
0.002244856
0.001983936
0.001663484
0.001095567
-0.000454322
-0.002814197
-0.00488488
-0.00650701
-0.00819178
-0.01018599
-0.01209847
-0.01319132
-0.01312916
-0.01212174
-0.01055503
-0.008844041
-0.007628166
-0.007095025
-0.006987839
-0.00669565
-0.005859146
-0.004205144
-0.002371408
-0.0009829539
-0.0003925893
-0.0004087291
-0.0006904391
-0.0008926879
-0.000850634
4.447466E-05
0.001826366
0.00390148
0.005497987
0.006473599
0.007408754
0.00852881
0.009514449
0.00952257
0.007658118
0.003384326
-0.002671635
-0.009319255
-0.01451672
-0.01709164
-0.01618235
-0.01291908
-0.008567509
-0.004420736
-0.0009446719
0.0007386386
0.001287645
0.001714
0.001641703
0.0004536518
-0.001291204
-0.002882991
-0.004056337
-0.00487696
-0.005444195
-0.005804712
-0.006097738
-0.00647327
-0.00720194
-0.008370258
-0.009562055
-0.01031543
-0.01042266
-0.01004248
-0.009479193
-0.008908021
-0.008197155
-0.00718471
-0.006117572
-0.00517959
-0.004263615
-0.003427217
-0.002914769
-0.003384706
-0.005122296
-0.007408802
-0.008851891
-0.00845569
-0.006470375
-0.003520105
0.001605331
0.008211855
0.01450378
0.01957412
0.02349652
0.02550592
0.0252031
0.02282531
0.01883155
0.01368084
0.008787237
0.005432875
0.004207702
0.004478145
0.005808424
0.007581936
0.009091769
0.009458178
0.008232625
0.005674996
0.003114271
0.001442942
0.0007244062
0.000161247
-0.0006619889
-0.001982544
-0.003735554
-0.005720342
-0.006689727
-0.006221835
-0.003910123
-0.001385386
-0.0005516959
-0.00126409
-0.002587133
-0.003538344
-0.004040314
-0.004428996
-0.004164772
-0.002799151
-0.001475242
-0.0004210861
0.001384926
0.003988695
0.006754144
0.00939299
0.01127214
0.01089194
0.00863994
0.005269415
0.001528601
-0.002077426
-0.004971278
-0.007717793
-0.01076923
-0.01304464
-0.01361171
-0.012303
-0.009589523
-0.006012711
-0.00374843
-0.003050807
-0.003170999
-0.003006863
-0.002189822
-0.0007295546
0.0007199316
0.001034238
7.35373E-05
-0.001597878
-0.003505679
-0.005338191
-0.006523728
-0.007680931
-0.009339327
-0.01038611
-0.0103487
-0.009384953
-0.007920654
-0.006143113
-0.003800003
-0.001057895
0.001248403
0.002550999
0.002647187
0.002424802
0.002471994
0.002647977
0.002525038
0.001834784
8.662145E-05
-0.002656189
-0.005903795
-0.008952948
-0.01157589
-0.01396907
-0.01589716
-0.01643438
-0.01559992
-0.01400928
-0.0121516
-0.01007233
-0.007787692
-0.005458623
-0.003351878
-0.002014928
-0.001394145
-0.001058459
-0.001165804
-0.002182324
-0.003439708
-0.004202377
-0.003633858
-0.001957206
0.000216948
0.001572115
0.001676174
0.001430978
0.001245879
0.0003885528
-0.0008947797
-0.001875481
-0.002206666
-0.002200749
-0.002156596
-0.001647742
-0.0003511219
0.0009279496
0.001557814
0.001214426
-0.0002431277
-0.002651151
-0.005089792
-0.006688015
-0.007111961
-0.006925601
-0.006526702
-0.0062926
-0.005864829
-0.004412464
-0.002228382
-9.426755E-05
0.001211403
0.001302166
-0.0003306383
-0.003249053
-0.006533197
-0.008333548
-0.008365296
-0.006548693
-0.003973275
-0.001797851
-0.0008687728
-0.000630874
-0.0005236842
0.0001810797
0.001586888
0.002540681
0.002889141
0.003465343
0.003983324
0.003804099
0.00317831
0.002583679
0.002265023
0.002284346
0.002588154
0.003047881
0.003412354
0.003218809
0.002501909
0.001546504
0.000492333
-0.000527781
-0.001144658
-0.001556803
-0.002107363
-0.002862918
-0.003672607
-0.004387461
-0.004402833
-0.003398132
-0.001593979
0.0004630736
0.002094869
0.003237796
0.004044005
0.004689692
0.005297577
0.006128613
0.007364186
0.009048477
0.01029531
0.01043604
0.009110122
0.007096881
0.00522122
0.003620679
0.002053466
0.0007320695
-0.0004474538
-0.001748439
-0.00276962
-0.003464316
-0.004909883
-0.006890903
-0.008351323
-0.008912246
-0.008838391
-0.008243586
-0.006996983
-0.004817562
-0.002627561
-0.0008336725
0.001545378
0.004238061
0.006052192
0.006190015
0.004646316
0.002056306
0.0001480584
0.0002400635
0.0007340755
0.000242222
-0.0008868767
-0.001163803
0.0003245324
0.002368221
0.00384595
0.004549434
0.004891919
0.00512575
0.005724834
0.006711711
0.007102145
0.006291549
0.004344666
0.002185764
0.0007311932
0.004722682
0.00684286
-0.001487475
-0.006458469
-0.004694617
-0.001971956
-0.001356477
-0.001607286
-0.0008063478
0.001351235
0.004018318
0.005972395
0.006861323
0.006514662
0.005576196
0.00463308
0.003842767
0.003077533
0.002373302
0.001725473
0.00110612
0.0004904772
-0.0003444118
-0.001675205
-0.003721389
-0.00641456
-0.008799465
-0.01063461
-0.01220295
-0.01280315
-0.01223443
-0.0107533
-0.009073848
-0.007690078
-0.006152104
-0.004095097
-0.002098914
-0.0002876395
0.001748641
0.004097402
0.006450863
0.007856333
0.008433996
0.008719425
0.008683516
0.008058035
0.006813311
0.005183596
0.003527635
0.002259362
0.001645305
0.002249543
0.003691995
0.005476156
0.006765069
0.007208717
0.007237057
0.007101242
0.006589536
0.005857781
0.005208023
0.004782957
0.004374831
0.003709871
0.002824471
0.001919676
0.0012588
0.0009191905
0.001028541
0.001415421
0.001829781
0.001986523
0.001842378
0.001297151
0.0004970935
-0.0003371554
-0.0009016182
-0.001183095
-0.001189735
-0.001333488
-0.001861119
-0.002433115
-0.002824896
-0.003146465
-0.003534076
-0.004025162
-0.004734334
-0.005520812
-0.006112739
-0.006390288
-0.006374814
-0.005827832
-0.004627384
-0.002861214
-0.001202711
-5.125236E-05
0.0008770149
0.001793304
0.002512211
0.003210437
0.004234353
0.005581311
0.007070663
0.008790846
0.01005855
0.009962149
0.00897908
0.007995352
0.007543329
0.007023322
0.005697692
0.004034835
0.002630148
0.00151307
0.0009142533
0.001293819
0.002338667
0.003405331
0.003675241
0.003255131
0.002618863
0.002164991
0.002065599
0.003255561
0.004956243
0.005744443
0.005647275
0.005182618
0.00390726
0.002009283
0.000195325
-0.0007318838
-0.0009990257
-0.00160039
-0.002500891
-0.002950103
-0.002542933
-0.001514316
0.0001974498
0.001623073
0.001594431
0.0005449441
-0.0008390777
-0.002400263
-0.004136924
-0.005944095
-0.007170036
-0.007283492
-0.005964248
-0.003714657
-0.001090118
0.001195199
0.002845173
0.003607156
0.00363679
0.002721068
0.001284682
-6.928567E-05
-0.0007586727
-0.0008813019
-0.000478405
0.0001887682
0.0009641654
0.002180446
0.003661502
0.004467634
0.004474219
0.004158663
0.003903589
0.00383557
0.004172696
0.005054593
0.006636255
0.008387879
0.009803181
0.01016191
0.009237481
0.007023613
0.004068289
0.001026766
-0.001485282
-0.0030952
-0.0038263
-0.003897147
-0.003339236
-0.002061036
-0.000209331
0.002069324
0.004098692
0.005577375
0.006308425
0.006155592
0.004968353
0.003435415
0.002229335
0.002284958
0.003530909
0.005473533
0.007149437
0.00818219
0.008413719
0.008354501
0.008495406
0.008913098
0.009354154
0.009276677
0.008741732
0.008082921
0.007845876
0.00824716
0.009114259
0.009712648
0.009138288
0.007776907
0.006260353
0.004242066
0.001721181
-0.0008616976
-0.002640669
-0.00324532
-0.003098973
-0.002820994
-0.002479756
-0.001613519
-9.013627E-05
0.001280846
0.002039857
0.002105212
0.002048358
0.002278174
0.002699669
0.002860942
0.002234056
0.001027502
-0.000338813
-0.001878162
-0.003783618
-0.006017972
-0.006934005
-0.005733876
-0.00469724
-0.004969581
-0.005946934
-0.0058603
-0.004001971
-0.001004913
0.00162946
0.002018221
0.0007352162
-0.001042071
-0.002002916
-0.002210698
-0.002586638
-0.003336073
-0.003840308
-0.002990578
-0.0009817415
0.0008834497
0.001880224
0.002023703
0.00166108
0.001060162
6.686514E-05
-0.001041731
-0.001846159
-0.003160973
-0.005129338
-0.006670832
-0.007381016
-0.007466325
-0.00702798
-0.006272693
-0.005636582
-0.005039842
-0.004171537
-0.003069003
-0.001877741
-0.0005647605
0.0006197328
0.001251781
0.0006452531
-0.000930032
-0.002455209
-0.003447081
-0.004003893
-0.004398291
-0.004559063
-0.004063965
-0.003199072
-0.00236391
-0.001128209
0.0006100237
0.001980453
0.0024957
0.002185183
0.001170012
-0.000168871
-0.001198835
-0.001824193
-0.00221892
-0.002743613
-0.00335317
-0.003633084
-0.00359471
-0.003512733
-0.003733098
-0.004211894
-0.004627189
-0.005001342
-0.00555298
-0.006019548
-0.006015514
-0.005249949
-0.004125866
-0.002990017
-0.001659615
-0.0004240097
-0.0003865848
-0.001441439
-0.002981321
-0.003865389
-0.003910814
-0.00373652
-0.003746911
-0.003775479
-0.003207876
-0.001814682
0.0002458528
0.002597739
0.005044382
0.006666416
0.007256563
0.006940266
0.006306261
0.005833971
0.005744024
0.006096126
0.007112754
0.008327667
0.009234943
0.009696472
0.009819508
0.009063229
0.007648773
0.006216774
0.005082257
0.004133401
0.003248553
0.002323399
0.001374793
0.0006125416
5.469624E-05
-0.0005390877
-0.001649415
-0.00335956
-0.004778967
-0.005597464
-0.006291194
-0.007042172
-0.00738417
-0.005744322
-0.002582777
0.000851697
0.003812274
0.006302726
0.008059746
0.009160394
0.00995096
0.01075738
0.01170222
0.01258986
0.01324432
0.01341309
0.01305168
0.01214254
0.010556
0.008380133
0.005562502
0.002471532
-0.0003544778
-0.002365662
-0.003704493
-0.004935548
-0.006308073
-0.00760714
-0.008209459
-0.007974157
-0.007162793
-0.005934455
-0.004377448
-0.003274019
-0.002993233
-0.003428731
-0.004279442
-0.005555234
-0.006792957
-0.007526647
-0.007429039
-0.006786784
-0.005770917
-0.004375315
-0.002743112
-0.001492475
-0.000988287
-0.00124287
-0.001466718
-0.001103452
0.0006283089
0.002951078
0.004666883
0.005571438
0.005996214
0.005809791
0.005138889
0.004094333
0.002851612
0.001579456
0.0005395667
-0.0002768835
-0.0009979851
-0.001695979
-0.002245724
-0.00217191
-0.001705695
-0.001404656
-0.001595169
-0.002244962
-0.003206575
-0.003785043
-0.003318746
-0.001953512
-0.0001323777
0.001130973
0.001389265
0.0002449268
-0.001400353
-0.002571927
-0.00263827
-0.001953477
-0.0006457604
0.0009067728
0.002359322
0.003166437
0.003134858
0.002271945
0.00143829
0.001179236
0.001074239
0.0007679798
0.0004261196
-1.616802E-05
-0.0007114832
-0.001520561
-0.002066323
-0.001821421
-0.001148053
-0.0005696006
-5.555035E-05
0.0007108396
0.001903679
0.002746892
0.002604046
0.001379263
-0.0007122471
-0.003503486
-0.005652723
-0.006347297
-0.006303224
-0.006142918
-0.005731907
-0.004556898
-0.002337007
-0.0005630794
0.0001180966
0.0004785669
0.0007911688
0.000547345
-0.0002496447
-0.001225662
-0.002044032
-0.002460346
-0.002253256
-0.001337395
-0.000171602
-0.0001414969
-0.0008323085
-0.0009785775
-0.0006397596
-0.0003562391
0.0004039177
0.001604174
0.00264866
0.002727291
0.001674326
0.0003279878
-0.0005390593
-0.0008017294
-0.001080854
-0.001631364
-0.001844855
-0.001450785
-0.0004940936
0.0008304586
0.002299261
0.003309875
0.003854312
0.00416527
0.004593309
0.005204979
0.005524311
0.005366485
0.004979445
0.004625505
0.004307617
0.00375644
0.003179722
0.003352782
0.003832995
0.003802544
0.003420505
0.003238249
0.003530652
0.004208489
0.005227226
0.006539549
0.008081459
0.009964752
0.01176026
0.01286443
0.01308485
0.01249168
0.01127953
0.009325603
0.006271002
0.002450908
-0.001403068
-0.004578089
-0.007041859
-0.008835939
-0.009925764
-0.01034714
-0.01019239
-0.009958016
-0.01003576
-0.01027885
-0.01037098
-0.009916519
-0.009219767
-0.008779149
-0.008522716
-0.008240112
-0.008173997
-0.008264495
-0.008120018
-0.006982232
-0.004979051
-0.002926271
-0.001168583
0.0004488937
0.002073634
0.003665733
0.005133698
0.006324299
0.00698691
0.006819279
0.005856311
0.004827158
0.003896593
0.002567032
0.0008514919
-0.000864458
-0.002251536
-0.003438977
-0.004650439
-0.005697316
-0.006410191
-0.007205751
-0.008226787
-0.009265476
-0.01006929
-0.01055236
-0.01057086
-0.01031347
-0.01003841
-0.009882671
-0.009733357
-0.009101307
-0.008292835
-0.007938129
-0.007538438
-0.00643028
-0.004422669
-0.002209482
-0.0004533051
0.000855992
0.00190281
0.002374545
0.002394745
0.002292759
0.002714306
0.003658852
0.003257796
0.001690394
0.0005693948
0.00140504
0.003972431
0.005239481
0.004583021
0.00332639
0.003196076
0.004571752
0.006682888
0.008057678
0.007322948
0.006157879
0.005879837
0.003633659
-0.0001787422
-0.002619273
-0.002724417
-0.001678173
-0.002685157
-0.005676431
-0.00840181
-0.008515658
-0.006608233
-0.004966644
-0.00432228
-0.003877186
-0.002488465
-0.0002813472
0.001461302
0.002394086
0.003025595
0.003614673
0.004042348
0.004450157
0.004973256
0.005632226
0.006464877
0.007430962
0.007772278
0.006938444
0.005557238
0.004375101
0.003408436
0.002308331
0.0008558402
-0.000648606
-0.001582718
-0.001915038
-0.00198726
-0.002073039
-0.002341148
-0.003118871
-0.004428856
-0.005972
-0.006894223
-0.007242555
-0.007490001
-0.007544509
-0.007057669
-0.005894135
-0.004455806
-0.003132017
-0.001566826
0.000516003
0.002229996
0.003102088
0.003449775
0.003835865
0.004363514
0.004533953
0.004260382
0.004036042
0.00378653
0.00322684
0.002663573
0.002250631
0.001705572
0.0009325529
6.470467E-05
-0.0007658423
-0.00172525
-0.003244347
-0.005321534
-0.007549862
-0.008957375
-0.00952652
-0.009750434
-0.0092974
-0.007661376
-0.005249345
-0.002582846
0.0004243938
0.003247911
0.005385154
0.006970081
0.008156503
0.008761066
0.008934621
0.008907785
0.009116116
0.009598508
0.01001675
0.0101058
0.00979226
0.009070468
0.008075986
0.006878251
0.005541269
0.004133513
0.00278829
0.001683587
0.001063509
0.0003408842
-0.001133981
-0.002842324
-0.004181252
-0.005105475
-0.006001267
-0.007064008
-0.008045553
-0.00876375
-0.009166731
-0.009329081
-0.009254494
-0.00857878
-0.007410823
-0.006019746
-0.004867886
-0.004141266
-0.003595729
-0.00301067
-0.002264913
-0.0009221606
0.0007102924
0.001536636
0.001605306
0.001494513
0.0014476
0.001297184
0.0006017227
-0.0007340032
-0.002545314
-0.004367411
-0.00580506
-0.00651596
-0.006735217
-0.006789974
-0.006675801
-0.006356385
-0.00605563
-0.005873371
-0.005751354
-0.005607112
-0.005432204
-0.0052453
-0.005370379
-0.006136722
-0.007097123
-0.007725875
-0.007780245
-0.007370742
-0.006606949
-0.005067671
-0.002609144
0.0004279633
0.003463629
0.006218349
0.00820126
0.009167687
0.009590001
0.009804308
0.00944423
0.008311794
0.006684857
0.005378577
0.004585234
0.004175978
0.004307771
0.005098794
0.006027897
0.006342608
0.005176218
0.00343572
0.002151588
0.001096447
2.670388E-07
-0.0008975635
-0.001240872
-0.0009595641
-0.0006616065
-0.0008802887
-0.002032862
-0.003840135
-0.005886713
-0.00794906
-0.00976437
-0.01101894
-0.01162639
-0.01180357
-0.0115661
-0.01077615
-0.009325269
-0.007604432
-0.006071827
-0.005694669
-0.006292007
-0.007409675
-0.008606308
-0.009749651
-0.01084707
-0.01166453
-0.01185303
-0.01152852
-0.01083947
-0.009778353
-0.00856804
-0.007551883
-0.006897241
-0.006531036
-0.006147762
-0.005793225
-0.005863322
-0.006039668
-0.005822553
-0.004891875
-0.00348961
-0.002152646
-0.0008754003
0.0006162627
0.001803853
0.002457737
0.002953198
0.003519786
0.004046721
0.00421782
0.003938995
0.003555077
0.003175475
0.002549205
0.001177276
-0.0008557669
-0.003107811
-0.00471085
-0.004923388
-0.00397768
-0.002713116
-0.002096523
-0.001714868
-0.0007153743
0.0005008392
0.001159019
0.0008014278
-4.440795E-05
-0.0007451906
-0.001374338
-0.002177312
-0.002680914
-0.002470929
-0.001468864
4.767985E-05
0.00172121
0.002213801
0.001655385
0.0008366652
5.170851E-05
-0.0008485435
-0.001702233
-0.002281151
-0.002451667
-0.002153123
-0.001409468
-0.0006984454
-0.0003249278
-0.0002657409
-6.698153E-05
0.0003851635
0.0004013881
-7.683016E-05
-0.0005783283
-0.0008927252
-0.00111164
-0.001217712
-0.001199739
-0.00108043
-0.00108772
-0.001326915
-0.001586737
-0.001347907
-0.0002373098
0.001119876
0.002158384
0.002576678
0.002843845
0.003481018
0.004185334
0.004507618
0.004392585
0.004102035
0.003814193
0.003601108
0.003425967
0.003206319
0.002975696
0.002833496
0.002864155
0.003075369
0.00337087
0.003632714
0.003840433
0.004514849
0.005894181
0.007204383
0.007977184
0.008178782
0.007860666
0.007000499
0.005477889
0.003285496
0.0005032388
-0.002035297
-0.003722003
-0.004331772
-0.004322892
-0.003865241
-0.002785851
-0.001298035
-0.0001402373
7.129193E-06
-0.001298691
-0.003433581
-0.005376819
-0.006179635
-0.005853031
-0.004882131
-0.00365587
-0.002284859
-0.0009997335
0.0001213201
0.001006785
0.001478001
0.001479181
0.001060468
0.0003343004
-0.0006451425
-0.001152348
-0.0009516694
-0.0004654357
0.0001634144
0.00119715
0.002208701
0.002944154
0.00368158
0.004716075
0.006078251
0.007342524
0.00831642
0.009118603
0.009752375
0.01005697
0.01010822
0.009946401
0.009291513
0.008195957
0.006931741
0.005871077
0.005357195
0.005505415
0.00584173
0.00588183
0.004555767
0.002541377
0.001148122
0.0002621295
-0.0007171341
-0.001442585
-0.001437433
-0.0006213395
1.996769E-05
0.0001090212
0.0002974756
0.0009731126
0.001959391
0.002847478
0.003528068
0.004220799
0.004813541
0.004707446
0.003497798
0.001547764
0.0007374647
0.0009758671
0.0009016282
-0.0001071803
-0.001507737
-0.001696992
-0.0008520481
-0.0001844984
-0.0003118502
-0.0008098865
-0.0002257808
0.001294848
0.002625781
0.003168025
0.003234495
0.003808597
0.004929891
0.005995456
0.006933109
0.007997583
0.009017968
0.009795377
0.01030719
0.01057851
0.01046136
0.009580751
0.007893152
0.00561187
0.003253324
0.001225297
0.000190483
-0.0002676383
-0.0008653931
-0.001777569
-0.00281332
-0.003979725
-0.005218701
-0.006432078
-0.007621035
-0.008698343
-0.008971486
-0.008728015
-0.008696494
-0.008419919
-0.007241016
-0.00529155
-0.003347998
-0.002081947
-0.001441905
-0.001089356
-0.0008848001
-0.0009217055
-0.001279336
-0.002086348
-0.00321337
-0.003680789
-0.003395828
-0.002764337
-0.001937552
-0.0008817263
-9.079746E-05
0.0001252891
-0.0002523923
-0.0005679663
-0.0003747731
0.0003166136
0.001280186
0.002373854
0.003214585
0.003681868
0.004516979
0.005661567
0.005999214
0.005867052
0.006208487
0.006634666
0.006512743
0.005422887
0.004354003
0.004486345
0.0052504
0.005687283
0.005278712
0.004292763
0.003104217
0.00221562
0.001596316
0.0007235862
-0.0004662588
-0.001680925
-0.002949085
-0.004319821
-0.00562738
-0.006828362
-0.007933243
-0.008618745
-0.00872325
-0.008312267
-0.007360164
-0.005652731
-0.003865893
-0.002513809
-0.001889877
-0.001892013
-0.002401719
-0.003135076
-0.00402143
-0.005084703
-0.005976101
-0.006175518
-0.005364145
-0.003881784
-0.002233595
-0.0007380504
0.0004035365
0.001455845
0.002440882
0.002121213
0.0009322789
0.00039053
0.0006864223
0.001130381
0.001289893
0.001430408
0.002045871
0.002737049
0.00297089
0.002801126
0.002561258
0.002501532
0.00271831
0.003236432
0.003682101
0.003759755
0.003359064
0.002624605
0.001648125
0.00104082
0.0009663364
0.001035559
0.0009581224
0.0007900258
0.0006325426
0.0005583998
0.000777241
0.001043197
0.000932012
0.0003322899
-0.0005444668
-0.001667631
-0.002885928
-0.003930595
-0.004294311
-0.003876531
-0.002875418
-0.001631003
-0.0001836314
0.001630972
0.003733674
0.005026901
0.005436602
0.005448603
0.005105729
0.004253929
0.003280733
0.002518068
0.002130398
0.002153221
0.002462367
0.002460479
0.00210028
0.001687808
0.001512275
0.001554419
0.001476008
0.001068755
0.0002291124
-0.0006353427
-0.001186553
-0.001482073
-0.001771712
-0.002157865
-0.002769983
-0.003598669
-0.004192874
-0.004362116
-0.004206125
-0.003675331
-0.002685438
-0.001624855
-0.0009013145
-0.000826451
-0.0004602304
0.0008925601
0.002476911
0.003442785
0.003461749
0.003339935
0.003737279
0.004503
0.005221281
0.005724287
0.006399723
0.007694697
0.009412879
0.01103981
0.01173854
0.0117238
0.01157185
0.01100755
0.009774151
0.007844865
0.00577271
0.004099116
0.002628026
0.001107289
-0.0002851108
-0.001083954
-0.001112507
-0.0004854629
0.000516616
0.001550796
0.002680518
0.004080684
0.005043282
0.00520008
0.004398862
0.00299933
0.001429721
0.0004899867
0.0002444891
0.0001119131
-0.0004268582
-0.001319352
-0.001959473
-0.002180495
-0.002321052
-0.002490827
-0.00253015
-0.002153594
-0.001392108
-0.000549892
0.0001647699
0.0007176615
0.0009809833
0.001024244
0.001129645
0.001271054
0.001229716
0.0009315263
0.0004056811
-0.0003962243
-0.001390839
-0.002475879
-0.003259753
-0.003444822
-0.002856381
-0.002486018
-0.003069372
-0.004263694
-0.005527493
-0.006680131
-0.007659734
-0.008398518
-0.008621381
-0.008357661
-0.007571151
-0.006545428
-0.005512035
-0.004249217
-0.002817981
-0.001799311
-0.001109413
-0.0003836463
0.0002817164
0.0007667592
0.001316875
0.002364725
0.004158634
0.00575758
0.006533637
0.006869834
0.006853673
0.006063709
0.00494075
0.003894073
0.00270936
0.001345777
0.0001036031
-0.0005565325
-0.0006414763
-0.0002171144
0.0003534762
0.0007388003
0.001024103
0.001291643
0.001055773
0.0003489234
-0.0004201018
-0.0007283998
-0.0005332881
-0.000540058
-0.0008422047
-0.0009766959
-0.0005398613
0.0004907221
0.001874686
0.003298863
0.004635347
0.005718233
0.006430754
0.006592748
0.006376432
0.006315535
0.006509148
0.006736314
0.006620734
0.006295606
0.006328132
0.006668737
0.006953003
0.007082019
0.007233868
0.007615617
0.008183562
0.008802327
0.009211008
0.009362498
0.009243385
0.008838707
0.00811993
0.007398175
0.006797037
0.006043632
0.005062578
0.003978969
0.002695073
0.001424136
0.0008388022
0.0008809348
0.001224451
0.001576636
0.001948809
0.002642962
0.003515116
0.004181933
0.004599999
0.004817563
0.004445695
0.003651263
0.002896427
0.002496223
0.002367142
0.001977427
0.001123165
2.749708E-05
-0.0003840165
8.885094E-05
0.00116393
0.002440605
0.003760118
0.004715449
0.005136732
0.005476801
0.00602498
0.006679826
0.006962174
0.006648098
0.005870135
0.004865308
0.003824307
0.003160876
0.00311484
0.003657507
0.004286827
0.004505348
0.004209824
0.003555256
0.002659597
0.001661883
0.0008671299
-1.794409E-05
-0.001299514
-0.002606439
-0.003706943
-0.004806353
-0.00572861
-0.006190873
-0.006175706
-0.005943593
-0.005592022
-0.005158852
-0.004598929
-0.003391504
-0.001676412
-0.000356303
0.0005485232
0.001487257
0.002153277
0.00230172
0.00198917
0.001315809
0.0002820349
-0.0007333747
-0.001543137
-0.002223562
-0.002729479
-0.002878161
-0.002844757
-0.002867953
-0.003164626
-0.003591098
-0.003918741
-0.004130018
-0.004305156
-0.004337356
-0.00443268
-0.004892438
-0.005247656
-0.005143926
-0.005072988
-0.00530196
-0.00563999
-0.005798961
-0.005669453
-0.005103276
-0.004478971
-0.004258315
-0.004193342
-0.003949771
-0.003602487
-0.003232436
-0.002682772
-0.00193775
-0.00107815
-3.450771E-05
0.001142768
0.002184289
0.003045587
0.003783496
0.004230671
0.004295557
0.003709772
0.002614039
0.00133014
0.0002792373
-0.0003938025
-0.0006840525
-0.0009060575
-0.001261838
-0.001703285
-0.002120158
-0.002551376
-0.002833085
-0.002736615
-0.002580527
-0.002587408
-0.002525222
-0.002306468
-0.00201679
-0.001306323
-8.242361E-05
0.001530239
0.003079479
0.004037027
0.004615368
0.005184524
0.005556486
0.00552189
0.005184362
0.004690455
0.004090141
0.003454912
0.002621178
0.001187198
-0.000459157
-0.001830764
-0.003023054
-0.003830625
-0.003783032
-0.00327206
-0.002737555
-0.002386871
-0.00198298
-0.001166965
-7.830788E-05
0.0009045175
0.001287344
0.001068739
0.0002203771
-0.0008618296
-0.001752464
-0.001956343
-0.001719786
-0.001396148
-0.001080076
-0.0006989977
-0.0003413617
2.454921E-05
0.0006176344
0.001018884
0.0008324461
0.0002503819
-0.0003419407
-0.0006466337
-0.0006163479
-0.0003825734
-0.0002413067
-0.0002460121
-0.0002832062
-0.0004295941
-0.0008063108
-0.00138441
-0.002018672
-0.002502848
-0.002726943
-0.002705091
-0.002466939
-0.00201897
-0.001204013
-0.0003536359
0.0002144644
0.0006929648
0.001180842
0.001396997
0.001120382
0.0004289102
-0.0002715682
-0.0008274321
-0.001316794
-0.001535525
-0.001327515
-0.001067578
-0.001078997
-0.001483411
-0.001890672
-0.002003126
-0.00192029
-0.001942271
-0.002351056
-0.003059813
-0.003801625
-0.004163293
-0.004113972
-0.003653913
-0.002790094
-0.001612065
-0.0006179529
-0.0002347236
-0.0008609873
-0.002156066
-0.003495242
-0.003811825
-0.003411171
-0.003095046
-0.002822091
-0.002195795
-0.001424971
-0.0008901202
-0.0008300612
-0.000801838
-0.0004316818
3.300509E-05
0.0002929269
0.000307231
0.0002115488
0.0001166005
0.0001476468
0.0002502993
0.0002631355
0.0005179444
0.001258172
0.001914762
0.002043392
0.001566881
0.0007317122
-0.0002453108
-0.001114349
-0.001720071
-0.001861718
-0.002017919
-0.002584774
-0.003259135
-0.00369
-0.003824336
-0.003944117
-0.004207246
-0.004308293
-0.004180393
-0.004203799
-0.004703179
-0.00561939
-0.006470115
-0.007099015
-0.007696193
-0.008311511
-0.008864492
-0.009413426
-0.009742063
-0.009270778
-0.008032531
-0.006457504
-0.005133468
-0.004222126
-0.003703098
-0.003310862
-0.002909087
-0.002286486
-0.001485134
-0.0007626787
-0.0003541398
-0.0003735207
-0.0007313784
-0.001232231
-0.001738384
-0.001987223
-0.001696025
-0.001015529
-0.0002653295
0.0002837107
0.0003376678
-0.0003182812
-0.0009349535
-0.001025125
-0.0004540775
0.0004487773
0.001407488
0.002179271
0.002721341
0.003020382
0.003326114
0.003854944
0.004062789
0.003546078
0.002690461
0.001915122
0.001249875
0.0006527707
0.0001500573
-0.0001493431
-0.0003915397
-0.0007866609
-0.001152122
-0.001317564
-0.001507722
-0.001889589
-0.002444951
-0.003300377
-0.004487031
-0.005416908
-0.005919138
-0.00623381
-0.006428307
-0.006401998
-0.006300358
-0.006182265
-0.005943015
-0.005133247
-0.003627502
-0.002270307
-0.001408271
-0.0008309827
-0.0003313754
9.985618E-05
0.0005342611
0.0009424398
0.001186006
0.001113855
0.0007506753
0.0004270912
0.0002715497
0.000192404
0.0003758555
0.0009228925
0.001132734
0.0008146887
0.0005055149
0.0006388604
0.001122823
0.001414795
0.001406535
0.001455405
0.001704686
0.002061667
0.002623085
0.003356759
0.004000106
0.004398952
0.004487957
0.004072734
0.003231263
0.002174583
0.001231631
0.0006359709
0.0001689221
-0.0003494348
-0.0008215115
-0.001156905
-0.001297275
-0.0008857103
-4.392865E-05
0.0003811929
0.0002645162
5.94276E-05
0.0002537746
0.0007988742
0.001419787
0.001745248
0.001555987
0.0009791611
0.0001721564
-0.0006247466
-0.001349053
-0.002057923
-0.002733764
-0.00336223
-0.003996682
-0.00457293
-0.004955941
-0.005048846
-0.00495838
-0.004900345
-0.004856044
-0.004682289
-0.004428407
-0.004111199
-0.00330784
-0.002161744
-0.001117237
-0.0001637198
0.000855089
0.001609831
0.00209802
0.0025648
0.002889896
0.002855732
0.002478886
0.002035687
0.00177026
0.001789574
0.002060126
0.002452594
0.002883092
0.00339541
0.003935301
0.004454423
0.005214228
0.006018272
0.00610674
0.005929691
0.006160223
0.006314504
0.005970212
0.005365042
0.004756969
0.004157038
0.003887561
0.00398492
0.004100672
0.004020876
0.003765004
0.003358509
0.002987441
0.003027646
0.003276446
0.003347646
0.002979584
0.002251786
0.001341723
0.0005825775
0.0001607912
-0.0002625988
-0.001008855
-0.002156021
-0.003272182
-0.004023622
-0.004330231
-0.004270163
-0.003842684
-0.003169202
-0.002315322
-0.0009473742
0.0006477298
0.001385171
0.001128469
0.0008688772
0.0005375766
0.0002478779
0.000491285
0.001082074
0.001624965
0.001837637
0.001700078
0.001197747
0.0004210097
-0.0006400453
-0.001811833
-0.002775868
-0.003107287
-0.002935526
-0.002636069
-0.002747874
-0.00323475
-0.003656447
-0.003607426
-0.003124336
-0.002747806
-0.002675632
-0.002689978
-0.002441897
-0.001845729
-0.001029238
-0.0001036974
0.000919392
0.002031374
0.003168162
0.003986927
0.004413142
0.004671558
0.004973946
0.005311161
0.005481951
0.005331688
0.004755306
0.003872828
0.002856071
0.00190342
0.0009263447
-0.0003465444
-0.00147209
-0.002050207
-0.002534219
-0.003189334
-0.003826498
-0.0041955
-0.004254905
-0.004137922
-0.004021058
-0.003971442
-0.003919397
-0.003783415
-0.003457294
-0.002993946
-0.002495585
-0.00200332
-0.001555259
-0.001488458
-0.001705858
-0.001923873
-0.002439112
-0.003522412
-0.004687307
-0.005681009
-0.006608973
-0.007060156
-0.006966513
-0.006752135
-0.006467466
-0.005825165
-0.004810184
-0.003619988
-0.002716
-0.002057992
-0.001339182
-0.0006553744
-0.0002446929
-0.0001305912
-0.0002534616
-0.0006100203
-0.0009194832
-0.001021332
-0.001054577
-0.001141111
-0.001268174
-0.001669127
-0.002449164
-0.003128884
-0.003357895
-0.003154392
-0.003087992
-0.003358644
-0.003309109
-0.002888257
-0.002571433
-0.002284337
-0.001757717
-0.001113308
-0.000636544
-0.0005849169
-0.0007762164
-0.0009644496
-0.001145753
-0.001427046
-0.001903741
-0.00256574
-0.003293295
-0.003743822
-0.003931018
-0.004065639
-0.004081922
-0.003857489
-0.003663051
-0.003469718
-0.002873911
-0.001981022
-0.001157963
-0.0007327999
-0.0003422272
0.0006877616
0.001893996
0.002610588
0.002861117
0.003057925
0.003529128
0.004127341
0.004563252
0.004570073
0.004289283
0.00411278
0.004012311
0.003740464
0.003491301
0.003414448
0.003359058
0.002982359
0.002086812
0.00129809
0.0009993836
0.001006013
0.0007925293
0.0001709916
-0.0005696565
-0.001265952
-0.002062414
-0.002832087
-0.003395623
-0.003826603
-0.004264536
-0.004780791
-0.005249668
-0.005563823
-0.005768914
-0.005853806
-0.005611751
-0.005152923
-0.004664512
-0.004014389
-0.003227485
-0.002668105
-0.002262001
-0.001754087
-0.001132279
-0.0006063896
-0.0004262522
-0.0004796718
-0.000604105
-0.0008438756
-0.001245983
-0.001740302
-0.002094105
-0.002114736
-0.001939751
-0.001827712
-0.00197634
-0.002096586
-0.001841834
-0.001309683
-0.0009168902
-0.001114692
-0.001630467
-0.002069261
-0.002356432
-0.002611883
-0.002873826
-0.003131459
-0.003351354
-0.003518996
-0.003658946
-0.003813758
-0.003797989
-0.003374543
-0.00268093
-0.001926104
-0.001043974
-0.0002559852
8.266279E-05
0.0001965516
0.0003291271
0.0002025532
-0.0003065874
-0.001032185
-0.001471886
-0.001547089
-0.001582244
-0.001543033
-0.001119284
-0.0003770442
0.0004547237
0.001013834
0.001428075
0.002057441
0.002525172
0.002423986
0.002054785
0.001645192
0.001027935
0.0006266584
0.0008094829
0.001153467
0.00139672
0.001770759
0.002391052
0.003168691
0.004096816
0.005067492
0.005794584
0.006344635
0.006889983
0.007319488
0.00749955
0.007206778
0.006526036
0.005643673
0.00467021
0.003750987
0.003172733
0.002740177
0.002172983
0.001566437
0.001118441
0.0008945272
0.0009042776
0.001164024
0.001217723
0.0009548498
0.0007605603
0.0008242585
0.001043041
0.001148354
0.001042843
0.0006399568
0.0001868965
-2.424511E-05
-6.203936E-05
-0.0001176674
-0.0002478128
-0.0004323559
-0.0006434088
-0.0006684442
-0.0004589998
-7.365039E-05
0.000280798
0.0004469825
0.0005472943
0.0007426007
0.001188218
0.001739007
0.002182316
0.00253639
0.002877089
0.003048968
0.002996553
0.00269233
0.002240041
0.001755654
0.001349449
0.00100041
0.0006681315
0.0004415127
0.0003915977
0.0004286173
0.0004721005
0.0005402497
0.0005593324
0.000479086
0.00045477
0.0004667899
0.0003153706
0.0002049701
0.00035204
0.0005124295
0.00061046
0.0008845636
0.001216732
0.001424178
0.001761688
0.002381527
0.003295433
0.004084932
0.004450506
0.004364449
0.004122182
0.004152321
0.004268961
0.004144546
0.003843798
0.003662138
0.003883296
0.004354557
0.004776939
0.004731707
0.004225493
0.003550082
0.003002765
0.00261517
0.002214943
0.001748929
0.00134322
0.001019713
0.0007293226
0.000518163
0.0003433526
0.0001185503
-4.44033E-05
-7.156989E-05
-0.0001899916
-0.0004498208
-0.0007106979
-0.0007573258
-0.0005903559
-0.0006377132
-0.001007932
-0.001534042
-0.002200053
-0.002949314
-0.003412657
-0.003491724
-0.003296905
-0.002995437
-0.002655568
-0.002246574
-0.001904434
-0.001835791
-0.001953262
-0.00202384
-0.001662997
-0.001084236
-0.0006951521
-0.0003998665
-4.166099E-05
7.84053E-05
-9.518017E-05
-0.0003725697
-0.0005623625
-0.0006860657
-0.0009153363
-0.001127654
-0.001065867
-0.0008229463
-0.0005627113
-0.0001987285
0.000116836
0.0001373703
0.00022631
0.0005911808
0.0009587336
0.001160634
0.001254153
0.001198157
0.001036464
0.001027014
0.0011815
0.001343876
0.00141285
0.001422411
0.001426018
0.001457913
0.001530856
0.00168137
0.001874385
0.001959786
0.001990279
0.002108807
0.002173781
0.002038743
0.001806215
0.00156236
0.001296944
0.001177057
0.001222199
0.001231414
0.001135716
0.00101285
0.0009491741
0.0009408161
0.0009450981
0.0009922208
0.001131504
0.001185485
0.001111021
0.001147899
0.001289956
0.00135235
0.001369842
0.001438019
0.001471055
0.001400904
0.001246596
0.001122659
0.001082207
0.001164325
0.001211159
0.001055296
0.0008735136
0.000792549
0.0006501778
0.0003675263
5.55097E-07
-0.0004252108
-0.0008493864
-0.001139557
-0.001285936
-0.001320006
-0.00128757
-0.001178991
-0.0009303738
-0.0005768833
-0.0002007931
-7.156098E-05
-0.0002287024
-0.0005940366
-0.000963005
-0.001186713
-0.001293943
-0.001319306
-0.001177873
-0.0009177776
-0.0006136785
-0.000311921
-4.37141E-05
3.614059E-05
-4.737269E-05
-0.0001732479
-0.0002467916
-0.0002622746
-0.0001639488
2.21732E-05
0.0002387189
0.0004412659
0.0006203642
0.0007306984
0.0008020403
0.0008895307
0.0009788536
0.001041616
0.001111865
0.001183606
0.001216453
0.001174704
0.001077636
0.001074803
0.001146991
0.001174051
0.001129078
0.00104489
0.0008966655
0.0007301361
0.000619739
0.0006221887
0.0007298016
0.0008374418
0.0008985074
0.000941885
0.001029261
0.001160113
0.00122007
0.001178975
0.001057938
0.0009017116
0.0007410567
0.0006228251
0.0005494602
0.0005020459
0.0004650813
0.0004363424
0.0003843354
0.0003270233
0.0003146631
0.0003315779
0.0003384503
0.0003223478
0.0002846393
0.0002069642
7.725703E-05
-8.864633E-05
-0.000222196
-0.0003334877
-0.0004900761
-0.0006533068
-0.0007654532
-0.0008584099
-0.0009552582
-0.001039437
-0.001085246
-0.001081365
-0.001016006
-0.0009160748
-0.0008114893
-0.0007083339
-0.000595646
-0.0004633972
-0.0003474903
-0.0003105221
-0.0002990861
-0.0002488996
-0.0001837241
-0.0001468688
-0.0001520755
-0.0001854144
-0.0002383629
-0.0002868866
-0.0003346254
-0.0004138515
-0.00049247
-0.0005320008
-0.0005420285
-0.000547829
-0.0005627297
-0.0005861888
-0.0006110928
-0.000622604
-0.0006234115
-0.0006285575
-0.0006172328
-0.0005692664
-0.0004892794
-0.0003967891
-0.0003114999
-0.0002402664
-0.0001846182
-0.0001577807
-0.0001522622
-0.0001342164
-0.0001141753
-0.000122552
-0.0001411166
-0.0001461331
-0.0001440647
-0.0001385411
-0.0001224935
-0.0001033422
-8.90563E-05
-8.219992E-05
-8.062334E-05
-8.591584E-05
-9.480742E-05
-0.0001032019
-0.0001089063
-0.0001157679
-0.0001301734
-0.0001543763
-0.000182839
-0.0001959563
-0.0001944883
-0.0001888566
-0.0001830707
-0.0001751465
-0.0001652044
-0.0001534853
-0.0001389871
-0.0001235607
-0.0001105151
-0.000108317
-0.0001170636
-0.0001299199
-0.0001355849
-0.0001291612
-0.0001253779
-0.0001331764
-0.000149154
-0.0001585879
-0.0001526377
-0.0001406453
-0.0001338288
-0.000141082
-0.0001536816
-0.0001599649
-0.0001592128
-0.0001580374
-0.0001633645
-0.000173955
-0.0001852109
-0.0001916736
-0.0001929499
-0.0001882404
-0.0001851915
-0.0001913409
-0.0002000722
-0.0002046786
-0.0002048694
-0.0002041359
-0.0002039776
-0.0002014092
-0.0001957548
-0.0001896768
-0.0001874911
-0.0001913496
-0.0001949972
-0.0001948772
-0.0001948456
-0.0001956795
-0.0001947059
-0.0001929466
-0.0001920268
-0.0001912832
-0.0001900888
-0.000188875
-0.000189928
-0.000193797
-0.0001971645
-0.0001990361
-0.0002007446
-0.0002015287
-0.000200508
-0.0001991484
-0.0001979765
-0.0001963184
-0.0001941769
-0.00019188
-0.0001893103
-0.0001868699
-0.000185083
-0.0001837168
-0.0001821699
-0.0001790704
-0.0001749741
-0.0001710202
-0.0001677412
-0.0001650079
-0.0001629788
-0.0001617265
-0.0001611334
-0.0001600119
-0.0001579133
-0.000156279
-0.0001551647
-0.0001534068
-0.0001514272
-0.0001499419
-0.000148337
-0.0001461814
-0.0001435275
-0.000140673
-0.0001378306
-0.0001352767
-0.000132939
-0.0001305474
-0.0001280246
-0.0001254909
-0.0001231942
-0.0001211284
-0.0001191185
-0.0001170724
-0.0001150326
-0.0001129858
-0.0001108005
-0.0001082908
-0.0001055629
-0.000102814
-0.0001002341
-9.781829E-05
-9.549573E-05
-9.310239E-05
-9.057608E-05
-8.795428E-05
-8.533207E-05
-8.279261E-05
-8.023778E-05
-7.758866E-05
-7.490874E-05
-7.225281E-05
-6.96081E-05
-6.694019E-05
-6.424605E-05
-6.154933E-05
-5.887712E-05
-5.625028E-05
-5.362926E-05
-5.09815E-05
-4.833938E-05
-4.572259E-05
-4.311148E-05
-4.049786E-05
-3.788968E-05
-3.52957E-05
-3.270925E-05
-3.011309E-05
-2.751371E-05
-2.492369E-05
-2.233234E-05
-1.973522E-05
-1.715472E-05
-1.458624E-05
-1.201266E-05
-9.430121E-06
-6.841942E-06
-4.241693E-06
-1.64648E-06
9.27731E-07
3.491922E-06
6.064117E-06
8.652878E-06
1.124305E-05
1.382345E-05
1.639472E-05
1.896225E-05