0.005
-0.0015
-0.0015
-0.0015
-0.00149
-0.00149
-0.00149
-0.00148
-0.00148
-0.00147
-0.00147
-0.00147
-0.00146
-0.00146
-0.00145
-0.00145
-0.00144
-0.00144
-0.00143
-0.00143
-0.00142
-0.00142
-0.00141
-0.00141
-0.0014
-0.0014
-0.00139
-0.00139
-0.00138
-0.00137
-0.00137
-0.00136
-0.00135
-0.00134
-0.00133
-0.00132
-0.00132
-0.00131
-0.0013
-0.00129
-0.00127
-0.00126
-0.00125
-0.00124
-0.00122
-0.00121
-0.00119
-0.00118
-0.00116
-0.00115
-0.00113
-0.00111
-0.00109
-0.00107
-0.00105
-0.00103
-0.00101
-0.00099
-0.00096
-0.00094
-0.00096
-0.00103
-0.00112
-0.0012
-0.00127
-0.00139
-0.00164
-0.00189
-0.00197
-0.00181
-0.00153
-0.00129
-0.00109
-0.0009
-0.00072
-0.00066
-0.00072
-0.00079
-0.00081
-0.00082
-0.00086
-0.0009
-0.00091
-0.0009
-0.00089
-0.00089
-0.0009
-0.0009
-0.00089
-0.00089
-0.00089
-0.00089
-0.00089
-0.00086
-0.00077
-0.00063
-0.00051
-0.0004
-0.0003
-0.0003
-0.0005
-0.00073
-0.00091
-0.00105
-0.00123
-0.00145
-0.00169
-0.002
-0.00239
-0.00273
-0.00288
-0.00274
-0.00224
-0.00156
-0.00082
-0.00009
0.00052
0.00103
0.00123
0.00095
0.00046
-0.00013
-0.00073
-0.00132
-0.00172
-0.00192
-0.00209
-0.00202
-0.00171
-0.0014
-0.00117
-0.00089
-0.00044
0.00008
0.00044
0.00063
0.0006
0.00031
-0.00002
-0.00026
-0.00048
-0.00075
-0.00108
-0.00142
-0.00175
-0.00207
-0.00248
-0.00305
-0.00341
-0.00288
-0.00186
-0.00102
-0.00046
0.00011
0.00066
0.00109
0.00143
0.00136
0.00096
0.0006
0.00038
0.00017
-0.00013
-0.00049
-0.00084
-0.00118
-0.00152
-0.00186
-0.00223
-0.0026
-0.00297
-0.00336
-0.00369
-0.00359
-0.00289
-0.00134
0.00083
0.00329
0.00542
0.00543
0.00346
0.0016
0.00064
-0.00013
-0.00135
-0.00298
-0.00462
-0.00613
-0.0076
-0.009
-0.00919
-0.00717
-0.00368
-0.00051
0.00139
0.00242
0.00342
0.00454
0.00518
0.00484
0.00376
0.00258
0.0011
-0.00087
-0.00302
-0.0051
-0.00714
-0.00935
-0.01227
-0.01363
-0.00984
-0.00307
0.00111
0.00145
0.00041
0.00041
0.00154
0.0026
0.00299
0.003
0.00312
0.00347
0.00387
0.00418
0.00365
0.0015
-0.00136
-0.00393
-0.00429
-0.00259
-0.00108
-0.00057
-0.00014
0.00182
0.00482
0.00635
0.00592
0.00502
0.00382
0.0024
0.00096
-0.00051
-0.00209
-0.00376
-0.00546
-0.00709
-0.00867
-0.01015
-0.01062
-0.00978
-0.00749
-0.00454
-0.00179
0.00024
0.0015
0.0016
0.00052
-0.00203
-0.00551
-0.00833
-0.00504
0.00418
0.01356
0.01873
0.01422
0.00174
-0.01054
-0.01794
-0.01778
-0.01089
-0.00361
0.00081
0.00486
0.00743
0.00262
-0.00615
-0.01198
-0.00925
-0.00132
0.00524
0.00902
0.00811
0.00404
0.001
-0.00016
-0.00125
-0.00378
-0.00738
-0.00983
-0.0094
-0.00469
0.00422
0.01461
0.02184
0.02103
0.01262
0.00288
-0.00452
-0.01157
-0.01717
-0.01689
-0.0118
-0.00666
-0.00342
-0.00059
0.00333
0.00815
0.01209
0.0101
0.00256
-0.00479
-0.00969
-0.01113
-0.00971
-0.00671
-0.00347
-0.00031
0.00181
0.00284
0.00369
0.0048
0.00562
0.00477
0.00178
-0.00151
-0.00401
-0.00616
-0.00863
-0.01148
-0.01441
-0.01716
-0.01575
-0.00387
0.01281
0.0265
0.02598
0.00961
-0.00776
-0.01354
-0.00571
0.00297
0.00385
-0.00062
-0.00377
-0.00385
-0.00213
0.0006
0.00302
0.00471
0.00632
0.00823
0.00995
0.00876
0.00234
-0.00821
-0.0185
-0.02294
-0.01536
0.00041
0.01457
0.01714
0.00811
0.00052
0.00006
0.00169
0.00045
-0.00341
-0.00725
-0.00978
-0.00972
-0.00697
-0.00415
-0.00252
-0.00128
0.00048
0.00261
0.00449
0.00605
0.00741
0.0078
0.00745
0.00725
0.00732
0.00602
0.00242
-0.00369
-0.0134
-0.02343
-0.02562
-0.01282
0.00589
0.01978
0.02687
0.02485
0.01619
0.00862
0.00382
0.00106
-0.00136
-0.00376
-0.00608
-0.00726
-0.00601
-0.00384
-0.00229
-0.00131
0.00032
0.00322
0.0051
0.00373
-0.00209
-0.00929
-0.0151
-0.01645
-0.01018
-0.0017
0.00285
-0.0023
-0.01163
-0.01706
-0.01129
0.0004
0.00808
0.00386
-0.00851
-0.01833
-0.01723
-0.00826
-0.00137
0.00028
-0.00029
-0.00065
0.0002
0.0016
0.00263
0.0031
0.00357
0.00455
0.00581
0.00675
0.00572
0.00281
-0.00002
-0.002
-0.00427
-0.00769
-0.00986
-0.00901
-0.00592
-0.0021
0.00191
0.00655
0.01143
0.01554
0.01792
0.01586
0.01024
0.00505
0.0015
-0.00147
-0.00422
-0.00526
-0.00416
-0.00123
0.00157
0.00321
0.00332
0.00297
0.00323
0.00402
0.00468
0.0045
0.0029
-0.00116
-0.0072
-0.01318
-0.01171
-0.00034
0.01199
0.02104
0.02825
0.03296
0.03616
0.03999
0.04474
0.04865
0.04745
0.04263
0.03782
0.03742
0.04044
0.04259
0.04317
0.04404
0.04435
0.04323
0.04095
0.03868
0.03687
0.03468
0.02521
0.00253
-0.02515
-0.04894
-0.06632
-0.07406
-0.07744
-0.08293
-0.09088
-0.09833
-0.10386
-0.10814
-0.11243
-0.11649
-0.11729
-0.11214
-0.10289
-0.09337
-0.08461
-0.07477
-0.06102
-0.04105
-0.0183
0.00416
0.02586
0.04767
0.07018
0.09318
0.11617
0.13971
0.16456
0.18201
0.18827
0.19032
0.1931
0.19171
0.18143
0.16587
0.1509
0.13862
0.13058
0.12715
0.12494
0.12181
0.11749
0.11082
0.09691
0.0668
0.01785
-0.03714
-0.08572
-0.12089
-0.14449
-0.16368
-0.17942
-0.18629
-0.18753
-0.19023
-0.19606
-0.20185
-0.20574
-0.20745
-0.2069
-0.20417
-0.20146
-0.20489
-0.21426
-0.22368
-0.22889
-0.22322
-0.20945
-0.19719
-0.18764
-0.1777
-0.1694
-0.16259
-0.15581
-0.14223
-0.10419
-0.04592
0.00954
0.0553
0.09992
0.14932
0.18294
0.19248
0.19661
0.20673
0.21766
0.21869
0.19968
0.14348
0.04781
-0.04477
-0.07937
-0.06345
-0.03761
-0.01045
0.02971
0.08083
0.13166
0.17108
0.19878
0.21905
0.23446
0.24374
0.24079
0.22378
0.19961
0.17749
0.16108
0.14838
0.13623
0.12182
0.10484
0.08777
0.07141
0.05364
0.03441
0.01513
-0.00365
-0.02233
-0.04162
-0.05997
-0.06548
-0.04682
-0.01828
0.00412
0.02029
0.02296
0.01337
0.00421
-0.00049
-0.00211
-0.00261
-0.00279
-0.0035
-0.00425
-0.00438
-0.00635
-0.01246
-0.02145
-0.03165
-0.04324
-0.05815
-0.07514
-0.09169
-0.10687
-0.11776
-0.11882
-0.10498
-0.06761
-0.00657
0.05785
0.10964
0.14423
0.15981
0.16817
0.17947
0.19323
0.20415
0.2102
0.21388
0.21702
0.21903
0.21724
0.20799
0.18696
0.15343
0.11674
0.0825
0.05556
0.04317
0.0496
0.07357
0.10562
0.13133
0.13794
0.12583
0.09194
0.02958
-0.04304
-0.09758
-0.12347
-0.13617
-0.15672
-0.18659
-0.21602
-0.24061
-0.26272
-0.28586
-0.30615
-0.31615
-0.31995
-0.32441
-0.33132
-0.33846
-0.34406
-0.34855
-0.35311
-0.3582
-0.36275
-0.36209
-0.34522
-0.29829
-0.23495
-0.18025
-0.15707
-0.15856
-0.15872
-0.14723
-0.1324
-0.12161
-0.11331
-0.10352
-0.09088
-0.07193
-0.04284
-0.0106
0.02145
0.04384
0.05091
0.04527
0.03179
0.0146
-0.00155
-0.0144
-0.02568
-0.03877
-0.0531
-0.06532
-0.07301
-0.07485
-0.07144
-0.06552
-0.05859
-0.05095
-0.04245
-0.02948
0.0041
0.06165
0.12453
0.16522
0.1643
0.14297
0.12318
0.12251
0.13612
0.14501
0.14317
0.12746
0.0944
0.05716
0.02925
0.02312
0.03854
0.05742
0.06809
0.07385
0.07322
0.06626
0.05924
0.05595
0.05758
0.06414
0.07343
0.08614
0.10107
0.11579
0.12839
0.13152
0.12307
0.111
0.10284
0.1052
0.11601
0.12542
0.12595
0.10991
0.06414
-0.0088
-0.07407
-0.10363
-0.09803
-0.0783
-0.04855
-0.00957
0.03479
0.07915
0.11932
0.14284
0.14659
0.13895
0.12622
0.10883
0.0823
0.03382
-0.02846
-0.07407
-0.08422
-0.07031
-0.04977
-0.02651
0.00109
0.0327
0.06568
0.09759
0.12388
0.14368
0.15812
0.16834
0.17245
0.1654
0.15162
0.13899
0.12936
0.1201
0.10924
0.09679
0.07807
0.04542
-0.00523
-0.05939
-0.10426
-0.13649
-0.15122
-0.15102
-0.14192
-0.12986
-0.11745
-0.10439
-0.08947
-0.07095
-0.04199
0.00151
0.04937
0.09531
0.14273
0.19443
0.23151
0.23182
0.19338
0.10413
-0.01884
-0.13745
-0.20055
-0.20942
-0.20516
-0.21531
-0.2354
-0.25218
-0.26736
-0.29341
-0.32539
-0.34054
-0.32701
-0.27266
-0.14673
0.04285
0.18763
0.22151
0.19468
0.17774
0.18125
0.16955
0.12231
0.03391
-0.06809
-0.14745
-0.19406
-0.20881
-0.2036
-0.19579
-0.18903
-0.17666
-0.15304
-0.11599
-0.0747
-0.03536
-0.01107
-0.00424
-0.00274
0.00245
0.01396
0.03423
0.05699
0.07624
0.09104
0.10424
0.11915
0.13572
0.15151
0.16515
0.17746
0.18894
0.19918
0.20519
0.19372
0.13675
0.04506
-0.04681
-0.10257
-0.10717
-0.08773
-0.06094
-0.0241
0.0173
0.05749
0.0975
0.13888
0.17409
0.1954
0.2046
0.21009
0.21752
0.22519
0.22918
0.22668
0.20677
0.12996
-0.00226
-0.14392
-0.23032
-0.24701
-0.23664
-0.24399
-0.27068
-0.29752
-0.31324
-0.31542
-0.30126
-0.25494
-0.17688
-0.09672
-0.02921
0.031
0.09574
0.16012
0.19796
0.20249
0.18437
0.15419
0.12842
0.11224
0.09645
0.07321
0.04371
0.01143
-0.01539
-0.0345
-0.04387
-0.04333
-0.03472
-0.01483
0.01534
0.04681
0.07521
0.10289
0.1325
0.16336
0.19072
0.212
0.22722
0.23845
0.24916
0.25861
0.26529
0.2684
0.26793
0.26384
0.25695
0.24783
0.23798
0.22783
0.21648
0.20242
0.1847
0.16407
0.14183
0.11954
0.09759
0.07577
0.05689
0.04195
0.03291
0.03739
0.05346
0.06883
0.07726
0.0764
0.06907
0.06227
0.05854
0.05487
0.04782
0.03759
0.02659
0.01553
0.00444
-0.00695
-0.02004
-0.0344
-0.04861
-0.06256
-0.07655
-0.08988
-0.10078
-0.10839
-0.11044
-0.09701
-0.05494
0.00275
0.05505
0.09896
0.12916
0.14008
0.13769
0.13251
0.12779
0.11997
0.10577
0.08752
0.06963
0.05352
0.03869
0.0253
0.01655
0.01857
0.02795
0.0363
0.04132
0.04612
0.05328
0.06312
0.07606
0.08991
0.10266
0.11467
0.12718
0.14109
0.15065
0.14678
0.13171
0.11454
0.09865
0.07992
0.05673
0.03267
0.0099
-0.01159
-0.03016
-0.03898
-0.04022
-0.04214
-0.04738
-0.05712
-0.07736
-0.1062
-0.13383
-0.15297
-0.16528
-0.17692
-0.19151
-0.20733
-0.2212
-0.23162
-0.23401
-0.21506
-0.1598
-0.08428
-0.0258
-0.00646
-0.00466
0.00855
0.03318
0.06026
0.09116
0.13084
0.18265
0.2562
0.33425
0.38025
0.37176
0.29765
0.12272
-0.07383
-0.15574
-0.12721
-0.10952
-0.15484
-0.22325
-0.2676
-0.28682
-0.30446
-0.34977
-0.42509
-0.45712
-0.40053
-0.26787
-0.12275
-0.01568
0.01527
-0.01188
-0.03744
-0.0348
-0.0153
0.00336
0.01226
0.00938
-0.00958
-0.0475
-0.08992
-0.12503
-0.15314
-0.18137
-0.21406
-0.24651
-0.25852
-0.23365
-0.17117
-0.0989
-0.06358
-0.0785
-0.10917
-0.12465
-0.12071
-0.10659
-0.0961
-0.09508
-0.10658
-0.12192
-0.13294
-0.13651
-0.13575
-0.13699
-0.1409
-0.14577
-0.15246
-0.16487
-0.18287
-0.20268
-0.21639
-0.21489
-0.20052
-0.17518
-0.13288
-0.06753
-0.01487
0.00945
0.02646
0.05354
0.08821
0.12065
0.14623
0.16887
0.19645
0.24116
0.3101
0.38673
0.45414
0.5018
0.5167
0.5042
0.47964
0.4459
0.39696
0.33973
0.28471
0.22697
0.12579
-0.02787
-0.17086
-0.19721
-0.11814
-0.01712
0.06404
0.09907
0.08649
0.06145
0.05474
0.07369
0.10552
0.13628
0.15592
0.16317
0.16386
0.16437
0.16467
0.15944
0.14245
0.11267
0.07557
0.0363
0.00056
-0.0287
-0.04331
-0.0425
-0.04074
-0.04505
-0.05464
-0.07556
-0.1073
-0.1413
-0.17152
-0.19823
-0.22619
-0.25511
-0.27734
-0.28653
-0.2881
-0.29206
-0.30043
-0.31038
-0.32021
-0.33111
-0.34256
-0.34731
-0.34441
-0.34142
-0.34229
-0.34532
-0.34726
-0.34835
-0.35061
-0.35128
-0.34605
-0.33697
-0.32716
-0.31811
-0.30943
-0.30014
-0.29004
-0.27946
-0.26827
-0.2564
-0.24368
-0.22778
-0.20297
-0.17064
-0.14027
-0.12311
-0.11627
-0.10772
-0.09367
-0.07848
-0.06586
-0.0553
-0.04458
-0.03263
-0.01823
0.00869
0.04657
0.08141
0.09417
0.07526
0.03879
0.00442
-0.01257
-0.00944
-0.00275
-0.00404
-0.0094
-0.00647
0.00956
0.03322
0.05521
0.07421
0.09286
0.10427
0.10498
0.10378
0.1067
0.1136
0.12387
0.13331
0.12909
0.08277
0.00438
-0.05135
-0.04334
-0.00094
0.03576
0.04853
0.04602
0.04865
0.06298
0.08216
0.10049
0.11526
0.12446
0.12309
0.11396
0.1048
0.10179
0.10412
0.10791
0.11016
0.11075
0.11141
0.11319
0.11786
0.13175
0.15998
0.1959
0.21434
0.20478
0.18517
0.17283
0.168
0.16588
0.16494
0.16455
0.16362
0.16172
0.15937
0.1575
0.15593
0.15405
0.15184
0.14952
0.14697
0.14417
0.13996
0.13297
0.12334
0.1117
0.09853
0.08535
0.07268
0.06008
0.0472
0.03409
0.02097
0.00819
-0.00379
-0.01526
-0.02609
-0.03807
-0.05345
-0.07008
-0.08562
-0.10079
-0.11773
-0.13145
-0.12982
-0.11017
-0.07522
-0.02502
0.02838
0.06547
0.08873
0.11444
0.1441
0.1684
0.1837
0.19068
0.19442
0.19835
0.20133
0.19943
0.18932
0.17087
0.14603
0.12047
0.09701
0.07386
0.04942
0.02853
0.02009
0.0203
0.01923
0.01414
0.00858
0.00521
0.0021
-0.01774
-0.12297
-0.3557
-0.54331
-0.54051
-0.43599
-0.36089
-0.35822
-0.39249
-0.41489
-0.41185
-0.3948
-0.36971
-0.31576
-0.23095
-0.15051
-0.08607
-0.02576
0.02034
0.02719
-0.00626
-0.05036
-0.07379
-0.06867
-0.05107
-0.03549
-0.02335
-0.01537
-0.01487
-0.0236
-0.03449
-0.04188
-0.04303
-0.03513
-0.02047
-0.00593
0.00578
0.01705
0.03009
0.04619
0.07481
0.12566
0.18759
0.24399
0.2773
0.27328
0.23952
0.20067
0.17142
0.16873
0.18138
0.18665
0.18206
0.17609
0.17259
0.1675
0.15796
0.14333
0.12662
0.10979
0.09465
0.08417
0.07698
0.06912
0.06082
0.05245
0.04081
0.02702
0.01406
0.00253
-0.00802
-0.01793
-0.02805
-0.03858
-0.04914
-0.0624
-0.08968
-0.13241
-0.17718
-0.21182
-0.22404
-0.22021
-0.21913
-0.22677
-0.23587
-0.24037
-0.24124
-0.24114
-0.24067
-0.23853
-0.23488
-0.2298
-0.22358
-0.21647
-0.20698
-0.19332
-0.17272
-0.14632
-0.11957
-0.09532
-0.07348
-0.05666
-0.04662
-0.03994
-0.03188
-0.02215
-0.01288
-0.00506
0.00146
0.00757
0.01483
0.02486
0.04186
0.07151
0.1159
0.16467
0.2122
0.24543
0.24843
0.2358
0.23021
0.23989
0.26154
0.28919
0.31692
0.33407
0.3378
0.33857
0.34558
0.35896
0.37636
0.39392
0.40925
0.42128
0.42971
0.43275
0.42705
0.40698
0.37195
0.3263
0.27332
0.20525
0.14351
0.1131
0.11007
0.10812
0.09499
0.07792
0.06231
0.04902
0.03669
0.02208
0.01129
0.00845
0.00738
0.0035
-0.00199
-0.00664
-0.01106
-0.01718
-0.02631
-0.03756
-0.04893
-0.05942
-0.07088
-0.08499
-0.10168
-0.12076
-0.1412
-0.16278
-0.18487
-0.20738
-0.23094
-0.25515
-0.27975
-0.30451
-0.32919
-0.35356
-0.37758
-0.40134
-0.42465
-0.45184
-0.48593
-0.52179
-0.55475
-0.58051
-0.59037
-0.58616
-0.58069
-0.58032
-0.58165
-0.58034
-0.57635
-0.57201
-0.56359
-0.53799
-0.48949
-0.42055
-0.33218
-0.23448
-0.1654
-0.15402
-0.16354
-0.15181
-0.11819
-0.0865
-0.07238
-0.07447
-0.08051
-0.08139
-0.07823
-0.07553
-0.07122
-0.06163
-0.0501
-0.04
-0.031
-0.02098
-0.00892
-0.0009
-0.00305
-0.01052
-0.01574
-0.01635
-0.00304
0.03295
0.09091
0.1563
0.2112
0.24356
0.26059
0.27211
0.28294
0.29379
0.30316
0.30963
0.30793
0.28315
0.22849
0.14959
0.09726
0.0951
0.10889
0.1084
0.09447
0.07893
0.06243
0.04621
0.04503
0.06665
0.09816
0.12122
0.12872
0.12309
0.11129
0.10156
0.09442
0.08641
0.07858
0.07445
0.07442
0.07661
0.0806
0.08641
0.09356
0.10148
0.10941
0.11735
0.12512
0.12834
0.11955
0.10453
0.09239
0.08446
0.08374
0.09424
0.10847
0.11923
0.12603
0.12389
0.11654
0.1109
0.10704
0.10793
0.11356
0.11873
0.12156
0.12494
0.12716
0.12205
0.11353
0.10695
0.10243
0.09755
0.09129
0.08431
0.07755
0.07166
0.06872
0.0677
0.06607
0.06341
0.06082
0.0595
0.05874
0.05603
0.05041
0.04246
0.03453
0.02783
0.0221
0.01623
0.00989
0.00368
-0.00239
-0.0089
-0.01578
-0.02304
-0.03107
-0.03946
-0.04814
-0.05723
-0.06751
-0.07939
-0.0919
-0.10217
-0.10215
-0.09102
-0.0791
-0.07167
-0.06691
-0.0654
-0.06868
-0.07362
-0.07737
-0.07875
-0.07873
-0.07922
-0.08073
-0.08262
-0.08425
-0.08546
-0.08608
-0.08539
-0.08401
-0.08184
-0.07833
-0.07446
-0.07097
-0.06762
-0.06303
-0.05664
-0.04995
-0.04393
-0.03828
-0.03257
-0.02666
-0.02119
-0.0169
-0.01307
-0.00884
-0.00414
0.00058
0.00514
0.0101
0.0146
0.01617
0.01602
0.01653
0.01759
0.0178
0.01831
0.02069
0.02522
0.03091
0.0366
0.04189
0.04627
0.04939
0.05015
0.04844
0.04421
0.03744
0.02823
0.01873
0.01019
0.00238
-0.00416
-0.00851
-0.00954
-0.00622
0.00024
0.00804
0.01651
0.02507
0.03442
0.04503
0.05364
0.05626
0.05375
0.05132
0.052
0.056
0.05994
0.06198
0.06262
0.0599
0.05505
0.0503
0.04484
0.04161
0.04771
0.06027
0.07398
0.08415
0.08897
0.0929
0.09793
0.10332
0.10824
0.11256
0.11662
0.12076
0.12503
0.12932
0.13356
0.13781
0.14262
0.14829
0.15411
0.16056
0.16866
0.17573
0.17833
0.17613
0.17029
0.15811
0.13945
0.12039
0.10501
0.09191
0.08238
0.0807
0.08401
0.08635
0.0859
0.07844
0.05897
0.03168
0.00252
-0.0255
-0.05288
-0.08059
-0.10788
-0.12859
-0.14191
-0.15489
-0.17074
-0.1924
-0.23337
-0.29401
-0.35682
-0.4141
-0.45306
-0.46303
-0.46042
-0.46992
-0.50489
-0.554
-0.59474
-0.59872
-0.56553
-0.51073
-0.43422
-0.34774
-0.27883
-0.25145
-0.2472
-0.23239
-0.19913
-0.15752
-0.11656
-0.07872
-0.04573
-0.02893
-0.0255
-0.02182
-0.01345
-0.00451
0.00155
0.00537
0.00893
0.01153
0.01227
0.00944
0.00366
-0.00198
-0.00548
0.00014
0.01616
0.03372
0.0488
0.06342
0.07892
0.09394
0.10281
0.10693
0.10971
0.11355
0.11991
0.12878
0.14003
0.157
0.18003
0.20637
0.233
0.25641
0.27727
0.29846
0.31946
0.34234
0.36934
0.40449
0.44454
0.47744
0.48419
0.46729
0.44667
0.43204
0.41725
0.39938
0.37224
0.33211
0.2883
0.2435
0.18722
0.14368
0.13072
0.13756
0.14302
0.13902
0.13122
0.12407
0.11943
0.11751
0.11779
0.11944
0.11828
0.11245
0.09764
0.07792
0.05987
0.04356
0.02564
0.0051
-0.01645
-0.03781
-0.05745
-0.07522
-0.09732
-0.13132
-0.18325
-0.25249
-0.30093
-0.3035
-0.27838
-0.25618
-0.24751
-0.24413
-0.23663
-0.22889
-0.22972
-0.23792
-0.24207
-0.22602
-0.17783
-0.10631
-0.03617
-0.01485
-0.05302
-0.12842
-0.22226
-0.29106
-0.29768
-0.26702
-0.23122
-0.18986
-0.15762
-0.13504
-0.11928
-0.1114
-0.11046
-0.11168
-0.10948
-0.10157
-0.0882
-0.0734
-0.06368
-0.05883
-0.05596
-0.05586
-0.05611
-0.05356
-0.04752
-0.03951
-0.03101
-0.0232
-0.01811
-0.0161
-0.0167
-0.01906
-0.02188
-0.02493
-0.02834
-0.03064
-0.03063
-0.02678
-0.02066
-0.01462
-0.0105
-0.00839
-0.00808
-0.00909
-0.01163
-0.01438
-0.01519
-0.01159
-0.00624
-0.0026
-0.00198
-0.00291
-0.00508
-0.00974
-0.01716
-0.02402
-0.02744
-0.02685
-0.02247
-0.01317
-0.00015
0.01459
0.02852
0.03719
0.0408
0.04405
0.04878
0.05313
0.05515
0.05386
0.05368
0.0629
0.08711
0.1212
0.14968
0.16837
0.18562
0.20357
0.2204
0.22904
0.22534
0.20978
0.18503
0.15741
0.13272
0.11422
0.0985
0.0826
0.06796
0.05544
0.04434
0.03406
0.02408
0.01451
0.00858
0.00714
0.00977
0.01472
0.02063
0.02474
0.02566
0.02309
0.01852
0.01679
0.02303
0.03383
0.04427
0.05059
0.05057
0.04714
0.04298
0.03955
0.03658
0.03135
0.00501
-0.06726
-0.14147
-0.12853
-0.03573
0.05235
0.06295
0.02552
0.00459
0.01513
0.03689
0.05195
0.05468
0.04708
0.03217
0.01224
-0.00669
-0.01074
0.00522
0.02849
0.03795
0.02768
0.00366
-0.02184
-0.03498
-0.0336
-0.02655
-0.0205
-0.01431
-0.00718
-0.00648
-0.01179
-0.01963
-0.02744
-0.03428
-0.03644
-0.03354
-0.02744
-0.02163
-0.01765
-0.01722
-0.01876
-0.02014
-0.02067
-0.0206
-0.01932
-0.01676
-0.01282
-0.01047
-0.01213
-0.01855
-0.02612
-0.02939
-0.02913
-0.02888
-0.03229
-0.03658
-0.03562
-0.02792
-0.01637
-0.00348
0.00865
0.01867
0.02527
0.02878
0.02564
0.01686
0.00719
-0.00055
-0.00305
0.00224
0.01236
0.01957
0.02192
0.02026
0.01646
0.01247
0.01009
0.0096
0.00968
0.00882
0.00611
0.00208
-0.00236
-0.00623
-0.00873
-0.00939
-0.00873
-0.0072
-0.00567
-0.00447
-0.00341
-0.00147
0.0016
0.0038
0.00525
0.00822
0.0123
0.01579
0.01804
0.01975
0.02186
0.0242
0.02522
0.02503
0.02493
0.02536
0.02591
0.02623
0.02634
0.02646
0.02667
0.0268
0.02582
0.02368
0.02154
0.0199
0.0184
0.01668
0.01476
0.01326
0.01277
0.0126
0.01188
0.0102
0.00696
0.00202
-0.00288
-0.00565
-0.00624
-0.00469
-0.00203
0.00091
0.00426
0.00803
0.01181
0.01603
0.0212
0.02728
0.03383
0.04048
0.0458
0.0482
0.04838
0.04735
0.04597
0.04504
0.04556
0.04602
0.04473
0.04157
0.03799
0.0351
0.03211
0.02795
0.02248
0.01746
0.01448
0.01139
0.00692
0.0027
-0.00137
-0.0067
-0.01441
-0.0254
-0.04216
-0.06927
-0.09008
-0.08773
-0.06052
-0.02596
-0.00664
-0.0083
-0.01955
-0.02892
-0.03311
-0.03049
-0.02158
-0.01327
-0.00911
-0.0106
-0.01493
-0.02026
-0.0245
-0.0262
-0.02529
-0.02243
-0.02064
-0.02198
-0.02821
-0.03587
-0.04131
-0.04206
-0.03699
-0.02752
-0.01828
-0.01453
-0.01554
-0.0199
-0.02379
-0.02472
-0.02191
-0.01675
-0.01141
-0.00787
-0.00685
-0.0069
-0.00923
-0.01204
-0.01379
-0.01465
-0.014
-0.01304
-0.01264
-0.01222
-0.01052
-0.00796
-0.00556
-0.00359
-0.00167
0.0011
0.00538
0.00996
0.01402
0.01906
0.02601
0.03426
0.04327
0.05339
0.06358
0.07308
0.08181
0.08911
0.09076
0.08606
0.07882
0.07179
0.06556
0.06098
0.05862
0.05718
0.0542
0.04643
0.03225
0.01235
-0.00094
0.00288
0.02065
0.03651
0.03743
0.02949
0.02468
0.02576
0.02797
0.02743
0.02419
0.0203
0.01724
0.01681
0.01864
0.02142
0.02395
0.02593
0.02608
0.02497
0.02396
0.0234
0.023
0.02336
0.02418
0.02458
0.02485
0.02553
0.02564
0.02481
0.02338
0.02151
0.01941
0.01848
0.01832
0.01748
0.01584
0.01427
0.01405
0.01515
0.0169
0.01928
0.0224
0.02431
0.02509
0.02652
0.02925
0.03248
0.03482
0.03586
0.03548
0.03426
0.03282
0.03179
0.03111
0.03027
0.02851
0.02557
0.02188
0.01832
0.01543
0.01323
0.01143
0.00924
0.00681
0.00496
0.00378
0.00281
0.00173
0.00039
-0.00139
-0.00334
-0.00505
-0.00626
-0.00588
-0.00451
-0.00347
-0.00297
-0.00246
-0.00162
-0.00078
-0.00036
-0.00039
-0.00072
-0.0014
-0.0024
-0.00369
-0.00488
-0.00587
-0.00738
-0.00945
-0.01164
-0.01442
-0.01842
-0.02567
-0.03532
-0.04482
-0.05271
-0.0599
-0.06808
-0.08028
-0.09991
-0.14917
-0.23137
-0.30612
-0.3362
-0.31106
-0.2511
-0.16364
-0.09146
-0.07635
-0.10228
-0.13194
-0.14147
-0.12938
-0.10795
-0.08712
-0.07108
-0.05635
-0.03661
-0.0133
0.00683
0.01635
0.01479
0.00692
-0.00112
-0.00674
-0.00843
-0.00794
-0.00639
-0.00376
-0.00033
0.00164
0.00094
-0.00229
-0.00623
-0.0098
-0.01191
-0.01229
-0.01104
-0.00937
-0.00811
-0.00709
-0.0063
-0.00581
-0.00466
-0.00254
-0.00015
0.0016
0.00263
0.00409
0.00644
0.00914
0.01228
0.01647
0.02019
0.02258
0.02441
0.0262
0.0277
0.03041
0.04039
0.07352
0.14188
0.23955
0.32076
0.32743
0.11534
-0.26388
-0.38713
-0.1156
0.20397
0.24738
0.10105
0.0024
0.02484
0.08116
0.09707
0.07851
0.06291
0.06458
0.07174
0.07307
0.06879
0.06185
0.04764
0.02773
0.01033
0.00177
-0.00014
0.00156
0.00605
0.01139
0.01553
0.018
0.01983
0.02177
0.02348
0.02506
0.02715
0.02899
0.02986
0.03035
0.0322
0.03171
0.02141
0.00994
0.0046
0.00424
0.00335
-0.0005
-0.0044
-0.00598
-0.00583
-0.00532
-0.00445
-0.00016
0.00091
-0.0067
-0.01718
-0.0234
-0.02375
-0.02211
-0.01792
-0.01216
-0.00717
-0.00397
-0.00226
-0.00223
-0.00546
-0.01516
-0.03133
-0.04942
-0.06479
-0.07724
-0.08912
-0.1014
-0.11701
-0.13859
-0.16601
-0.20738
-0.24508
-0.25166
-0.22131
-0.16124
-0.12211
-0.1199
-0.11942
-0.09767
-0.07581
-0.07898
-0.10104
-0.11419
-0.10515
-0.07642
-0.03706
-0.00086
0.0289
0.04924
0.05744
0.0555
0.047
0.0354
0.02764
0.02818
0.03428
0.04362
0.05244
0.05718
0.05498
0.04761
0.03917
0.03375
0.03345
0.0362
0.03993
0.04202
0.04218
0.04083
0.0406
0.04303
0.04659
0.04973
0.05269
0.05578
0.05864
0.05947
0.05759
0.05372
0.05067
0.05007
0.05108
0.05214
0.05307
0.05398
0.0544
0.05212
0.0479
0.04409
0.04187
0.04081
0.04034
0.03918
0.03582
0.03167
0.02785
0.0246
0.02466
0.02693
0.02796
0.02653
0.02364
0.02048
0.01782
0.01582
0.01302
0.00872
0.00498
0.00186
-0.00255
-0.00903
-0.01836
-0.02886
-0.03572
-0.03854
-0.04754
-0.06131
-0.07309
-0.08513
-0.09834
-0.10299
-0.09504
-0.08272
-0.06674
-0.04814
-0.0344
-0.02903
-0.02778
-0.02625
-0.0232
-0.01999
-0.01734
-0.01639
-0.01832
-0.02212
-0.02621
-0.03036
-0.03403
-0.03614
-0.03664
-0.03689
-0.03889
-0.04165
-0.04337
-0.04346
-0.04288
-0.04288
-0.04177
-0.03775
-0.03104
-0.02366
-0.01834
-0.01577
-0.01571
-0.01642
-0.01671
-0.01612
-0.01484
-0.0131
-0.01269
-0.01409
-0.01651
-0.01908
-0.02151
-0.02311
-0.02378
-0.02412
-0.02402
-0.02255
-0.01879
-0.01327
-0.00739
-0.00344
-0.00304
-0.00389
-0.00393
-0.0027
-0.00034
0.00338
0.00766
0.01175
0.01445
0.01593
0.01668
0.01782
0.0198
0.02156
0.02211
0.0211
0.01952
0.01828
0.01756
0.01705
0.0166
0.01605
0.01529
0.01415
0.01275
0.01136
0.00874
0.00412
-0.00038
-0.00375
-0.00685
-0.00914
-0.00968
-0.00897
-0.00829
-0.00845
-0.0098
-0.01208
-0.01391
-0.01434
-0.01259
-0.00976
-0.00724
-0.0052
-0.00335
-0.00172
-0.0006
0.00032
0.0028
0.00742
0.01366
0.02004
0.02587
0.03114
0.03592
0.03949
0.04186
0.04334
0.04531
0.04862
0.05344
0.0591
0.06527
0.07075
0.07473
0.07699
0.07789
0.07678
0.07426
0.07173
0.07136
0.07261
0.07379
0.07276
0.06876
0.06224
0.05438
0.04569
0.03679
0.02841
0.02163
0.01639
0.01168
0.00474
-0.00436
-0.01417
-0.02335
-0.03126
-0.03589
-0.03647
-0.03354
-0.02903
-0.02397
-0.0215
-0.022
-0.02319
-0.02398
-0.02479
-0.0263
-0.02847
-0.03032
-0.03125
-0.0308
-0.02863
-0.025
-0.02184
-0.02053
-0.02215
-0.02533
-0.0281
-0.02843
-0.02711
-0.02563
-0.02531
-0.02628
-0.02757
-0.02865
-0.02969
-0.0303
-0.03011
-0.0298
-0.03039
-0.03271
-0.0345
-0.03737
-0.0399
-0.03878
-0.03506
-0.03162
-0.03013
-0.0308
-0.03251
-0.0345
-0.03532
-0.03419
-0.03184
-0.0296
-0.02812
-0.02747
-0.02746
-0.02756
-0.02699
-0.02452
-0.0207
-0.01668
-0.01292
-0.00963
-0.00768
-0.00702
-0.00726
-0.00668
-0.00479
-0.00239
-0.00028
0.00146
0.00319
0.00516
0.00693
0.00759
0.00761
0.00786
0.00847
0.00906
0.00922
0.00856
0.00795
0.00836
0.00898
0.00889
0.00779
0.00558
0.00202
-0.00184
-0.00513
-0.0077
-0.00904
-0.00887
-0.00773
-0.00637
-0.0055
-0.00537
-0.00558
-0.00413
-0.00046
0.0044
0.00812
0.0091
0.00785
0.00617
0.0062
0.00839
0.01213
0.01533
0.01707
0.01709
0.01603
0.01452
0.01352
0.01324
0.01374
0.01495
0.01682
0.01858
0.01982
0.02058
0.02089
0.02064
0.02071
0.02132
0.0213
0.02062
0.02022
0.01988
0.01932
0.0191
0.01935
0.01969
0.01875
0.0167
0.01546
0.01581
0.01725
0.01708
0.01113
0.00521
0.00951
0.01792
0.0187
0.00748
-0.00886
-0.02008
-0.02142
-0.01758
-0.01102
-0.00453
-0.00075
-0.00013
-0.00371
-0.00763
-0.00426
0.00752
0.01877
0.02181
0.01973
0.01783
0.01934
0.02493
0.03193
0.0382
0.04182
0.04162
0.03962
0.0374
0.03529
0.03277
0.02952
0.02662
0.02483
0.02404
0.02307
0.02108
0.01895
0.01754
0.01685
0.01659
0.01658
0.01627
0.0154
0.01404
0.0125
0.01112
0.01096
0.01179
0.01278
0.01329
0.01321
0.01227
0.01106
0.01032
0.01035
0.0109
0.01112
0.01083
0.0104
0.01001
0.00963
0.00983
0.01013
0.00955
0.00859
0.00797
0.00728
0.00669
0.00691
0.00764
0.00823
0.00827
0.00817
0.00841
0.0081
0.00674
0.00464
0.00276
0.00307
0.00477
0.00594
0.00637
0.00651
0.00595
0.00491
0.00404
0.00417
0.0053
0.00748
0.01051
0.01415
0.01838
0.02267
0.02556
0.0272
0.0283
0.02908
0.02959
0.03033
0.03202
0.03512
0.03803
0.0396
0.03898
0.03655
0.03276
0.02785
0.02266
0.01896
0.01652
0.01431
0.01157
0.00782
0.00217
-0.00505
-0.01309
-0.02165
-0.03029
-0.03848
-0.04644
-0.05462
-0.06335
-0.07398
-0.08664
-0.09814
-0.10681
-0.11303
-0.11565
-0.11576
-0.11475
-0.11308
-0.11042
-0.10538
-0.09747
-0.08716
-0.07541
-0.063
-0.05354
-0.04866
-0.04489
-0.03981
-0.03228
-0.02325
-0.01393
-0.00632
-0.00115
-0.00078
-0.00374
-0.00757
-0.00964
-0.00902
-0.00647
-0.00402
-0.00318
-0.00411
-0.00631
-0.00927
-0.01156
-0.01185
-0.01107
-0.01025
-0.00942
-0.00859
-0.00828
-0.00819
-0.00774
-0.00669
-0.00528
-0.00361
-0.00186
-0.00022
0.0014
0.00269
0.00273
0.00181
0.00076
-0.00021
-0.00106
-0.00135
-0.00174
-0.00288
-0.00433
-0.00572
-0.00742
-0.0098
-0.013
-0.01761
-0.02357
-0.03055
-0.0383
-0.04598
-0.05198
-0.05499
-0.0514
-0.04263
-0.03195
-0.02214
-0.01383
-0.00628
0.00085
0.00737
0.01296
0.0168
0.01942
0.02199
0.02541
0.02957
0.03303
0.035
0.03503
0.03398
0.03279
0.03202
0.03191
0.03321
0.03551
0.03812
0.04124
0.04529
0.05033
0.05602
0.06227
0.07036
0.08143
0.10025
0.13203
0.17082
0.19216
0.18213
0.15191
0.11316
0.07896
0.06269
0.0636
0.06948
0.07021
0.06517
0.0518
0.02386
-0.00847
-0.03393
-0.05002
-0.05401
-0.04566
-0.02763
-0.01061
-0.00559
-0.01216
-0.02441
-0.03528
-0.03792
-0.03128
-0.019
-0.00694
0.00345
0.01205
0.0168
0.01888
0.01993
0.02109
0.02309
0.02577
0.02865
0.03067
0.03157
0.0317
0.03129
0.03028
0.02878
0.02722
0.02648
0.02621
0.02571
0.02489
0.02396
0.02252
0.02074
0.01937
0.01858
0.01798
0.01777
0.01818
0.01829
0.01734
0.0151
0.01257
0.01051
0.00834
0.00569
0.00321
0.00145
0.00053
0.00084
0.00195
0.00335
0.00501
0.00696
0.00809
0.0083
0.00885
0.00955
0.00949
0.00884
0.00825
0.00815
0.0085
0.00902
0.00947
0.0098
0.00999
0.01004
0.00993
0.00946
0.00838
0.00645
0.0043
0.00256
0.00138
0.00058
0.00009
-0.00111
-0.00358
-0.00611
-0.00817
-0.01045
-0.01317
-0.01592
-0.01818
-0.01959
-0.01994
-0.01974
-0.01941
-0.01953
-0.0203
-0.02202
-0.02395
-0.02522
-0.02526
-0.02416
-0.0221
-0.01973
-0.01758
-0.017
-0.01781
-0.01931
-0.02109
-0.02277
-0.02215
-0.01952
-0.01641
-0.01415
-0.01312
-0.0122
-0.01045
-0.00688
-0.00287
-0.00039
0.00111
0.00281
0.00449
0.00597
0.00768
0.00925
0.01027
0.01154
0.01322
0.01413
0.01357
0.01175
0.00857
0.00422
-0.00038
-0.00393
-0.00616
-0.00858
-0.01231
-0.01737
-0.0224
-0.02676
-0.03133
-0.03675
-0.04176
-0.04547
-0.04803
-0.05017
-0.0522
-0.05319
-0.05361
-0.05497
-0.05818
-0.06195
-0.06362
-0.0628
-0.06018
-0.05637
-0.05196
-0.04797
-0.04487
-0.04254
-0.03933
-0.03448
-0.02976
-0.02611
-0.02297
-0.01992
-0.01701
-0.01372
-0.01027
-0.00777
-0.00631
-0.00525
-0.00338
-0.0008
0.00033
-0.00009
-0.00067
-0.00129
-0.00244
-0.00268
-0.00171
-0.00042
0.00072
0.00152
-0.00027
-0.0039
-0.00693
-0.00926
-0.01144
-0.01251
-0.01262
-0.01261
-0.01275
-0.01347
-0.01491
-0.01699
-0.01857
-0.01894
-0.01867
-0.01842
-0.01807
-0.01761
-0.01726
-0.0173
-0.01765
-0.01782
-0.01775
-0.01801
-0.01831
-0.01789
-0.01752
-0.01787
-0.01864
-0.01941
-0.02
-0.01968
-0.01828
-0.01594
-0.01334
-0.01112
-0.00977
-0.00919
-0.00822
-0.00648
-0.00429
-0.00161
0.00173
0.00504
0.0079
0.01026
0.01248
0.01477
0.01754
0.02078
0.02406
0.02708
0.02983
0.03247
0.03503
0.03713
0.03838
0.03856
0.03817
0.0377
0.038
0.03902
0.04019
0.0407
0.04024
0.03871
0.03649
0.03386
0.03041
0.02574
0.02062
0.01682
0.01576
0.01631
0.01698
0.01776
0.01803
0.0164
0.01291
0.00915
0.00716
0.00697
0.00788
0.00846
0.00812
0.00694
0.00446
-0.00034
-0.00602
-0.01115
-0.01562
-0.0193
-0.02202
-0.0243
-0.02649
-0.02828
-0.02922
-0.02903
-0.02666
-0.02252
-0.01711
-0.01186
-0.00774
-0.0049
-0.00277
-0.00061
0.00223
0.00606
0.01036
0.01438
0.01667
0.0174
0.01762
0.01821
0.01928
0.0211
0.02306
0.02434
0.02501
0.02558
0.0266
0.02803
0.0296
0.03137
0.03354
0.03614
0.03887
0.04117
0.04316
0.04513
0.04639
0.04673
0.04688
0.04742
0.04826
0.04843
0.04702
0.0433
0.03848
0.03384
0.02881
0.02288
0.01678
0.01146
0.00705
0.0027
-0.00203
-0.00687
-0.0111
-0.0148
-0.01879
-0.02256
-0.02526
-0.02733
-0.02905
-0.02982
-0.02974
-0.02938
-0.02907
-0.02842
-0.02661
-0.02423
-0.02215
-0.01996
-0.01717
-0.01396
-0.01033
-0.0059
-0.00104
0.00376
0.00814
0.01173
0.01418
0.01616
0.0185
0.02272
0.02855
0.03521
0.04081
0.04441
0.04671
0.04842
0.04951
0.05058
0.05231
0.05389
0.05428
0.05295
0.05138
0.0511
0.05222
0.05365
0.05418
0.05373
0.05255
0.05029
0.04709
0.04386
0.04102
0.03829
0.03507
0.03106
0.02609
0.01933
0.0106
0.00191
-0.00554
-0.012
-0.01732
-0.02186
-0.02585
-0.0301
-0.03516
-0.04095
-0.04606
-0.049
-0.04975
-0.04949
-0.04883
-0.04811
-0.04759
-0.04709
-0.04627
-0.04437
-0.04163
-0.03877
-0.03624
-0.03416
-0.0334
-0.03353
-0.03348
-0.03287
-0.0319
-0.0307
-0.02933
-0.02768
-0.02676
-0.02739
-0.0291
-0.0308
-0.03184
-0.0318
-0.03071
-0.02919
-0.02722
-0.02564
-0.02489
-0.0249
-0.0252
-0.02526
-0.024
-0.02137
-0.01835
-0.01557
-0.01287
-0.01063
-0.00921
-0.00819
-0.00716
-0.00522
-0.00218
0.00152
0.00527
0.00874
0.01094
0.01186
0.01225
0.01258
0.01282
0.01344
0.01463
0.01649
0.01795
0.01781
0.01705
0.01682
0.01708
0.01714
0.01651
0.01541
0.01425
0.01347
0.01293
0.01219
0.01092
0.00919
0.00746
0.00599
0.00477
0.00338
0.00147
-0.00118
-0.00374
-0.00516
-0.0052
-0.00414
-0.00285
-0.00193
-0.00159
-0.0014
-0.00096
-0.00028
0.00042
0.00092
0.00087
0.00016
-0.00076
-0.00153
-0.00199
-0.0025
-0.00343
-0.00532
-0.00817
-0.01158
-0.01519
-0.01881
-0.02196
-0.02456
-0.02684
-0.02891
-0.03065
-0.03207
-0.03295
-0.03297
-0.03226
-0.03092
-0.02896
-0.02631
-0.02251
-0.01782
-0.0129
-0.00831
-0.00454
-0.00249
-0.00124
0.00044
0.00314
0.00636
0.00927
0.01138
0.01254
0.01272
0.01191
0.01072
0.00971
0.00906
0.0085
0.00796
0.00811
0.00891
0.0099
0.0108
0.01171
0.01308
0.01521
0.01859
0.02328
0.02888
0.03524
0.04371
0.05529
0.06748
0.07517
0.07824
0.07862
0.07725
0.07352
0.06757
0.06332
0.06172
0.06039
0.05525
0.04546
0.03387
0.02554
0.02127
0.01986
0.01858
0.0155
0.0103
0.00425
-0.0011
-0.00485
-0.00751
-0.01189
-0.01939
-0.02959
-0.03861
-0.04458
-0.04655
-0.04442
-0.04178
-0.04087
-0.04231
-0.04443
-0.04561
-0.04492
-0.04245
-0.0391
-0.03566
-0.0321
-0.0288
-0.02609
-0.02308
-0.01981
-0.01785
-0.01678
-0.01529
-0.01367
-0.01266
-0.01233
-0.01215
-0.01184
-0.01182
-0.01244
-0.01411
-0.01674
-0.01989
-0.02197
-0.02254
-0.02259
-0.02305
-0.02393
-0.02444
-0.02435
-0.02404
-0.02363
-0.02305
-0.02301
-0.02361
-0.02357
-0.02293
-0.02265
-0.02227
-0.02124
-0.0199
-0.0184
-0.01647
-0.01415
-0.01169
-0.00971
-0.00824
-0.00707
-0.00547
-0.00307
-0.00058
0.00154
0.00353
0.00559
0.00754
0.00864
0.00876
0.00821
0.0077
0.00769
0.00712
0.00538
0.00257
-0.0007
-0.00401
-0.00712
-0.00986
-0.01203
-0.01495
-0.0195
-0.02421
-0.02829
-0.03247
-0.03813
-0.04453
-0.04891
-0.05125
-0.05289
-0.05414
-0.0545
-0.05339
-0.05152
-0.04971
-0.04838
-0.04668
-0.04286
-0.03678
-0.02904
-0.0221
-0.01723
-0.01434
-0.01251
-0.01076
-0.0082
-0.00428
0.00062
0.00562
0.00932
0.01156
0.01222
0.01119
0.00875
0.00653
0.00563
0.00614
0.00749
0.00925
0.0102
0.01016
0.00943
0.00867
0.00823
0.0082
0.00841
0.00892
0.00938
0.00944
0.00922
0.00894
0.00859
0.0078
0.0065
0.00541
0.00488
0.00486
0.00505
0.00523
0.0052
0.00511
0.00533
0.00581
0.0063
0.00644
0.00662
0.00774
0.00956
0.01129
0.01236
0.01294
0.0133
0.0141
0.0156
0.01704
0.01783
0.01801
0.01794
0.01774
0.01737
0.01678
0.01593
0.01522
0.01493
0.01463
0.01415
0.01387
0.01372
0.01336
0.0127
0.01197
0.01145
0.01138
0.0117
0.01182
0.01141
0.01048
0.00889
0.00623
0.00333
0.00084
-0.00134
-0.00322
-0.00459
-0.00516
-0.00515
-0.00469
-0.00425
-0.00417
-0.00418
-0.00432
-0.00518
-0.0055
-0.00406
-0.00135
0.00152
0.00375
0.00535
0.00651
0.00766
0.00885
0.00933
0.00965
0.01099
0.01288
0.01453
0.01617
0.01797
0.01958
0.02104
0.02254
0.02363
0.02409
0.02418
0.02404
0.0236
0.02307
0.02263
0.0224
0.02221
0.02183
0.02102
0.01948
0.01674
0.01358
0.01096
0.00925
0.00807
0.00736
0.00645
0.0049
0.0033
0.00212
0.00127
0.00027
-0.00113
-0.00286
-0.00454
-0.00575
-0.00576
-0.00438
-0.00296
-0.00278
-0.00488
-0.00843
-0.01214
-0.01484
-0.01596
-0.01525
-0.01368
-0.01205
-0.01192
-0.01306
-0.01456
-0.01563
-0.0159
-0.01445
-0.01177
-0.00866
-0.00564
-0.00273
0.0005
0.00389
0.00648
0.00739
0.00598
0.00302
-0.00042
-0.00379
-0.00679
-0.00909
-0.01077
-0.0124
-0.01482
-0.0182
-0.02196
-0.02465
-0.02591
-0.02577
-0.02488
-0.02394
-0.02408
-0.02452
-0.02341
-0.02276
-0.02475
-0.02702
-0.02759
-0.02643
-0.02502
-0.02424
-0.02387
-0.02327
-0.02217
-0.02128
-0.02133
-0.02094
-0.0194
-0.01773
-0.01669
-0.01617
-0.01611
-0.01623
-0.01578
-0.01488
-0.01404
-0.01363
-0.01363
-0.01439
-0.01562
-0.01673
-0.01772
-0.01872
-0.01902
-0.01895
-0.01945
-0.02053
-0.02151
-0.02188
-0.02169
-0.02115
-0.0206
-0.02023
-0.02035
-0.02076
-0.02112
-0.0219
-0.02319
-0.02408
-0.02429
-0.02418
-0.02408
-0.02408
-0.02441
-0.02484
-0.02486
-0.02388
-0.02193
-0.01884
-0.01512
-0.0115
-0.00867
-0.00672
-0.00513
-0.00351
-0.00171
0.00026
0.00226
0.00395
0.00525
0.00612
0.00657
0.00665
0.00708
0.00812
0.00958
0.01117
0.01275
0.01377
0.0143
0.01536
0.01729
0.0197
0.02165
0.02295
0.02476
0.0273
0.02978
0.03153
0.03259
0.03355
0.0346
0.03549
0.03608
0.03635
0.03582
0.03432
0.03196
0.02903
0.02573
0.02234
0.01917
0.01638
0.01362
0.01069
0.00799
0.00541
0.00256
0.00004
-0.00183
-0.00364
-0.0056
-0.00686
-0.00746
-0.00825
-0.01009
-0.01284
-0.0158
-0.01836
-0.02055
-0.02295
-0.02575
-0.02858
-0.03138
-0.03422
-0.03646
-0.0379
-0.0388
-0.03921
-0.03885
-0.03716
-0.03459
-0.03186
-0.02833
-0.02345
-0.01896
-0.01579
-0.0138
-0.01208
-0.01
-0.00679
-0.00288
0.00031
0.00245
0.00394
0.00482
0.00513
0.00498
0.00471
0.00462
0.00468
0.00469
0.0045
0.00418
0.00384
0.00369
0.00367
0.00334
0.00253
0.0013
-0.00006
-0.00127
-0.00207
-0.00203
-0.00067
0.00082
0.00184
0.00366
0.00663
0.0099
0.01277
0.01522
0.01697
0.0182
0.01909
0.01953
0.0195
0.01967
0.02022
0.02087
0.0215
0.02208
0.02206
0.0211
0.01926
0.01773
0.01729
0.01791
0.01855
0.01833
0.01756
0.01679
0.01639
0.01645
0.017
0.01763
0.01826
0.0197
0.02191
0.02425
0.026
0.02713
0.02866
0.0309
0.03305
0.03495
0.03703
0.03904
0.04075
0.04233
0.04325
0.04271
0.04204
0.04243
0.04453
0.04697
0.04809
0.0481
0.04778
0.04682
0.04501
0.04249
0.03962
0.03656
0.03355
0.03033
0.02647
0.02237
0.01828
0.0138
0.00908
0.00451
-0.00013
-0.00411
-0.00623
-0.00696
-0.00706
-0.0066
-0.00569
-0.00456
-0.00361
-0.00296
-0.00212
-0.00076
0.00131
0.00348
0.00528
0.0069
0.00853
0.00991
0.01094
0.01175
0.01262
0.01336
0.0132
0.01238
0.01154
0.01102
0.01057
0.00968
0.00829
0.00661
0.00529
0.00449
0.00374
0.00251
0.00061
-0.00104
-0.0021
-0.00313
-0.00415
-0.0049
-0.00637
-0.00899
-0.01211
-0.01493
-0.01743
-0.02047
-0.02468
-0.03014
-0.03607
-0.04174
-0.04673
-0.05105
-0.05492
-0.0585
-0.06148
-0.06307
-0.06353
-0.06322
-0.06069
-0.05617
-0.04838
-0.03752
-0.02637
-0.01673
-0.01146
-0.01309
-0.01861
-0.02468
-0.02766
-0.02641
-0.02231
-0.01756
-0.01453
-0.01396
-0.01596
-0.01976
-0.02367
-0.02548
-0.02566
-0.02532
-0.02422
-0.02221
-0.02023
-0.01867
-0.01731
-0.01559
-0.01325
-0.01
-0.00637
-0.00306
-0.00053
0.00127
0.00292
0.00466
0.00687
0.00953
0.01261
0.01555
0.01799
0.02044
0.02297
0.02476
0.02585
0.02679
0.02824
0.03017
0.03196
0.0336
0.03551
0.03728
0.03839
0.0389
0.0392
0.03947
0.03991
0.0406
0.04135
0.04191
0.04206
0.04165
0.04067
0.03926
0.03739
0.03445
0.03048
0.02616
0.02302
0.02104
0.01918
0.0167
0.01333
0.00856
0.00358
-0.00035
-0.00279
-0.00432
-0.00489
-0.00462
-0.00377
-0.00243
-0.00064
0.00142
0.00386
0.00674
0.00974
0.01265
0.01558
0.01838
0.02074
0.02268
0.02438
0.02615
0.02783
0.02883
0.02951
0.0304
0.03061
0.02991
0.02939
0.02962
0.03029
0.03086
0.03138
0.03232
0.03339
0.03414
0.03477
0.03557
0.03661
0.03756
0.0382
0.03868
0.03928
0.04017
0.04072
0.04016
0.03879
0.0371
0.03499
0.03217
0.02889
0.02664
0.02531
0.02357
0.02085
0.01743
0.01322
0.00877
0.00475
0.00091
-0.00327
-0.00788
-0.01233
-0.01607
-0.01859
-0.02046
-0.02249
-0.02503
-0.02801
-0.03167
-0.03488
-0.03607
-0.03587
-0.03551
-0.03393
-0.0255
-0.01712
-0.01937
-0.02976
-0.04213
-0.0475
-0.04421
-0.03759
-0.03049
-0.02399
-0.02107
-0.02464
-0.03038
-0.03355
-0.03247
-0.02906
-0.02442
-0.01992
-0.01682
-0.01556
-0.0159
-0.01656
-0.01665
-0.01591
-0.0147
-0.01341
-0.01291
-0.01328
-0.01435
-0.01587
-0.01758
-0.01871
-0.01923
-0.01946
-0.02
-0.02109
-0.02235
-0.02331
-0.0238
-0.02396
-0.0239
-0.02343
-0.02264
-0.02183
-0.02128
-0.02103
-0.02084
-0.02056
-0.02023
-0.01943
-0.01788
-0.01648
-0.01571
-0.01544
-0.01492
-0.01371
-0.01162
-0.00888
-0.0059
-0.00292
-0.00001
0.00174
0.00216
0.00219
0.00251
0.00316
0.0039
0.00455
0.0051
0.00518
0.00432
0.00283
0.00126
-0.00009
-0.00138
-0.0027
-0.00332
-0.00309
-0.00278
-0.00288
-0.00336
-0.00377
-0.00382
-0.00304
-0.00152
0.00045
0.00252
0.0045
0.00542
0.00555
0.00588
0.00684
0.00818
0.0095
0.01056
0.01128
0.01173
0.01201
0.01215
0.01212
0.01182
0.01138
0.01093
0.0105
0.00991
0.00886
0.0074
0.00567
0.00334
0.00095
-0.00064
-0.0017
-0.00284
-0.00453
-0.00655
-0.00858
-0.01087
-0.01379
-0.01696
-0.02001
-0.02289
-0.02541
-0.02746
-0.02906
-0.03076
-0.03291
-0.03437
-0.03451
-0.03387
-0.03334
-0.03305
-0.03207
-0.02982
-0.02647
-0.0226
-0.0184
-0.01428
-0.01066
-0.0083
-0.00676
-0.00524
-0.00308
-0.00013
0.00369
0.00755
0.00958
0.01051
0.01196
0.01408
0.01622
0.01839
0.02037
0.02169
0.02268
0.02382
0.02559
0.02779
0.03008
0.03212
0.03385
0.03551
0.03709
0.03819
0.03863
0.03859
0.03867
0.03913
0.03996
0.04094
0.04194
0.04227
0.04178
0.04092
0.0396
0.03736
0.03559
0.03511
0.03519
0.03461
0.03307
0.03118
0.02938
0.02765
0.0259
0.02418
0.02273
0.02134
0.01945
0.0171
0.01468
0.01249
0.0104
0.00814
0.00592
0.00375
0.00064
-0.00253
-0.00445
-0.00593
-0.00787
-0.00999
-0.01141
-0.01186
-0.01206
-0.01249
-0.01322
-0.01386
-0.01413
-0.01369
-0.01252
-0.0112
-0.01009
-0.0091
-0.00838
-0.00809
-0.00771
-0.00698
-0.00603
-0.00533
-0.00523
-0.00536
-0.006
-0.00758
-0.00936
-0.01088
-0.01271
-0.01546
-0.01913
-0.0229
-0.02594
-0.02748
-0.02758
-0.02677
-0.02565
-0.02435
-0.02348
-0.02311
-0.0226
-0.02122
-0.01872
-0.01603
-0.01382
-0.01214
-0.01051
-0.00859
-0.00706
-0.00643
-0.006
-0.00496
-0.00292
-0.00144
-0.0017
-0.00236
-0.00229
-0.0016
-0.00082
-0.00009
0.00129
0.00315
0.00412
0.00392
0.00321
0.00256
0.00222
0.00261
0.00341
0.00408
0.00409
0.00344
0.00238
0.00128
0.00031
-0.00053
-0.00151
-0.00295
-0.00398
-0.00389
-0.00376
-0.00461
-0.0065
-0.00822
-0.00917
-0.00961
-0.01029
-0.01167
-0.01318
-0.01435
-0.01539
-0.01634
-0.01696
-0.01735
-0.0178
-0.01841
-0.01883
-0.01864
-0.01796
-0.01725
-0.01692
-0.01675
-0.01634
-0.01564
-0.0148
-0.01404
-0.01337
-0.01271
-0.01198
-0.01123
-0.01046
-0.0096
-0.00802
-0.00578
-0.00375
-0.00232
-0.00124
-0.00037
0.00025
0.00061
0.00089
0.00133
0.00222
0.00353
0.00492
0.00599
0.00659
0.00734
0.00845
0.00938
0.01008
0.01095
0.01239
0.0143
0.01631
0.01807
0.01951
0.02096
0.02258
0.02421
0.02553
0.02635
0.02727
0.02871
0.03036
0.03152
0.0318
0.0314
0.03059
0.02964
0.02829
0.02609
0.02356
0.02123
0.01912
0.01721
0.01535
0.01281
0.00897
0.00502
0.00203
0.00011
-0.00155
-0.00347
-0.00554
-0.00769
-0.0104
-0.01347
-0.01646
-0.01935
-0.02189
-0.02367
-0.02536
-0.02745
-0.02949
-0.03102
-0.03209
-0.03349
-0.0353
-0.03606
-0.03591
-0.03614
-0.03682
-0.03722
-0.03608
-0.03312
-0.02871
-0.02452
-0.02169
-0.02156
-0.02304
-0.02461
-0.02535
-0.02512
-0.02351
-0.02127
-0.01939
-0.01862
-0.01897
-0.01983
-0.02073
-0.02127
-0.02127
-0.02076
-0.01991
-0.01896
-0.0183
-0.0179
-0.01746
-0.01649
-0.0151
-0.01396
-0.01294
-0.01152
-0.01003
-0.0089
-0.00821
-0.00751
-0.00636
-0.00536
-0.00483
-0.00415
-0.00309
-0.00203
-0.00176
-0.00254
-0.00356
-0.00415
-0.00433
-0.00464
-0.0053
-0.00605
-0.00672
-0.00745
-0.00863
-0.01041
-0.01239
-0.01408
-0.0153
-0.01625
-0.01717
-0.01797
-0.01879
-0.01987
-0.02069
-0.02103
-0.02145
-0.02203
-0.02231
-0.02238
-0.02233
-0.02131
-0.0193
-0.01694
-0.01501
-0.01368
-0.01272
-0.01154
-0.00971
-0.00751
-0.00527
-0.00306
-0.00081
0.00152
0.00353
0.00477
0.00597
0.00759
0.00917
0.01029
0.01091
0.01169
0.01283
0.01365
0.01394
0.01409
0.01397
0.01349
0.01393
0.01531
0.01656
0.01739
0.01811
0.01861
0.01893
0.01927
0.02013
0.02163
0.02307
0.02396
0.02428
0.02436
0.0245
0.02489
0.02526
0.02506
0.0246
0.02443
0.02471
0.02508
0.02498
0.02471
0.02495
0.02601
0.02754
0.02903
0.03036
0.03172
0.03321
0.03465
0.03591
0.03691
0.03737
0.03749
0.03766
0.03798
0.03831
0.0385
0.03841
0.03777
0.03659
0.03503
0.03318
0.03106
0.02881
0.0266
0.02438
0.02156
0.01824
0.01499
0.01205
0.00913
0.00554
0.00154
-0.00206
-0.00485
-0.0071
-0.00925
-0.01146
-0.01363
-0.01535
-0.01673
-0.01839
-0.01982
-0.02037
-0.02081
-0.02171
-0.02277
-0.02364
-0.02428
-0.02491
-0.02532
-0.02472
-0.02463
-0.02635
-0.02819
-0.02904
-0.02987
-0.03097
-0.03188
-0.03269
-0.03355
-0.03437
-0.03518
-0.03603
-0.03677
-0.03747
-0.03839
-0.03948
-0.04051
-0.04138
-0.04184
-0.04165
-0.04096
-0.03992
-0.03842
-0.03649
-0.03424
-0.03071
-0.02529
-0.019
-0.01302
-0.0077
-0.00336
-0.00059
0.00101
0.00185
0.00217
0.00254
0.0035
0.00447
0.00472
0.00381
0.00221
0.00049
-0.0012
-0.00291
-0.00382
-0.00387
-0.0036
-0.00328
-0.00278
-0.00214
-0.00151
-0.00091
-0.00013
0.00103
0.0026
0.00442
0.00643
0.00824
0.00954
0.01059
0.01157
0.01226
0.01269
0.01305
0.01337
0.0135
0.01331
0.01301
0.0128
0.0126
0.01237
0.01235
0.01245
0.01241
0.01186
0.01101
0.01028
0.01006
0.01033
0.01037
0.00997
0.00945
0.00883
0.0079
0.00672
0.00561
0.005
0.00459
0.00393
0.00292
0.00179
0.00071
-0.00051
-0.00205
-0.00369
-0.00506
-0.00595
-0.00636
-0.00654
-0.00677
-0.00684
-0.00641
-0.00605
-0.00607
-0.00602
-0.00547
-0.0044
-0.00297
-0.00127
0.00043
0.00203
0.00357
0.0051
0.00661
0.00809
0.00958
0.01118
0.01279
0.01431
0.01587
0.0174
0.01845
0.01927
0.02031
0.02089
0.02087
0.02173
0.02358
0.02528
0.02588
0.02537
0.02464
0.0243
0.02436
0.02422
0.02366
0.02323
0.02278
0.02164
0.02013
0.01869
0.01705
0.01502
0.01266
0.00967
0.00592
0.00151
-0.00348
-0.00888
-0.01396
-0.01819
-0.02151
-0.02471
-0.0281
-0.03086
-0.03272
-0.034
-0.03479
-0.03511
-0.03485
-0.03406
-0.03278
-0.03069
-0.02778
-0.02596
-0.02542
-0.02493
-0.02385
-0.02243
-0.0207
-0.0188
-0.01728
-0.01621
-0.01549
-0.01549
-0.01605
-0.01627
-0.01598
-0.01555
-0.01522
-0.01492
-0.01451
-0.01364
-0.012
-0.00999
-0.00802
-0.00574
-0.00302
-0.00009
0.00271
0.00523
0.00726
0.00912
0.01129
0.01318
0.01422
0.0151
0.01624
0.01722
0.01822
0.01976
0.02071
0.02046
0.0197
0.01925
0.0194
0.02001
0.02077
0.02145
0.02198
0.02239
0.02275
0.02309
0.02352
0.02398
0.02435
0.02475
0.02527
0.02559
0.0257
0.02587
0.02622
0.02661
0.02658
0.02615
0.0256
0.02548
0.02592
0.02622
0.02588
0.02472
0.02341
0.0225
0.02174
0.02069
0.01913
0.0173
0.01547
0.01347
0.01149
0.00991
0.0084
0.00656
0.00424
0.00201
0.00048
-0.00087
-0.0026
-0.00442
-0.00595
-0.00715
-0.00843
-0.00988
-0.01072
-0.0108
-0.01055
-0.0102
-0.00967
-0.00867
-0.0073
-0.00593
-0.00476
-0.00372
-0.00243
-0.00105
-0.00019
0.00077
0.00259
0.00481
0.00683
0.00854
0.00998
0.01115
0.01204
0.01263
0.01293
0.01307
0.01309
0.01283
0.01229
0.01174
0.0109
0.00918
0.00664
0.0036
0.00013
-0.00306
-0.00547
-0.00761
-0.00996
-0.01256
-0.01519
-0.01771
-0.0201
-0.02208
-0.02324
-0.02391
-0.02446
-0.02517
-0.02598
-0.02674
-0.02759
-0.02866
-0.02952
-0.02994
-0.02999
-0.02978
-0.02928
-0.02859
-0.02772
-0.02654
-0.02496
-0.023
-0.02116
-0.01966
-0.01849
-0.01754
-0.01673
-0.01599
-0.01503
-0.01328
-0.0113
-0.00981
-0.00886
-0.0079
-0.0062
-0.00374
-0.001
0.0013
0.00301
0.00423
0.00546
0.00691
0.00825
0.00924
0.00991
0.0104
0.01072
0.01089
0.01101
0.01141
0.01196
0.01228
0.01237
0.01244
0.01259
0.01295
0.01363
0.01419
0.01442
0.0148
0.01516
0.01493
0.01452
0.01439
0.01448
0.01443
0.01403
0.01361
0.01338
0.01319
0.01284
0.01232
0.01195
0.0118
0.01162
0.01129
0.01086
0.01052
0.0102
0.00955
0.00869
0.00795
0.00734
0.00678
0.00631
0.00606
0.00614
0.00605
0.00548
0.0045
0.00349
0.00263
0.00196
0.00138
0.00075
-0.0002
-0.00151
-0.00262
-0.00354
-0.00491
-0.00663
-0.00818
-0.00917
-0.00964
-0.00975
-0.0098
-0.00989
-0.00983
-0.00934
-0.00799
-0.00632
-0.00511
-0.00493
-0.00501
-0.00416
-0.00248
-0.00074
0.00076
0.00206
0.00309
0.00395
0.00477
0.00546
0.00598
0.00647
0.00703
0.00769
0.00835
0.00899
0.00985
0.01072
0.01117
0.01162
0.01227
0.01226
0.01216
0.01337
0.01471
0.01478
0.01391
0.01265
0.01087
0.00884
0.00676
0.0043
0.00159
-0.00096
-0.00331
-0.00557
-0.00759
-0.00966
-0.01194
-0.01351
-0.0141
-0.01451
-0.01493
-0.01506
-0.01508
-0.01494
-0.01417
-0.01345
-0.01345
-0.0131
-0.01173
-0.00988
-0.0083
-0.00713
-0.0062
-0.00521
-0.00392
-0.00226
-0.00022
0.00171
0.00333
0.00495
0.00676
0.00869
0.01075
0.01295
0.01478
0.01627
0.01793
0.0198
0.02164
0.02337
0.02515
0.0272
0.02938
0.0314
0.0326
0.03304
0.03327
0.0334
0.03312
0.03274
0.03261
0.03285
0.03274
0.03144
0.02952
0.02776
0.02604
0.02402
0.02164
0.01914
0.01674
0.01446
0.01199
0.00908
0.00575
0.0016
-0.00441
-0.01118
-0.01705
-0.02101
-0.02342
-0.02483
-0.02599
-0.02727
-0.02896
-0.0304
-0.03057
-0.02896
-0.02617
-0.02262
-0.01913
-0.01651
-0.01491
-0.01411
-0.01321
-0.0117
-0.00944
-0.00736
-0.00615
-0.00548
-0.00486
-0.00421
-0.00387
-0.0042
-0.00503
-0.00593
-0.00656
-0.00707
-0.00773
-0.00847
-0.0092
-0.01003
-0.01081
-0.01126
-0.01147
-0.01162
-0.01175
-0.01174
-0.01154
-0.01142
-0.01153
-0.01173
-0.01183
-0.01178
-0.01168
-0.01169
-0.01226
-0.01297
-0.01312
-0.01348
-0.01454
-0.01577
-0.01679
-0.01778
-0.01862
-0.01926
-0.02007
-0.02084
-0.02109
-0.02113
-0.02141
-0.02207
-0.02283
-0.02337
-0.02342
-0.02324
-0.02372
-0.02452
-0.02457
-0.02381
-0.02279
-0.0221
-0.0218
-0.0216
-0.02067
-0.01869
-0.01645
-0.01422
-0.01125
-0.00785
-0.00482
-0.00281
-0.00152
-0.00008
0.0017
0.00347
0.00511
0.00674
0.00874
0.01085
0.01204
0.01251
0.01306
0.01416
0.01556
0.01647
0.01685
0.01721
0.01808
0.01895
0.01923
0.01946
0.02002
0.02082
0.02144
0.02165
0.02188
0.02252
0.02334
0.02385
0.02357
0.0233
0.02376
0.02419
0.0243
0.02458
0.02488
0.02473
0.02372
0.02282
0.02325
0.02425
0.02469
0.02407
0.02305
0.02234
0.0218
0.02086
0.01896
0.01638
0.0137
0.01143
0.00936
0.00674
0.0036
0.00046
-0.00234
-0.00518
-0.00886
-0.01267
-0.01569
-0.01808
-0.02064
-0.02386
-0.02791
-0.03224
-0.03577
-0.03754
-0.03753
-0.03667
-0.03558
-0.03453
-0.03411
-0.03461
-0.03532
-0.03543
-0.03424
-0.03267
-0.03169
-0.03079
-0.02962
-0.02894
-0.02887
-0.02896
-0.02885
-0.02835
-0.02704
-0.02494
-0.0224
-0.01997
-0.01776
-0.01554
-0.01285
-0.01002
-0.00793
-0.00662
-0.00576
-0.00524
-0.00496
-0.00487
-0.0047
-0.00427
-0.00392
-0.00384
-0.00394
-0.00435
-0.00517
-0.00588
-0.00614
-0.00578
-0.00511
-0.00435
-0.00325
-0.00173
0.00016
0.00213
0.00392
0.00529
0.00642
0.00793
0.00982
0.01171
0.01352
0.01539
0.01702
0.01851
0.02025
0.02196
0.02322
0.02419
0.02511
0.0259
0.02646
0.02676
0.0267
0.02628
0.02551
0.02458
0.02356
0.02185
0.01975
0.01871
0.01825
0.01719
0.01548
0.01368
0.01208
0.01062
0.00915
0.0076
0.00607
0.00472
0.00328
0.00171
0.00051
-0.00039
-0.00152
-0.00289
-0.00422
-0.00534
-0.0062
-0.0068
-0.0074
-0.00802
-0.00832
-0.00833
-0.00829
-0.00806
-0.00761
-0.0073
-0.00686
-0.00576
-0.00433
-0.003
-0.00176
-0.00044
0.001
0.00265
0.0045
0.00629
0.008
0.00978
0.01179
0.01396
0.01615
0.01805
0.01907
0.01981
0.02105
0.02257
0.02387
0.02478
0.02548
0.0261
0.02638
0.02609
0.02549
0.02486
0.02424
0.02345
0.02238
0.02125
0.01982
0.01765
0.01534
0.01327
0.01107
0.00882
0.00688
0.00529
0.00345
0.00049
-0.00304
-0.00624
-0.0088
-0.01133
-0.01445
-0.01797
-0.02145
-0.02478
-0.02779
-0.03037
-0.03279
-0.0352
-0.03743
-0.03953
-0.04148
-0.04311
-0.0442
-0.0447
-0.04439
-0.04352
-0.04283
-0.0424
-0.04182
-0.04064
-0.03894
-0.03686
-0.03455
-0.03204
-0.02881
-0.02463
-0.02065
-0.01784
-0.01653
-0.01526
-0.01266
-0.00883
-0.00453
-0.00098
0.0016
0.00342
0.00492
0.00617
0.00777
0.01002
0.0122
0.01396
0.01558
0.01685
0.01746
0.01765
0.01773
0.0178
0.01809
0.01867
0.01913
0.01921
0.01897
0.01863
0.01828
0.01779
0.01698
0.01572
0.01432
0.01302
0.01155
0.00982
0.00827
0.00658
0.00431
0.00194
-0.00027
-0.00252
-0.0047
-0.00667
-0.00861
-0.01053
-0.01225
-0.01364
-0.0146
-0.0149
-0.01481
-0.0147
-0.01473
-0.01454
-0.01343
-0.01167
-0.00984
-0.00838
-0.00719
-0.00612
-0.00506
-0.00405
-0.00329
-0.0028
-0.00191
-0.0007
0.00004
0.00027
0.00044
0.00103
0.00195
0.00289
0.00351
0.00365
0.0033
0.00279
0.00282
0.00329
0.00378
0.00439
0.00537
0.00673
0.00831
0.01002
0.01127
0.01197
0.01257
0.01322
0.0137
0.01402
0.01433
0.01463
0.01472
0.01436
0.0135
0.0123
0.01091
0.00975
0.00922
0.00874
0.00764
0.00575
0.00382
0.00244
0.00135
0.00012
-0.00131
-0.00273
-0.00356
-0.00381
-0.00408
-0.0046
-0.00519
-0.00568
-0.00603
-0.00618
-0.00608
-0.00569
-0.0054
-0.0053
-0.0046
-0.00323
-0.00178
-0.00077
-0.00015
0.00059
0.00162
0.0027
0.00364
0.00454
0.00594
0.00765
0.0089
0.00984
0.01106
0.01256
0.014
0.01513
0.01615
0.01725
0.01814
0.01867
0.01923
0.01975
0.01992
0.0203
0.02115
0.02166
0.02165
0.02161
0.02167
0.02157
0.02085
0.01987
0.0193
0.01908
0.01879
0.01795
0.01657
0.01486
0.01315
0.01163
0.01029
0.00891
0.00748
0.0066
0.0062
0.00576
0.00515
0.0046
0.00434
0.00457
0.00542
0.00618
0.00639
0.0064
0.00654
0.00662
0.0064
0.00585
0.00519
0.00466
0.00438
0.00415
0.00372
0.00281
0.00158
0.00036
-0.00085
-0.00218
-0.00344
-0.00447
-0.00526
-0.00622
-0.00752
-0.00916
-0.01104
-0.01306
-0.01455
-0.01533
-0.01593
-0.01714
-0.01905
-0.02035
-0.02092
-0.02183
-0.02329
-0.02481
-0.026
-0.02686
-0.02754
-0.02817
-0.0287
-0.02909
-0.02944
-0.02986
-0.02994
-0.02928
-0.0278
-0.02614
-0.02494
-0.02455
-0.02489
-0.02537
-0.02549
-0.02496
-0.02356
-0.02136
-0.01925
-0.01789
-0.01773
-0.01784
-0.01725
-0.01569
-0.01362
-0.01169
-0.01008
-0.00869
-0.00752
-0.00659
-0.00529
-0.00358
-0.00185
-0.00018
0.00165
0.00387
0.00622
0.008
0.00926
0.0104
0.01183
0.01343
0.0145
0.01517
0.01605
0.01693
0.01741
0.01783
0.0183
0.01837
0.01788
0.0171
0.01647
0.01583
0.01469
0.01325
0.01192
0.01096
0.01005
0.00876
0.00743
0.00647
0.00605
0.00557
0.00434
0.0027
0.00143
0.00108
0.00108
0.00079
0.00079
0.00145
0.00224
0.0028
0.00321
0.00359
0.00406
0.00507
0.00649
0.00786
0.00917
0.01055
0.01159
0.01208
0.01193
0.01125
0.01031
0.01001
0.01051
0.01117
0.01141
0.01117
0.01058
0.00995
0.00979
0.00922
0.00747
0.00563
0.00455
0.00392
0.00298
0.00139
-0.00027
-0.00167
-0.00309
-0.00488
-0.00696
-0.00858
-0.0098
-0.01131
-0.01284
-0.01389
-0.01481
-0.01585
-0.01686
-0.01778
-0.01863
-0.01906
-0.01904
-0.01875
-0.01836
-0.01784
-0.01699
-0.01593
-0.01491
-0.01387
-0.01266
-0.01109
-0.00929
-0.00766
-0.00627
-0.005
-0.00378
-0.00254
-0.00101
0.00061
0.00189
0.00278
0.00351
0.00448
0.0057
0.00693
0.00819
0.00961
0.0112
0.01291
0.01468
0.01663
0.01889
0.02134
0.02384
0.02622
0.02852
0.03082
0.0332
0.03564
0.03786
0.03978
0.04161
0.0435
0.04544
0.04727
0.04882
0.04948
0.04932
0.04919
0.04929
0.04915
0.0485
0.04738
0.04572
0.04341
0.04041
0.03682
0.03281
0.02851
0.02436
0.02065
0.01734
0.01416
0.01089
0.00741
0.00372
-0.00005
-0.00325
-0.00576
-0.00809
-0.00986
-0.01058
-0.01101
-0.01178
-0.01278
-0.01366
-0.01429
-0.01477
-0.01525
-0.01575
-0.01625
-0.01677
-0.01738
-0.01818
-0.01912
-0.01989
-0.0204
-0.02074
-0.02104
-0.02137
-0.02159
-0.02167
-0.02164
-0.02127
-0.02044
-0.01969
-0.01919
-0.01857
-0.01767
-0.01666
-0.01591
-0.01559
-0.01572
-0.01585
-0.01568
-0.01553
-0.01572
-0.01632
-0.01711
-0.01785
-0.01818
-0.01838
-0.01941
-0.02093
-0.02212
-0.02274
-0.02334
-0.02453
-0.02584
-0.02661
-0.0267
-0.02642
-0.02601
-0.02602
-0.02655
-0.02653
-0.02548
-0.02343
-0.02138
-0.02001
-0.01873
-0.01696
-0.01481
-0.01251
-0.01006
-0.00776
-0.00572
-0.00393
-0.00228
-0.00074
0.00076
0.00227
0.004
0.00581
0.00718
0.00813
0.00889
0.00907
0.00868
0.00842
0.00854
0.00878
0.00879
0.00848
0.00761
0.00646
0.00548
0.00463
0.00373
0.00284
0.00201
0.00122
0.00054
-0.00006
-0.00083
-0.00157
-0.00196
-0.00232
-0.00298
-0.00381
-0.00422
-0.00386
-0.00271
-0.0013
-0.00062
-0.00038
0.0002
0.00114
0.00198
0.0023
0.00241
0.00288
0.00366
0.00443
0.00477
0.00478
0.00475
0.00481
0.00487
0.00462
0.00416
0.0038
0.00383
0.00424
0.00452
0.00458
0.00477
0.00519
0.00567
0.0062
0.00687
0.00771
0.00848
0.009
0.00953
0.01024
0.01104
0.0119
0.01292
0.01388
0.01467
0.01536
0.01594
0.01625
0.0164
0.01654
0.01675
0.01688
0.01675
0.01645
0.01613
0.01555
0.01475
0.01399
0.01323
0.01231
0.01111
0.00976
0.00846
0.00742
0.00651
0.00508
0.00336
0.00206
0.00087
-0.00046
-0.00146
-0.00201
-0.00234
-0.00292
-0.00373
-0.00426
-0.00416
-0.00335
-0.00218
-0.00117
-0.0008
-0.00078
-0.0007
-0.00064
-0.00077
-0.00093
-0.001
-0.00096
-0.00089
-0.00084
-0.0008
-0.00069
-0.00042
-0.00007
0.00022
0.00036
0.00044
0.00071
0.0013
0.00215
0.00314
0.00395
0.00411
0.00357
0.00272
0.00295
0.00425
0.0051
0.00502
0.00455
0.0041
0.00372
0.00333
0.00274
0.00177
0.00091
0.00043
0.00012
-0.0003
-0.00085
-0.00125
-0.00142
-0.00161
-0.00186
-0.00203
-0.00196
-0.00178
-0.00186
-0.00211
-0.00226
-0.00232
-0.00244
-0.00263
-0.00295
-0.00342
-0.00374
-0.00387
-0.00454
-0.00561
-0.00636
-0.00649
-0.00639
-0.00689
-0.00764
-0.00774
-0.0075
-0.00747
-0.00758
-0.00755
-0.00729
-0.00674
-0.0059
-0.00516
-0.00471
-0.00444
-0.0042
-0.00398
-0.00386
-0.00378
-0.00367
-0.00355
-0.00349
-0.00356
-0.0038
-0.00426
-0.00466
-0.00479
-0.00481
-0.00496
-0.00534
-0.00566
-0.00563
-0.00543
-0.00529
-0.00531
-0.00518
-0.00463
-0.00371
-0.00274
-0.00219
-0.00223
-0.00285
-0.00329
-0.00311
-0.00244
-0.00179
-0.00144
-0.00119
-0.00075
0.0002
0.00132
0.00208
0.00257
0.00315
0.00397
0.00495
0.00598
0.00669
0.00694
0.00693
0.00705
0.00761
0.00776
0.00705
0.00706
0.00821
0.00966
0.01044
0.01047
0.01054
0.01108
0.01192
0.01272
0.01339
0.01393
0.01437
0.01468
0.01504
0.01566
0.01622
0.01647
0.0165
0.01659
0.01687
0.01711
0.0171
0.0168
0.0163
0.01563
0.0149
0.01408
0.01296
0.01179
0.01086
0.00962
0.0079
0.0062
0.00462
0.00302
0.00193
0.00137
0.00092
0.00025
-0.00064
-0.00176
-0.00267
-0.00289
-0.00273
-0.0027
-0.00319
-0.00394
-0.00454
-0.00503
-0.00559
-0.00619
-0.00706
-0.00849
-0.00974
-0.01049
-0.01141
-0.01254
-0.0135
-0.0143
-0.01504
-0.01556
-0.0159
-0.0162
-0.01644
-0.01668
-0.01719
-0.01796
-0.01872
-0.01872
-0.018
-0.01698
-0.01581
-0.0145
-0.01375
-0.01368
-0.01366
-0.01284
-0.01113
-0.00966
-0.0089
-0.00835
-0.00757
-0.00661
-0.00561
-0.00465
-0.00374
-0.00281
-0.00182
-0.00066
0.00063
0.00151
0.00199
0.00246
0.00324
0.00431
0.00526
0.00593
0.00647
0.00652
0.00589
0.0059
0.00703
0.00837
0.0093
0.00992
0.0102
0.01015
0.00985
0.00956
0.00939
0.00913
0.00869
0.00818
0.0077
0.00722
0.00662
0.00583
0.00479
0.0037
0.00272
0.0018
0.00085
-0.00011
-0.00094
-0.00164
-0.00275
-0.00427
-0.00545
-0.0061
-0.00659
-0.00716
-0.00777
-0.00823
-0.00831
-0.00796
-0.00751
-0.00708
-0.00647
-0.0056
-0.00454
-0.00337
-0.00203
-0.00034
0.00128
0.00233
0.0029
0.00338
0.00402
0.00482
0.00578
0.00668
0.00745
0.00813
0.00839
0.00778
0.00707
0.00697
0.00733
0.00765
0.00774
0.00757
0.00718
0.00656
0.00594
0.00558
0.00537
0.00509
0.00464
0.00415
0.00379
0.00355
0.00334
0.00309
0.00285
0.00272
0.00277
0.00291
0.00248
0.00148
0.00035
-0.00053
-0.00112
-0.00139
-0.00165
-0.00223
-0.00304
-0.00389
-0.0047
-0.00543
-0.00596
-0.00638
-0.00681
-0.00724
-0.00769
-0.00815
-0.00824
-0.00789
-0.00729
-0.00704
-0.00749
-0.00763
-0.00688
-0.00543
-0.00401
-0.00305
-0.00233
-0.0015
-0.00049
0.0004
0.00073
0.00089
0.00139
0.00187
0.00208
0.00229
0.00244
0.00233
0.00236
0.00256
0.00225
0.00151
0.00082
0.00023
-0.00042
-0.00117
-0.00211
-0.00322
-0.0041
-0.00477
-0.00584
-0.00696
-0.00759
-0.00846
-0.00971
-0.01067
-0.0114
-0.01232
-0.01325
-0.014
-0.01467
-0.01542
-0.01627
-0.01708
-0.01768
-0.01797
-0.01795
-0.01766
-0.01725
-0.01704
-0.01725
-0.01732
-0.01687
-0.01644
-0.01622
-0.0157
-0.01464
-0.01332
-0.01241
-0.01198
-0.0117
-0.01089
-0.00931
-0.00762
-0.00622
-0.00503
-0.00373
-0.00222
-0.00083
0.00031
0.00131
0.00235
0.00352
0.0049
0.00649
0.00799
0.00919
0.01002
0.0105
0.01074
0.01141
0.01257
0.01359
0.01442
0.01545
0.01635
0.017
0.01743
0.01807
0.0189
0.01963
0.0201
0.02029
0.02018
0.01978
0.01955
0.01965
0.01966
0.01916
0.01805
0.01681
0.01601
0.01606
0.01633
0.01604
0.01491
0.01337
0.01212
0.01105
0.00976
0.00859
0.0075
0.00588
0.00414
0.00285
0.00165
0.00031
-0.00087
-0.00186
-0.00266
-0.00302
-0.0033
-0.00402
-0.00487
-0.00549
-0.00594
-0.00643
-0.00707
-0.00775
-0.00834
-0.00872
-0.00907
-0.00957
-0.01028
-0.01095
-0.01117
-0.01122
-0.01151
-0.01185
-0.01196
-0.01172
-0.01143
-0.01132
-0.01105
-0.01062
-0.0105
-0.0104
-0.00989
-0.00932
-0.00898
-0.00876
-0.00838
-0.00781
-0.00753
-0.00754
-0.00747
-0.00722
-0.00694
-0.00664
-0.00627
-0.00589
-0.00556
-0.0053
-0.00499
-0.00448
-0.0036
-0.00264
-0.00189
-0.00126
-0.00057
0.0003
0.00125
0.00216
0.00292
0.00362
0.00483
0.00633
0.00748
0.008
0.008
0.00788
0.00824
0.00945
0.01064
0.01115
0.01134
0.01167
0.01213
0.01268
0.01332
0.0138
0.01409
0.01433
0.01449
0.01447
0.01453
0.01467
0.01453
0.01415
0.01371
0.01283
0.01162
0.0106
0.00992
0.00936
0.00857
0.00734
0.00539
0.00334
0.00179
0.00051
-0.00089
-0.00249
-0.00418
-0.00582
-0.00731
-0.00859
-0.00969
-0.01063
-0.01149
-0.01243
-0.01345
-0.01438
-0.01495
-0.01536
-0.01606
-0.01694
-0.01763
-0.0181
-0.01858
-0.01927
-0.02006
-0.02077
-0.02112
-0.02115
-0.02104
-0.02055
-0.01945
-0.01823
-0.01702
-0.01534
-0.0135
-0.01212
-0.01145
-0.01125
-0.01116
-0.01045
-0.00885
-0.00697
-0.00537
-0.00462
-0.00457
-0.00486
-0.00487
-0.00449
-0.00367
-0.00278
-0.00216
-0.00167
-0.0011
-0.00048
-0.00003
0.00009
0.00027
0.00085
0.0018
0.00276
0.00335
0.00359
0.00372
0.00414
0.00491
0.0059
0.00683
0.00752
0.00806
0.00869
0.00925
0.00937
0.00908
0.00867
0.00836
0.00827
0.00846
0.00844
0.00795
0.00694
0.00573
0.00465
0.00377
0.00294
0.00196
0.00084
-0.00028
-0.00138
-0.00222
-0.00267
-0.00254
-0.00213
-0.00186
-0.00173
-0.00146
-0.00045
0.00082
0.00139
0.00141
0.00153
0.00255
0.00426
0.00607
0.00737
0.00797
0.00788
0.00753
0.00767
0.00839
0.00939
0.01051
0.01167
0.01252
0.01294
0.01299
0.01291
0.01283
0.013
0.01334
0.01359
0.01347
0.01293
0.01218
0.0115
0.01099
0.01061
0.01031
0.01008
0.00949
0.00826
0.00703
0.00617
0.00551
0.0051
0.0049
0.00456
0.00406
0.00367
0.00374
0.00409
0.00396
0.00343
0.00313
0.00334
0.00371
0.00383
0.00379
0.00387
0.00401
0.00411
0.00413
0.00408
0.00395
0.0039
0.00394
0.00388
0.00377
0.00375
0.00364
0.00332
0.00288
0.00237
0.0018
0.0015
0.00138
0.00098
0.00038
-0.00012
-0.00043
-0.00072
-0.00127
-0.00229
-0.00354
-0.00441
-0.00496
-0.00558
-0.00635
-0.00723
-0.00823
-0.00919
-0.00998
-0.01083
-0.01185
-0.01291
-0.01394
-0.01483
-0.01543
-0.01599
-0.01682
-0.01771
-0.01839
-0.01882
-0.01933
-0.02005
-0.02028
-0.01982
-0.01883
-0.01779
-0.01695
-0.01604
-0.01491
-0.01376
-0.01265
-0.01147
-0.01029
-0.0092
-0.00833
-0.00756
-0.00668
-0.00557
-0.00433
-0.0034
-0.00277
-0.00212
-0.00148
-0.00103
-0.00045
0.00038
0.00124
0.00204
0.00284
0.00366
0.00444
0.00515
0.0058
0.0064
0.00712
0.00799
0.00867
0.00913
0.00962
0.01011
0.01043
0.01057
0.01069
0.01098
0.01129
0.01142
0.01146
0.01149
0.01133
0.01096
0.01049
0.01003
0.00961
0.00926
0.00885
0.00825
0.0076
0.00688
0.00587
0.00468
0.00354
0.00255
0.00166
0.00088
0.00028
-0.00017
-0.00069
-0.00137
-0.00213
-0.00275
-0.00315
-0.00343
-0.00357
-0.00351
-0.00337
-0.00333
-0.00354
-0.00382
-0.004
-0.0043
-0.00478
-0.00529
-0.00568
-0.00591
-0.0062
-0.0067
-0.00736
-0.00783
-0.00797
-0.00794
-0.00803
-0.00832
-0.00858
-0.00863
-0.00843
-0.00814
-0.00788
-0.00751
-0.00698
-0.00645
-0.00609
-0.00597
-0.00586
-0.00556
-0.00476
-0.00379
-0.00313
-0.00274
-0.00238
-0.00204
-0.0017
-0.00117
-0.00064
-0.00033
-0.00015
0.00008
0.00042
0.00081
0.00117
0.00146
0.00168
0.00191
0.0022
0.00252
0.00279
0.00298
0.0032
0.00347
0.00374
0.00399
0.0042
0.00429
0.00429
0.00429
0.00432
0.00433
0.00435
0.00434
0.0042
0.00397
0.00372
0.0034
0.00307
0.00281
0.0025
0.00202
0.00158
0.00125
0.00096
0.00052
-0.00004
-0.00053
-0.0009
-0.00128
-0.00171
-0.00216
-0.00251
-0.00274
-0.00289
-0.00302
-0.00314
-0.00325
-0.00333
-0.00337
-0.00329
-0.00311
-0.00288
-0.0026
-0.0023
-0.00212
-0.00206
-0.00198
-0.00188
-0.00181
-0.00169
-0.00148
-0.00119
-0.00097
-0.00089
-0.00098
-0.00115
-0.00123
-0.00115
-0.00098
-0.00085
-0.00078
-0.0007
-0.00057
-0.00044
-0.00032
-0.00022
-0.00012
-0.00002
0.00009
0.00016
0.0002
0.00021
0.00021
0.00022
0.00022
0.00016
0.00004
-0.00006
-0.00007
-0.00001
0.00002
-0.00004
-0.00013
-0.0002
-0.00022
-0.00023
-0.00026
-0.0003
-0.00032
-0.00031
-0.00028
-0.00025
-0.00023
-0.00022
-0.0002
-0.00014
-0.00007
-0.00001
0.00002
0.00003
0.00006
0.0001
0.00014
0.00017
0.0002
0.00022
0.00027
0.00033
0.00037
0.0004
0.00045
0.0005
0.00051
0.00052
0.00053
0.00056
0.00059
0.00062
0.00063
0.00065
0.00068
0.0007
0.00069
0.00068
0.00068
0.0007
0.00071
0.00071
0.0007
0.00069
0.00069
0.00068
0.00067
0.00064
0.00061
0.00058
0.00055
0.00052
0.00049
0.00044
0.00039
0.00036
0.00031
0.00026
0.00021
0.00016
0.00009
0.00004
-0.00001
-0.00005
-0.00009
-0.00011
-0.00014
-0.00018
-0.00023
-0.00025
-0.00027
-0.00029
-0.0003
-0.00031
-0.00031
-0.00031
-0.00032
-0.00031
-0.00029
-0.00028
-0.00027
-0.00025
-0.00024
-0.00022
-0.00021
-0.0002
-0.00018
-0.00016
-0.00014
-0.00013
-0.00012
-0.0001
-0.00008
-0.00006
-0.00004
-0.00003
-0.00002
-0.00001
0.00001
0.00002
0.00003
0.00004
0.00005
0.00006
0.00007
0.00008
0.00009
0.0001
0.00011
0.00011
0.00012
0.00013
0.00014
0.00014
0.00015
0.00016
0.00017
0.00017
0.00018
0.00019
0.00019
0.0002
0.0002
0.00021
0.00021
0.00022
0.00022
0.00023
0.00024
0.00024
0.00025
0.00025
0.00026
0.00026
0.00027
0.00027
0.00027
0.00028
0.00028
0.00029
0.00029
0.0003
0.0003
0.00031
0.00031
0.00032
0.00032
0.00033
0.00033
0.00034
0.00034
0.00035
0.00035
0.00036
0.00036
0.00037
0.00037
0.00038
0.00038
0.00039
0.00039
0.00039
0.0004
0.0004
0.00041
0.00041
0.00042
0.00042
0.00043
0.00043
0.00044
0.00044
0.00044
0.00045
0.00045
0.00046
0.00046
0.00047
0.00047
0.00047
0.00048
0.00048
0.00049
0.00049
0.00049
0.0005
0.0005
0.00051
0.00051
0.00051
0.00052
0.00052
0.00053
0.00053
0.00053
0.00054
0.00054
0.00054
0.00055
0.00055
0.00055
0.00056