0.005
-0.00472
-0.00473
-0.00473
-0.00473
-0.00474
-0.00474
-0.00475
-0.00475
-0.00475
-0.00475
-0.00476
-0.00476
-0.00476
-0.00476
-0.00476
-0.00476
-0.00477
-0.00477
-0.00477
-0.00477
-0.00476
-0.00476
-0.00476
-0.00476
-0.00475
-0.00475
-0.00475
-0.00474
-0.00474
-0.00473
-0.00472
-0.00471
-0.0047
-0.00469
-0.00468
-0.00467
-0.00466
-0.00464
-0.00462
-0.00461
-0.00459
-0.00457
-0.00455
-0.00454
-0.00454
-0.00453
-0.00452
-0.00452
-0.00451
-0.00451
-0.00451
-0.00452
-0.00452
-0.00453
-0.00455
-0.00456
-0.00457
-0.00454
-0.0045
-0.00447
-0.00445
-0.00442
-0.00438
-0.00434
-0.0043
-0.00426
-0.00422
-0.00417
-0.00413
-0.00408
-0.00403
-0.00398
-0.00393
-0.00388
-0.00382
-0.00377
-0.00371
-0.00365
-0.00359
-0.00353
-0.00346
-0.0034
-0.00333
-0.00326
-0.00318
-0.00309
-0.00301
-0.00292
-0.00292
-0.00312
-0.0034
-0.00384
-0.00445
-0.00507
-0.00538
-0.00541
-0.00526
-0.00495
-0.00461
-0.00432
-0.00401
-0.00365
-0.00328
-0.00297
-0.00269
-0.00248
-0.00257
-0.00284
-0.00312
-0.00334
-0.00333
-0.00312
-0.00295
-0.00288
-0.00282
-0.00271
-0.00255
-0.0024
-0.00226
-0.00212
-0.00198
-0.00182
-0.00168
-0.00166
-0.00173
-0.00178
-0.00178
-0.00178
-0.00181
-0.00181
-0.00176
-0.00168
-0.00163
-0.00159
-0.00154
-0.00148
-0.00142
-0.00124
-0.00071
0.00001
0.00066
0.0012
0.00178
0.00253
0.00359
0.00445
0.00445
0.00353
0.00223
0.00107
-0.00013
-0.00158
-0.00318
-0.00476
-0.00586
-0.00649
-0.00679
-0.00609
-0.00483
-0.00348
-0.00205
-0.00118
-0.00095
-0.00069
-0.00037
-0.00013
0.00002
0.00013
0.00025
0.00037
0.00049
0.00061
0.00073
0.00085
0.00098
0.0011
0.00123
0.00135
0.00148
0.00161
0.00174
0.00188
0.00201
0.00215
0.0023
0.00249
0.00269
0.00287
0.00256
0.00075
-0.00183
-0.0038
-0.00473
-0.00485
-0.00494
-0.00538
-0.00587
-0.00618
-0.00613
-0.00545
-0.00452
-0.00374
-0.00272
-0.00115
-0.00057
-0.00139
-0.00232
-0.00264
-0.00271
-0.003
-0.00349
-0.0035
-0.00305
-0.00263
-0.0024
-0.00176
-0.00005
0.002
0.00277
0.00185
0.0002
-0.00262
-0.0061
-0.00978
-0.01318
-0.01146
-0.00333
0.00577
0.01252
0.01598
0.01258
0.00438
-0.00323
-0.00945
-0.01509
-0.01771
-0.01421
-0.00736
-0.00127
0.00192
0.00288
0.00306
0.00319
0.00368
0.00422
0.00442
0.0043
0.00414
0.00408
0.0041
0.0041
0.0041
0.0044
0.0049
0.00432
0.00251
0.00053
-0.00127
-0.00205
-0.0017
-0.00049
0.00088
0.002
0.00347
0.00543
0.00714
0.00768
0.00539
-0.0017
-0.01098
-0.02007
-0.02236
-0.01469
-0.00609
-0.00226
-0.00146
-0.00045
0.00334
0.00886
0.01378
0.01762
0.01945
0.01505
0.00743
0.00183
-0.0009
-0.00213
-0.00337
-0.00541
-0.00714
-0.00781
-0.00804
-0.00839
-0.0081
-0.0069
-0.00431
0.00107
0.00816
0.01237
0.01105
0.00709
0.0047
0.00435
0.00458
0.00401
0.00265
0.00127
0.00028
-0.00047
-0.00118
-0.00183
-0.00247
-0.00306
-0.00297
-0.00218
-0.00139
-0.00111
-0.00156
-0.00236
-0.00398
-0.00511
0.00069
0.01151
0.02099
0.0279
0.03579
0.04191
0.0295
0.00179
-0.02315
-0.03858
-0.04373
-0.03157
-0.01293
-0.00005
0.00964
0.01927
0.02141
0.01638
0.01133
0.00904
0.00744
0.00497
0.0016
-0.0011
-0.00215
-0.00272
-0.00363
-0.00387
-0.00326
-0.00259
-0.00222
-0.00196
-0.00155
-0.00101
-0.00047
0.00002
0.00048
0.00095
0.00144
0.00193
0.00242
0.0029
0.00338
0.00387
0.00436
0.00484
0.00533
0.00589
0.00696
0.00839
0.00972
0.01085
0.01197
0.01327
0.01475
0.01452
0.01059
0.00555
0.00178
-0.00117
-0.00467
-0.00879
-0.01169
-0.01246
-0.01005
-0.0061
-0.00188
0.00316
0.00865
0.01412
0.01988
0.02468
0.01886
0.00523
-0.0061
-0.01107
-0.01046
-0.00685
-0.00489
-0.00593
-0.00872
-0.0139
-0.02063
-0.02754
-0.03089
-0.02751
-0.01775
-0.0029
0.01258
0.02645
0.04085
0.05323
0.05314
0.03458
0.01107
-0.00569
-0.01061
-0.00427
0.00412
0.00804
0.00976
0.01395
0.01721
0.01204
-0.00063
-0.01391
-0.02498
-0.03008
-0.02658
-0.0195
-0.01381
-0.00726
0.00186
0.01208
0.02202
0.03171
0.04243
0.05142
0.04559
0.01842
-0.0157
-0.03211
-0.02383
-0.00586
0.00583
0.01053
0.01601
0.02615
0.03875
0.05002
0.05292
0.04704
0.04047
0.03872
0.04026
0.04056
0.0385
0.0365
0.03604
0.03633
0.03631
0.03586
0.03537
0.03508
0.03491
0.03471
0.03444
0.03415
0.03388
0.03363
0.03338
0.03318
0.03404
0.03645
0.03893
0.03915
0.03242
0.01869
0.00375
-0.00866
-0.01972
-0.03173
-0.04483
-0.05136
-0.04435
-0.03099
-0.01798
-0.00639
0.00591
0.02153
0.03919
0.05645
0.07307
0.09006
0.10501
0.11235
0.11278
0.11002
0.10258
0.0851
0.05716
0.02481
-0.00527
-0.02719
-0.03339
-0.02432
-0.0112
-0.00286
0.00256
0.01016
0.02103
0.03283
0.04368
0.05362
0.06355
0.07389
0.08443
0.0949
0.10575
0.11752
0.12682
0.1276
0.11958
0.10917
0.10037
0.09172
0.08037
0.06385
0.03657
-0.00639
-0.06206
-0.12111
-0.17596
-0.21951
-0.23379
-0.22167
-0.20316
-0.19055
-0.18435
-0.1819
-0.17856
-0.17233
-0.16534
-0.16017
-0.15819
-0.1676
-0.20657
-0.26586
-0.31188
-0.3258
-0.31552
-0.29206
-0.24344
-0.1658
-0.08316
-0.03374
-0.03801
-0.06136
-0.07063
-0.06386
-0.05499
-0.05252
-0.05416
-0.05436
-0.05126
-0.04525
-0.03636
-0.0164
0.02286
0.06296
0.07991
0.0754
0.06898
0.07137
0.07987
0.0911
0.11227
0.15824
0.21471
0.26261
0.29277
0.30996
0.32664
0.34744
0.36952
0.38935
0.40448
0.41098
0.40756
0.40053
0.39501
0.38967
0.38207
0.36801
0.33782
0.28564
0.2226
0.16999
0.14009
0.13607
0.14422
0.1486
0.14735
0.1471
0.15207
0.16055
0.16683
0.16717
0.16393
0.16055
0.15822
0.15517
0.14996
0.14055
0.12458
0.10387
0.08294
0.06325
0.05788
0.06338
0.066
0.06199
0.04806
0.02092
-0.01262
-0.0463
-0.08005
-0.11453
-0.14861
-0.18059
-0.20009
-0.19674
-0.17369
-0.14939
-0.13561
-0.12821
-0.11722
-0.10065
-0.08303
-0.06816
-0.05476
-0.03883
-0.02286
-0.01655
-0.02967
-0.05759
-0.08426
-0.10293
-0.11862
-0.13371
-0.13838
-0.12949
-0.11792
-0.11092
-0.10588
-0.10043
-0.10435
-0.12935
-0.16397
-0.19458
-0.22295
-0.25002
-0.27482
-0.29683
-0.31457
-0.32942
-0.34382
-0.35846
-0.37226
-0.38507
-0.39595
-0.40445
-0.41132
-0.41454
-0.41144
-0.39719
-0.36803
-0.3311
-0.29705
-0.27598
-0.27125
-0.27453
-0.27416
-0.266
-0.25109
-0.23564
-0.22212
-0.20903
-0.19493
-0.17973
-0.16418
-0.14887
-0.13383
-0.11866
-0.1003
-0.0679
-0.0225
0.02403
0.06545
0.09741
0.12303
0.1442
0.16314
0.18046
0.19726
0.21367
0.22964
0.246
0.26642
0.29682
0.32882
0.33103
0.29062
0.20186
0.04772
-0.10659
-0.1639
-0.12777
-0.07773
-0.05813
-0.05105
-0.02588
0.01779
0.0639
0.10274
0.13124
0.14646
0.15585
0.16728
0.18168
0.19535
0.20634
0.21551
0.21917
0.21521
0.20726
0.19861
0.18781
0.17166
0.14495
0.1105
0.07666
0.0518
0.04218
0.04261
0.04364
0.04339
0.04429
0.0487
0.05596
0.06331
0.06957
0.07342
0.06667
0.04399
0.01251
-0.01874
-0.0422
-0.05492
-0.06418
-0.07666
-0.09172
-0.10539
-0.11512
-0.11325
-0.08264
-0.03796
-0.00222
0.02204
0.03263
0.03063
0.02744
0.02922
0.03268
0.03335
0.03114
0.02849
0.02689
0.02772
0.03211
0.03915
0.04777
0.05604
0.06372
0.07123
0.07811
0.08464
0.09102
0.0972
0.10298
0.10742
0.10603
0.09166
0.06686
0.03419
-0.00522
-0.0508
-0.09187
-0.12023
-0.14414
-0.16951
-0.19739
-0.22338
-0.24346
-0.25983
-0.27626
-0.28909
-0.29236
-0.28106
-0.24203
-0.17339
-0.10242
-0.04683
-0.00194
0.0412
0.08782
0.12961
0.15263
0.15581
0.15164
0.15061
0.15213
0.15052
0.14398
0.13355
0.1146
0.07834
0.03284
-0.01014
-0.05208
-0.08443
-0.09518
-0.08508
-0.05718
-0.00881
0.04884
0.09863
0.12837
0.14291
0.15556
0.17216
0.1879
0.19321
0.18819
0.18143
0.17775
0.17515
0.17035
0.16202
0.14944
0.13273
0.11476
0.09563
0.07151
0.03553
-0.00793
-0.05012
-0.08934
-0.10702
-0.10233
-0.09795
-0.10478
-0.11743
-0.12915
-0.13716
-0.14051
-0.13785
-0.12932
-0.11123
-0.06918
-0.00637
0.05238
0.08597
0.08753
0.07082
0.04676
0.01682
-0.0158
-0.04079
-0.05501
-0.05809
-0.05059
-0.03988
-0.0302
-0.02125
-0.01104
0.00153
0.01865
0.03814
0.0564
0.07386
0.09379
0.11728
0.13741
0.14002
0.12312
0.10024
0.0817
0.06667
0.04948
0.02491
-0.00548
-0.03957
-0.08358
-0.1397
-0.19781
-0.23265
-0.23579
-0.21971
-0.20134
-0.18772
-0.17825
-0.16775
-0.15263
-0.13383
-0.11524
-0.10025
-0.08856
-0.07665
-0.06325
-0.05039
-0.03626
-0.01554
0.01189
0.03877
0.05426
0.05485
0.04655
0.03857
0.03291
0.02704
0.01911
0.00963
-0.00014
-0.00948
-0.01797
-0.02533
-0.0309
-0.03414
-0.03441
-0.0326
-0.03115
-0.03061
-0.03004
-0.02881
-0.027
-0.02464
-0.0245
-0.03883
-0.07468
-0.12442
-0.16314
-0.171
-0.15775
-0.14615
-0.14454
-0.14519
-0.1405
-0.12826
-0.10169
-0.05474
-0.00712
0.01263
-0.00503
-0.03236
-0.04752
-0.05502
-0.0654
-0.08308
-0.10825
-0.13476
-0.15834
-0.17214
-0.16045
-0.1266
-0.08494
-0.06031
-0.0778
-0.13038
-0.19704
-0.19805
-0.09736
0.05325
0.16353
0.18166
0.14927
0.12785
0.1378
0.16861
0.20645
0.24361
0.26314
0.25896
0.24454
0.2329
0.22665
0.22143
0.21107
0.18186
0.12271
0.04617
-0.01705
-0.03755
-0.02618
-0.01318
-0.01351
-0.01983
-0.0205
-0.01497
-0.00325
0.02508
0.06473
0.09978
0.12737
0.1522
0.17865
0.20447
0.22295
0.23194
0.2323
0.22894
0.22577
0.2237
0.22119
0.2167
0.21094
0.20541
0.20052
0.19579
0.19083
0.18555
0.17996
0.17425
0.16631
0.14423
0.10069
0.02863
-0.05407
-0.13488
-0.20015
-0.24202
-0.2716
-0.30652
-0.34816
-0.38703
-0.41738
-0.43613
-0.43802
-0.41701
-0.37101
-0.31613
-0.25313
-0.18333
-0.09993
0.00074
0.10907
0.2295
0.32827
0.39306
0.44695
0.49546
0.51595
0.50024
0.46387
0.41328
0.34086
0.25667
0.16001
0.01404
-0.14225
-0.25769
-0.31796
-0.34985
-0.38849
-0.44027
-0.48925
-0.52628
-0.55829
-0.58621
-0.59568
-0.58943
-0.58269
-0.58054
-0.57502
-0.55785
-0.52725
-0.48922
-0.4489
-0.38455
-0.28433
-0.15215
-0.01898
0.07363
0.10799
0.10851
0.1099
0.12257
0.1416
0.16964
0.22466
0.29951
0.37247
0.41886
0.41781
0.39579
0.38466
0.38731
0.39161
0.39441
0.40334
0.42012
0.43775
0.45281
0.4657
0.4647
0.41731
0.31738
0.17431
0.0154
-0.11256
-0.16107
-0.14758
-0.12856
-0.12863
-0.14025
-0.15496
-0.17174
-0.19656
-0.23141
-0.25667
-0.24952
-0.1986
-0.11354
-0.01967
0.06565
0.13913
0.20702
0.26417
0.30346
0.33162
0.34541
0.32498
0.26274
0.17059
0.04934
-0.06948
-0.14436
-0.16125
-0.16281
-0.18385
-0.21802
-0.24581
-0.26093
-0.26431
-0.25381
-0.2299
-0.20132
-0.1773
-0.16171
-0.14774
-0.12926
-0.10276
-0.06837
-0.04543
-0.0572
-0.09862
-0.14891
-0.19381
-0.21419
-0.2116
-0.20381
-0.19768
-0.1891
-0.17769
-0.16996
-0.17896
-0.20889
-0.24429
-0.27243
-0.28996
-0.28891
-0.27047
-0.24803
-0.23112
-0.2196
-0.21305
-0.20877
-0.20256
-0.19236
-0.17001
-0.12944
-0.08332
-0.04543
-0.02498
-0.01316
0.00413
0.02795
0.05151
0.07122
0.08885
0.10751
0.12827
0.15231
0.18133
0.21252
0.24439
0.26901
0.27806
0.27836
0.28188
0.29004
0.29738
0.30455
0.31531
0.3297
0.34479
0.35869
0.37234
0.38716
0.40186
0.41123
0.40721
0.37682
0.3131
0.21717
0.09629
-0.0029
-0.04052
-0.03251
-0.0229
-0.03217
-0.04799
-0.06083
-0.0899
-0.1326
-0.17249
-0.20611
-0.23883
-0.26535
-0.27695
-0.27585
-0.26973
-0.26009
-0.24172
-0.20361
-0.13806
-0.05602
0.02186
0.07998
0.11062
0.11843
0.12323
0.13652
0.15852
0.19018
0.23601
0.27159
0.27072
0.23753
0.18698
0.1413
0.11284
0.09347
0.06894
0.03669
0.00392
-0.02173
-0.03593
-0.04306
-0.05004
-0.05814
-0.06578
-0.0713
-0.07362
-0.06172
-0.02387
0.0224
0.06063
0.09471
0.12464
0.14104
0.14662
0.15157
0.15938
0.16771
0.17395
0.17874
0.18797
0.21138
0.24687
0.28208
0.29758
0.2867
0.25864
0.22873
0.20385
0.17807
0.14757
0.11573
0.08734
0.06103
0.03397
0.00576
-0.02247
-0.04991
-0.07594
-0.1019
-0.13198
-0.16702
-0.20726
-0.25772
-0.31926
-0.38021
-0.43558
-0.48085
-0.51164
-0.52322
-0.52516
-0.53052
-0.54069
-0.55565
-0.57317
-0.58676
-0.58894
-0.57076
-0.53348
-0.48812
-0.44785
-0.40796
-0.36046
-0.30531
-0.24972
-0.19761
-0.14628
-0.09355
-0.04064
0.00128
0.02304
0.02927
0.0342
0.04506
0.05789
0.06755
0.07422
0.08634
0.12732
0.20301
0.30846
0.46096
0.62474
0.72529
0.74566
0.72038
0.70062
0.70572
0.72948
0.75417
0.77098
0.77692
0.77228
0.76138
0.74534
0.72051
0.68356
0.60038
0.43739
0.22512
0.04818
-0.01682
0.00567
0.03419
0.02844
0.00334
-0.01406
-0.01693
-0.01516
-0.01836
-0.02714
-0.03869
-0.05207
-0.07243
-0.101
-0.13263
-0.1677
-0.20638
-0.24781
-0.30005
-0.36002
-0.41935
-0.47221
-0.49785
-0.48845
-0.46994
-0.4637
-0.47291
-0.49202
-0.5082
-0.51741
-0.52445
-0.52712
-0.51598
-0.48088
-0.41961
-0.34712
-0.28278
-0.22657
-0.18219
-0.1627
-0.15349
-0.13709
-0.11412
-0.09329
-0.07776
-0.06418
-0.04994
-0.04052
-0.04081
-0.04501
-0.048
-0.05019
-0.05311
-0.05716
-0.06265
-0.06992
-0.07751
-0.08564
-0.09733
-0.11142
-0.12585
-0.13787
-0.14465
-0.1471
-0.14956
-0.15178
-0.15283
-0.15325
-0.15361
-0.15158
-0.14437
-0.13557
-0.128
-0.11744
-0.1021
-0.08596
-0.07147
-0.05726
-0.04077
-0.02306
-0.00906
-0.00204
-0.00046
-0.00008
0.00188
0.00445
0.00618
0.00868
0.01976
0.04262
0.07242
0.10596
0.14463
0.20032
0.26681
0.3371
0.41686
0.50328
0.5705
0.5967
0.59643
0.59895
0.61144
0.62271
0.62372
0.61343
0.59632
0.57989
0.56488
0.55431
0.54791
0.54093
0.53164
0.52222
0.5123
0.49389
0.46201
0.40591
0.32619
0.25183
0.21303
0.20575
0.19823
0.17497
0.14603
0.12403
0.11323
0.10989
0.10708
0.10145
0.09502
0.09088
0.08862
0.08635
0.08356
0.08192
0.08151
0.08108
0.08013
0.07904
0.07818
0.07753
0.07688
0.07614
0.07535
0.07458
0.07376
0.07264
0.07048
0.06627
0.05983
0.05125
0.03965
0.02395
0.00597
-0.01259
-0.03574
-0.06759
-0.1086
-0.16044
-0.2247
-0.28996
-0.35132
-0.40479
-0.44409
-0.47037
-0.48943
-0.49888
-0.49565
-0.48663
-0.47808
-0.46965
-0.45957
-0.44702
-0.42688
-0.3891
-0.32952
-0.24333
-0.1453
-0.0761
-0.04953
-0.04928
-0.04677
-0.02697
-0.00106
0.01718
0.02932
0.03256
0.01982
0.00168
-0.01126
-0.0189
-0.01584
-0.00294
0.00902
0.0154
0.01986
0.02683
0.03634
0.046
0.05452
0.06236
0.07054
0.0835
0.11176
0.15333
0.19836
0.24307
0.2866
0.32679
0.3449
0.32715
0.27989
0.21649
0.15449
0.12508
0.1294
0.14147
0.14266
0.13065
0.11136
0.09028
0.07223
0.05924
0.04938
0.0394
0.02782
0.01559
0.00407
-0.00656
-0.01696
-0.02762
-0.03852
-0.04941
-0.06019
-0.07092
-0.08168
-0.09247
-0.10326
-0.11405
-0.12482
-0.1356
-0.14638
-0.15669
-0.16145
-0.15276
-0.13776
-0.12652
-0.1192
-0.11108
-0.10169
-0.09359
-0.08792
-0.08322
-0.07621
-0.06489
-0.05023
-0.03361
-0.01614
0.00136
0.01182
0.00885
-0.00465
-0.01714
-0.02464
-0.03131
-0.04067
-0.05189
-0.06084
-0.06452
-0.06654
-0.06993
-0.07397
-0.07821
-0.08359
-0.09078
-0.09929
-0.1081
-0.11578
-0.12179
-0.12615
-0.12963
-0.13271
-0.13465
-0.13598
-0.13692
-0.13635
-0.13485
-0.13362
-0.13255
-0.13051
-0.12771
-0.12502
-0.12267
-0.12038
-0.11792
-0.11535
-0.1129
-0.11069
-0.10853
-0.10655
-0.10535
-0.10441
-0.10171
-0.09662
-0.0879
-0.07748
-0.06831
-0.0609
-0.05531
-0.05069
-0.04543
-0.03887
-0.03198
-0.02571
-0.01992
-0.01407
-0.00792
-0.00165
0.00454
0.01065
0.01682
0.02367
0.03119
0.03907
0.04744
0.05597
0.06429
0.07188
0.07813
0.0789
0.07215
0.06334
0.0571
0.05278
0.04814
0.04229
0.03659
0.03176
0.02727
0.02277
0.01848
0.01434
0.01043
0.007
0.00412
0.00237
0.00127
0.00103
0.00166
0.00239
0.00422
0.00806
0.01237
0.01674
0.02227
0.02851
0.03457
0.04034
0.04615
0.05216
0.05826
0.06433
0.07033
0.07632
0.08233
0.08836
0.0944
0.10048
0.10655
0.11216
0.11708
0.12186
0.12655
0.13109
0.13561
0.14001
0.13845
0.12086
0.09475
0.07294
0.06354
0.06053
0.05422
0.04312
0.03124
0.02175
0.01866
0.0224
0.02618
0.02678
0.02629
0.02669
0.02389
0.01657
0.00833
0.00106
-0.00282
-0.00323
-0.00189
-0.00098
-0.001
-0.00092
0.00001
0.00144
0.00263
0.00332
0.00462
0.00788
0.01428
0.02291
0.03266
0.04303
0.05343
0.06473
0.07659
0.08423
0.08454
0.08151
0.08002
0.08051
0.08084
0.08009
0.0793
0.07955
0.0813
0.08469
0.09033
0.09676
0.10251
0.10778
0.11333
0.11951
0.12575
0.13022
0.13287
0.13431
0.13519
0.13538
0.13459
0.13284
0.13024
0.12671
0.12087
0.1038
0.05693
-0.0194
-0.11431
-0.18103
-0.2121
-0.2432
-0.28577
-0.32714
-0.34344
-0.32932
-0.30399
-0.28508
-0.2738
-0.2635
-0.25077
-0.23634
-0.22194
-0.2087
-0.19719
-0.18641
-0.17515
-0.16349
-0.15398
-0.14786
-0.14229
-0.13541
-0.12786
-0.12077
-0.11431
-0.10798
-0.10315
-0.10344
-0.10506
-0.10359
-0.10174
-0.10095
-0.09809
-0.09005
-0.07701
-0.06236
-0.04905
-0.03988
-0.03495
-0.03068
-0.02583
-0.02046
-0.01423
-0.00319
0.01037
0.01976
0.02253
0.02344
0.02822
0.03837
0.05574
0.0803
0.10996
0.14072
0.16865
0.18818
0.20359
0.21783
0.23066
0.24039
0.2434
0.24205
0.23916
0.23535
0.22337
0.19817
0.16832
0.14665
0.13099
0.11192
0.09076
0.07882
0.07518
0.06962
0.05956
0.04959
0.04402
0.04189
0.03978
0.03843
0.04113
0.04641
0.05176
0.0579
0.06459
0.06973
0.07412
0.08003
0.09089
0.10843
0.13529
0.17965
0.22659
0.2481
0.23531
0.2075
0.17213
0.13296
0.09951
0.07712
0.06103
0.05088
0.04307
0.03352
0.02165
0.00698
-0.00719
-0.02355
-0.05639
-0.0945
-0.11173
-0.11523
-0.12866
-0.1518
-0.1664
-0.16477
-0.15751
-0.15681
-0.16178
-0.16552
-0.16507
-0.16365
-0.16956
-0.18274
-0.19672
-0.20314
-0.19848
-0.18669
-0.17584
-0.16867
-0.16424
-0.16117
-0.15937
-0.15954
-0.1575
-0.14871
-0.13066
-0.10936
-0.09079
-0.07782
-0.07311
-0.0747
-0.07814
-0.08283
-0.08537
-0.08458
-0.08075
-0.07491
-0.06727
-0.0582
-0.04826
-0.04005
-0.03654
-0.03597
-0.03665
-0.03579
-0.03201
-0.02502
-0.01386
0.00335
0.02071
0.03431
0.04388
0.04874
0.05172
0.05357
0.05464
0.05574
0.05658
0.05656
0.05508
0.05541
0.06138
0.06935
0.07204
0.06343
0.04493
0.02393
0.0099
0.00864
0.01854
0.03241
0.04494
0.05342
0.05735
0.06062
0.0655
0.07115
0.07612
0.08068
0.08609
0.09557
0.10958
0.12651
0.14008
0.14332
0.13402
0.11431
0.0939
0.07991
0.0721
0.06957
0.06866
0.06702
0.06524
0.06381
0.06283
0.0619
0.0599
0.05694
0.05462
0.05475
0.05742
0.06044
0.06258
0.06407
0.06472
0.06017
0.04623
0.02599
0.00686
-0.00636
-0.01692
-0.04692
-0.10067
-0.12316
-0.09196
-0.05908
-0.07057
-0.114
-0.15157
-0.16712
-0.16718
-0.16441
-0.16563
-0.17256
-0.1831
-0.1942
-0.20807
-0.22158
-0.21988
-0.19449
-0.15407
-0.11891
-0.09862
-0.09105
-0.08844
-0.08763
-0.08885
-0.09073
-0.08848
-0.08122
-0.07444
-0.07062
-0.06755
-0.0627
-0.05579
-0.04901
-0.04763
-0.05125
-0.05686
-0.06135
-0.06333
-0.06042
-0.0541
-0.04596
-0.03822
-0.03217
-0.0294
-0.02936
-0.03088
-0.03303
-0.03537
-0.03634
-0.03529
-0.03078
-0.02466
-0.02027
-0.01761
-0.01519
-0.0146
-0.01767
-0.02358
-0.03032
-0.03515
-0.03465
-0.03098
-0.02778
-0.02608
-0.02466
-0.02253
-0.01982
-0.01734
-0.0164
-0.01734
-0.02139
-0.02717
-0.03226
-0.03525
-0.03567
-0.0322
-0.02595
-0.0189
-0.01332
-0.00929
-0.00682
-0.00562
-0.0055
-0.00568
-0.00555
-0.00381
-0.00023
0.00564
0.01359
0.02238
0.02671
0.02457
0.02216
0.02412
0.02599
0.02449
0.02241
0.02321
0.02795
0.03398
0.03929
0.0435
0.03904
0.03563
0.04473
0.0553
0.05323
0.04315
0.04196
0.05366
0.06753
0.07309
0.07004
0.06367
0.05833
0.05444
0.05289
0.05468
0.06024
0.06284
0.0591
0.05435
0.05001
0.04266
0.03654
0.03476
0.03741
0.04025
0.04007
0.0348
0.02522
0.01476
0.00874
0.00768
0.01131
0.01729
0.0234
0.02464
0.01867
0.00791
-0.00325
-0.01231
-0.01668
-0.01609
-0.01351
-0.00985
-0.00736
-0.00691
-0.00932
-0.01429
-0.02158
-0.03154
-0.04251
-0.04884
-0.0508
-0.05385
-0.05829
-0.06039
-0.06015
-0.05964
-0.06058
-0.06299
-0.06658
-0.0726
-0.0799
-0.08157
-0.07517
-0.06789
-0.06511
-0.06644
-0.06949
-0.07272
-0.07414
-0.07177
-0.06542
-0.05734
-0.05071
-0.0459
-0.04489
-0.05157
-0.06296
-0.07077
-0.07215
-0.06815
-0.05997
-0.04942
-0.04039
-0.03466
-0.03298
-0.0375
-0.04481
-0.05107
-0.05343
-0.05168
-0.04798
-0.04445
-0.04107
-0.03595
-0.03054
-0.02835
-0.02927
-0.03176
-0.03359
-0.03255
-0.03033
-0.02919
-0.02966
-0.02955
-0.02697
-0.02424
-0.02286
-0.0202
-0.0158
-0.01182
-0.01022
-0.00974
-0.00814
-0.00515
-0.00184
0.00122
0.00453
0.00878
0.01393
0.02008
0.02758
0.03677
0.04704
0.05783
0.06806
0.07524
0.07984
0.08087
0.07931
0.0763
0.07298
0.07005
0.06868
0.06893
0.07031
0.07095
0.06972
0.06562
0.06277
0.07047
0.08796
0.10142
0.10136
0.0934
0.08926
0.09228
0.09994
0.10944
0.12038
0.12882
0.13234
0.13396
0.1355
0.13508
0.13243
0.12795
0.12299
0.11879
0.11471
0.1098
0.10375
0.09633
0.08742
0.07984
0.07391
0.0676
0.06147
0.05729
0.05551
0.05424
0.05163
0.04766
0.04336
0.03915
0.03595
0.03477
0.03416
0.03228
0.0282
0.02308
0.01827
0.01472
0.01308
0.0147
0.01738
0.01873
0.01875
0.01845
0.01804
0.01754
0.01708
0.01717
0.01778
0.01825
0.0186
0.0191
0.01926
0.01871
0.0176
0.01639
0.01434
0.01076
0.00683
0.00365
0.00246
0.00313
0.00502
0.00694
0.00826
0.00802
0.00669
0.00534
0.00539
0.00653
0.00693
0.00655
0.00669
0.00755
0.00845
0.00861
0.008
0.00697
0.00616
0.00568
0.00499
0.00456
0.00539
0.00743
0.01009
0.01216
0.01251
0.01055
0.00639
-0.00016
-0.00984
-0.01936
-0.02551
-0.02918
-0.03313
-0.03995
-0.05351
-0.08237
-0.12094
-0.15646
-0.17818
-0.18225
-0.18003
-0.18396
-0.19482
-0.20467
-0.20886
-0.20773
-0.20519
-0.20537
-0.20978
-0.21843
-0.22763
-0.23281
-0.22998
-0.21888
-0.20328
-0.18411
-0.16212
-0.14017
-0.12523
-0.11899
-0.11759
-0.11463
-0.10921
-0.10239
-0.09544
-0.08915
-0.08431
-0.0814
-0.07816
-0.07317
-0.06757
-0.06259
-0.05831
-0.05456
-0.05178
-0.05117
-0.05224
-0.05273
-0.05087
-0.04616
-0.04079
-0.03641
-0.03347
-0.03131
-0.02995
-0.0294
-0.02919
-0.0272
-0.02311
-0.01706
-0.00938
-0.00013
0.01197
0.02752
0.04971
0.09211
0.17411
0.28119
0.41051
0.51585
0.4769
0.23717
0.10482
0.21237
0.36275
0.37816
0.30133
0.24805
0.25384
0.28859
0.3208
0.3362
0.34118
0.34309
0.34347
0.33474
0.31068
0.27398
0.2371
0.20998
0.19024
0.17333
0.15841
0.14434
0.13083
0.11774
0.10617
0.09664
0.08781
0.07926
0.07175
0.0643
0.05733
0.05381
0.05295
0.05264
0.05222
0.05275
0.05392
0.05219
0.04666
0.03944
0.03261
0.02676
0.02187
0.02009
0.02098
0.02325
0.02451
0.02369
0.02234
0.01934
0.01157
0.00079
-0.00864
-0.01454
-0.01731
-0.01883
-0.0199
-0.02099
-0.02256
-0.02414
-0.02533
-0.02635
-0.02869
-0.03738
-0.05543
-0.07928
-0.11054
-0.1427
-0.16596
-0.18491
-0.21033
-0.24545
-0.27261
-0.27627
-0.26561
-0.26402
-0.28261
-0.30686
-0.31781
-0.31369
-0.30254
-0.29407
-0.29085
-0.28968
-0.28668
-0.28211
-0.27587
-0.26269
-0.24119
-0.21255
-0.1856
-0.16588
-0.15351
-0.14678
-0.13959
-0.13046
-0.12064
-0.111
-0.10194
-0.09631
-0.09447
-0.09443
-0.09369
-0.09078
-0.08611
-0.08081
-0.07662
-0.07374
-0.07182
-0.07106
-0.07156
-0.07159
-0.07013
-0.06725
-0.06397
-0.0607
-0.0573
-0.05373
-0.0504
-0.04663
-0.04155
-0.0368
-0.03365
-0.03283
-0.03296
-0.03235
-0.03
-0.02597
-0.02085
-0.01547
-0.01008
-0.00516
-0.00098
0.00308
0.00722
0.01097
0.0137
0.01524
0.01633
0.01777
0.02091
0.02621
0.0335
0.04017
0.04449
0.0473
0.05011
0.05376
0.05923
0.06727
0.07452
0.07941
0.0841
0.0899
0.09597
0.10496
0.12095
0.13861
0.15423
0.16525
0.1696
0.16612
0.15911
0.14942
0.13587
0.12414
0.11656
0.11201
0.10813
0.10392
0.09883
0.09401
0.09094
0.09069
0.09321
0.09688
0.09989
0.10122
0.10074
0.09902
0.09781
0.09775
0.0987
0.0997
0.09989
0.09766
0.09336
0.08853
0.08623
0.08674
0.08855
0.08984
0.08986
0.08927
0.08873
0.08843
0.08849
0.08901
0.08833
0.0854
0.08145
0.07831
0.07681
0.07662
0.07681
0.0765
0.07579
0.07424
0.06994
0.06114
0.05072
0.04182
0.03645
0.0337
0.03328
0.03286
0.02988
0.02467
0.01876
0.0126
0.00798
0.00614
0.00737
0.0103
0.01256
0.01338
0.01111
0.00682
0.00265
0.00012
-0.00112
-0.00066
0.00129
0.00354
0.00591
0.00909
0.01225
0.01368
0.01328
0.012
0.01056
0.00894
0.00703
0.00576
0.00591
0.00733
0.00853
0.00774
0.005
0.00128
-0.00251
-0.00575
-0.00768
-0.00784
-0.00636
-0.00405
-0.00224
-0.00232
-0.0047
-0.00854
-0.01101
-0.01207
-0.0138
-0.01602
-0.01716
-0.01615
-0.01399
-0.0119
-0.01082
-0.01103
-0.01289
-0.0155
-0.01786
-0.01927
-0.01933
-0.01677
-0.01237
-0.00723
-0.00301
-0.00055
-0.00029
-0.00193
-0.00477
-0.00791
-0.01081
-0.01202
-0.01057
-0.00587
-0.00012
0.00462
0.00739
0.00897
0.00998
0.01038
0.00983
0.00888
0.00816
0.00813
0.00924
0.01193
0.01639
0.02245
0.02828
0.03286
0.0359
0.03605
0.03256
0.02612
0.01944
0.01595
0.0158
0.01763
0.0203
0.02248
0.02271
0.02102
0.01823
0.01547
0.01342
0.01226
0.01154
0.01092
0.01001
0.00872
0.00766
0.00786
0.00866
0.00884
0.00714
0.00402
0.00118
0.00014
0.00099
0.00272
0.00456
0.00609
0.00624
0.00385
0.00078
-0.00153
-0.00354
-0.0037
-0.00091
0.00148
0.00131
-0.00099
-0.00377
-0.00606
-0.00674
-0.00698
-0.00894
-0.01189
-0.01413
-0.01573
-0.01735
-0.01909
-0.02066
-0.02202
-0.02401
-0.02676
-0.02982
-0.03315
-0.03668
-0.03967
-0.04234
-0.04537
-0.04825
-0.05017
-0.05069
-0.05033
-0.04946
-0.0484
-0.04749
-0.04722
-0.04792
-0.04989
-0.05222
-0.05422
-0.05598
-0.05698
-0.0567
-0.05518
-0.05366
-0.05445
-0.05729
-0.0605
-0.06244
-0.06352
-0.0648
-0.0661
-0.06674
-0.06688
-0.06724
-0.06855
-0.06939
-0.0682
-0.06411
-0.05858
-0.05299
-0.04916
-0.04775
-0.04767
-0.04768
-0.047
-0.04621
-0.04588
-0.04461
-0.04187
-0.03888
-0.03626
-0.03368
-0.0316
-0.03052
-0.03052
-0.03066
-0.03019
-0.02892
-0.02704
-0.02453
-0.0221
-0.02043
-0.01942
-0.0192
-0.01958
-0.01895
-0.01645
-0.01215
-0.00746
-0.00323
0.00145
0.00741
0.01464
0.02381
0.03602
0.04792
0.05828
0.07645
0.10921
0.14042
0.16617
0.18105
0.17765
0.15852
0.13385
0.11529
0.10339
0.09307
0.08155
0.07015
0.05755
0.0432
0.03403
0.03713
0.04963
0.06004
0.06037
0.05147
0.04175
0.03635
0.03643
0.03834
0.03963
0.03887
0.03619
0.03342
0.03156
0.0303
0.03021
0.03158
0.03191
0.02988
0.02608
0.02223
0.01924
0.01786
0.01753
0.01748
0.01709
0.01629
0.01449
0.01188
0.00922
0.00865
0.01046
0.01314
0.01517
0.01626
0.01604
0.01485
0.01367
0.013
0.01283
0.01353
0.01493
0.01615
0.01717
0.01845
0.01903
0.01857
0.01806
0.01713
0.01479
0.01037
0.00464
-0.00055
-0.00401
-0.0058
-0.00626
-0.00564
-0.00395
-0.00381
-0.00689
-0.01213
-0.01738
-0.02172
-0.02524
-0.02826
-0.03064
-0.03174
-0.03079
-0.02882
-0.02774
-0.02941
-0.03309
-0.03783
-0.04353
-0.04969
-0.05464
-0.05731
-0.05766
-0.05542
-0.05229
-0.05032
-0.04996
-0.05062
-0.05235
-0.05551
-0.06017
-0.06439
-0.06646
-0.06516
-0.06185
-0.05756
-0.05416
-0.05271
-0.05329
-0.0551
-0.05704
-0.058
-0.05769
-0.05585
-0.0528
-0.04943
-0.04651
-0.04406
-0.04174
-0.03963
-0.03836
-0.03732
-0.03569
-0.03421
-0.03336
-0.03233
-0.03102
-0.03023
-0.03105
-0.03319
-0.03565
-0.03795
-0.04014
-0.04175
-0.04281
-0.04408
-0.0458
-0.04764
-0.04911
-0.05054
-0.05305
-0.05649
-0.05997
-0.06239
-0.0632
-0.06174
-0.05816
-0.05341
-0.05018
-0.04915
-0.05009
-0.05208
-0.05505
-0.0586
-0.06156
-0.062
-0.05997
-0.0568
-0.05435
-0.05354
-0.05514
-0.05793
-0.06078
-0.06277
-0.06363
-0.06316
-0.06242
-0.06214
-0.0609
-0.0582
-0.05542
-0.05316
-0.05109
-0.05032
-0.0507
-0.0492
-0.04529
-0.0404
-0.03613
-0.03301
-0.02943
-0.02438
-0.01935
-0.01542
-0.01341
-0.01279
-0.01337
-0.01535
-0.01867
-0.02203
-0.02455
-0.02575
-0.02475
-0.02124
-0.01685
-0.01328
-0.01142
-0.0106
-0.01054
-0.01252
-0.01628
-0.01946
-0.02079
-0.02071
-0.01958
-0.01717
-0.01308
-0.01009
-0.01041
-0.01395
-0.01856
-0.02131
-0.0215
-0.02018
-0.0182
-0.01574
-0.01305
-0.01011
-0.00675
-0.00329
-0.00001
0.00376
0.00952
0.01965
0.03404
0.05078
0.07236
0.10677
0.14553
0.17067
0.17332
0.16101
0.14968
0.14635
0.14872
0.15621
0.17156
0.18886
0.199
0.20195
0.20592
0.21742
0.23414
0.24534
0.24249
0.22622
0.20313
0.18637
0.18115
0.18218
0.18109
0.17608
0.16609
0.15021
0.13177
0.11356
0.09838
0.08848
0.08101
0.07343
0.06471
0.05544
0.04631
0.03786
0.03097
0.02742
0.02664
0.02771
0.02866
0.02868
0.02762
0.02588
0.02368
0.02115
0.01915
0.01956
0.02151
0.02351
0.02514
0.02683
0.02884
0.03097
0.03283
0.0337
0.03335
0.03264
0.03257
0.03349
0.03522
0.03736
0.03849
0.0384
0.0378
0.03687
0.03524
0.03281
0.03032
0.02852
0.02772
0.02755
0.02594
0.02291
0.01998
0.01806
0.01669
0.01501
0.01261
0.00965
0.00757
0.00708
0.00789
0.00873
0.00882
0.00785
0.00604
0.00364
0.00132
-0.00052
-0.00231
-0.0041
-0.00503
-0.00516
-0.0051
-0.00498
-0.00473
-0.00453
-0.00462
-0.00523
-0.00649
-0.00831
-0.01063
-0.0125
-0.01343
-0.01427
-0.01571
-0.01771
-0.01974
-0.02145
-0.02231
-0.02224
-0.02149
-0.02048
-0.01946
-0.01904
-0.01989
-0.02294
-0.02727
-0.03144
-0.0339
-0.03493
-0.03491
-0.03418
-0.03295
-0.03192
-0.03145
-0.03178
-0.03239
-0.03281
-0.03324
-0.034
-0.03507
-0.03593
-0.03628
-0.03657
-0.03691
-0.03681
-0.03615
-0.0352
-0.0342
-0.03375
-0.03499
-0.03762
-0.04073
-0.04366
-0.04632
-0.0486
-0.04994
-0.04995
-0.04876
-0.04726
-0.04619
-0.04604
-0.04695
-0.04919
-0.05203
-0.05458
-0.05596
-0.05591
-0.05474
-0.05323
-0.05168
-0.05068
-0.05058
-0.05121
-0.05236
-0.05398
-0.05604
-0.05821
-0.05913
-0.05902
-0.05903
-0.05957
-0.0603
-0.06071
-0.06098
-0.06186
-0.06321
-0.06454
-0.06591
-0.06719
-0.06743
-0.06658
-0.06519
-0.06386
-0.06274
-0.06198
-0.06222
-0.06425
-0.06713
-0.06949
-0.07035
-0.06921
-0.06612
-0.06118
-0.05525
-0.05031
-0.04721
-0.04592
-0.04529
-0.04482
-0.04456
-0.04402
-0.04244
-0.0401
-0.0374
-0.03429
-0.03123
-0.02928
-0.02814
-0.02706
-0.02603
-0.02501
-0.02325
-0.02077
-0.01803
-0.01606
-0.01496
-0.01417
-0.01315
-0.01184
-0.01082
-0.01023
-0.00948
-0.00841
-0.00731
-0.00603
-0.00432
-0.00241
-0.00064
0.00085
0.00222
0.00361
0.00492
0.00602
0.00702
0.00827
0.0099
0.01138
0.01248
0.01353
0.01473
0.01597
0.01681
0.01723
0.01759
0.01843
0.02014
0.0221
0.02367
0.02404
0.02334
0.02205
0.02089
0.0201
0.01981
0.01996
0.02049
0.02124
0.02199
0.02229
0.02156
0.01938
0.01652
0.01381
0.01162
0.01053
0.0114
0.01453
0.01873
0.02146
0.02155
0.01917
0.0164
0.01431
0.01327
0.01324
0.01435
0.01613
0.01823
0.01989
0.02112
0.02236
0.02313
0.02289
0.02218
0.02178
0.02197
0.02239
0.02278
0.02323
0.02373
0.02409
0.02398
0.02323
0.02164
0.0198
0.01844
0.01786
0.01811
0.01949
0.02131
0.02248
0.02215
0.02037
0.01833
0.01758
0.01897
0.02188
0.0256
0.029
0.03129
0.03152
0.02976
0.02689
0.0247
0.02362
0.02331
0.02322
0.02312
0.02271
0.02195
0.02067
0.01856
0.01578
0.01394
0.01339
0.01364
0.0137
0.01312
0.01211
0.01071
0.00817
0.00528
0.00333
0.00325
0.00448
0.00613
0.00783
0.00967
0.01089
0.01142
0.01153
0.01138
0.01101
0.01078
0.011
0.01204
0.01347
0.01487
0.01652
0.01862
0.02114
0.02339
0.02485
0.02511
0.02417
0.02217
0.02013
0.01883
0.01835
0.01856
0.01963
0.02082
0.02136
0.02068
0.01941
0.01825
0.0175
0.01709
0.01683
0.01649
0.01599
0.01583
0.01638
0.01742
0.01834
0.01865
0.01847
0.01801
0.01692
0.01526
0.01323
0.0114
0.01026
0.01027
0.01089
0.01139
0.01129
0.01051
0.00866
0.00651
0.0051
0.0041
0.00295
0.00223
0.00214
0.0023
0.00256
0.003
0.00342
0.00437
0.00665
0.00892
0.00992
0.00966
0.00925
0.00947
0.01001
0.01029
0.00987
0.00986
0.01163
0.01405
0.01571
0.01604
0.01562
0.01466
0.01276
0.00967
0.0055
0.00163
-0.00056
-0.0013
-0.00164
-0.00203
-0.00228
-0.00217
-0.0019
-0.00176
-0.0022
-0.00307
-0.00413
-0.00597
-0.00864
-0.01122
-0.01279
-0.01294
-0.01189
-0.01042
-0.00943
-0.00941
-0.01069
-0.01339
-0.0168
-0.01948
-0.01995
-0.01875
-0.01747
-0.01702
-0.01742
-0.01882
-0.0214
-0.02437
-0.02607
-0.02522
-0.02273
-0.02014
-0.01842
-0.01803
-0.01931
-0.02145
-0.02375
-0.0252
-0.02531
-0.02408
-0.02262
-0.02148
-0.02037
-0.01933
-0.01917
-0.02035
-0.02258
-0.02485
-0.02624
-0.02647
-0.02662
-0.02732
-0.02811
-0.02857
-0.02884
-0.029
-0.0291
-0.02952
-0.03044
-0.03197
-0.03344
-0.03424
-0.03425
-0.03414
-0.03453
-0.03533
-0.03609
-0.03634
-0.03619
-0.03592
-0.03571
-0.03559
-0.03569
-0.03583
-0.0357
-0.03541
-0.03523
-0.03509
-0.03495
-0.03495
-0.03507
-0.03511
-0.03474
-0.03395
-0.03295
-0.03223
-0.03209
-0.03201
-0.03165
-0.03124
-0.0307
-0.02978
-0.02912
-0.02893
-0.02816
-0.0271
-0.02704
-0.02838
-0.03037
-0.03208
-0.03302
-0.03309
-0.0326
-0.03197
-0.03132
-0.03071
-0.03021
-0.02953
-0.02849
-0.02687
-0.02473
-0.02223
-0.02035
-0.01962
-0.01964
-0.01979
-0.02
-0.02017
-0.01996
-0.01837
-0.01556
-0.01183
-0.00825
-0.00536
-0.00215
0.00209
0.00716
0.01319
0.02085
0.02935
0.03785
0.04698
0.0557
0.06103
0.06353
0.06399
0.06279
0.05953
0.05702
0.05599
0.05375
0.05044
0.04808
0.04814
0.04991
0.0516
0.05211
0.05135
0.0498
0.04803
0.04647
0.04545
0.04553
0.04839
0.05439
0.06263
0.07045
0.07645
0.08039
0.08234
0.08272
0.08254
0.08217
0.08103
0.07873
0.07582
0.07275
0.06913
0.06516
0.0613
0.05771
0.05434
0.05122
0.04849
0.04596
0.04284
0.03901
0.03483
0.03098
0.02764
0.02465
0.02214
0.02028
0.01886
0.01772
0.01688
0.01621
0.01554
0.01475
0.014
0.01345
0.0127
0.01184
0.01015
0.00792
0.00607
0.00495
0.00427
0.00354
0.00269
0.00195
0.00104
-0.00019
-0.00059
0.00018
0.00162
0.00255
0.00247
0.00121
-0.00052
-0.00215
-0.00363
-0.00517
-0.00696
-0.00877
-0.01028
-0.01186
-0.01399
-0.01693
-0.01967
-0.02098
-0.02097
-0.02059
-0.02068
-0.02144
-0.02287
-0.02499
-0.02756
-0.03029
-0.0324
-0.03313
-0.03268
-0.0318
-0.03104
-0.03083
-0.03149
-0.03311
-0.03531
-0.03751
-0.03892
-0.0388
-0.03645
-0.03241
-0.02797
-0.02409
-0.02094
-0.01923
-0.01935
-0.0198
-0.01945
-0.01832
-0.01662
-0.01422
-0.0111
-0.00773
-0.00462
-0.00283
-0.00276
-0.00335
-0.00393
-0.00461
-0.00465
-0.00347
-0.00186
-0.00073
-0.00054
-0.00062
-0.00033
-0.00001
-0.0001
-0.00059
-0.0011
-0.00138
-0.00164
-0.00219
-0.00323
-0.0044
-0.00529
-0.00607
-0.00687
-0.00736
-0.00755
-0.00768
-0.00809
-0.00891
-0.01021
-0.01118
-0.0113
-0.01127
-0.01159
-0.01197
-0.01218
-0.01229
-0.01224
-0.01225
-0.01282
-0.01345
-0.0136
-0.01372
-0.01422
-0.01514
-0.01623
-0.01728
-0.01815
-0.01877
-0.01897
-0.01886
-0.01877
-0.01867
-0.0183
-0.01792
-0.01796
-0.01868
-0.01953
-0.01988
-0.01945
-0.01835
-0.01673
-0.01557
-0.01575
-0.01625
-0.01621
-0.01596
-0.01581
-0.01557
-0.01532
-0.01501
-0.01365
-0.01178
-0.01073
-0.01048
-0.01051
-0.0112
-0.01269
-0.01469
-0.01625
-0.01669
-0.01493
-0.01199
-0.00947
-0.00767
-0.00611
-0.00541
-0.00578
-0.00647
-0.00715
-0.00792
-0.00804
-0.00688
-0.00416
-0.00121
0.00085
0.00207
0.00292
0.00358
0.00419
0.0048
0.00555
0.00641
0.0071
0.00751
0.00763
0.00753
0.00722
0.007
0.00659
0.00547
0.00361
0.00145
0.00042
0.00026
-0.00029
-0.0012
-0.00195
-0.00313
-0.00459
-0.00557
-0.0058
-0.00554
-0.00529
-0.00522
-0.00517
-0.00494
-0.00439
-0.00304
-0.00104
0.00134
0.00404
0.00703
0.00964
0.01214
0.01595
0.02038
0.02388
0.02573
0.02669
0.02773
0.02947
0.03215
0.03603
0.04107
0.04577
0.0494
0.05197
0.05394
0.05522
0.05518
0.05402
0.05264
0.0511
0.04875
0.04483
0.03988
0.03534
0.031
0.02631
0.02292
0.02047
0.01677
0.01173
0.00667
0.00274
0.00014
-0.00131
-0.00191
-0.00225
-0.00323
-0.00499
-0.00724
-0.00896
-0.00953
-0.00881
-0.00784
-0.00749
-0.00808
-0.00935
-0.01096
-0.01169
-0.01041
-0.00785
-0.0053
-0.00345
-0.00222
-0.00145
-0.00154
-0.00281
-0.00434
-0.00484
-0.00366
-0.00182
-0.00032
-0.00044
-0.00183
-0.00347
-0.00469
-0.0055
-0.00552
-0.00482
-0.00373
-0.00298
-0.00287
-0.00349
-0.00442
-0.00538
-0.00639
-0.00755
-0.00817
-0.00833
-0.0086
-0.00952
-0.01108
-0.01292
-0.01455
-0.01567
-0.016
-0.01587
-0.01629
-0.01745
-0.01898
-0.0207
-0.02255
-0.02405
-0.02461
-0.02429
-0.02417
-0.02476
-0.02597
-0.02738
-0.02864
-0.02889
-0.0282
-0.02716
-0.02623
-0.02551
-0.02574
-0.02645
-0.02651
-0.02606
-0.02571
-0.02515
-0.0242
-0.02297
-0.02199
-0.02158
-0.02167
-0.02203
-0.02236
-0.02258
-0.02273
-0.02232
-0.02144
-0.02094
-0.02089
-0.02081
-0.02042
-0.01978
-0.01905
-0.0187
-0.01906
-0.01937
-0.01889
-0.01737
-0.01552
-0.01386
-0.0123
-0.01057
-0.00868
-0.00708
-0.00623
-0.00572
-0.00513
-0.00462
-0.00403
-0.00286
-0.00102
0.00105
0.00277
0.00372
0.00374
0.00338
0.003
0.0028
0.00319
0.00465
0.00674
0.00884
0.00968
0.00957
0.00944
0.0093
0.00871
0.00793
0.00746
0.00771
0.00843
0.00934
0.01101
0.01331
0.01554
0.01645
0.01559
0.01411
0.01282
0.01126
0.00945
0.0078
0.00628
0.00527
0.00531
0.00574
0.0058
0.00505
0.0038
0.00249
0.00129
0.0002
-0.00033
-0.0003
-0.00005
-0.00015
-0.0006
-0.00093
-0.00068
0.00034
0.00188
0.00366
0.00586
0.00798
0.00928
0.0102
0.01133
0.01249
0.0137
0.01531
0.01722
0.0192
0.021
0.02258
0.02381
0.02467
0.02512
0.02469
0.0233
0.02148
0.01954
0.01757
0.01618
0.01561
0.01568
0.01521
0.0137
0.01203
0.01079
0.0096
0.00829
0.00734
0.00686
0.00666
0.00678
0.00703
0.00707
0.00669
0.00607
0.00607
0.00669
0.00729
0.00703
0.00583
0.005
0.0048
0.00429
0.00317
0.00179
0.00034
-0.00112
-0.00248
-0.00332
-0.00344
-0.00323
-0.00319
-0.00353
-0.0042
-0.00505
-0.00582
-0.00631
-0.00627
-0.00664
-0.00797
-0.00875
-0.00857
-0.00836
-0.00874
-0.00955
-0.01047
-0.0114
-0.01255
-0.0138
-0.0148
-0.01501
-0.01466
-0.01414
-0.01347
-0.01264
-0.01212
-0.01195
-0.0118
-0.01168
-0.01167
-0.01134
-0.01032
-0.00848
-0.0063
-0.00422
-0.00265
-0.0017
-0.00147
-0.00151
-0.00144
-0.00105
-0.0003
0.00081
0.00228
0.00413
0.00587
0.00728
0.00865
0.00958
0.00929
0.00835
0.00746
0.00699
0.00706
0.00775
0.00864
0.00949
0.01019
0.01078
0.01117
0.0115
0.01189
0.01226
0.01245
0.01226
0.01223
0.01283
0.01383
0.01479
0.01566
0.0174
0.02063
0.02495
0.02979
0.03488
0.03989
0.0445
0.04834
0.05102
0.0527
0.05355
0.053
0.0511
0.04829
0.04436
0.03881
0.03128
0.02314
0.0161
0.01108
0.00772
0.00589
0.00431
0.0019
-0.00189
-0.00713
-0.01324
-0.0176
-0.01923
-0.01879
-0.01819
-0.01811
-0.0185
-0.019
-0.01965
-0.02003
-0.02004
-0.02119
-0.0235
-0.02587
-0.02771
-0.02913
-0.02991
-0.03006
-0.02972
-0.02948
-0.02955
-0.02961
-0.02976
-0.03074
-0.03263
-0.03495
-0.03675
-0.03759
-0.03752
-0.03729
-0.03731
-0.0378
-0.03848
-0.03898
-0.03914
-0.03908
-0.03894
-0.03862
-0.03795
-0.03711
-0.0364
-0.03629
-0.03653
-0.0366
-0.03617
-0.03517
-0.03326
-0.03086
-0.02859
-0.02675
-0.02532
-0.02458
-0.02464
-0.02527
-0.02615
-0.02714
-0.02742
-0.02652
-0.02444
-0.02212
-0.02018
-0.01895
-0.01828
-0.01863
-0.01966
-0.02057
-0.02061
-0.01983
-0.01821
-0.01615
-0.01409
-0.01213
-0.0102
-0.00863
-0.00784
-0.0086
-0.00972
-0.00985
-0.00885
-0.00733
-0.00521
-0.00325
-0.00211
-0.00121
-0.00051
-0.00121
-0.00253
-0.00317
-0.00326
-0.00333
-0.00332
-0.00299
-0.00225
-0.00095
0.00086
0.00286
0.00441
0.00506
0.00537
0.00593
0.0068
0.00791
0.00934
0.01096
0.01277
0.01552
0.01881
0.0216
0.02409
0.02676
0.02877
0.02958
0.02882
0.02769
0.02739
0.02822
0.0294
0.0304
0.03112
0.0317
0.03242
0.03298
0.03252
0.03141
0.03045
0.02984
0.02937
0.02915
0.02933
0.02992
0.03076
0.03163
0.03212
0.03216
0.03184
0.02833
0.01879
0.0145
0.02738
0.0418
0.0464
0.04377
0.04061
0.03807
0.0356
0.03387
0.03452
0.03727
0.04011
0.04095
0.03879
0.03485
0.03112
0.02919
0.02858
0.02803
0.02621
0.02336
0.02066
0.01847
0.01647
0.01498
0.01385
0.01265
0.01155
0.0109
0.0108
0.01091
0.01093
0.0107
0.01021
0.00948
0.00866
0.00786
0.00691
0.00579
0.00543
0.00591
0.00666
0.00708
0.00705
0.00653
0.0059
0.00554
0.00513
0.00416
0.00206
-0.00013
-0.00093
-0.00063
-0.00027
-0.00037
-0.00092
-0.00188
-0.00305
-0.00436
-0.00631
-0.00856
-0.01021
-0.01074
-0.01051
-0.00974
-0.00891
-0.00848
-0.00842
-0.00844
-0.00833
-0.00814
-0.00793
-0.00715
-0.00568
-0.00381
-0.0024
-0.00217
-0.00234
-0.00221
-0.00225
-0.00257
-0.00273
-0.00248
-0.00189
-0.0012
-0.00064
-0.00036
-0.00058
-0.00138
-0.00249
-0.00343
-0.00373
-0.00343
-0.00283
-0.00236
-0.00241
-0.00362
-0.00517
-0.00606
-0.00596
-0.0056
-0.00573
-0.00599
-0.00584
-0.00546
-0.00526
-0.00541
-0.00574
-0.00611
-0.00685
-0.00811
-0.0096
-0.01068
-0.01117
-0.01164
-0.01231
-0.01279
-0.01302
-0.01332
-0.01438
-0.01593
-0.01724
-0.01815
-0.01901
-0.02047
-0.02228
-0.02367
-0.02462
-0.02557
-0.02673
-0.02797
-0.02912
-0.02986
-0.03005
-0.02974
-0.02924
-0.02871
-0.02828
-0.02791
-0.02732
-0.02675
-0.02692
-0.02736
-0.02735
-0.02705
-0.0267
-0.0261
-0.02559
-0.02553
-0.02562
-0.02556
-0.02544
-0.02549
-0.02573
-0.02583
-0.02544
-0.02416
-0.02249
-0.02099
-0.01989
-0.01916
-0.01894
-0.0192
-0.01968
-0.01971
-0.01905
-0.01783
-0.01635
-0.0146
-0.01243
-0.01031
-0.00936
-0.00825
-0.00582
-0.00479
-0.00566
-0.00656
-0.00567
-0.00305
-0.00053
0.00094
0.00164
0.00237
0.00345
0.00466
0.00577
0.0069
0.00807
0.00926
0.01065
0.01218
0.01345
0.0145
0.0156
0.0168
0.01803
0.01935
0.02068
0.02188
0.02259
0.02281
0.02266
0.02244
0.02235
0.02245
0.02267
0.02323
0.02385
0.02409
0.02406
0.02406
0.02409
0.02388
0.02323
0.02273
0.02273
0.02322
0.02409
0.02534
0.0266
0.02768
0.02876
0.0299
0.03098
0.03236
0.03431
0.03622
0.03754
0.03795
0.0375
0.03647
0.03549
0.03428
0.03172
0.02832
0.02518
0.02246
0.01991
0.01752
0.01571
0.01451
0.01379
0.01316
0.01227
0.01094
0.00958
0.00894
0.00833
0.00683
0.00632
0.0077
0.00946
0.01053
0.01103
0.01087
0.01016
0.00937
0.00853
0.00731
0.00609
0.00523
0.00473
0.00485
0.00572
0.00656
0.00688
0.00667
0.00607
0.00524
0.00475
0.00495
0.00602
0.00735
0.0084
0.00875
0.00838
0.00729
0.00639
0.00635
0.00698
0.00766
0.00772
0.00742
0.00731
0.00756
0.00799
0.00857
0.0092
0.00987
0.01089
0.01199
0.01223
0.01216
0.01265
0.01322
0.01348
0.01389
0.01451
0.01509
0.01563
0.01608
0.01613
0.01551
0.01429
0.01301
0.01183
0.01056
0.00975
0.00986
0.01042
0.01073
0.01043
0.00955
0.00828
0.00675
0.00519
0.0037
0.0024
0.00131
0.00032
-0.00059
-0.00136
-0.00229
-0.00348
-0.00461
-0.00588
-0.00771
-0.00957
-0.01102
-0.01236
-0.01367
-0.01485
-0.01625
-0.01798
-0.01966
-0.02086
-0.0215
-0.02184
-0.02219
-0.02269
-0.02355
-0.02476
-0.02571
-0.02593
-0.02539
-0.02463
-0.02389
-0.02287
-0.02095
-0.01772
-0.01421
-0.01119
-0.00844
-0.0059
-0.00426
-0.00298
-0.0011
0.0014
0.00414
0.00705
0.01018
0.0136
0.01709
0.02031
0.02238
0.02373
0.02529
0.0272
0.02907
0.03061
0.03179
0.03255
0.03315
0.03361
0.03298
0.03081
0.02744
0.02438
0.02239
0.02021
0.0168
0.01209
0.0074
0.00378
0.00159
0.00007
-0.0015
-0.00348
-0.00573
-0.00823
-0.01067
-0.01268
-0.01397
-0.01481
-0.01566
-0.01675
-0.01796
-0.01885
-0.01932
-0.01959
-0.01974
-0.01953
-0.0189
-0.01805
-0.0172
-0.01633
-0.01528
-0.0142
-0.0132
-0.01225
-0.01138
-0.01069
-0.00992
-0.00887
-0.00771
-0.00655
-0.00533
-0.00419
-0.00328
-0.00274
-0.00229
-0.00157
-0.00074
-0.00008
0.00082
0.00213
0.00347
0.00456
0.00535
0.00595
0.00638
0.00657
0.00648
0.00609
0.00583
0.00596
0.00634
0.00619
0.00482
0.00289
0.001
-0.00115
-0.0036
-0.00594
-0.00688
-0.00652
-0.00646
-0.00765
-0.00964
-0.01109
-0.01155
-0.01144
-0.01094
-0.01003
-0.0091
-0.00841
-0.00802
-0.00789
-0.00807
-0.00837
-0.00833
-0.00733
-0.00578
-0.00437
-0.00391
-0.0043
-0.00487
-0.00539
-0.00599
-0.00636
-0.0063
-0.00564
-0.00444
-0.00284
-0.00213
-0.00303
-0.0047
-0.00602
-0.00666
-0.0072
-0.00797
-0.00835
-0.00804
-0.00728
-0.00677
-0.00682
-0.00717
-0.00736
-0.00714
-0.00681
-0.00664
-0.00658
-0.00645
-0.00622
-0.00616
-0.00638
-0.00626
-0.00571
-0.00517
-0.00467
-0.00404
-0.00359
-0.00349
-0.00379
-0.00394
-0.00354
-0.00288
-0.00232
-0.00197
-0.00169
-0.00139
-0.00147
-0.00203
-0.00263
-0.00277
-0.00225
-0.00162
-0.00134
-0.00135
-0.00141
-0.00147
-0.0016
-0.00179
-0.00187
-0.00191
-0.00203
-0.00195
-0.00157
-0.00121
-0.00111
-0.00125
-0.00116
-0.00068
0.00017
0.00135
0.00293
0.00452
0.00581
0.0067
0.00746
0.00836
0.00942
0.01052
0.01154
0.01244
0.01315
0.01339
0.01308
0.01278
0.0129
0.01352
0.01406
0.01413
0.01377
0.01302
0.01158
0.01032
0.01003
0.01039
0.01075
0.01108
0.01127
0.01118
0.01081
0.01018
0.00924
0.0086
0.00867
0.00878
0.00865
0.00874
0.00907
0.00926
0.00897
0.00795
0.00547
0.00239
-0.00018
-0.00205
-0.00372
-0.00547
-0.00735
-0.00927
-0.01131
-0.0134
-0.0154
-0.01726
-0.01897
-0.0204
-0.02163
-0.02271
-0.0234
-0.02363
-0.0236
-0.02316
-0.02193
-0.02047
-0.0193
-0.01839
-0.01734
-0.01597
-0.01474
-0.01389
-0.0131
-0.01195
-0.0103
-0.00866
-0.00734
-0.00623
-0.00536
-0.00495
-0.00483
-0.00475
-0.00456
-0.00415
-0.00342
-0.00271
-0.00215
-0.00134
-0.0004
0.00012
0.00042
0.00083
0.00126
0.00174
0.00271
0.00406
0.00548
0.00699
0.00838
0.00903
0.00929
0.00973
0.0106
0.01155
0.01209
0.01224
0.0124
0.01326
0.01463
0.01542
0.01519
0.0141
0.0129
0.01205
0.01155
0.01127
0.0111
0.01045
0.0094
0.00875
0.0086
0.00858
0.00868
0.00894
0.00912
0.00925
0.00949
0.00969
0.00963
0.00919
0.00868
0.0084
0.00838
0.00847
0.00862
0.0087
0.00862
0.00824
0.00755
0.00663
0.00573
0.00514
0.00545
0.00621
0.006
0.00445
0.00197
0.0001
-0.00061
-0.00074
-0.00113
-0.00198
-0.00286
-0.0035
-0.00405
-0.00478
-0.00576
-0.00644
-0.00672
-0.00722
-0.00791
-0.00835
-0.00895
-0.01
-0.01116
-0.01225
-0.01342
-0.01435
-0.01494
-0.01551
-0.01602
-0.01629
-0.01637
-0.01642
-0.01656
-0.0167
-0.01665
-0.01591
-0.01446
-0.0127
-0.0113
-0.01055
-0.00984
-0.00875
-0.00734
-0.00593
-0.00469
-0.00366
-0.00291
-0.00281
-0.00307
-0.00318
-0.00308
-0.00301
-0.00308
-0.00323
-0.00367
-0.00473
-0.00598
-0.00701
-0.0079
-0.00885
-0.00992
-0.01103
-0.01211
-0.01315
-0.01419
-0.01535
-0.01665
-0.01796
-0.01922
-0.02044
-0.02151
-0.02221
-0.02279
-0.02314
-0.02284
-0.02229
-0.02192
-0.0217
-0.02143
-0.02104
-0.0206
-0.02025
-0.02027
-0.02008
-0.0189
-0.01757
-0.01692
-0.01645
-0.01577
-0.01527
-0.01528
-0.01572
-0.01617
-0.01647
-0.01669
-0.01655
-0.01589
-0.01542
-0.01537
-0.01539
-0.01515
-0.01481
-0.01544
-0.01711
-0.01869
-0.01894
-0.01783
-0.01708
-0.01725
-0.01738
-0.01689
-0.016
-0.0149
-0.01387
-0.01348
-0.01339
-0.0131
-0.01292
-0.01301
-0.01284
-0.01223
-0.01137
-0.01066
-0.0102
-0.0099
-0.00967
-0.00949
-0.00915
-0.00862
-0.0081
-0.00762
-0.00699
-0.00591
-0.00437
-0.0032
-0.00259
-0.00215
-0.00138
-0.00026
0.00054
0.001
0.00171
0.00249
0.0029
0.00327
0.00397
0.005
0.0061
0.00717
0.00854
0.01016
0.01142
0.01236
0.01338
0.01476
0.01636
0.01782
0.01888
0.01944
0.01995
0.02067
0.02128
0.02156
0.02143
0.02107
0.02062
0.01983
0.01888
0.01829
0.01796
0.01748
0.0168
0.01598
0.01494
0.01359
0.01203
0.01078
0.01019
0.01031
0.01082
0.01148
0.01177
0.01179
0.01197
0.01242
0.01294
0.01348
0.01406
0.01471
0.01552
0.01645
0.01716
0.01751
0.01738
0.0171
0.01695
0.01695
0.01686
0.01641
0.01595
0.01569
0.01475
0.01305
0.01124
0.00962
0.00798
0.00619
0.00438
0.00275
0.00084
-0.00131
-0.00289
-0.00413
-0.00573
-0.00775
-0.00964
-0.01088
-0.01172
-0.01266
-0.01414
-0.01603
-0.01786
-0.01957
-0.0213
-0.02261
-0.02335
-0.02369
-0.02394
-0.02419
-0.02455
-0.02506
-0.0257
-0.02623
-0.02639
-0.0256
-0.02421
-0.02289
-0.02156
-0.01986
-0.01808
-0.01645
-0.0149
-0.01313
-0.01103
-0.00869
-0.00623
-0.00373
-0.00144
0.00055
0.00283
0.00542
0.00752
0.00914
0.01068
0.01195
0.01281
0.01352
0.01408
0.01422
0.01412
0.01402
0.0138
0.01352
0.01333
0.01285
0.01187
0.01048
0.00887
0.00712
0.00535
0.00387
0.00318
0.00262
0.00135
-0.00015
-0.00132
-0.00239
-0.00312
-0.00319
-0.00298
-0.0029
-0.00309
-0.00321
-0.00299
-0.00215
-0.00096
-0.00007
0.00051
0.00114
0.00185
0.00257
0.00354
0.00476
0.00605
0.00716
0.00803
0.00844
0.00863
0.009
0.00948
0.00992
0.01088
0.0118
0.01113
0.00945
0.00809
0.00743
0.00712
0.00694
0.00655
0.00592
0.00555
0.00555
0.00567
0.00563
0.00534
0.00463
0.00366
0.00268
0.00187
0.00132
0.00128
0.00141
0.00118
0.00053
-0.00033
-0.00111
-0.00175
-0.00236
-0.00298
-0.0035
-0.00363
-0.00353
-0.00354
-0.00359
-0.00348
-0.00335
-0.00328
-0.00321
-0.00319
-0.00328
-0.0031
-0.00267
-0.0023
-0.00174
-0.00079
-0.00039
-0.00076
-0.00139
-0.00202
-0.00269
-0.00313
-0.00321
-0.00298
-0.00275
-0.00268
-0.00286
-0.00328
-0.00404
-0.00478
-0.00513
-0.00477
-0.00394
-0.00332
-0.00274
-0.0018
-0.00093
-0.00034
0.00037
0.00153
0.00319
0.00523
0.00754
0.0103
0.01324
0.01587
0.01774
0.01911
0.02202
0.02645
0.03107
0.03453
0.0366
0.03762
0.03797
0.03714
0.03549
0.03344
0.03109
0.02882
0.02735
0.02623
0.02456
0.02239
0.02024
0.01838
0.01697
0.01617
0.01581
0.01564
0.01572
0.01568
0.01495
0.01352
0.01181
0.01107
0.01125
0.01149
0.01112
0.01018
0.00908
0.00813
0.00736
0.00678
0.00635
0.00609
0.00564
0.00461
0.00345
0.00256
0.00136
-0.00017
-0.0015
-0.00235
-0.00298
-0.00392
-0.00518
-0.00645
-0.00762
-0.00875
-0.00982
-0.01081
-0.01172
-0.01242
-0.01298
-0.01384
-0.015
-0.01606
-0.01663
-0.01684
-0.01719
-0.01781
-0.01846
-0.01894
-0.01938
-0.02025
-0.02147
-0.02263
-0.02368
-0.02473
-0.0257
-0.02634
-0.02646
-0.0266
-0.0272
-0.02868
-0.03053
-0.03201
-0.03326
-0.03457
-0.03569
-0.03645
-0.03695
-0.03739
-0.03788
-0.03871
-0.03967
-0.04033
-0.0402
-0.03941
-0.03835
-0.03744
-0.03687
-0.03633
-0.03562
-0.0353
-0.03517
-0.03446
-0.0331
-0.03136
-0.0295
-0.02794
-0.02707
-0.02639
-0.02547
-0.02447
-0.02347
-0.02218
-0.02076
-0.01945
-0.01814
-0.01668
-0.0152
-0.01402
-0.01318
-0.01199
-0.01019
-0.00813
-0.00596
-0.00353
-0.00102
0.00103
0.00199
0.00268
0.00413
0.00633
0.00867
0.01094
0.01321
0.01562
0.01811
0.02055
0.02248
0.02411
0.02592
0.02846
0.03167
0.03459
0.03683
0.03851
0.04021
0.04213
0.04374
0.04471
0.04523
0.04589
0.04683
0.04653
0.04451
0.04199
0.03972
0.03737
0.03473
0.03206
0.02991
0.02833
0.02702
0.02558
0.02399
0.02243
0.02139
0.02101
0.02094
0.02091
0.02098
0.0209
0.02038
0.01907
0.01735
0.01558
0.01419
0.01332
0.0121
0.01034
0.00852
0.00677
0.00523
0.00409
0.00294
0.00156
0.00023
-0.0011
-0.00267
-0.00426
-0.00542
-0.0057
-0.00543
-0.00518
-0.00551
-0.00634
-0.00729
-0.00808
-0.0087
-0.00912
-0.00938
-0.00945
-0.00972
-0.01032
-0.01018
-0.00928
-0.00841
-0.0079
-0.00751
-0.00697
-0.00626
-0.00548
-0.00468
-0.00382
-0.00291
-0.00213
-0.00184
-0.00176
-0.00146
-0.00079
0
0.00044
0.00057
0.00075
0.00099
0.00121
0.00172
0.00233
0.00258
0.00222
0.00141
0.00104
0.00126
0.00162
0.0019
0.00207
0.00126
-0.00004
-0.00068
-0.00074
-0.00086
-0.00124
-0.00161
-0.00168
-0.00176
-0.00206
-0.00256
-0.00316
-0.00388
-0.00458
-0.00518
-0.00562
-0.00599
-0.00643
-0.00693
-0.00745
-0.00817
-0.00905
-0.0099
-0.01074
-0.01159
-0.01235
-0.0131
-0.01401
-0.01487
-0.01551
-0.016
-0.01635
-0.0165
-0.01662
-0.01675
-0.01681
-0.01673
-0.01648
-0.01582
-0.01472
-0.0135
-0.01204
-0.00999
-0.00804
-0.0066
-0.00529
-0.00394
-0.00282
-0.0018
-0.00066
0.00058
0.00191
0.00352
0.0051
0.00627
0.00676
0.00667
0.00633
0.00617
0.00641
0.0068
0.00702
0.00686
0.00654
0.00625
0.00548
0.0043
0.00364
0.00386
0.00484
0.00586
0.0065
0.00678
0.00701
0.00725
0.00726
0.00697
0.00676
0.00661
0.00631
0.00632
0.00682
0.0074
0.00778
0.00803
0.00822
0.00825
0.0077
0.00694
0.00664
0.00694
0.0074
0.00656
0.00477
0.00345
0.00338
0.00397
0.00423
0.00383
0.00296
0.00196
0.00092
0.00016
-0.0003
-0.00067
-0.00141
-0.00251
-0.00341
-0.00399
-0.00453
-0.0052
-0.00598
-0.00709
-0.00843
-0.00977
-0.01099
-0.01209
-0.01308
-0.01403
-0.01494
-0.01553
-0.01579
-0.01614
-0.01723
-0.01938
-0.02073
-0.02045
-0.01954
-0.01919
-0.01949
-0.01955
-0.01892
-0.01792
-0.01697
-0.01614
-0.0154
-0.01462
-0.0134
-0.01188
-0.0105
-0.00911
-0.00748
-0.00609
-0.00491
-0.00337
-0.00187
-0.001
-0.0003
0.00057
0.00129
0.00194
0.00289
0.00395
0.00484
0.00544
0.00586
0.00621
0.00644
0.00659
0.00686
0.00714
0.00719
0.00716
0.0073
0.00783
0.00827
0.0081
0.00835
0.00976
0.01095
0.01121
0.0109
0.01077
0.01108
0.0117
0.01237
0.01313
0.01369
0.01379
0.01351
0.01316
0.01288
0.01258
0.01224
0.01212
0.01214
0.01192
0.01159
0.01152
0.01188
0.01238
0.01265
0.01247
0.01199
0.01235
0.01329
0.01379
0.01401
0.01459
0.01553
0.01642
0.017
0.0177
0.01887
0.01993
0.02055
0.0208
0.02069
0.02029
0.02037
0.02084
0.02102
0.02095
0.02102
0.02097
0.02065
0.0201
0.01922
0.01796
0.01683
0.01594
0.01501
0.01357
0.01151
0.00925
0.00712
0.00513
0.00346
0.00199
0.00018
-0.00157
-0.00276
-0.00389
-0.0055
-0.00786
-0.01047
-0.01279
-0.01464
-0.01611
-0.01727
-0.01811
-0.01871
-0.01927
-0.0201
-0.02132
-0.02274
-0.02425
-0.0258
-0.02661
-0.02627
-0.02591
-0.02608
-0.02632
-0.02609
-0.02544
-0.02523
-0.02557
-0.02599
-0.02611
-0.02591
-0.02548
-0.02505
-0.02477
-0.02457
-0.02432
-0.02409
-0.02394
-0.02384
-0.02305
-0.02125
-0.01986
-0.01929
-0.01847
-0.01699
-0.01532
-0.01405
-0.01315
-0.01206
-0.01081
-0.00985
-0.00924
-0.00868
-0.0075
-0.00589
-0.00447
-0.00344
-0.00259
-0.0018
-0.00095
0.00016
0.00178
0.0038
0.00489
0.00473
0.00434
0.00477
0.0062
0.00732
0.00756
0.00777
0.00856
0.00978
0.01036
0.01017
0.01025
0.01076
0.01099
0.01057
0.00983
0.00943
0.0091
0.00812
0.00671
0.00541
0.00452
0.00416
0.00445
0.00502
0.00545
0.00518
0.00439
0.00354
0.00306
0.00294
0.00337
0.00419
0.00508
0.00556
0.00566
0.00581
0.00618
0.0066
0.00688
0.00701
0.00705
0.0072
0.00761
0.00798
0.00818
0.00886
0.00985
0.01043
0.01075
0.0112
0.01148
0.01158
0.01191
0.0123
0.01244
0.0126
0.01296
0.0134
0.0138
0.01416
0.01455
0.01496
0.0153
0.01536
0.01511
0.0147
0.01439
0.01452
0.01501
0.01556
0.0156
0.01509
0.01441
0.01414
0.01462
0.01536
0.01589
0.01621
0.01629
0.01601
0.01604
0.0166
0.01686
0.01655
0.01609
0.01587
0.0158
0.01543
0.01474
0.01404
0.01369
0.01353
0.01276
0.01155
0.01066
0.01041
0.01038
0.00977
0.0086
0.00736
0.00653
0.00603
0.00553
0.00496
0.00448
0.00399
0.00334
0.00216
0.00094
0.00042
0.00035
0.00025
0.00011
0.00012
0.00037
0.00041
0.00006
-0.00056
-0.00124
-0.00191
-0.00241
-0.00273
-0.00292
-0.00313
-0.00347
-0.00378
-0.00394
-0.00402
-0.00439
-0.00534
-0.00625
-0.00659
-0.00594
-0.00503
-0.00493
-0.00581
-0.00699
-0.00764
-0.00807
-0.00898
-0.00975
-0.00993
-0.00992
-0.01016
-0.01066
-0.01105
-0.0112
-0.01151
-0.01211
-0.01282
-0.01341
-0.01386
-0.01412
-0.01443
-0.01504
-0.01556
-0.01567
-0.01515
-0.01406
-0.0125
-0.01136
-0.01103
-0.01072
-0.00998
-0.00914
-0.0083
-0.00727
-0.00574
-0.00376
-0.00172
0.00005
0.00144
0.00304
0.00517
0.00793
0.01078
0.0132
0.01534
0.01753
0.01974
0.02162
0.02269
0.02326
0.02374
0.02393
0.02373
0.02339
0.02291
0.02206
0.02116
0.02047
0.01996
0.01927
0.0182
0.01724
0.01687
0.01721
0.01704
0.01529
0.01366
0.01345
0.0142
0.01474
0.01471
0.01469
0.01512
0.0159
0.01629
0.01573
0.01541
0.01592
0.01641
0.01634
0.01588
0.01556
0.01543
0.01502
0.0144
0.01391
0.01316
0.01191
0.01038
0.00902
0.00796
0.00686
0.00542
0.00346
0.00134
-0.0006
-0.00245
-0.00447
-0.00679
-0.00901
-0.01081
-0.01208
-0.01313
-0.0143
-0.016
-0.01806
-0.01982
-0.02102
-0.02177
-0.02212
-0.02237
-0.02285
-0.02331
-0.0234
-0.02326
-0.02316
-0.02322
-0.02286
-0.02173
-0.02063
-0.02009
-0.02005
-0.01958
-0.01829
-0.01763
-0.01801
-0.01805
-0.01736
-0.0166
-0.01614
-0.016
-0.01625
-0.01656
-0.01658
-0.01586
-0.01467
-0.01383
-0.01358
-0.01364
-0.01373
-0.01368
-0.01303
-0.01189
-0.01067
-0.00948
-0.00821
-0.00708
-0.00606
-0.00489
-0.00382
-0.00306
-0.00204
-0.00066
0.00045
0.00132
0.0023
0.00292
0.00305
0.00344
0.00421
0.00497
0.00557
0.00617
0.00687
0.00764
0.00835
0.00831
0.00729
0.00644
0.00629
0.00643
0.00646
0.00639
0.00617
0.00586
0.00555
0.0052
0.00469
0.00393
0.00321
0.00289
0.00282
0.00273
0.00237
0.00192
0.00169
0.0017
0.00181
0.00203
0.00227
0.00234
0.00237
0.00251
0.00253
0.00248
0.0027
0.00308
0.00333
0.00327
0.00315
0.00346
0.00384
0.00379
0.00368
0.00383
0.00408
0.00408
0.0038
0.00368
0.0039
0.0042
0.0042
0.00378
0.00361
0.00394
0.00424
0.00434
0.00454
0.00498
0.00554
0.00597
0.00633
0.00683
0.00747
0.0082
0.00931
0.01079
0.01241
0.01341
0.01355
0.01406
0.01512
0.01576
0.01609
0.01683
0.01815
0.01956
0.02032
0.02042
0.02017
0.02034
0.02113
0.02245
0.02376
0.0246
0.02466
0.02403
0.02339
0.02293
0.02233
0.02139
0.0202
0.01916
0.01844
0.01798
0.01732
0.01623
0.01474
0.01324
0.01208
0.01133
0.01081
0.01042
0.01025
0.01029
0.00954
0.00783
0.00595
0.00467
0.00416
0.00387
0.00339
0.0028
0.00222
0.00162
0.0013
0.00128
0.00122
0.00091
0.00043
-0.00002
-0.00035
-0.00052
-0.00056
-0.00047
-0.00023
0.00004
-0.00018
-0.00071
-0.00104
-0.00125
-0.00158
-0.00161
-0.00139
-0.00136
-0.00157
-0.0018
-0.00193
-0.00202
-0.0022
-0.00244
-0.00262
-0.0026
-0.00247
-0.00239
-0.00252
-0.00286
-0.00329
-0.00368
-0.00406
-0.00458
-0.00531
-0.00621
-0.00698
-0.00723
-0.00746
-0.00815
-0.00865
-0.00866
-0.00852
-0.00867
-0.00912
-0.00914
-0.00864
-0.00799
-0.00752
-0.00718
-0.00665
-0.00582
-0.0049
-0.00394
-0.00283
-0.00179
-0.00099
-0.00039
0.00004
0.00028
0.0003
0.00009
-0.0002
-0.00024
0.00026
0.00076
0.00079
0.00037
-0.00016
-0.00058
-0.00093
-0.00134
-0.00175
-0.00212
-0.0025
-0.00296
-0.00348
-0.00385
-0.00415
-0.00455
-0.00515
-0.00583
-0.00646
-0.00696
-0.00724
-0.00701
-0.00642
-0.006
-0.00658
-0.00864
-0.01035
-0.01073
-0.01063
-0.01081
-0.01119
-0.01199
-0.01304
-0.01358
-0.01345
-0.01311
-0.01358
-0.0148
-0.0157
-0.01596
-0.01599
-0.01615
-0.01645
-0.01673
-0.01682
-0.01669
-0.01633
-0.01569
-0.0146
-0.01337
-0.01234
-0.01142
-0.01044
-0.00935
-0.00819
-0.00695
-0.00576
-0.00462
-0.00331
-0.00191
-0.00075
0.00026
0.00135
0.00255
0.00372
0.00464
0.00556
0.0067
0.00776
0.00848
0.00891
0.00965
0.01112
0.01259
0.01347
0.01397
0.0143
0.01438
0.01446
0.01468
0.0147
0.01449
0.01436
0.01445
0.01468
0.01502
0.0152
0.01483
0.01355
0.01178
0.01048
0.00965
0.00873
0.00765
0.00665
0.00586
0.00523
0.0046
0.00358
0.00242
0.00207
0.00245
0.00288
0.00282
0.00246
0.0022
0.00212
0.00209
0.00221
0.00245
0.00252
0.00252
0.00267
0.00279
0.00278
0.00294
0.00329
0.00368
0.00392
0.00388
0.0034
0.0032
0.00407
0.00549
0.00655
0.00627
0.00516
0.00433
0.00439
0.00491
0.00498
0.00458
0.00419
0.00381
0.00329
0.00267
0.00211
0.00167
0.00096
-0.00001
-0.00065
-0.00118
-0.00222
-0.00323
-0.00381
-0.00434
-0.00489
-0.0053
-0.00578
-0.00662
-0.00799
-0.00939
-0.01036
-0.01093
-0.01132
-0.01163
-0.01204
-0.01266
-0.01348
-0.01446
-0.01579
-0.01713
-0.01804
-0.01825
-0.0181
-0.01801
-0.01831
-0.01904
-0.0199
-0.02046
-0.02055
-0.02051
-0.0206
-0.02057
-0.02043
-0.02049
-0.02083
-0.02129
-0.02168
-0.02186
-0.02161
-0.02109
-0.02062
-0.02062
-0.02105
-0.02174
-0.02194
-0.02126
-0.0203
-0.01962
-0.0192
-0.0186
-0.01764
-0.01667
-0.01593
-0.01526
-0.01458
-0.014
-0.01362
-0.01328
-0.01218
-0.01053
-0.00911
-0.00823
-0.00768
-0.00709
-0.0064
-0.00581
-0.00525
-0.00465
-0.00448
-0.0046
-0.00437
-0.00373
-0.00308
-0.00318
-0.00386
-0.00416
-0.0042
-0.00463
-0.0053
-0.00569
-0.0054
-0.00475
-0.0043
-0.00498
-0.0066
-0.00804
-0.00866
-0.00864
-0.00854
-0.00859
-0.00857
-0.00842
-0.00823
-0.00795
-0.0075
-0.00687
-0.00618
-0.00553
-0.0049
-0.00428
-0.00375
-0.00324
-0.0026
-0.00165
-0.00049
0.00071
0.00176
0.00257
0.00333
0.00414
0.00503
0.00588
0.00658
0.00713
0.00756
0.0077
0.00762
0.00766
0.00752
0.00686
0.00619
0.00562
0.00456
0.0033
0.00235
0.00143
0.00026
-0.00114
-0.00269
-0.00433
-0.00555
-0.00634
-0.00706
-0.00806
-0.00933
-0.01049
-0.01125
-0.01155
-0.01164
-0.01177
-0.01212
-0.0125
-0.01257
-0.01218
-0.01163
-0.01186
-0.01266
-0.01324
-0.01339
-0.01339
-0.01322
-0.01285
-0.01237
-0.01192
-0.0116
-0.0116
-0.01163
-0.01123
-0.01007
-0.00832
-0.0071
-0.00648
-0.00565
-0.00459
-0.00371
-0.00271
-0.00222
-0.001
0.00005
0.00103
0.00238
0.00394
0.00481
0.0053
0.00621
0.00744
0.00855
0.00949
0.01041
0.01141
0.01237
0.01307
0.0125
0.01126
0.01074
0.01138
0.01248
0.01325
0.01333
0.01276
0.01227
0.0122
0.0124
0.01256
0.0126
0.01277
0.01314
0.01338
0.01362
0.01421
0.01488
0.0153
0.01552
0.01585
0.01647
0.01703
0.01726
0.01697
0.01651
0.01629
0.01613
0.01574
0.01482
0.01375
0.01303
0.0121
0.01069
0.0093
0.00828
0.00748
0.00651
0.00532
0.00419
0.00311
0.00196
0.001
0.00013
-0.00114
-0.0025
-0.00343
-0.00403
-0.00484
-0.00618
-0.00768
-0.00897
-0.01008
-0.01113
-0.01212
-0.0134
-0.01482
-0.01561
-0.01588
-0.01621
-0.01701
-0.01804
-0.01871
-0.01927
-0.02013
-0.02086
-0.02135
-0.02188
-0.02215
-0.02193
-0.0219
-0.02226
-0.0226
-0.02272
-0.02264
-0.02198
-0.02081
-0.01924
-0.01803
-0.01758
-0.01727
-0.01649
-0.0151
-0.01372
-0.01276
-0.01167
-0.01023
-0.00897
-0.00797
-0.00692
-0.00575
-0.00463
-0.00371
-0.00294
-0.00216
-0.00146
-0.00088
0.00013
0.00154
0.00287
0.00342
0.00305
0.00265
0.00275
0.0033
0.00384
0.00423
0.00499
0.00602
0.00631
0.00634
0.00698
0.00781
0.00833
0.00872
0.0094
0.01051
0.0115
0.01213
0.01276
0.0136
0.01452
0.01528
0.0158
0.01625
0.01681
0.01758
0.01844
0.01919
0.01947
0.01942
0.01931
0.01927
0.01918
0.01868
0.0178
0.01668
0.01525
0.01342
0.01128
0.00959
0.00902
0.00891
0.00854
0.00755
0.00612
0.00448
0.00313
0.00228
0.00219
0.00248
0.00256
0.00221
0.00162
0.00093
0.0003
-0.00008
-0.0001
0.00007
0.00019
0.00027
0.00047
0.00086
0.00129
0.00141
0.00139
0.00167
0.00196
0.00199
0.00204
0.00226
0.00251
0.00261
0.00247
0.00188
0.00141
0.00183
0.00259
0.00298
0.00281
0.00247
0.00232
0.00225
0.00203
0.0018
0.00172
0.00181
0.00165
0.00102
0.00046
0.00019
-0.00006
-0.00038
-0.00063
-0.00061
-0.00042
-0.00027
0.00024
0.00126
0.00146
0.00061
-0.00065
-0.00118
-0.00064
0.00013
0.00046
0.00044
0.00032
0.00019
-0.00001
-0.00025
-0.00032
-0.00021
-0.00008
-0.00015
-0.00037
-0.00049
-0.00052
-0.0006
-0.00093
-0.0013
-0.00127
-0.00105
-0.00113
-0.00166
-0.0024
-0.00305
-0.00327
-0.00302
-0.00279
-0.00287
-0.00319
-0.00344
-0.00351
-0.0034
-0.00336
-0.00365
-0.00388
-0.00384
-0.0039
-0.00421
-0.00461
-0.00483
-0.00481
-0.00483
-0.00511
-0.00566
-0.00619
-0.00652
-0.00664
-0.0067
-0.00684
-0.00698
-0.00704
-0.00714
-0.00722
-0.00713
-0.00689
-0.00661
-0.00634
-0.00607
-0.00575
-0.00542
-0.0051
-0.00483
-0.00446
-0.00364
-0.00286
-0.00259
-0.00224
-0.00149
-0.00073
-0.00032
-0.00024
0.00004
0.00077
0.0017
0.00242
0.00276
0.00309
0.00366
0.00425
0.00481
0.00541
0.00578
0.00589
0.00627
0.00686
0.00724
0.00746
0.00776
0.00803
0.0082
0.00833
0.0084
0.00839
0.00841
0.00848
0.00854
0.0082
0.00732
0.00629
0.00549
0.00493
0.00431
0.00342
0.00226
0.00138
0.00107
0.00084
0.00039
-0.00005
-0.00058
-0.00134
-0.0019
-0.00207
-0.00201
-0.002
-0.00208
-0.0021
-0.00202
-0.00196
-0.00189
-0.00171
-0.0014
-0.00106
-0.00067
-0.00026
0.00015
0.00062
0.00118
0.0018
0.00235
0.00274
0.0031
0.00352
0.00391
0.00421
0.00444
0.0049
0.00565
0.00638
0.00687
0.00711
0.00726
0.00744
0.00751
0.00751
0.00759
0.00778
0.008
0.00805
0.00781
0.00752
0.00734
0.00723
0.00709
0.0069
0.00669
0.00663
0.00683
0.00702
0.00699
0.00679
0.00654
0.00632
0.0063
0.00648
0.00675
0.00701
0.00729
0.00753
0.00768
0.00754
0.00733
0.00745
0.00792
0.00852
0.0086
0.00825
0.00799
0.00801
0.00811
0.008
0.00769
0.00738
0.00704
0.00663
0.00648
0.00647
0.00617
0.00559
0.005
0.00445
0.004
0.00377
0.00351
0.00307
0.00291
0.00278
0.00205
0.00101
0.00024
0.00008
0.00009
-0.00014
-0.0006
-0.00107
-0.00149
-0.00173
-0.00176
-0.00196
-0.00242
-0.00285
-0.00307
-0.00313
-0.0031
-0.00308
-0.00319
-0.00333
-0.00339
-0.00335
-0.00331
-0.00333
-0.00337
-0.00338
-0.00331
-0.0032
-0.00307
-0.0029
-0.0027
-0.00251
-0.00237
-0.00231
-0.00226
-0.00219
-0.00212
-0.00204
-0.00192
-0.00173
-0.0015
-0.00146
-0.00158
-0.00162
-0.00156
-0.00152
-0.00151
-0.00148
-0.00148
-0.00153
-0.00162
-0.00169
-0.00176
-0.0019
-0.00203
-0.00205
-0.00205
-0.00213
-0.00231
-0.00245
-0.00248
-0.00249
-0.00255
-0.00265
-0.00271
-0.00272
-0.00269
-0.00269
-0.00278
-0.00283
-0.00276
-0.00277
-0.00288
-0.00299
-0.003
-0.00295
-0.00286
-0.00278
-0.00271
-0.00266
-0.00261
-0.00259
-0.0026
-0.00263
-0.00266
-0.00268
-0.0027
-0.00272
-0.00271
-0.00267
-0.00261
-0.00258
-0.00254
-0.00249
-0.00243
-0.00238
-0.00231
-0.00219
-0.00201
-0.00186
-0.00183
-0.00183
-0.00176
-0.00161
-0.00145
-0.00134
-0.00126
-0.00116
-0.00103
-0.00091
-0.00081
-0.00072
-0.00061
-0.00053
-0.00046
-0.0004
-0.00034
-0.00027
-0.00021
-0.00016
-0.00012
-0.00007
-0.00002
0.00001
0.00002
0
-0.00001
0
0.00003
0.00005
0.00007
0.00007
0.00006
0.00004
0.00004
0.00004
0.00004
0.00004
0.00005
0.00005
0.00005
0.00005
0.00005
0.00005
0.00007
0.00006
0.00005
0.00006
0.00006
0.00006
0.00006
0.00006
0.00007
0.00008
0.00008
0.00007
0.00006
0.00007
0.00008
0.00009
0.0001
0.0001
0.0001
0.00009
0.00008
0.00008
0.00007
0.00006
0.00004
0.00003
0.00002
0
-0.00002
-0.00004
-0.00006
-0.00007
-0.00009
-0.0001
-0.00012
-0.00015
-0.00017
-0.00019
-0.00021
-0.00023
-0.00025
-0.00027
-0.00029
-0.0003
-0.00032
-0.00033
-0.00035
-0.00035
-0.00037
-0.00038
-0.00038
-0.00039
-0.00039
-0.00039
-0.0004
-0.0004
-0.00041
-0.00043
-0.00043
-0.00042
-0.00042
-0.00042
-0.00042
-0.00042
-0.00042
-0.00042
-0.00041
-0.00041
-0.00041
-0.00041
-0.00041
-0.0004
-0.0004
-0.0004
-0.00039
-0.00039
-0.00038
-0.00038
-0.00038
-0.00037
-0.00036
-0.00036
-0.00035
-0.00035
-0.00034
-0.00033
-0.00033
-0.00032
-0.00032
-0.00031
-0.0003
-0.0003
-0.00029
-0.00028
-0.00028
-0.00027
-0.00026
-0.00026
-0.00025
-0.00024
-0.00024
-0.00023
-0.00022
-0.00021
-0.00021
-0.0002
-0.00019
-0.00019
-0.00018
-0.00017
-0.00017
-0.00016
-0.00015
-0.00015
-0.00014
-0.00013
-0.00012
-0.00012
-0.00011
-0.0001
-0.0001
-0.00009
-0.00008
-0.00008
-0.00007
-0.00006
-0.00005
-0.00005
-0.00004
-0.00003
-0.00003
-0.00002
-0.00001
0
0
0.00001
0.00002
0.00003
0.00004
0.00004
0.00005
0.00006
0.00007
0.00008
0.00008
0.00009
0.0001
0.00011
0.00012
0.00013
0.00013
0.00014
0.00015
0.00016
0.00017
0.00018
0.00019
0.00019
0.0002
0.00021
0.00022
0.00023
0.00024
0.00025
0.00026
0.00027
0.00028
0.00029
0.0003
0.00031
0.00032
0.00033
0.00034
0.00034
0.00035
0.00036
0.00037
0.00038
0.00039
0.0004
0.00041
0.00043
0.00044
0.00045
0.00046
0.00047
0.00048
0.00049
0.0005
0.00051
0.00052