0.01
-0.0004185085
-0.0004144088
-0.0004222098
-0.0004181066
-0.0004265456
-0.000422433
-0.0004314889
-0.0004273381
-0.0004370072
-0.0004327882
-0.0004430604
-0.0004387489
-0.0004496098
-0.0004451844
-0.0004566014
-0.0004520121
-0.0004639695
-0.0004591962
-0.0004716465
-0.0004666378
-0.0004795716
-0.000474303
-0.000487664
-0.0004820927
-0.0004958574
-0.0004899368
-0.0005040649
-0.0004977544
-0.0005122091
-0.0005054905
-0.0005202037
-0.0005130741
-0.0005280032
-0.0005203909
-0.0005355077
-0.000527411
-0.0005426543
-0.0005340866
-0.0005493774
-0.0005403501
-0.0005556212
-0.0005461328
-0.0005613232
-0.0005514375
-0.0005664339
-0.0005562311
-0.0005709122
-0.0005604578
-0.0005747138
-0.0005642038
-0.0005777845
-0.0005674421
-0.0005803618
-0.0005707477
-0.000582762
-0.0005742804
-0.0005849043
-0.0005780837
-0.000586686
-0.0005824106
-0.0005878963
-0.0005871589
-0.0005886205
-0.0005939961
-0.0005855084
-0.0005997012
-0.000593859
-0.000612336
-0.0005266505
-0.0006723419
-0.0007656665
-0.0002067481
-3.592576E-05
-0.007698867
-0.01425116
-0.01424374
-0.008171801
-0.0009177272
-0.0004251022
-0.001602035
-0.0009993931
0.01108306
0.01585419
0.02103085
0.0362527
0.04042673
0.04605726
0.03989779
0.03160922
0.03187197
0.03162287
0.04123048
0.05631729
0.04198447
-0.01201653
-0.0609494
-0.07900535
-0.0668627
-0.03448325
0.01932388
0.05499159
0.03524075
-0.01873123
-0.05756189
-0.05974563
-0.01864641
0.02518484
0.01215495
-0.07824936
-0.1460417
-0.1054519
0.03870383
0.1570037
0.1339136
0.04319805
-0.03931858
-0.09317587
-0.1332223
-0.1742534
-0.1502829
-0.03145305
0.1127452
0.1749626
0.1259765
0.0195396
-0.05076896
-0.06282511
-0.01785133
0.06975462
0.1269565
0.1237835
0.05812581
-0.0351585
-0.1031623
-0.1441005
-0.1451169
-0.1066946
-0.04466622
0.0410787
0.09045729
0.06765555
0.04390886
0.03533448
0.01840678
0.025716
0.04350008
0.02967375
-0.01166457
-0.07455117
-0.0839539
0.005404511
0.09689495
0.1484004
0.1394187
0.04108746
-0.05337284
-0.06574056
-0.01148142
0.05086887
0.0259232
-0.03132399
-0.0407036
-0.02016202
0.01781474
0.05838014
0.03975554
-0.01356725
-0.0378088
-0.03154127
-0.03865199
-0.07764488
-0.1053172
-0.07419834
0.01312673
0.07900371
0.0625131
0.004678289
-0.05075476
-0.1055342
-0.07306422
0.04421182
0.09839746
0.06393589
0.003683021
-0.01538629
0.02818328
0.04524956
0.01781074
0.0003168437
-0.01273245
-0.008615017
-0.004170619
-0.00701208
-0.01920773
-0.03574562
-0.03124458
-0.0052985
-0.01309363
-0.01527591
0.001091366
-0.03356207
-0.06567827
-0.03362783
0.02619909
0.05680274
0.02420687
-0.002839028
-0.01992504
-0.05779903
-0.02208344
0.06359295
0.07872488
0.07229686
0.05761144
-0.01580261
-0.06226763
-0.0190383
0.02938279
0.04439968
0.03323877
0.0220441
0.0066908
-0.01313248
-0.03493977
-0.02586557
-0.01050353
-0.03505672
-0.04870866
-0.01036662
0.03432525
0.007426089
-0.01833528
-0.005202827
0.02197393
0.02630959
0.005473761
-0.03716045
-0.05774276
-0.01432307
0.05601555
0.07706815
0.02540278
-0.0008807666
-0.0007529479
-0.04815728
-0.04409162
0.02805183
0.07762844
0.06429998
0.01664027
-0.029688
-0.04379436
-0.04343513
-0.04615556
-0.01722803
0.053204
0.07583581
0.02089901
0.001685691
0.02394418
0.02709976
0.002669112
-0.009949901
-0.007777809
-0.0429128
-0.04293799
0.04726154
0.04007841
-0.01819131
0.02486615
0.04383175
0.03804668
0.03033112
-0.0183044
-0.03155487
-0.02425976
-0.06516334
-0.0596883
0.006052368
0.05781187
-0.01255631
-0.08287389
-0.002468855
0.08550271
0.003812704
-0.05774817
-0.03713937
-0.06096301
-0.07277253
-0.03702718
0.01385634
0.05322768
0.09203395
0.07129297
-0.004948804
-0.05488964
-0.08633739
-0.09758563
-0.02540986
0.04915948
0.11721
0.1542727
0.02648153
-0.09466067
-0.06439069
-0.04907359
-0.09724797
-0.1054745
-0.03619451
-0.0236527
-0.02642751
0.07198196
0.1215504
0.07085223
0.01687719
-0.01532442
-0.03750246
-0.05916627
-0.04763428
0.03190768
0.09889427
0.03752393
-0.009839526
-0.0299167
-0.03292408
0.05273819
0.1046766
0.05402436
-0.02691885
-0.06106444
-0.03652065
-0.003352515
0.01703729
0.005207999
0.02002478
-0.001624264
-0.06390541
-0.04289739
-0.003092523
0.002433083
-0.001795967
-0.01927418
-0.01674689
0.04347326
0.02148074
-0.0348277
-0.0100491
-0.01646828
-0.02595799
0.008989514
0.0314507
0.08557718
0.1207804
0.04981234
-0.01873815
-0.04401131
-0.06503117
-0.04484573
-0.01375444
-0.008208447
0.01681131
0.06949903
0.06547339
0.009854123
-0.02253745
-0.05510036
-0.03843863
-0.002243419
-0.02309275
-0.02154098
0.03922684
0.03877597
-0.000852363
0.0308808
0.04153499
-0.01959406
-0.07069364
-0.06683034
-0.007202088
0.04016897
0.05760073
0.06242888
0.02201416
-0.02471402
-0.05272211
-0.06109497
-0.003026942
0.06996019
0.06535902
0.008730944
-0.004249159
-0.01679467
-0.03110201
-0.0101946
-0.01185719
-0.01315957
0.01008544
0.04132941
0.01223507
-0.06888366
-0.079781
-0.01559337
0.02352111
0.06010421
0.1139444
0.08786149
-0.01321441
-0.07416175
-0.08420583
-0.06260243
-0.01510018
0.01941645
0.002466748
0.002844602
0.03295361
0.001441815
-0.006974478
0.04069797
0.01514436
-0.04294126
-0.05238122
-0.03924271
0.005467416
0.02770279
0.01845216
0.0005377769
-0.02101244
0.006194017
0.02772418
0.005180023
-0.01479658
-0.03769134
-0.05888401
-0.06149794
-0.02734341
0.05764896
0.1052476
0.07706588
0.0441199
0.00271475
-0.03879967
-0.03361192
-0.03618178
-0.04091611
-0.0147258
-0.001657096
0.008605916
0.02210961
0.03099721
0.02090211
-0.002796308
-0.03362273
-0.04110768
-0.01235228
0.001339067
-0.0002566627
-0.022006
-0.03311296
-0.0070393
0.01772048
0.02107847
0.02315696
0.02607327
0.00538517
-0.02553401
-0.03159581
-0.02918211
-0.01895318
-0.004161724
0.01391564
0.03474156
0.04580497
0.03093932
-0.008479944
-0.02934328
-0.0120399
0.00123553
-0.004429777
-0.01190909
-0.02356376
-0.02216745
-0.005892728
0.03388967
0.04607299
0.04409537
0.02736779
-0.01080476
0.001603178
0.03240308
0.008245611
-0.02388269
-0.03598055
-0.03260258
-0.009407381
0.02423471
0.05420859
0.05218249
-0.02221003
-0.07070831
-0.036819
-0.0118573
-0.004317049
0.02307564
0.02076582
-0.002024119
-0.003448582
0.01937282
0.03289231
0.005287052
-0.003805539
-0.001093233
-0.005395519
0.01047001
0.003124476
-0.01404151
0.003098024
-0.0008011551
-0.01105437
0.02335492
0.03698076
0.006206712
-0.01885674
-0.0472598
-0.05462303
-0.03503849
-0.01274409
0.009049532
0.02133063
0.01663809
0.01544164
0.002503559
-0.004533059
0.01492755
0.03788379
0.05276589
0.03589141
0.005324298
-0.01410432
-0.04721401
-0.05438537
-0.01263894
0.02732325
0.03804977
0.02928747
0.009229305
-0.001036069
0.000501284
-0.005476692
-0.01937638
-0.0170844
-0.009798659
-0.003308905
0.01794874
0.0126644
-0.000723969
-0.008174626
-0.0170938
-0.006662791
0.00720221
0.02017857
0.02391738
0.02833697
0.03369459
0.02571035
-0.005701605
-0.04779565
-0.05680935
-0.04117895
-0.02482008
-0.01437088
-0.002726581
0.01261916
0.003421094
-0.008594082
-0.001390642
-0.0007713573
-0.003918397
-0.001803326
0.01293731
-0.001875284
-0.0218418
-0.01676735
-0.01279959
-0.008523979
-0.001466705
0.003998157
0.002399285
-0.0002489656
-0.01922072
-0.04687353
-0.02378531
0.009853463
0.04539565
0.0673137
0.06198764
0.03164134
-0.002269375
-0.02673469
-0.03635245
-0.03821953
-0.03779586
-0.04141053
-0.03096944
-0.01064102
0.01561909
0.02409601
0.01510666
0.001139173
-0.002988279
0.00558079
0.01267292
0.01079979
0.008548039
-0.004670414
-0.01674074
-0.004610488
0.01838357
0.02975293
0.03326898
0.05003831
0.04777832
0.01374545
-0.0126738
-0.01488962
-0.01482134
-0.005046091
0.01215835
0.02211798
0.02682788
0.03688324
0.03360921
0.01882563
0.02212809
0.005474592
-0.008196022
-0.01010295
-0.02805627
-0.05020034
-0.03658703
-0.01100006
-0.003012786
0.01365138
0.005037005
-0.01890264
-0.0364745
-0.03245209
-0.008659441
-0.009397582
-0.04286159
-0.05230802
-0.03019075
-0.01187661
-0.005647958
0.006341338
0.01486767
-0.001409794
-0.02117367
-0.02092278
-0.006610264
0.03635603
0.0569622
0.01574328
-0.01013483
-0.001327922
-0.008186012
-0.008967151
-0.001142487
-0.003656364
-0.0209234
-0.02446359
-0.02287041
-0.01325734
-0.003869005
0.02170478
0.04760921
0.02823067
-0.004953874
-0.008174431
-0.01462484
-0.02987829
-0.01174946
-0.001223291
-0.004394885
0.02034697
0.05623134
0.06229245
0.03474206
-0.0008871843
-0.02241552
-0.03851525
-0.03616365
-0.009173487
0.02382694
0.04554707
0.03635388
0.003951961
-0.008742035
-0.003814978
0.01810676
0.04853638
0.06026309
0.05467482
0.03980726
0.0211156
-0.005017289
-0.0286443
-0.02073112
-0.01105649
-0.02254598
-0.01099627
0.000880244
-0.0246989
-0.03291698
-0.02069576
-0.02190061
-0.008532085
0.01401319
0.004034712
-0.01306391
-0.02492748
-0.02013673
0.01018045
0.04324959
0.03137691
-0.003174025
-0.01877534
-0.01627357
0.006314607
0.02275556
0.02816098
0.02547975
0.002817895
-0.007166266
0.009748909
0.0462493
0.05175662
0.02726875
0.002419781
-0.02863514
-0.02524796
0.01871904
0.05214532
0.06976772
0.05387195
0.0056329
-0.005140153
0.01045784
0.02319051
0.02663281
0.007630133
-0.04425669
-0.1148938
-0.185142
-0.216344
-0.1983361
-0.1613981
-0.06173741
0.05844413
0.1228905
0.1162161
0.05511659
-0.01937166
-0.03162116
-0.004521969
0.01733783
0.05149274
0.09321813
0.1169711
0.07887782
-0.01609782
-0.1068012
-0.1459568
-0.1405414
-0.07626108
0.03235098
0.09293689
0.09173995
0.08141042
0.06742312
0.05887155
0.04881743
0.04196368
0.03177409
-0.0133113
-0.06445165
-0.06543345
-0.02864518
-0.007055766
-0.006918835
-0.00908114
-0.01684981
-0.004704609
-9.758072E-05
-0.009932717
0.008598077
0.02658253
0.007508021
-0.02712141
-0.05539031
-0.03617773
0.01580331
0.03990337
0.04487255
0.008510279
-0.03621895
-0.02212761
0.02140136
0.04037376
0.05617797
0.05032301
0.002187125
-0.02775479
-0.03123846
-0.03171226
-0.02786552
-0.01494599
-0.02568414
-0.06672451
-0.07618417
-0.02691394
0.02444725
0.06776965
0.113335
0.1210935
0.07929218
0.04969269
0.012231
-0.02908811
-0.06878792
-0.08640989
-0.05780998
-0.01771783
0.004614359
0.01408774
0.003445422
-0.02747578
-0.03424095
-0.01770123
-0.007338971
0.007332545
0.03119446
0.06718741
0.1034615
0.0922815
0.0338971
-0.01571438
-0.03529429
-0.03993638
-0.02058711
0.02153171
0.03006008
0.004166909
-0.0006163676
-0.02266517
-0.05903152
-0.04070532
-0.006206673
0.02989577
0.05362468
0.03197317
-0.01009715
-0.03490979
-0.04654329
-0.03441349
0.01351722
0.05134061
0.05513555
0.01811036
-0.02327484
-0.04785362
-0.06593685
-0.06640769
-0.03500937
0.01283441
0.03930861
0.04094285
0.02485285
-0.01635674
-0.02768554
0.006683328
0.0170651
0.01181895
0.01233645
-0.0002583413
0.004728155
0.02913527
0.02626561
0.001363017
-0.00248164
0.00092463
-0.004533866
-0.009459843
0.01641885
0.04651017
0.03241269
0.0007676211
-0.01875296
-0.02370584
-0.034343
-0.0403088
-0.02172496
0.00955726
0.04284678
0.04502412
0.006131597
-0.02719319
-0.02745789
-0.01414872
0.02152411
0.06945349
0.073806
0.03245465
-0.03273916
-0.08880928
-0.09884148
-0.060366
-0.007622172
0.009547011
-0.0008214991
-0.02059532
-0.02151866
-0.003484732
0.0119768
0.002056073
-0.003189131
0.000292195
-0.002060702
-0.009005225
-0.003588417
0.007083903
0.000397881
-0.001775946
0.005451223
0.0004538132
0.01015357
0.02704051
0.0289785
0.02016726
-0.00796633
-0.03356882
-0.0521306
-0.07687694
-0.08605425
-0.0610862
-0.0371736
-0.01775488
-0.004773541
-0.007328497
-0.004700971
0.0219077
0.03198896
0.02704185
0.01630426
0.01478856
0.01775035
0.001959771
-0.02976694
-0.05121791
-0.05944117
-0.05814883
-0.02844837
-0.003323842
0.005793427
0.0001308736
-0.009678265
-0.0217646
-0.006888648
0.02151308
0.0172438
0.002857089
-0.004549993
-0.04025097
-0.05669457
-0.02625477
-0.00454489
0.02779792
0.04881606
0.02431641
-0.01161377
-0.01981659
0.01956738
0.08181171
0.107643
0.1011476
0.07760448
0.03436091
-0.01176818
-0.02922899
-0.008087638
0.03978303
0.0578521
0.02261797
-0.01722237
-0.03115758
-0.02635028
-0.006369704
0.02009273
0.02057162
0.001253847
-0.02153543
-0.0138634
0.01101494
0.02297101
0.02821751
0.005078395
-0.01540146
-0.008947101
-0.001250742
0.003878916
0.01200614
0.0272749
0.03844673
0.03941433
0.0343807
0.006466574
-0.0165671
-0.03179893
-0.04841818
-0.0656292
-0.06494225
-0.03923412
-0.007449286
0.01956069
0.03123786
0.02638482
0.01019614
-0.004843898
-0.002832247
8.634118E-06
-0.00131618
-0.0003534605
-0.005470394
-0.01281135
-0.01019526
0.003352092
0.02192691
0.02604733
-0.006042452
-0.05042853
-0.06211495
-0.04711369
-0.03730799
-0.01824317
0.0137683
0.04238564
0.03610971
-0.002714142
-0.03572698
-0.03944084
-0.01415299
0.02914464
0.05746776
0.05554146
0.04551339
0.01928466
-0.002507349
0.0143048
0.04743896
0.06084378
0.06120199
0.04871723
0.007822759
-0.01516743
-0.02590837
-0.04016376
-0.06457046
-0.08403779
-0.06075658
-0.02389271
-0.004907746
0.01736011
0.0376678
0.04127473
0.03248994
0.003765314
-0.02332034
-0.02035128
-0.007068139
-0.006870817
-0.01446688
-0.008460234
-0.0006708167
-0.008915418
-0.01411647
-0.007534357
-0.01873663
-0.03165977
-0.01235119
0.009374103
0.02584222
0.05065902
0.06664207
0.05791507
0.02973928
0.00134062
-0.01534521
-0.01520806
-0.02621847
-0.04047859
-0.02976909
-0.01588466
-0.003863305
0.01190045
0.003223626
-0.008825385
-0.0133679
-0.008478353
-0.005527468
-0.007197442
-0.008259019
-0.007622414
-0.00332209
-0.001303805
-0.0007899265
-0.001983645
-0.005531255
-0.01340329
-0.01483767
-0.007284957
-0.005331617
-0.005980862
-0.004973371
-0.02497772
-0.04719668
-0.0504919
-0.03697752
-0.007268964
0.02412604
0.03558085
0.03350418
0.02636268
0.003719499
-0.003782854
-0.001864078
-0.005632121
-0.006594616
-0.006862867
-0.004840279
0.022466
0.06407747
0.08512964
0.07952871
0.05871298
0.02354607
0.0001934275
2.813163E-05
0.0006501106
-0.01048711
-0.02159449
-0.0146774
-0.003667351
0.02231418
0.04477651
0.04110881
0.03950376
0.0295057
0.003095927
-0.003940087
0.01078313
0.03141966
0.04538286
0.04172005
0.01770717
-0.003596211
-0.004930945
-0.02297899
-0.03742273
-0.04233554
-0.0527058
-0.04903548
-0.02079162
-0.001069201
-0.001666177
-0.0009648715
-0.001017391
-0.002355375
-0.001521964
0.01290368
0.005454506
-0.01026838
-0.02545762
-0.02737747
-0.02273602
-0.03146644
-0.02375405
-0.02003584
-0.02283773
-0.02605471
-0.01476074
-0.008803681
-0.006930897
-0.007165612
-0.02279918
-0.03715718
-0.0339476
-0.008834301
0.01753725
0.04202106
0.04871018
0.03195555
0.00458862
-0.002341873
-0.01963438
-0.03233029
-0.0210904
-0.004455699
0.00796664
0.01465295
0.003495907
-0.01648719
-0.01687199
0.003916584
0.01399854
0.02035586
0.03720131
0.0317764
0.003250887
-0.004806955
0.01847783
0.03713654
0.04609794
0.04510451
0.03394277
0.01721512
0.00140127
-0.002399772
0.01120652
0.01510041
0.01307677
0.002889547
-0.001133882
-0.01093347
-0.01921889
-0.00528259
0.007099508
0.02174367
0.0306875
0.01891291
-0.00150608
-0.02372511
-0.04559875
-0.04950247
-0.03022171
-0.00791325
0.00019291
-0.01114159
-0.02671167
-0.03076357
-0.02607452
-0.02255989
-0.0194158
-0.01139009
-0.002261484
-0.0004504998
-0.0006246108
-0.004638278
-0.02029411
-0.01920217
-0.01555858
-0.02807925
-0.02948094
-0.02054874
-0.01480775
-0.004894958
0.01225077
0.01563545
0.0148904
0.002384382
-0.003857749
-0.001336082
0.009336206
0.02133673
0.04158466
0.05791886
0.05678023
0.04405931
0.02705545
0.003607936
-0.003500958
0.01242915
0.021621
0.02242305
0.0215881
0.03025849
0.02682221
0.01503048
0.002270311
-0.002679147
-0.0005611147
0.01119698
0.0157503
0.0007035628
0.009025052
0.02188865
0.02220663
0.0235072
0.02367931
0.01766024
0.01531838
0.0134028
0.002136758
-0.001317353
-0.0004828953
-0.01191834
-0.01480293
-0.025377
-0.04257106
-0.05167641
-0.0470405
-0.03590407
-0.02468993
-0.015054
-0.005949361
-0.001683038
0.01019723
0.02273564
0.004497377
-0.00200902
-0.002590371
-0.02487123
-0.03692361
-0.0308487
-0.01925171
-0.01742992
-0.01822466
-0.01826126
-0.02417121
-0.03645434
-0.03513548
-0.02999564
-0.02795722
-0.006760649
0.01468071
0.02318306
0.02890346
0.02510262
0.01574076
0.01341205
0.01009058
0.001232814
-0.00110534
-0.0003237741
-0.005565561
-0.001774307
-0.001201917
-0.007458903
-0.003288022
0.0198386
0.02961293
0.02703782
0.02392415
0.01698269
0.01072885
0.0007912351
-0.0009816117
-0.0003396375
-0.0006299564
-0.00127466
0.0004467739
0.0001449802
-0.01509881
-0.02791954
-0.02550872
-0.02819858
-0.01251524
0.005160191
0.01762631
0.02419651
0.02183565
0.01593284
0.0130176
0.00981105
0.00789966
0.01230164
0.02317893
0.02432647
0.01672041
0.003175293
-0.01245978
-0.02043184
-0.01273392
-0.01119446
-0.01226266
-0.005202331
-0.001219617
-0.0003121631
-0.00277497
-0.0007703206
-0.0001662768
-0.001832234
-0.001738611
0.01743523
0.02600566
0.01798504
0.01410533
0.002497636
-0.001696857
2.891032E-05
-0.0005129103
-0.00165831
-0.005729195
-0.008336332
-0.007170798
-0.00115499
4.680337E-05
-0.006212515
-0.009736946
-0.008076607
-0.01388997
-0.01520317
-0.004284843
-0.001622375
-0.006288354
-0.002202665
5.371261E-05
-0.0008346654
-0.0006270988
-0.0007103403
-0.0006465611
-0.0002032732
-0.002105496
-0.0092172
-0.01561082
-0.007970586
-0.0005413127
-0.0006568032
-7.989182E-05
-0.002099973
-0.002483454
0.02183415
0.04634621
0.04204098
0.03229664
0.01366195
-0.004436983
-0.01009285
-0.002123666
-0.0001047864
-0.0007413092
-3.344438E-05
-0.01047733
-0.0340326
-0.02689149
-0.002878572
-0.0009251578
0.005916033
0.02111002
0.01378458
-0.004021781
-0.01486613
-0.02378212
-0.02312273
-0.01857649
-0.008900252
-0.001229714
-0.0001934056
2.022455E-05
-0.009679255
-0.02193687
-0.02933278
-0.03700951
-0.02698258
-0.003235674
-0.000112706
-0.02007927
-0.03037418
-0.02744936
-0.04107712
-0.04440714
-0.02537823
-0.008408754
-0.001177167
-0.0007146639
-0.002214124
-0.00543622
-0.002837471
-0.0009664716
0.01226533
0.02471899
0.02119032
0.01538521
0.01283464
0.01462258
0.008623239
0.0006770932
-0.0007972917
-0.001039109
-0.007589908
-0.007594278
-0.001740981
0.009418354
0.01275856
0.02773103
0.03281512
0.01913421
0.00951951
0.000716668
-0.002055579
0.008389586
0.02190034
0.01888444
0.002090455
-0.001526515
-0.0001363461
-0.001158037
0.006657022
0.01452054
0.01366531
0.01008427
0.001943441
-0.005034424
-0.01213367
-0.004959606
0.000793683
0.01029414
0.01226293
0.0001012179
-0.001667539
-0.0002988991
0.011192
0.003092609
-0.006773713
-0.001617511
-0.0003131869
-0.0008041801
0.007264305
0.003304736
-0.006333442
-0.02028273
-0.03690126
-0.03446803
-0.01383416
0.01175148
0.02675698
0.0186237
0.002482744
-0.007729981
-0.02718834
-0.02560421
-0.004026261
0.008088247
0.01188475
0.01495074
0.01050644
0.001454697
-0.001957028
-0.005998277
-0.01334836
-0.005098456
0.0003130503
-0.001000884
-0.0006043401
0.0004250733
-0.004479575
-0.01600893
-0.01876717
-0.009217266
-0.002179401
0.01569286
0.02940524
0.02610223
0.0167315
0.01343517
0.01039125
0.008363892
0.01336955
0.01364471
0.009259916
0.008337226
0.01458598
0.01495384
0.002493139
-0.002812823
-0.002810822
-0.002610178
0.01833518
0.03869336
0.04033201
0.03110766
0.02182716
0.0177146
0.01101579
0.007021676
0.001369262
-0.006080004
-0.009260755
-0.006811778
-0.00304344
-0.0006570471
-0.0003207078
-0.0003318395
-0.005127241
-0.004170035
-0.0007245588
0.007198612
0.00907885
0.001673244
-0.01073058
-0.02371764
-0.02464208
-0.009007433
0.0003987029
-0.0002370691
-0.005394394
-0.01323748
-0.007055167
-0.004173364
-0.01870862
-0.0172414
-0.006497912
-0.005436912
-0.001723562
0.0002014528
-0.001450484
-0.01007048
-0.0188387
-0.02766399
-0.0366659
-0.03323394
-0.01801472
-0.003278916
0.00018576
0.01053773
0.00395426
-0.003321031
-0.002880865
-0.01513885
-0.02339779
-0.02105182
-0.01097402
-0.006645345
-0.009582947
-0.006038137
-0.00149239
-0.004925684
-0.008872575
-0.004505784
-0.0002628922
0.01772159
0.02665955
0.003427458
-0.003719537
-0.003410341
-0.0006264745
-0.0006575211
-0.001495256
0.006115698
0.02225697
0.02954443
0.03460971
0.03172793
0.01812827
0.009555302
0.007739561
0.001229761
0.007029968
0.002522769
-0.001447621
0.000176106
-0.001454141
-0.0006486267
0.01204114
0.0107874
-0.0002190712
-0.002364764
-0.001404846
0.005604224
0.01415265
0.02128365
0.03061751
0.03099731
0.01368137
-0.003921464
-0.01627477
-0.01473468
-0.006552448
-0.01106361
-0.01955344
-0.02878532
-0.0421623
-0.04207242
-0.03314372
-0.02953996
-0.01156517
-3.658731E-05
0.008190732
0.014725
0.002411463
-0.001177698
-0.004768907
-0.006653552
-0.001514753
0.000136685
-0.0008454014
-0.0002832645
-0.0002720886
-0.001623223
-0.005537732
-0.006066108
-0.007037306
-0.008006612
-0.003837069
-5.220125E-05
-0.0004618979
-0.0007468527
-0.001570747
0.007525686
0.01521129
0.008742065
-0.0006509641
0.009991905
0.0164582
0.01072727
0.001310417
-0.005416612
-0.009184455
-0.005144433
-0.0007561909
0.01625121
0.02502575
0.0269491
0.0362044
0.03378138
0.02347046
0.01451988
0.002757971
-0.006647622
-0.002204592
0.01096134
0.02362755
0.03162373
0.02564677
0.003705106
-0.001612891
-0.01003199
-0.0188719
-0.01516954
-0.007320456
-0.001341316
-0.0002365831
0.0001018043
-0.004034696
-0.01766025
-0.02841726
-0.03753655
-0.03871411
-0.02099539
-0.003613907
-0.0003217857
-0.001595449
-0.000962419
0.009065192
0.01116558
0.001464965
-0.005283341
-0.0109478
-0.01132174
-0.002942612
0.008252552
0.01478504
0.003939847
-0.007666249
-0.01569132
-0.01625658
-0.003079199
0.008384203
0.01477819
0.002638732
-0.002129215
0.001158235
-0.0006888198
-0.01525518
-0.02874824
-0.02910054
-0.02357294
-0.01503539
-0.002707687
0.01118369
0.003393742
-0.001479748
-0.005609205
-0.01363174
-0.008662811
-0.002764665
-0.0004473293
-0.0003380731
-0.0007809227
-0.001398016
0.007285218
0.01663633
0.01063524
0.0003969849
-0.0006732679
-0.001472594
-0.0008564763
-0.0003527245
-0.0003252407
0.0001765717
-0.004081526
-0.01278935
-0.01778478
-0.01141617
-0.002239145
-0.006474669
-0.004522113
0.0001946446
-0.0006253738
-0.001040471
-0.001367753
-0.004107894
-0.01536206
-0.0148603
-0.007760967
-0.002147208
0.01416626
0.01859551
0.002599456
-0.001908527
0.0004116271
-0.0001394581
-2.756998E-05
-0.002771565
-0.00167262
0.01249791
0.02429593
0.02783769
0.02483212
0.01032327
0.0005584872
-0.005226817
-0.003052375
-0.0003059457
-0.000273554
-0.0005759533
-0.0002716194
-0.0003418903
-0.0001224435
-0.002014609
-0.002247838
-0.0009228912
7.277162E-05
-0.0002330458
-0.0008653942
-0.001835008
0.01192365
0.02392846
0.01578814
0.001268301
-0.0001104862
-0.004852795
-0.01312113
-0.01142577
-0.002109174
0.0003404286
0.005430835
0.002100781
-0.00098008
-0.002850596
-0.006669883
-0.002293796
0.007646029
0.01505584
0.01083695
0.00104789
-0.0007975497
-0.001284913
-0.002285352
-0.002239653
-0.002129217
-0.000838243
-0.0003602496
7.613804E-05
0.0006207861
-0.01047232
-0.02003461
-0.0211971
-0.0178679
-0.01420463
-0.006136056
-0.005425232
-0.01621036
-0.01867371
-0.008947854
-0.005610338
-0.002023824
0.0004157193
-0.0004093576
-0.00493217
-0.004134702
0.0001404866
0.005713734
0.002183501
-0.001185236
-0.0014031
-0.005684898
-0.001338729
-0.0002566234
-0.00150603
0.009398175
0.02218262
0.02542569
0.01614523
0.008604342
0.002216055
-0.005855247
-0.005861742
-0.001991121
-0.002297164
-0.001943706
0.01266165
0.01659079
0.00351349
-0.004509794
-0.01773373
-0.02504501
-0.01145882
-0.001259372
0.0003409443
-0.0006149541
-0.004366961
-0.009896517
-0.006697132
-0.001577756
0.01174437
0.01657591
0.01556582
0.003610816
-0.01146533
-0.01385605
-0.008948983
-0.001879376
0.01163375
0.02141358
0.01853305
0.01524539
0.003184497
-0.001265761
-0.0001450771
-0.001160232
0.01034626
0.01639147
0.01061049
0.001118772
-0.00235309
3.010772E-06
-0.0006181415
-0.001022844
0.007170104
0.01597205
0.01402553
0.02055333
0.02984892
0.03234809
0.0269766
0.0186085
0.004304159
-0.00854249
-0.01891513
-0.01999783
-0.008650365
0.005818191
0.02275189
0.0280869
0.0298759
0.02681172
0.01875266
0.003319683
-0.00203618
-8.613405E-05
0.007719151
0.01370584
0.002228832
-0.001153006
0.0005409231
-0.004706119
-0.006539761
-0.005318994
-0.006264355
-0.009155164
-0.004448689
0.0007031112
-0.0006437325
-0.00102747
-0.0002676859
0.01174532
0.003860615
-0.002095603
0.0009143671
-0.001792006
-0.006618472
-0.004495359
-0.0001422388
0.006564519
0.01460509
0.01566589
0.01561586
0.002870059
-0.001469944
0.000709032
-0.0004335275
-0.001080093
0.004922442
0.01856618
0.02451517
0.02390697
0.02155752
0.0166285
0.01006401
0.007496636
0.009392433
0.01011861
0.001895688
-0.001377543
-0.0006484141
0.006601102
0.0149458
0.009668836
0.0006668508
-0.001969622
-0.00480176
-0.002240544
-0.0007169148
0.01094656
0.02444002
0.02516297
0.01667075
0.01184016
0.01516629
0.01463445
0.00911196
0.008581986
0.002807818
-0.001226394
-0.003747754
-0.005921644
-0.005930648
-0.002730521
0.01259425
0.01801366
0.01435836
0.00280316
-0.006439285
-0.01490554
-0.02232338
-0.02720737
-0.03265659
-0.02470638
-0.008121355
-0.0006113494
-0.0004933186
-0.000658734
0.000658002
-0.0005345792
-0.01084749
-0.01432344
-0.01249699
-0.01710261
-0.01723032
-0.01350926
-0.01904624
-0.02844252
-0.02209592
-0.01924709
-0.02075364
-0.01817602
-0.01405789
-0.01305458
-0.01338581
-0.01563907
-0.01778965
-0.01473962
-0.00745077
-0.0007515841
0.0001310762
-0.001043889
-0.0006334573
0.009963996
0.01579331
0.01696645
0.01556349
0.002033974
-0.001411835
0.007721854
0.01014883
0.01259938
0.01523975
0.01483839
0.01605433
0.01396489
0.002787323
-0.001544487
0.0008703672
-0.0001137396
-0.001479526
-0.005390885
-0.001947155
-0.004433693
-0.006485027
-0.008350097
-0.01629487
-0.02005462
-0.008631577
-0.0003103115
-0.0002916254
0.0004965499
-0.003456069
-0.01823171
-0.02866588
-0.02248652
-0.01349359
-0.007213551
-0.001268158
-4.463999E-05
0.0003359415
-0.001157519
-0.0107958
-0.01472668
-0.01322447
-0.007887956
-0.0004474719
-0.0002507944
3.983143E-05
-0.001609019
-0.00129663
-0.0006567653
0.01326467
0.01773622
0.01336232
0.003374088
-0.005905866
-0.008601921
-0.007157528
-0.001195964
0.0001397332
0.007609283
0.002660024
-0.0009386209
0.0003124875
-0.004738436
-0.002950709
-0.001451414
-0.005321759
-0.002359065
-0.0009288833
-0.002158627
-0.004910259
-0.003859176
-0.0002884886
0.007774764
0.01069948
0.001429073
-0.0004579804
-0.000308778
-0.0008935708
0.01030812
0.02361374
0.02907192
0.0318661
0.03343644
0.0337246
0.02088558
0.00870503
0.00143683
-0.0002581151
0.0003132688
-0.0001454413
-1.668718E-05
-0.0001154663
1.204318E-06
-0.0001019143
4.109622E-05
-0.0002026717
-4.89477E-05
0.0003535515
-7.061471E-05
-0.005508275
-0.002794444
0.0005821697
-0.0004733251
0.0004404474
-0.0006820657
-0.009979482
-0.02331207
-0.02906473
-0.02332298
-0.008459284
-0.0004631831
0.000704727
-0.003700203
-0.01806379
-0.02859133
-0.02263792
-0.01162933
-0.001412035
0.00728935
0.002149161
-0.001380528
0.0009153253
0.0001037772
-0.004559878
-0.00673879
-0.0007548562
0.0003718238
-3.078665E-05
-0.001661419
-0.001820518
-0.001860812
-0.001836778
-0.00197902
-0.0003053708
-0.0002045649
0.000318907
0.0008178207
-0.00583795
-0.01574172
-0.009992465
-0.0005311264
0.0003204283
-0.0004474294
1.643981E-08
5.583842E-05
0.000190741
-0.0004489761
-0.0001702479
0.005611918
0.009714524
0.01225276
0.01461883
0.008993142
0.0005030232
-0.001052522
0.01257054
0.01192793
0.0008959453
-6.397838E-05
0.00121669
-0.01089492
-0.01761418
-0.01964828
-0.02162926
-0.02134957
-0.02138295
-0.01491313
-0.009215549
-0.01249804
-0.01648762
-0.01707959
-0.0192387
-0.02216181
-0.01556403
-0.009953844
-0.002669408
0.0004820679
-0.001537497
-0.004487232
-0.006804746
-0.01204492
-0.007348968
-0.001286272
-0.0005872112
0.0001522042
-0.0009385376
0.0002495154
-0.001265001
-0.004918137
-0.006055214
-0.005203177
-0.005884106
-0.006090916
-0.00212528
0.007961553
0.01517653
0.014558
0.003076265
-0.003968529
-0.01306431
-0.02006373
-0.02115161
-0.01841764
-0.01680214
-0.01429563
-0.009714766
-0.01268663
-0.01083395
-0.006460263
-0.005701203
-0.00901632
-0.007579379
-0.001502013
-0.0001366961
0.009814986
0.01794681
0.0175533
0.0117045
0.001216933
-0.0001036328
0.00047097
0.000100915
-0.0007448343
0.00501275
0.01364707
0.02020486
0.02265173
0.02539149
0.02005421
0.01554272
0.003642231
-0.001236528
0.001097946
-0.0001957039
-0.001100208
-0.0005273587
-3.311708E-05
-0.0005162617
0.008237769
0.009194177
0.001226564
-0.000544856
0.0005500509
8.393952E-05
0.0001597684
1.640629E-05
0.000216816
3.798881E-05
0.0001969947
4.443741E-05
0.0002004977
4.624313E-05
0.0002044425
4.392587E-05
0.0002091658
4.833739E-05
0.0002254424
-1.109563E-05
0.0002612405
0.0001974292
-4.310533E-05
-0.0005847226
0.00588677
0.01353697
0.01667645
0.01700422
0.02064254
0.01916459
0.01126187
0.001966076
-0.001170733
-0.002712089
-0.0009678835
0.0006836183
-0.0001458377
0.0002762118
-2.561707E-05
0.0003333838
0.0002339261
-0.0002082455
-0.0004097758
0.007385681
0.0136366
0.01489815
0.01498269
0.01586545
0.02307662
0.02011808
0.01079373
0.001857611
-0.0002923165
0.0008548717
-0.0003479507
-0.0001058453
0.006434967
0.0115795
0.01447143
0.01657744
0.0109163
0.002046792
-0.0004656579
0.0004571718
-0.0004944145
0.007459881
0.01315081
0.01695179
0.01658526
0.008768902
0.0009195648
8.190892E-05
0.0004340757
0.0002696395
8.049312E-05
0.0002052471
-0.0002538995
-0.0006328139
-0.00474157
-0.004544002
-0.0002231536
0.0004313896
3.325189E-05
0.0001622719
0.0001774397
0.0003298809
0.0002724067
-0.001308065
-0.001847101
-0.0001926362
0.0003672774
0.0005640719
-0.001050077
-0.007529507
-0.009696219
-0.01198507
-0.0136535
-0.009893795
-0.007797447
-0.00612117
-0.002412348
0.0004253886
-0.0008396959
-0.0001222353
0.01188048
0.0126721
0.0009950041
-2.390919E-05
-0.00105417
-0.0005453861
0.0003364688
0.006553813
0.002478368
-0.0007772189
0.0006030343
0.0002039841
0.0002928356
0.0001637058
0.0002933997
0.0001378643
0.0002775228
0.0005752015
-0.001113685
-0.005047835
-0.004377192
-0.0001761064
0.0004379287
9.943981E-05
0.0001880178
0.0003061726
0.0002105246
0.0002838132
0.0002017036
0.0003004091
0.0001965156
0.0003069241
0.0001929777
0.0003149834
0.0001888258
0.0003230631
0.0001842496
0.0003319525
0.0001785426
0.0003425366
0.0001708499
0.0003542367
0.0001618159
0.0003745964
0.0001352554
0.0003890498
0.0001775581
0.0003901722
-0.0005574282
0.0001027954
-0.0009867586
-0.0008814783
-0.004058817
-0.00502213
-0.007926893
-0.007652024
-0.005789852
-0.004912337
-0.005114675
-0.00674008
-0.002573372
0.0002613166
0.0002789733
0.0001466469
0.0003290903
0.0002114343
0.0003323274
0.0005259995
-0.0009245702
-0.004807479
-0.005952454
-0.003837643
-0.0003662488
0.0005154488
3.207382E-05
0.000609323
-0.0007942335
-0.004779272
-0.00876544
-0.00625857
-0.005223333
-0.005795782
-0.0009682297
0.0008284844
-8.091047E-06
0.0003982949
0.0001827358
0.0002996227
0.0004571632
0.0007807854
-0.004188503
-0.007665703
-0.00593097
-0.0006351306
0.0006537612
7.840761E-06
0.0006280318
-0.0008327475
-0.00496431
-0.006637968
-0.001787126
0.0007510093
-2.877505E-05
0.0002771281
0.0006207541
0.0004505352
-0.004468358
-0.002888892
0.0005298934
0.0002947906
0.000246739
0.0002865286
0.0003658249
0.0003162062
0.0003224182
0.0003334854
0.0003169741
0.0003519021
0.0003067574
0.0003198136
0.0003541669
0.0004796857
-7.578318E-05
0.0001913376
0.005827803
0.009917081
0.01324732
0.01534848
0.003180637
-0.0008123967
0.0008724554
0.0004841946
0.0004458438
-8.918807E-05
-0.0001203077
0.007016861
0.01095623
0.008360498
0.001756713
-0.0002519928
0.001067571
-0.001003877
-0.00455954
-0.005915678
-0.005214274
-0.002468948
-0.0009933396
-0.001149381
-0.001133032
-0.0002968434
0.0007635857
-2.618298E-05
0.0005189604
0.0007850675
-0.0008502051
-0.008103788
-0.006072148
-0.0006433342
0.0002627272
0.0002563015
0.0003410246
0.0004058881
-0.0004047092
9.178708E-05
0.0004948618
0.0003347826
0.0003014177
0.0004202682
0.0005972738
-5.677898E-05
-0.000379629
0.007792203
0.01522503
0.01120189
0.001849089
-0.0002315823
0.001071044
-0.001250141
-0.001561037
-0.0007112408
-0.0003900653
-0.001473463
-1.622855E-05
0.0005138471
0.0003677993
0.0003169125
0.0004403711
0.0003359327
0.0004400487
0.0003255651
0.0004505531
0.0003209631
0.0004595279
0.0003155027
0.000462044
0.0003097324
0.0005128314
0.0002476029
0.0003971859
0.0006106716
0.0006865511
-0.004184797
-0.005713561
-0.005018411
-0.005555044
-0.005447155
-0.001567612
-0.0007897821
-0.001681509
-0.001410142
-0.002387872
-0.001457506
-0.001140901
-0.004663204
-0.005808343
-0.002266068
-0.0008754373
-0.0005111765
-0.004144379
-0.00897408
-0.006380072
-0.00354351
-0.0003689133
0.0008213843
-0.0002400851
-0.004182582
-0.006012681
-0.005982593
-0.001171344
0.001131755
-3.010069E-05
0.0005485557
0.0002851761
0.0005697807
0.0002825768
0.0005344437
0.0003112543
0.0005209699
0.0003326311
0.0005129126
0.0002789118
0.0005794946
0.0005094799
1.673555E-05
-3.151063E-05
0.00686676
0.009011949
0.001751296
-0.0003427564
0.0008461196
0.0006860699
-0.0006660009
-0.004920484
-0.006410492
-0.002513372
0.0006458387
0.0001659041
0.0004632724
0.0005264877
0.0005178275
-0.002664533
-0.0006456261
-0.0006228519
-0.0002593142
0.0006356621
0.0004146799
4.354931E-05
-0.001426854
-0.004527175
-0.001921296
-0.0005614743
-0.000467713
0.0008387977
0.0005524831
-0.0008654344
-0.004973414
-0.002432604
0.0004824262
0.0004978722
0.0003181688
0.0004287322
0.0003745303
0.0008221458
-0.0001092999
-0.004413937
-0.005859354
-0.002022553
-0.001054254
-0.0001079752
-0.0009463883
-0.0001643642
0.0007181151
0.0003452018
0.0004812444
0.0004270666
0.0004843525
0.0004427312
0.0004605094
0.0004610955
0.0004555634
0.0004773971
0.0003964936
0.0005377859
0.0005456253
0.0001920156
7.854798E-05
0.005588514
0.008944421
0.008091465
0.002166924
-0.0003319392
0.001019308
0.0002367595
0.0007037271
0.0003628197
0.0003733328
-6.923431E-05
0.005740682
0.00880615
0.008242779
0.002030017
-0.0001855955
0.0008744435
0.0004374156
0.0005032007
0.0004217703
0.0005025625
0.0004506606
0.0005474331
0.0004539392
-0.0002706275
0.0002059013
0.0005789775
0.000417601
0.000613129
0.0004337573
-0.001002241
-0.0001069068
0.000767032
0.0003518651
0.0005285962
0.000428242
0.0005415285
0.0004359839
0.0005254295
0.0004463088
0.0005213463
0.0004643803
0.0005003183
0.0004290653
0.0006241388
0.0005044502
-0.0009169943
-0.001481281
-0.001228714
-0.002234452
-0.001603298
-0.00122918
-0.001425477
-0.001402475
-0.0005291376
-0.0004154493
-0.001219865
-8.260825E-05
0.0007905471
0.0005949408
-0.0006986645
-0.004523704
-0.005639798
-0.005314723
-0.001876203
-0.0008384217
-0.004798389
-0.005665071
-0.001319272
-0.0007661411
-0.0002294937
0.000721054
0.0003876202
0.0005632283
0.0004447744
0.000556086
0.0004649933
0.0005358089
0.0004796322
0.0005346729
0.0004806048
0.0005004483
0.000558391
0.0005574711
-0.0002613015
-0.0005207755
0.0003821721
0.0005089582
0.0004931241
0.000796082
-0.000641448
-0.005276408
-0.007290758
-0.006108387
-0.004618525
-0.005078777
-0.002455198
0.0005595014
0.0004458353
0.0004820612
0.0004720653
0.0005643889
0.0004488213
0.0006361541
0.0005705912
-0.0008558297
-0.001615943
-0.001249019
7.191108E-05
0.0007418939
0.0003631428
0.0005918474
0.0004569373
0.0005940094
0.000458473
0.0005836847
0.0004667465
0.0005792956
0.0004866057
0.0005596089
0.0004367234
0.0006929475
0.0005701622
-0.0009531876
-0.001594557
0.0002785497
0.0006359762
0.0004942042
0.0004738002
0.0005822987
0.000492621
0.0005723543
0.0004888436
0.0005776828
0.0004820706
0.0005939664
0.0004946187
0.0005208765
0.0004985467
0.0008990849
-0.0007689156
-0.004630847
-0.0056011
-0.00199251
-0.001068432
-1.823071E-05
0.000668003
0.0004721095
0.0005482505
0.000533299
0.0005470945
0.000541101
0.0005380726
0.000547979
0.0005340294
0.0005529005
0.0005465303
0.0005243799
0.000523862
0.0006834418
0.000496041
-0.0009323263
-4.587134E-05
0.0008347779
0.0003904798
0.0006833033
0.0004450892
-0.0001044683
0.0001688333
0.0007790214
0.0003947744
0.000669009
0.0004230081
0.0006894679
0.0004034086
0.0007119553
0.0004106253
0.0006612418
-8.360601E-05
0.0003657299
-0.002582676
-0.0005479365
0.001187225
0.000346626
-0.002197543
-0.001789308
-0.004857544
-0.006907682
-0.002125675
0.0005442678
0.0005959844
0.0003598684
-0.000566603
-0.0005837868
-0.004581576
-0.00602434
-0.004966987
-0.003928274
3.599642E-05
0.0006746602
0.0004906176
0.0004818792
0.0006389019
0.0005174161
0.0006090507
0.0005201479
0.0006106427
0.0005257536
0.0006056629
0.0005312372
0.0006027443
0.0005356965
0.0006002031
0.0005397414
0.0005982257
0.0005432843
0.0005966619
0.0005464407
0.0005954194
0.0005492736
0.0005944903
0.0005518733
0.0005937889
0.0005542295
0.0005932819
0.000556403
0.000592954
0.0005584033
0.0005927681
0.0005602799
0.0005927304
0.0005620256
0.0005928002
0.0005636423
0.0005929633
0.0005651439
0.0005932486
0.0005665736
0.0005936454
0.0005679012
0.000594121
0.0005691061
0.000594688
0.0005702121
0.0005953758
0.0005712265
0.0005961724
0.0005720885
0.0005971012
0.0005728186
0.0005981992
0.0005733513
0.0005995009
0.0005736623
0.0006010625
0.0005736393
0.0006030843
0.0005731123
0.0006053848
0.0005722515
0.0006096094
0.0005676829
0.0006125138
0.0005752103
0.0006208308
0.00050738
0.0006810828
0.0007450091
0.0001877073
4.97685E-05
0.007798108
0.01415428
0.01440016
0.01039991
0.00195939
0.000160404
0.0009674856
0.0006089463
0.0005754958
0.0005740905
0.0006221775
0.0005898733
0.000603028
0.0005964821
0.0006032774
0.0005990117
0.0006018798
0.000601469
0.0006016825
0.0006031946
0.0006017381
0.0006047582
0.0006019358
0.0006062128
0.000602183
0.0006076986
0.000602389
0.000609207
0.0006023999
0.0006113225
0.0006019598
0.0006122126
0.0006028159
0.0006206148
0.0005875997
0.0006103726
0.0006670768
0.0005982408
-0.0001422515
0.0003231755
0.0007555998
0.0005479815
0.0006111674
0.0006086748
0.0007419807
-6.870429E-05
-0.001183174
-0.001341181
0.0002727767
0.0007722616
0.000523415
0.0006183772
0.0006118555
0.0006316887
0.0006052717
0.0006231774
0.0006125979
0.0006359057
0.0005979771
0.0005858392
0.0007274187
0.0007029878
-0.000864421
-0.001454065
-0.0003181031
-0.0001814802
-0.001120536
-0.001403948
0.0002801719
0.0008005195
0.0006503579
-0.0001270978
-0.001067774
-0.001095056
-0.001290418
-0.002867211
-0.0003775366
0.001081871
0.0004035364
0.0006809557
0.0005613578
0.0007083271
0.000560972
0.0006856075
0.0005780497
0.0006798189
0.0005831255
0.0006764451
0.0005873854
0.0006749557
0.0005897087
0.0006748575
0.0005909419
0.0006757942
0.0005911616
0.0006777849
0.0005904067
0.0006803751
0.0005887209
0.0006862005
0.0005830022
0.0006865883
0.0005929797
0.0007107077
0.0004940827
0.0007385946
0.0009089085
-0.0006055709
-0.005236309
-0.005515356
-0.004747726
-0.005288804
-0.005213935
-0.002077474
-0.0009183309
-0.0006994739
0.0005533961
0.0005974552
0.0006389049
0.0009508697
-0.0005934741
-0.004636289
-0.005428459
-0.001182575
-0.0006266303
-9.266103E-05
0.0008797113
0.0005192163
0.0007203438
0.0005760048
0.0007143345
0.0005943531
0.0006965074
0.0006071091
0.0006893928
0.0006146488
0.0006842517
0.0006204654
0.0006808458
0.0006248961
0.0006784532
0.0006285368
0.0006767591
0.0006315813
0.0006755439
0.0006342005
0.0006746785
0.0006364971
0.0006740946
0.0006385614
0.0006737323
0.0006404343
0.0006735442
0.0006421503
0.0006734898
0.0006437343
0.0006735491
0.0006452051
0.0006737127
0.0006465904
0.0006739495
0.0006478908
0.000674259
0.0006491258
0.0006746317
0.0006502988
0.0006750535
0.0006514193
0.0006755288
0.0006524951
0.0006760448
0.0006535236
0.0006766023
0.0006545176
0.0006771988
0.0006554665
0.0006778191
0.0006563818
0.0006784852
0.0006572678
0.0006791716
0.0006581178
0.0006798894
0.0006589315
0.0006806285
0.0006597078
0.0006814013
0.0006604602
0.0006822091
0.0006611848
0.0006830526
0.0006618661
0.0006839323
0.0006625145
0.0006848387
0.0006631017
0.0006857766
0.0006636376
0.0006867762
0.0006641282
0.000687843
0.0006645423
0.0006889954
0.0006648589
0.0006902652
0.0006650759
0.0006916188
0.0006650146
0.0006935889
0.0006645147
0.0006943216
0.0006653651
0.0007024917
0.0006502086
0.0006918403
0.0007302949
0.0006787544
-7.914084E-05
0.0004037876
0.0008243955
0.0006143768
0.0006750492
0.0007382981
0.0007768458
-0.0006577468
-0.001440602
-0.001933144
-8.21097E-05
0.001071156
0.0004801157
0.000721109
7.376799E-05
0.0005276482
-0.002244521
-0.001953173
-0.0008922684
-0.0009904593
-0.0009116431
-0.004509701
-0.005479927
-0.0009162841
-0.0005665686
-0.003029015
-0.001682762
-0.0009445556
-0.001320298
0.0002728422
0.0009292058
0.000699283
-0.0007587457
-0.001286309
-0.001074553
-0.001172489
-0.0009834519
-0.001160425
-0.002809611
-0.001818113
0.0005889305
0.0007533803
0.0006037244
0.0006576035
0.0008573482
0.0006475362
-0.0007827552
0.0001010649
0.001004311
0.0005514934
0.0007546331
0.0006298903
0.0008503328
8.015663E-05
-0.0009916709
-0.002806185
-0.001657636
-0.0008740373
-0.001188197
-0.001236767
-0.001204086
0.0002945264
0.0009397294
0.0005668412
8.829292E-05
-0.0002183662
-0.0008626417
-0.002741527
-0.001615403
-0.002526229
-0.001918689
-0.000630095
-0.0003763359
-0.003835045
-0.005508381
-0.004615239
-0.005883005
-0.005921157
-0.005291045
-0.004790126
-0.005171343
-0.004898096
-0.005079448
-0.004853916
-0.005797184
-0.005428045
-0.005118599
-0.001251413
-0.0003322992
-0.001285534
-0.004091014
-0.005392906
-0.004750143
-0.00500037
-0.004954884
-0.005835885
-0.005207939
-0.004815547
-0.00521422
-0.005229081
-0.0020495
0.0007302726
0.0005821269
0.0006606081
0.0009231127
0.0007160321
-0.002409338
-0.0004267525
0.001250872
0.0005029085
0.0007664265
0.0006510558
0.000798267
0.0006587364
0.0007679359
0.0006791353
0.0007593528
0.0006867413
0.0007529174
0.0006933821
0.0007486269
0.0006980332
0.0007456268
0.0007017628
0.0007433891
0.0007048056
0.0007417188
0.0007073908
0.0007404237
0.0007096376
0.0007394264
0.0007116256
0.000738626
0.000713416
0.0007380065
0.0007150597
0.0007375075
0.0007165809
0.00073712
0.0007180079
0.0007367979
0.0007193491
0.0007365521
0.0007206321
0.0007363476
0.000721858
0.0007361888
0.00072305
0.0007360614
0.0007242058
0.0007359561
0.0007253324
0.0007358504
0.0007264276
0.0007357558
0.0007275164
0.0007356685
0.0007286061
0.0007355847
0.0007296968
0.0007354802
0.0007307832
0.0007353514
0.0007318824
0.0007352066
0.000733019
0.0007350301
0.0007341864
0.0007348129
0.0007353942
0.0007345195
0.0007366479
0.0007341359
0.0007379803
0.000733667
0.0007394271
0.0007330572
0.0007410296
0.0007322797
0.0007428402
0.0007312458
0.0007449634
0.0007298608
0.0007473653
0.0007278752
0.0007512048
0.000724729
0.0007528677
0.0007238867
0.0007697683
0.0006905705
0.0007501234
0.0008458536
0.0007261861
-0.0007748751
0.0001807908
0.001003106
0.0006321695
0.0007682948
0.0007051319
0.0007807543
0.0007094984
0.0007808473
0.0007027518
0.0007224811
0.0008418051
0.000849543
-0.0007998996
-0.001319918
0.0004347116
0.0009070686
0.0006523856
0.0007420675
0.0007416994
0.000759131
0.0007321708
0.000752506
0.0007393077
0.0007502637
0.0007412509
0.0007485682
0.0007438195
0.0007468574
0.0007461649
0.0007451368
0.0007486771
0.0007432018
0.0007514258
0.00074083
0.0007550691
0.0007376519
0.0007578737
0.0007350407
0.0007693811
0.0007158872
0.0007606885
0.0007900359
0.000765256
-3.874097E-05
0.000455284
0.0009514303
0.0007916416
-0.00065689
-0.001363165
-0.001038673
0.0003220291
0.0009468444
0.0006149972
0.000795975
0.0007079665
0.0007976194
0.0007081089
0.0007866144
0.0007181929
0.0007813895
0.0007223485
0.0007780186
0.0007258936
0.0007755143
0.0007284954
0.0007736951
0.0007306074
0.0007722964
0.0007323574
0.0007711964
0.0007338305
0.0007703008
0.0007350968
0.0007695742
0.0007362142
0.0007689775
0.0007372139
0.0007684818
0.0007381127
0.0007680704
0.0007389238
0.0007677186
0.0007396648
0.0007674245
0.000740358
0.0007671772
0.0007409953
0.0007669685
0.0007415811
0.0007667789
0.0007421255
0.0007666194
0.0007426396
0.0007664933
0.0007431286
0.0007663802
0.0007435783
0.000766283
0.0007440052
0.0007661974
0.0007444239
0.0007661338
0.0007448104
0.0007660616
0.0007451637
0.0007659865
0.0007455073
0.0007659367
0.0007458547
0.000765886
0.0007461882
0.0007658307
0.0007465052
0.0007657759
0.0007468339
0.0007656854
0.0007471568
0.0007655856
0.0007474993
0.0007654545
0.0007478701
0.0007652691
0.0007482856
0.0007650146
0.000748791
0.0007646563
0.0007494105
0.0007640903
0.0007502655
0.0007633821
0.0007512557
0.0007618144
0.0007540948
0.0007603737
0.0007513489
0.0007582623
0.000782313
0.0007232763
0.0006863547
0.0009686523
0.000932469
-0.002256466
-0.003548843
-0.001342668
0.0004835705
0.0008807749
0.0005951687
0.0008295499
0.0006974609
0.0008242367
0.0006985676
0.0008269256
0.000621282
0.0009162299
0.0008903851
-0.000597869
-0.003053165
-0.001456986
8.708799E-05
-0.001003986
-0.004224102
-0.001299206
-0.003283714
-0.005658235
-0.004654822
-0.005058528
-0.004827991
-0.005084087
-0.004850501
-0.005039958
-0.00487772
-0.005026259
-0.004887776
-0.005018545
-0.004895184
-0.005006677
-0.004902128
-0.005038733
-0.004852512
-0.004923519
-0.00521609
-0.005120442
-0.001016098
-0.0004885426
-0.003003494
-0.001585559
-0.0008158469
-0.001252616
-0.001080353
0.0003198452
0.0001489805
0.0004175038
0.001155529
-0.0008017839
-0.002865638
-0.001659277
0.0006808192
1.504307E-05
0.000420697
0.0008260719
0.0008280383
0.0007038754
3.543261E-05
0.0004380429
0.0009311493
0.0006530615
0.0008199782
0.0006836449
0.0008335695
0.0006780212
0.0008330483
0.0006749477
0.0008444053
0.0006539598
0.000852469
0.0006932327
0.0008355665
1.738841E-05
0.0005159313
-0.0006334617
0.0002665833
-0.0003469139
-0.001345195
-0.00255393
-0.00172893
-0.0008757375
-0.0009516645
-0.0008558437
-0.004403293
-0.00541021
-0.0009933439
-0.0004858129
-0.001303076
-0.001045362
-0.001992664
-0.001479292
0.0004932997
0.0009499441
0.0006453461
-0.0006487707
0.0001438073
-0.0004177553
0.0001058392
0.000293052
-0.0004455414
0.0006899272
0.0007323759
0.0007827227
0.0007446361
0.0007879736
-3.114468E-05
0.0004962234
0.0008290533
0.0007475024
0.0008700599
3.176107E-05
-0.001118933
-0.000844238
-9.823352E-05
-0.004090448
-0.005590688
-0.0008963817
-0.0005173952
-0.001408208
-0.0009014073
-0.001117996
-0.002722472
-0.001751304
0.0006727703
-1.786262E-05
0.0004517069
0.0008511022
0.0007353864
1.669969E-05
0.0005784154
-0.0004846475
-0.001403093
-0.00193025
8.733118E-05
0.001116739
-0.0001903204
-0.0002627662
0.0005795346
0.0008400445
0.0006692989
0.0008027772
0.0008178078
-0.0005242789
-0.001398932
-0.002634208
-0.0002842811
0.001229325
0.0004835073
0.0008268659
0.0006547895
0.0008412086
0.0006589293
0.0008126301
0.0006868555
0.0007855534
0.0006833115
0.0008547575
0.000677603
4.562536E-05
0.0003928833
0.0009189879
0.0006999741
0.000784306
-7.106963E-05
0.0005147952
0.0008223607
0.0007293043
0.0007116706
0.0007600615
0.0007228807
0.0007572355
0.000718694
0.0007581427
0.0007191604
0.0007563406
0.000719852
0.0007545398
0.0007208719
0.0007524196
0.0007220897
0.0007501402
0.0007234268
0.0007476973
0.0007249039
0.0007450956
0.0007265435
0.0007423177
0.0007283766
0.0007393047
0.0007304551
0.000736014
0.0007328515
0.0007323132
0.0007356619
0.0007282163
0.0007389495
0.0007232384
0.0007434299
0.0007180971
0.0007461944
0.0007107125
0.0007636728
0.0006967989
0.0007215522
0.0007551047
0.0009228755
0.0001923464
0.000583597
0.00630957
0.007882783
0.00189441
0.006464158
0.003379389
-0.0003441337
0.001179474
0.0005706897
0.0009193349
0.0005284839
0.0008843775
0.000594962
0.0008429711
0.0006150298
0.0008256407
0.0006302122
0.0008117243
0.0006401977
0.0008021794
0.0006472517
0.0007947947
0.0006524494
0.0007889896
0.0006563454
0.0007842607
0.0006593108
0.0007803327
0.0006615651
0.0007770108
0.0006632579
0.0007741667
0.0006645031
0.0007717316
0.0006653745
0.0007696638
0.0006659064
0.0007678949
0.0006660925
0.0007664392
0.0006659486
0.0007653106
0.0006654333
0.0007646457
0.000664392
0.0007642414
0.000663219
0.0007654178
0.0006581812
0.0007662112
0.0006663159
0.000765379
0.0006023381
0.0008440661
0.0008096873
0.0002709914
0.0003430934
0.007113707
0.00856148
0.001707103
0.0001632238
0.001034574
0.0007261111
0.0007064041
0.0006564708
0.0007550244
0.0006710092
0.000737015
0.0006727356
0.000737511
0.0006725411
0.0007353981
0.0006724762
0.0007342141
0.0006719111
0.0007331106
0.0006713154
0.0007321163
0.0006706278
0.000731163
0.0006698892
0.0007302183
0.0006690985
0.0007292962
0.0006683037
0.0007284098
0.0006674982
0.0007275258
0.0006666598
0.0007266373
0.0006657938
0.0007257611
0.0006649166
0.000724883
0.0006640179
0.0007240153
0.0006630986
0.0007231519
0.0006621641
0.0007222967
0.0006612205
0.0007214595
0.0006602539
0.0007206222
0.0006592664
0.0007197798
0.0006582414
0.000718956
0.0006572218
0.0007181414
0.0006561617
0.0007173314
0.0006550921
0.0007165483
0.0006540026
0.0007157579
0.0006528722
0.0007149738
0.0006517195
0.0007142169
0.0006505502
0.0007134721
0.0006493482
0.00071274
0.0006481166
0.0007120357
0.0006468546
0.0007113392
0.0006455545
0.0007106844
0.0006442286
0.0007100386
0.0006428698
0.0007094489
0.0006414673
0.0007088627
0.0006399918
0.0007083066
0.0006384617
0.0007077964
0.0006368863
0.0007073522
0.0006352558
0.0007069705
0.0006335525
0.000706665
0.000631749
0.0007064065
0.0006298461
0.0007062744
0.00062783
0.0007062609
0.0006256552
0.0007063902
0.0006233004
0.0007067183
0.0006207176
0.000707295
0.0006178071
0.000708219
0.0006145496
0.0007095349
0.0006105408
0.000712143
0.0006059714
0.0007127825
0.0006007973
0.00072964
0.0005773157
0.0006923372
0.0006891822
0.0007928842
-0.0008612848
-0.00128533
-0.001093344
-0.001157291
-0.001992174
-0.001484715
-0.001902421
-0.001529473
-0.001054746
-0.00123595
-0.001181493
-0.001192231
-0.001184934
-0.001183255
-0.001202304
-0.001174249
-0.001194752
-0.001187111
-0.001259353
-0.00103894
-0.001129495
-0.002773168
-0.003421666
-0.001454752
-0.001107635
-0.001248285
-0.001119137
-0.001182551
-0.00281318
-0.001769125
-0.0009447877
-0.001300639
-0.001180147
-0.001183386
-0.001285364
-0.001268378
0.0002230381
0.0008201786
0.0005106236
0.000673742
0.0005832423
0.0006917174
0.0005689761
0.0006886585
0.0005661101
0.0007067208
0.0005390514
0.0006747707
0.000647044
0.0007686464
-0.0008996758
-0.00125639
-0.001232661
-0.001251565
-0.00108111
-0.0002645621
-0.003962933
-0.005526744
-0.005652747
-0.005362237
-0.004939813
-0.005119998
-0.005771523
-0.005653177
-0.00507899
-0.001377322
-0.000558471
-0.00159003
-0.001111688
-0.001289405
-0.001140605
-0.001296481
-0.001182515
-0.001251388
-0.00116075
-0.001358362
-0.001262976
0.0001785079
0.0008038018
0.0004812921
0.0006435126
0.0005672225
0.0006482593
0.000566212
0.0006320563
0.0005734622
0.0006397462
0.0005735432
0.0005614551
0.0006682309
0.0008140262
-0.0008858502
-0.002974187
-0.001775028
-0.0009270703
-0.001343371
-0.001305563
-0.001356
0.0002617507
0.0006965666
0.0005014325
0.0006669321
0.0006988986
-0.0008889508
-0.001471327
-0.0009407856
-0.001126997
-0.004274728
-0.005491463
-0.004811713
-0.005418261
-0.005133761
-0.002281043
-0.0008447122
-0.001287566
-0.0005074795
-0.004247895
-0.001685106
-0.00049405
-0.001648053
-0.000949522
-0.001060225
-0.00452603
-0.005789542
-0.0009223969
0.0002865473
-0.004257117
-0.006377588
-0.005926381
-0.005242053
-0.005026209
-0.005964856
-0.006070501
-0.005521466
-0.005238471
-0.002170155
-0.0001364859
-0.001232072
-0.001329721
-0.001245302
-0.001316727
-0.001376478
0.0001816391
0.0007199052
0.0004596672
0.0005690043
0.0005974106
0.0005307494
-0.0001060424
0.0003274808
-0.000717571
-0.001493837
-0.001278381
-0.001329411
0.000239225
-8.565147E-05
-0.0005519993
0.0003896254
0.0006330333
0.0005118208
0.0005402997
0.0005504846
0.0005503455
0.0005444686
0.0005438206
0.0005480249
0.000539196
0.0005481156
0.0005356859
0.0005563074
0.0005156567
0.0005466342
0.0005899976
0.0005332508
-0.0002238348
0.0002685663
0.0006525562
0.000466654
0.0005998586
0.0005746619
-0.0002349953
-0.0005168816
0.000454089
0.0005734112
-0.0002589151
0.0002976735
0.0006247233
-0.0002349533
0.0003263002
-2.945214E-05
-0.001260395
-0.001298205
-0.001293361
-0.001396387
-0.001305556
0.0001664053
-0.0007783363
-0.0009057216
-0.0002409746
0.0002425636
0.0006463434
0.0004164465
0.0005692432
0.0004692296
0.0005586164
0.0004735478
0.000547743
0.000479951
0.0005406142
0.0004826459
0.0005352431
0.0004843785
0.0005307728
0.0004852762
0.0005269478
0.0004856771
0.000523551
0.0004857107
0.0005204567
0.0004854809
0.0005175818
0.0004850357
0.0005148745
0.0004844494
0.0005123072
0.000483734
0.0005098404
0.0004829233
0.000507468
0.0004820304
0.0005051592
0.0004810682
0.0005029064
0.0004800453
0.0005007046
0.0004789831
0.0004985442
0.0004778684
0.0004964116
0.0004767292
0.0004943124
0.0004755561
0.0004922347
0.0004743561
0.000490175
0.0004731347
0.0004881318
0.0004719007
0.0004861078
0.0004706461
0.0004840914
0.0004693844
0.0004820815
0.0004681014
0.0004800685
0.0004668189
0.0004780675
0.0004655285
0.0004760663
0.0004642396
0.0004740679
0.0004629375
0.000472059
0.0004616454
0.0004700531
0.0004603461
0.0004680478
0.0004590506
0.0004660412
0.0004577415
0.0004640411
0.0004564258
0.0004620547
0.0004550681
0.000460175
0.000453596
0.0004581763
0.00045232
0.0004571916
0.0004483677
0.0004548664
0.0004560321
0.0004530314
0.0004018947
0.000506294
0.0005964674
3.640808E-05
0.0001114657
0.00635534
0.01030609
0.008653907
0.008170232
0.002146916
-0.0001881507
0.0008088767
0.0003990871
0.0004882232
0.0003592815
0.0005025593
0.0003893506
0.0004754199
0.0003977193
0.0004680362
0.0004021625
0.0004607904
0.0004047869
0.0004557396
0.0004059803
0.0004515801
0.0004064422
0.0004480648
0.0004063772
0.0004449898
0.0004059557
0.00044221
0.0004052669
0.0004396521
0.0004043762
0.0004372656
0.0004033447
0.0004350126
0.0004021901
0.0004328686
0.0004009496
0.0004308081
0.0003996171
0.000428811
0.0003982379
0.000426876
0.0003967988
0.0004249873
0.0003953239
0.0004231321
0.0003938145
0.0004213031
0.000392293
0.0004194854
0.0003907631
0.0004176585
0.0003892552
0.00041581
0.0003877757
0.0004138751
0.0003864707
0.0004117605
0.0003851373
0.0004097405
0.000384956
0.0004049175
0.0003836717
0.0004110253
0.000383453
0.0003564684
0.0004371236
0.0005430377
-1.612706E-05
6.836159E-05
0.006225114
0.0102754
0.009333914
0.008412731
0.001937739
-0.0001708699
0.0007173025
0.0003805634
0.0003888764
0.000339385
0.0004103215
0.0003651016
0.0003849082
0.0003723344
0.0003786093
0.000375995
0.0003718136
0.0003784529
0.0003667524
0.0003798611
0.0003622402
0.0003808763
0.0003580338
0.000381693
0.0003539116
0.0003825177
0.0003496765
0.0003835514
0.0003452231
0.0003848855
0.0003400706
0.0003874465
0.0003344801
0.0003882343
0.0003275647
0.0004051737
0.0003051249
0.0003671857
0.0004036618
0.0004847742
-0.001107161
-0.001717279
-0.00141567
-5.488568E-05
-0.00025634
1.79003E-05
0.0005194308
-0.0004139949
-0.000632565
-0.0005975254
-0.0005291889
0.0001238994
-0.0003220998
8.350239E-06
0.0004878776
0.0002815843
0.0003538881
0.0003064343
0.0004382519
0.0002841181
-0.0003960489
9.445084E-05
0.0004742131
-0.0004805334
6.175668E-05
0.0004353899
0.0003684489
0.0003071491
-0.0004165221
4.586297E-05
0.0004698512
0.0002641705
0.0003521504
0.0002991687
0.0003649249
0.0002835072
0.0003446022
0.0003654476
0.0003272034
-0.0004435864
4.941992E-05
0.0004466235
0.0002709781
0.0003294631
0.0003016053
0.0003398424
0.0003048115
0.0003180778
0.0002916196
0.0004087375
0.0002584608
-0.0004255571
6.404181E-05
0.0005318484
-0.001075677
-0.001689259
-0.003064202
-0.002088013
-0.001223015
-0.00176364
-0.001566034
-7.537834E-05
0.0005056205
-0.0005842487
6.096659E-05
0.0003970649
0.0002889544
0.0002777768
0.0003105723
0.0002947468
0.0003042657
0.00029064
0.0003025831
0.000291547
0.0002984276
0.0002923719
0.0002940769
0.0002941909
0.0002895716
0.0002945282
0.0002826314
0.0003090845
0.000269301
0.0002679577
0.0003360515
0.0004236735
-0.001046029
-0.002578441
-0.003361914
-0.002013163
-0.001318416
-0.001680367
-0.001538415
-0.001558009
-0.001505359
-0.001720223
-0.00149288
-9.360742E-05
-0.0009348826
-0.001904163
-0.001411056
-0.001517562
-0.001494906
-0.003203355
-0.002194684
-0.001402543
-0.0002022765
0.0004289554
0.0001650191
0.0002949876
0.0002450483
0.0002918782
0.0002452768
0.0002810794
0.0002506703
0.0002766864
0.0002502573
0.0002750226
0.0002481529
0.0002739548
0.0002457933
0.0002800215
0.0002275709
0.000276457
0.0002877022
0.0002497948
-0.0004473615
-2.301019E-05
-0.0003800621
-0.0001296927
0.0004941152
0.0003082829
-0.001161255
-0.002630946
-0.001764413
-0.001484249
-0.001608412
-0.001619026
-0.001570357
-0.001600493
-0.001580354
-0.001596709
-0.001595595
-0.001609043
-0.001526216
-0.001608821
-0.002373182
-0.00204177
-0.001525605
-0.0001767115
0.0005855991
-0.00131251
-0.002530809
-0.002693188
-0.001808767
-0.0016297
-0.0001742748
0.0003505868
0.0001634902
0.0002803356
0.0002253639
-0.0005230976
-5.152292E-05
0.0003560246
0.0001789151
0.0002342061
0.000215101
0.0002387272
0.0002167529
0.0002288301
0.0002209071
0.0002246289
0.0002216828
0.0002211579
0.0002220351
0.0002183565
0.0002217956
0.0002159701
0.000221272
0.0002138389
0.0002205219
0.0002118909
0.0002196414
0.0002100773
0.0002186416
0.0002083533
0.0002175843
0.0002067066
0.0002164558
0.000205114
0.0002152914
0.000203573
0.0002140914
0.0002020594
0.0002128671
0.0002005815
0.0002116261
0.0001991291
0.0002103706
0.0001976962
0.0002091002
0.0001962804
0.000207829
0.0001948896
0.0002065513
0.0001935066
0.0002052612
0.0001921195
0.0002039574
0.000190753
0.0002026697
0.000189405
0.0002013775
0.0001880565
0.0002000846
0.0001867237
0.0001987939
0.0001853924
0.0001975024
0.0001840681
0.0001962139
0.0001827534
0.0001949287
0.000181442
0.0001936393
0.0001801304
0.0001923643
0.0001788403
0.0001910843
0.0001775418
0.0001898093
0.0001762503
0.0001885355
0.0001749645
0.0001872737
0.0001736884
0.0001860132
0.0001724137
0.000184753
0.0001711353
0.0001834886
0.0001698569
0.000182237
0.0001685963
0.0001809971
0.0001673397
0.000179762
0.0001660838
0.0001785204
0.0001648264
0.0001772966
0.0001635826
0.0001760752
0.0001623376
0.0001748479
0.0001610858
0.0001736371
0.0001598503
0.0001724298
0.0001586106
0.0001712236
0.0001573693
0.0001700295
0.00015615
0.0001688439
0.0001549114
0.0001676522
0.0001536901
0.0001664838
0.0001524721
0.0001653201
0.0001512455
0.0001641423
0.0001500127
0.0001629874
0.0001488002
0.0001618447
0.0001475843
0.0001607057
0.0001463649
0.0001595775
0.0001451423
0.000158443
0.0001439296
0.0001573298
0.0001427068
0.000156222
0.0001414905
0.0001551225
0.000140265
0.0001540352
0.0001390428
0.0001529695
0.0001378207
0.0001519097
0.0001365923
0.0001508594
0.0001353513
0.0001498265
0.0001341081
0.0001488115
0.0001328624
0.0001478158
0.0001316023
0.0001468322
0.0001303217
0.0001458771
0.000129036
0.0001449472
0.0001277357
0.0001440448
0.0001264115
0.0001431623
0.0001250619
0.0001423065
0.0001237189
0.0001414908
0.0001502349
0.0001682266
0.0001484717
0.00016645
0.0001451256
0.0001661983
0.0001486293
0.000151211
0.0001322244
0.0002290753
0.0001159457
-0.0005668219
-0.0001933891
0.0003127833
0.0001694231
0.0001276364
-0.00131081
-0.0003014084
-0.001006297
-0.002076108
-0.001642297
-0.000174122
0.0003338147
-0.001498981
-0.000370376
0.0003676288
7.66162E-05
0.0001326721
0.0001346564
0.0001567991
0.0001306128
0.0001447067
0.000134763
0.0001423288
0.0001336761
0.0001399229
0.0001328296
0.0001379679
0.0001314384
0.000136188
0.0001298943
0.000134471
0.0001282372
0.0001327698
0.000126492
0.0001310582
0.0001246858
0.0001293185
0.0001228308
0.0001275487
0.0001209389
0.000125746
0.0001190024
0.0001239116
0.0001170445
0.000122038
0.0001150495
0.0001201313
0.0001130242
0.000118181
0.0001109672
0.000116203
0.0001088872
0.0001141888
0.0001067786
0.0001121426
0.0001046463
0.0001100629
0.0001024855
0.0001079579
0.0001003099
0.0001058202
9.80981E-05
0.0001036525
9.587595E-05
0.0001014657
9.362651E-05
9.924946E-05
9.136351E-05
9.700972E-05
8.907807E-05
9.474609E-05
8.677271E-05
9.245557E-05
8.444592E-05
9.015176E-05
8.210947E-05
8.782621E-05
7.975331E-05
8.548284E-05
7.73909E-05
8.313178E-05
7.5009E-05
8.075092E-05
7.261049E-05
7.835327E-05
7.020035E-05
7.595315E-05
6.779277E-05
7.353576E-05
6.536576E-05
7.111478E-05
6.293882E-05
6.867708E-05
6.049485E-05
6.622873E-05
5.804373E-05
6.376975E-05
5.559301E-05
6.131805E-05
5.314596E-05
5.885298E-05
5.068069E-05
5.63759E-05
4.821513E-05
5.389691E-05
4.574836E-05
5.142307E-05
4.328689E-05
4.894257E-05
4.082036E-05
4.646506E-05
3.836178E-05
4.398468E-05
3.590114E-05
4.150981E-05
3.344178E-05
3.903128E-05
3.099152E-05
3.656491E-05
2.854515E-05
3.409562E-05
2.610568E-05
3.163862E-05
2.367497E-05
2.918661E-05
2.124663E-05
2.673703E-05
1.883122E-05
2.429628E-05
1.642077E-05
2.187077E-05
1.403478E-05
1.94608E-05
1.1657E-05
1.705513E-05
9.28056E-06
1.465321E-05
6.921875E-06
1.227775E-05
4.584275E-06
9.911169E-06
2.259044E-06
7.561957E-06
-5.025409E-08
5.225593E-06
-2.3431E-06
2.905979E-06
-4.615761E-06
6.071725E-07
-6.872262E-06
-1.67295E-06
-9.107387E-06
-3.938027E-06
-1.132104E-05
-6.173217E-06
-1.350714E-05
-8.392346E-06
-1.567862E-05
-1.059416E-05
-1.782903E-05
-1.277103E-05
-1.994877E-05
-1.491351E-05
-2.204002E-05
-1.704347E-05
-2.411922E-05
-1.915005E-05
-2.616931E-05
-2.12295E-05
-2.819389E-05
-2.327866E-05
-3.018504E-05
-2.530242E-05
-3.214802E-05
-2.729654E-05
-3.408463E-05
-2.926897E-05
-3.599698E-05
-3.120687E-05
-3.78721E-05
-3.311118E-05
-3.971174E-05
-3.498738E-05
-4.152962E-05
-3.683702E-05
-4.3314E-05
-3.8652E-05
-4.506356E-05
-4.043599E-05
-4.678449E-05
-4.218578E-05
-4.846316E-05
-4.390315E-05
-5.011575E-05
-4.557908E-05
-5.171703E-05
-4.722015E-05
-5.328509E-05
-4.882651E-05
-5.48364E-05
-5.042016E-05
-5.635501E-05
-5.196251E-05
-5.78177E-05
-5.346114E-05
-5.924973E-05
-5.492694E-05
-6.064413E-05
-5.6367E-05
-6.201326E-05
-5.776528E-05
-6.333031E-05
-5.911332E-05
-6.459703E-05
-6.041867E-05
-6.583528E-05
-6.16978E-05
-6.704115E-05
-6.293848E-05
-6.820319E-05
-6.413867E-05
-6.932714E-05
-6.529211E-05
-7.040987E-05
-6.640992E-05
-7.145416E-05
-6.747897E-05
-7.245332E-05
-6.850402E-05
-7.341796E-05
-6.948238E-05
-7.435188E-05
-7.041339E-05
-7.524513E-05
-7.131262E-05
-7.616262E-05
-7.196017E-05
-7.696636E-05
-7.345162E-05
-7.765121E-05
-7.03631E-05
-8.275418E-05
-8.492474E-05
-4.89263E-05
-5.307279E-05
-0.000461216
-0.0005863552
-0.0001391084
-3.241655E-05
-9.901907E-05
-4.043416E-05
-4.687687E-05
-0.0004291314
-0.0005581647
-0.0001258096
-2.370233E-05
-7.531467E-05
-6.230061E-05
-5.535631E-05
-5.817646E-05
-5.84583E-05
-5.955351E-05
-5.763498E-05
-5.991633E-05
-5.795212E-05
-6.011041E-05
-5.809328E-05
-6.023594E-05
-5.826971E-05
-6.027316E-05
-5.842161E-05
-6.024752E-05
-5.855887E-05
-6.017085E-05
-5.868242E-05
-6.003309E-05
-5.87869E-05
-5.983515E-05
-5.887771E-05
-5.957494E-05
-5.8967E-05
-5.9248E-05
-5.905585E-05
-5.883884E-05
-5.91637E-05
-5.834365E-05
-5.930551E-05
-5.772443E-05
-5.950752E-05
-5.697712E-05
-5.982093E-05
-5.592403E-05
-6.039188E-05
-5.495611E-05
-6.073823E-05
-5.194147E-05
-6.574513E-05
-5.202405E-05
-4.699318E-05
-5.882581E-05
-0.0002641766
-0.0001366305
-0.0002349461
-0.0001463912
1.647088E-05
-7.620856E-05
-0.0002443869
-0.0001170124
2.292072E-05
-0.0002735991
-0.0002915457
-7.044348E-05
5.131681E-07
-0.0002421475
-8.613768E-05
-4.244741E-06
-2.657452E-05
-3.719123E-05
-2.108248E-05
-1.614716E-05
-2.396471E-05
-0.0001948321
-7.873441E-05
4.036062E-06
-2.857809E-05
-2.128484E-05
-2.020017E-05
-1.93613E-05
-1.93768E-05
-2.052605E-05
-1.792522E-05
-2.055073E-05
-1.712966E-05
-2.044379E-05
-1.638388E-05
-2.021885E-05
-1.572621E-05
-1.992421E-05
-1.509728E-05
-1.958952E-05
-1.448179E-05
-1.923461E-05
-1.386658E-05
-1.887126E-05
-1.323662E-05
-1.850927E-05
-1.258712E-05
-1.81662E-05
-1.184847E-05
-1.788289E-05
-1.124069E-05
-1.744881E-05
-9.736796E-06
-1.889754E-05
-1.030816E-05
-9.597789E-06
-1.122934E-05
-9.800602E-05
-3.788316E-05
2.148185E-06
-1.234542E-05
-1.026405E-05
-7.707415E-06
-9.166772E-06
-6.776889E-06
-9.657894E-06
-5.40899E-06
-9.691695E-06
-4.5206E-06
-9.494983E-06
-2.452551E-06
-1.172354E-05
-3.1486E-06
-9.545186E-08
-3.881057E-06
-0.000114028
-3.765237E-05
1.80019E-05
-6.399839E-06
-4.463174E-05
-1.749745E-05
-2.944498E-05
-1.765524E-05
-2.84581E-05
-1.432554E-05
1.602485E-05
1.221793E-06
9.676286E-06
4.640669E-06
9.358468E-06
4.593531E-06
1.193379E-05
8.222644E-06
-2.14629E-05
-3.254039E-05
6.52316E-06
1.338736E-05
1.095609E-05
1.089578E-05
1.290848E-05
1.180739E-05
1.301219E-05
1.227108E-05
1.345618E-05
1.279946E-05
1.383763E-05
1.333346E-05
1.425359E-05
1.386639E-05
1.4685E-05
1.44046E-05
1.513723E-05
1.494733E-05
1.560751E-05
1.549731E-05
1.609647E-05
1.605474E-05
1.660285E-05
1.662184E-05
1.712736E-05
1.719922E-05
1.766912E-05
1.778732E-05
1.822805E-05
1.838747E-05
1.880457E-05
1.900145E-05
1.940002E-05
1.962978E-05
2.001339E-05
2.027268E-05
2.064495E-05
2.093048E-05
2.129494E-05
2.1605E-05
2.196427E-05
2.229598E-05
2.265237E-05
2.300362E-05
2.33594E-05
2.372929E-05
2.408667E-05
2.447346E-05
2.483373E-05
2.523593E-05
2.560086E-05
2.6018E-05
2.638911E-05
2.681964E-05
2.719743E-05
2.764085E-05
2.802714E-05
2.84828E-05
2.887814E-05
2.934516E-05
2.975016E-05
3.022812E-05
3.06439E-05
3.113272E-05
3.155972E-05
3.205885E-05
3.249756E-05
3.300658E-05
3.345743E-05
3.39761E-05
3.443923E-05
3.496744E-05
3.544354E-05
3.598106E-05
3.647015E-05
3.701684E-05
3.751908E-05
3.807485E-05
3.859034E-05
3.915518E-05
3.968397E-05
4.025772E-05
4.079974E-05
4.138239E-05
4.193768E-05
4.252925E-05
4.309764E-05
4.369809E-05
4.427946E-05
4.488876E-05
4.548287E-05
4.610105E-05
4.67077E-05
4.733477E-05
4.795371E-05
4.858969E-05
4.922057E-05
4.986546E-05
5.050795E-05
5.116178E-05
5.181549E-05
5.247827E-05
5.31428E-05
5.381454E-05
5.448942E-05
5.517013E-05
5.58549E-05
5.654458E-05
5.723872E-05
