0.01
0.00243
0.00239
0.00236
0.00231
0.00225
0.00217
0.00208
0.00198
0.00187
0.00174
0.00162
0.00147
0.00132
0.00115
0.00099
0.0008
0.00062
0.00043
0.00024
0.00003
-0.00017
-0.00039
-0.00059
-0.00082
-0.00102
-0.00125
-0.00145
-0.00168
-0.00188
-0.0021
-0.00229
-0.0025
-0.00269
-0.00289
-0.00306
-0.00325
-0.00341
-0.00357
-0.00372
-0.00386
-0.00399
-0.00411
-0.00421
-0.00432
-0.0044
-0.00448
-0.00453
-0.00459
-0.00461
-0.00464
-0.00464
-0.00465
-0.00464
-0.00465
-0.00464
-0.00465
-0.00464
-0.00465
-0.00464
-0.00465
-0.00464
-0.00465
-0.00465
-0.00465
-0.00465
-0.00465
-0.00465
-0.00465
-0.00465
-0.00464
-0.00466
-0.00464
-0.00467
-0.00464
-0.00468
-0.00463
-0.00468
-0.00463
-0.00475
-0.0045
-0.00466
-0.00517
-0.00456
0.00167
-0.00225
-0.00585
-0.00415
-0.00487
-0.00445
-0.00495
-0.00447
-0.00491
-0.00441
-0.00505
-0.0051
-0.00495
-0.00508
-0.00583
0.00743
0.01429
0.01022
-0.00191
-0.00538
-0.00497
-0.00623
0.00976
0.02062
0.00053
-0.01228
-0.00688
0.00565
0.02511
0.02874
0.01315
-0.00767
-0.02548
-0.01807
-0.00572
0.0078
0.02355
0.02812
0.02288
0.00743
-0.00362
-0.00576
-0.00417
-0.00593
-0.0055
0.00856
0.01509
0.00511
-0.00681
-0.02401
-0.02244
-0.00787
0.017
0.0203
-0.00197
-0.00825
0.0076
0.0212
0.0224
-0.00006
-0.00855
-0.00391
0.00292
-0.00162
-0.00717
-0.0056
0.00435
0.01965
0.01247
-0.00231
-0.01075
-0.01664
-0.00985
0.00664
0.01024
0.00869
-0.00288
-0.00613
-0.00494
-0.0128
-0.01363
0.01305
0.02635
0.01464
-0.00208
-0.01322
-0.01517
-0.00817
0.00618
0.01694
0.02138
0.01101
-0.00363
-0.0053
-0.0049
-0.01085
-0.00221
0.01521
0.02427
0.02407
0.00046
-0.01451
-0.00778
0.00546
0.02005
0.0147
-0.01342
-0.02106
-0.00911
-0.00517
0.00976
0.00012
-0.01341
-0.0082
0.0086
0.0218
-0.00148
-0.03323
-0.0189
0.0166
0.04067
0.03017
-0.00352
-0.00886
-0.00613
0.00625
0.01911
0.00918
-0.00483
0.0073
0.00017
-0.01849
-0.01743
0.00247
0.023
0.02632
0.00086
-0.01887
-0.01583
-0.00798
0.00703
0.01065
-0.00394
-0.00826
0.00698
0.01005
-0.00361
-0.00724
-0.0049
-0.00767
-0.00576
0.00887
-0.00013
-0.02338
-0.01299
0.00577
0.02911
0.0283
-0.00108
-0.01309
-0.0072
-0.0077
0.00362
0.02723
0.03747
0.01803
-0.01472
-0.03758
-0.02096
0.00002
0.01313
0.0132
0.00881
-0.00293
-0.0074
-0.00571
-0.01163
-0.009
-0.00698
0.00143
0.01388
-0.00194
-0.0092
0.00285
0.00841
0.02162
0.01576
-0.00858
-0.01035
-0.00711
0.00662
0.01589
-0.00224
-0.01045
0.00208
0.0043
0.00947
-0.00277
-0.00927
-0.00558
0.00322
-0.00725
-0.01026
-0.01119
-0.0153
-0.00842
0.00597
0.02174
0.02286
0.01825
-0.00149
-0.02691
-0.035
-0.01673
0.01231
0.01804
0.01733
0.03166
0.01627
-0.0193
-0.01368
-0.00314
-0.00886
-0.01398
0.00251
0.02867
0.00802
-0.0081
0.00549
-0.00173
-0.00981
-0.00642
-0.00743
-0.00673
-0.00991
-0.00158
0.0196
0.02054
-0.00925
-0.01023
-0.01167
-0.01226
0.01289
0.03344
0.01298
-0.00861
-0.00712
-0.0054
-0.01844
-0.02855
-0.01451
-0.01755
-0.0436
-0.02257
0.02694
0.03123
0.0232
0.02082
-0.00543
0.01125
0.04845
0.01475
-0.03575
-0.04545
-0.03811
-0.01804
-0.01032
0.01122
0.04006
0.0236
-0.0055
-0.00233
-0.00536
-0.00921
0.00498
0.00373
-0.00734
-0.00773
-0.01176
-0.02206
-0.03032
-0.03801
-0.03316
0.00088
0.02339
0.01787
0.0099
0.0022
-0.00874
0.01608
0.02956
-0.00065
-0.03633
-0.03692
-0.01234
0.02383
0.0272
0.00451
-0.00791
-0.01222
0.00376
0.04068
0.05092
0.04154
0.02407
-0.00147
-0.03068
-0.0648
-0.06163
-0.02819
-0.01374
-0.01213
-0.00907
-0.00827
-0.00755
-0.01053
-0.01244
0.01079
0.03602
0.02659
0.02293
0.03258
0.01004
-0.01593
-0.02566
-0.0194
0.01072
0.03165
0.01466
-0.02496
-0.0259
-0.00093
-0.00484
-0.01216
-0.00176
0.01481
0.01814
-0.00709
-0.012
0.02795
0.03488
0.0099
0.00332
-0.00422
-0.01151
-0.04426
-0.0614
-0.06016
-0.04815
-0.02532
-0.01637
-0.01231
0.02095
0.04643
0.04205
0.0389
0.02551
0.00843
0.01379
0.01746
0.014
0.02193
0.03181
0.02687
0.01613
0.00687
-0.00691
-0.0089
-0.00628
-0.02363
-0.05202
-0.06233
-0.04407
-0.01989
-0.0103
-0.01032
-0.01144
0.00957
0.03449
0.03201
0.02174
0.02265
0.0246
0.02524
0.01527
-0.00512
-0.01306
-0.01881
-0.0374
-0.02853
0.01009
0.01709
-0.01227
-0.01337
0.01291
0.01737
0.01173
0.02547
0.02861
0.01752
0.00897
0.00911
-0.00939
-0.0367
-0.02054
-0.00009
-0.0073
-0.00998
-0.00711
-0.01959
-0.03153
-0.01451
0.01838
0.01699
-0.01191
-0.01378
0.01483
0.03765
0.04382
0.03815
0.02355
0.02053
0.02523
0.02285
-0.00258
-0.02716
-0.03608
-0.05452
-0.0599
-0.02061
0.01472
0.01573
0.00082
-0.0092
-0.0102
-0.01152
-0.01445
-0.01048
-0.00813
-0.00964
-0.00969
-0.00002
0.01748
0.04283
0.05037
0.0269
0.02062
0.03569
0.05081
0.05982
0.05994
0.0536
0.04825
0.03342
-0.00093
-0.03144
-0.03495
-0.02511
-0.01147
0.00292
0.01371
0.02083
0.04035
0.05547
0.07249
0.09059
0.09949
0.09852
0.11012
0.12663
0.12342
0.12086
0.12439
0.11519
0.11744
0.12477
0.12922
0.13095
0.13989
0.14853
0.14286
0.11122
0.05941
0.03099
0.03697
0.05142
0.05187
0.05907
0.07564
0.08521
0.07961
0.05772
0.03803
0.03048
0.02218
-0.00766
-0.06521
-0.10964
-0.1277
-0.1435
-0.14688
-0.1333
-0.12906
-0.12294
-0.11947
-0.14186
-0.17252
-0.17954
-0.16964
-0.15093
-0.14308
-0.15499
-0.18103
-0.20364
-0.20813
-0.20052
-0.18555
-0.17763
-0.19453
-0.20244
-0.19072
-0.14613
-0.06952
-0.00144
0.03943
0.0642
0.07236
0.05195
0.01484
-0.00683
-0.01131
-0.01811
-0.0391
-0.06461
-0.08455
-0.09246
-0.09079
-0.09092
-0.09874
-0.09381
-0.084
-0.07687
-0.07469
-0.07721
-0.08414
-0.08877
-0.06949
-0.02975
0.0015
0.01806
0.03882
0.07382
0.11513
0.14238
0.15764
0.15911
0.14714
0.13788
0.13394
0.12855
0.10581
0.05049
0.02035
0.02787
0.0594
0.09605
0.10879
0.11176
0.09606
0.07767
0.06617
0.05374
0.04812
0.05129
0.05063
0.0331
0.02495
0.01876
0.00746
-0.00458
-0.01401
-0.04598
-0.06759
-0.07251
-0.0814
-0.08945
-0.1068
-0.11856
-0.08095
-0.01614
-0.00259
-0.03248
-0.06348
-0.05042
0.00343
0.05198
0.08448
0.10287
0.11162
0.1127
0.1153
0.11943
0.10891
0.0474
-0.00825
-0.02401
-0.02619
-0.01595
0.01198
0.05002
0.07689
0.06997
0.03989
-0.00504
-0.04194
-0.03638
-0.02043
-0.03295
-0.04443
-0.04793
-0.04924
-0.04074
-0.01889
0.01182
0.05976
0.09714
0.08047
0.02767
-0.0286
-0.04536
-0.03958
-0.03147
-0.01697
-0.02133
-0.02564
-0.00646
0.02875
0.05506
0.07373
0.07794
0.06203
0.04708
0.0408
0.03379
0.02007
-0.00336
-0.02026
-0.02448
-0.03138
-0.03334
-0.02707
-0.02259
-0.02298
-0.01277
0.00272
0.01482
0.01889
-0.00256
-0.03504
-0.04005
-0.0357
-0.03771
-0.03434
-0.01598
0.00731
0.00862
-0.00569
-0.0201
-0.01802
-0.01215
0.03387
0.08002
0.09138
0.09345
0.08625
0.07153
0.05581
0.02773
-0.00939
-0.01509
-0.01341
-0.03326
-0.06174
-0.08967
-0.10637
-0.10942
-0.10952
-0.09885
-0.07914
-0.06629
-0.05496
-0.04965
-0.05835
-0.06793
-0.05331
-0.02891
-0.01623
-0.02039
-0.02296
-0.01717
-0.01661
-0.0108
0.00947
0.0187
-0.00313
-0.01631
-0.0333
-0.04015
-0.01937
0.0243
0.07779
0.10773
0.09726
0.07833
0.06253
0.04701
0.03972
0.0463
0.0476
0.03374
0.00964
-0.00888
-0.0027
0.01838
0.03353
0.02134
-0.00834
-0.03779
-0.03734
-0.02331
-0.01146
-0.00705
-0.01213
-0.03215
-0.05351
-0.04441
-0.00524
0.04038
0.06192
0.05939
0.04793
0.04646
0.04813
0.04032
0.02234
-0.00678
-0.04039
-0.04823
-0.02266
0.00366
0.02386
0.02839
0.02144
0.02899
0.03826
0.04683
0.04349
0.01351
-0.02296
-0.05408
-0.07992
-0.09011
-0.08783
-0.08838
-0.08478
-0.05289
-0.01762
-0.00861
-0.01876
-0.03648
-0.05446
-0.03991
0.02203
0.07471
0.08555
0.06417
0.03312
0.01698
0.00897
0.00582
0.01907
0.03765
0.03782
0.02697
-0.00321
-0.04076
-0.04931
-0.02151
0.01076
0.04206
0.05123
0.04701
0.04741
0.04805
0.03986
0.02027
-0.00572
-0.01075
0.00596
0.00835
0.00672
0.01758
0.02147
0.02195
0.03061
0.02678
0.00444
-0.00863
-0.00907
-0.00896
-0.02258
-0.04106
-0.05674
-0.06784
-0.06726
-0.04968
-0.02553
-0.01036
-0.00867
-0.01403
-0.01781
-0.01523
-0.01214
-0.01174
-0.00997
0.00166
0.00606
0.00912
0.02497
0.03329
0.01837
-0.00554
-0.01226
-0.00917
-0.00159
0.00695
0.00123
-0.00879
-0.00952
0.00412
-0.00417
-0.01198
-0.01482
-0.01902
-0.00545
0.03055
0.04974
0.02731
0.00647
-0.00625
-0.01473
-0.01526
-0.00993
-0.00857
-0.00958
-0.00905
-0.00802
-0.01225
-0.02697
-0.03139
-0.02792
-0.02003
0.01169
0.04794
0.05644
0.04243
0.02387
0.00273
-0.00828
-0.00964
-0.00268
0.01207
0.03356
0.04806
0.05577
0.0641
0.05746
0.00509
-0.04976
-0.06537
-0.06628
-0.07495
-0.08518
-0.06949
-0.04012
-0.01284
0.00583
0.00261
0.00328
0.03496
0.06538
0.07706
0.07855
0.04894
-0.00197
-0.01616
-0.00854
-0.00714
-0.01548
-0.03256
-0.05325
-0.06377
-0.06549
-0.05746
-0.0339
0.00074
0.02608
0.01991
-0.00543
-0.0112
-0.01207
-0.01036
-0.00807
-0.00897
-0.01378
-0.01536
-0.00934
-0.00944
-0.01084
0.00728
0.02441
0.01614
-0.00507
-0.02128
-0.02352
-0.0117
0.00186
0.00171
-0.00749
-0.00971
-0.00844
-0.00883
-0.00843
-0.01101
-0.01202
0.00043
0.01857
0.02896
0.043
0.05456
0.05366
0.03694
0.0174
0.00816
-0.00423
-0.01362
-0.02765
-0.03478
-0.02949
-0.02065
-0.01068
-0.01013
0.00728
0.02352
0.03128
0.02476
0.01591
0.01653
0.02003
0.02718
0.02642
0.01188
-0.01269
-0.04018
-0.05571
-0.05581
-0.04752
-0.03351
-0.01886
-0.00042
0.02607
0.04396
0.04898
0.05334
0.05442
0.0522
0.04964
0.01849
-0.02216
-0.03068
-0.01457
0.0046
0.01555
0.01175
-0.00556
-0.01805
-0.01689
0.00153
0.01997
0.02446
0.02182
0.01739
0.01432
0.00436
-0.00788
-0.00827
-0.0085
-0.0098
-0.00267
0.02051
0.03315
0.036
0.03863
0.04489
0.0466
0.04598
0.04757
0.04746
0.0473
0.04723
0.03947
0.03236
0.03147
0.03457
0.03694
0.04607
0.04861
0.04411
0.04042
0.04479
0.04259
0.03339
0.02076
-0.0037
-0.01746
-0.0173
-0.01444
-0.01106
-0.00866
-0.00855
-0.00845
-0.00819
-0.00879
-0.00946
0.00084
0.01802
0.03379
0.04448
0.04534
0.03902
0.02829
-0.0034
-0.05819
-0.0822
-0.08332
-0.09729
-0.11205
-0.12352
-0.12907
-0.12235
-0.12052
-0.12108
-0.12552
-0.1417
-0.15225
-0.14675
-0.13563
-0.12203
-0.06214
0.01441
0.04422
0.04985
0.05937
0.07514
0.07759
0.08237
0.0978
0.11402
0.11543
0.11911
0.11807
0.11602
0.11584
0.11019
0.10254
0.10366
0.11496
0.12462
0.11379
0.09277
0.07488
0.06431
0.04553
0.02189
-0.00174
-0.03122
-0.04714
-0.03728
-0.01365
0.02226
0.04976
0.0498
0.0511
0.04965
0.03633
0.01317
-0.0282
-0.06556
-0.06689
-0.04822
-0.01866
-0.0077
-0.0094
-0.00745
-0.01239
-0.02637
-0.03879
-0.03932
-0.04202
-0.05603
-0.07285
-0.08354
-0.08621
-0.08304
-0.08228
-0.08633
-0.09213
-0.0883
-0.08855
-0.10334
-0.11636
-0.1256
-0.14041
-0.14971
-0.15933
-0.16398
-0.13929
-0.09799
-0.06484
-0.05538
-0.05947
-0.06205
-0.07273
-0.07952
-0.07641
-0.0719
-0.06341
-0.04576
-0.01608
0.00932
0.03228
0.06212
0.08714
0.10972
0.12239
0.13506
0.1337
0.13043
0.13214
0.13801
0.13935
0.15006
0.16796
0.17969
0.19704
0.21268
0.22718
0.24744
0.2537
0.25424
0.24841
0.22754
0.19882
0.16942
0.13755
0.10101
0.07296
0.0552
0.05394
0.06184
0.06412
0.05655
0.03693
0.00218
-0.04314
-0.09655
-0.13879
-0.15801
-0.16098
-0.15983
-0.16206
-0.16757
-0.18035
-0.19082
-0.21052
-0.22799
-0.23536
-0.23865
-0.23953
-0.2284
-0.21544
-0.20389
-0.19879
-0.19582
-0.18395
-0.15696
-0.122
-0.08598
-0.05229
-0.02983
-0.01809
-0.01134
-0.01329
-0.02135
-0.03146
-0.03715
-0.0384
-0.03758
-0.039
-0.02789
-0.01157
0.01001
0.03122
0.02644
0.01762
0.00837
-0.0065
-0.02347
-0.02393
-0.01736
-0.01673
-0.01661
-0.02663
-0.04181
-0.06007
-0.07563
-0.08225
-0.08585
-0.09154
-0.09959
-0.10316
-0.09687
-0.08225
-0.04443
0.00509
0.04084
0.04759
0.04435
0.04147
0.03291
0.02702
0.04143
0.06455
0.07485
0.08984
0.10617
0.11161
0.11483
0.11217
0.07564
0.03517
0.02689
0.02798
0.02981
0.03646
0.04302
0.05233
0.05888
0.06533
0.06994
0.07038
0.06112
0.05243
0.04806
0.0456
0.05683
0.07232
0.07727
0.07758
0.07818
0.06948
0.07172
0.08282
0.08732
0.09426
0.10696
0.11192
0.10672
0.11041
0.11297
0.10591
0.10638
0.10519
0.08306
0.02099
-0.03379
-0.04471
-0.04138
-0.04058
-0.0383
-0.03722
-0.05096
-0.06634
-0.07621
-0.08383
-0.08483
-0.07904
-0.06529
-0.04437
-0.02255
-0.01157
0.00798
0.02876
0.04394
0.04846
0.04409
0.03239
0.02345
0.03052
0.03368
0.02371
0.00333
-0.00861
-0.01039
-0.01302
-0.02417
-0.02896
-0.03273
-0.03382
-0.02065
0.00044
0.0165
0.02816
0.03695
0.0486
0.05209
0.05592
0.06484
0.06879
0.07514
0.08206
0.08369
0.08396
0.08418
0.07916
0.07173
0.05951
0.03515
-0.00077
-0.03234
-0.05537
-0.07646
-0.09099
-0.09533
-0.09803
-0.10178
-0.09759
-0.08983
-0.0776
-0.0721
-0.07575
-0.08016
-0.07898
-0.0755
-0.076
-0.07827
-0.0775
-0.07087
-0.05864
-0.0352
-0.01971
-0.01184
-0.00864
-0.0096
-0.01142
-0.01763
-0.02446
-0.0325
-0.03856
-0.04611
-0.048
-0.0478
-0.04582
-0.04039
-0.04419
-0.04235
-0.03937
-0.02998
-0.0148
-0.01033
0.00162
0.00562
0.01686
0.03471
0.05031
0.07184
0.08885
0.09532
0.09677
0.09291
0.08965
0.08947
0.08603
0.07898
0.07001
0.05008
0.02626
0.01622
0.01626
0.01957
0.03131
0.03195
0.02362
0.01958
0.02128
0.02053
0.02369
0.01739
0.01534
0.01546
0.02194
0.02955
0.04471
0.04808
0.04102
0.03141
0.01601
-0.00506
-0.01086
-0.01879
-0.02531
-0.03053
-0.03096
-0.02951
-0.02991
-0.03469
-0.03871
-0.04599
-0.04184
-0.03081
-0.02049
-0.01018
-0.00104
-0.00589
-0.00987
-0.01569
-0.01986
-0.01831
-0.01261
-0.00807
-0.01015
-0.00951
0.00386
0.01506
0.02095
0.02995
0.03531
0.04549
0.0531
0.06
0.06236
0.06277
0.05696
0.0483
0.0388
0.03814
0.04361
0.04436
0.03955
0.02123
-0.00721
-0.02746
-0.03074
-0.02674
-0.01655
-0.00937
-0.01475
-0.02106
-0.02497
-0.03058
-0.03217
-0.02724
-0.02291
-0.01687
-0.00961
-0.00838
-0.00879
-0.00846
-0.00973
-0.01263
-0.01595
-0.02088
-0.02547
-0.02621
-0.01905
-0.01688
-0.01548
-0.02244
-0.0337
-0.03833
-0.03679
-0.03622
-0.03956
-0.03886
-0.03606
-0.04173
-0.05187
-0.04702
-0.03926
-0.02524
-0.0139
-0.01665
-0.01734
-0.02318
-0.02952
-0.02952
-0.02664
-0.02255
-0.01745
-0.01105
-0.00845
-0.00839
-0.00842
-0.00792
-0.00822
-0.01249
-0.01154
-0.00885
0.00451
0.0211
0.02391
0.02717
0.02969
0.03198
0.03213
0.02752
0.01109
-0.0066
-0.00942
0.00403
0.00843
0.00623
0.00673
0.01502
0.02335
0.03021
0.03957
0.0358
0.01958
-0.00297
-0.01361
-0.02231
-0.02351
-0.0152
-0.0099
0.00413
0.01273
0.01517
0.01619
0.02125
0.02871
0.03245
0.03706
0.03456
0.02582
0.02248
0.01762
0.01748
0.01883
0.00919
-0.00615
-0.00895
-0.00812
0.003
0.00817
0.00526
0.00637
0.0142
0.01902
0.02393
0.02029
0.00958
-0.00519
-0.00998
-0.00004
0.01428
0.01561
0.00441
-0.00734
-0.02196
-0.02777
-0.0279
-0.02992
-0.01902
-0.00871
0.0056
0.01433
0.0098
0.00586
0.00782
0.01607
0.02193
0.0239
0.01993
0.00867
-0.00581
-0.00821
-0.00716
-0.00766
-0.0078
-0.00784
-0.00744
-0.00835
-0.01448
-0.02617
-0.03201
-0.03801
-0.04433
-0.04421
-0.03735
-0.03545
-0.03663
-0.03639
-0.04572
-0.05162
-0.052
-0.05147
-0.04806
-0.04782
-0.04558
-0.03425
-0.0209
-0.00964
0.0043
0.01342
0.01501
0.02921
0.04466
0.04719
0.05212
0.06587
0.07351
0.08299
0.08635
0.09273
0.09417
0.09641
0.0956
0.09168
0.0837
0.06137
0.037
0.02084
0.00848
-0.005
-0.0085
-0.00701
-0.00784
-0.00708
-0.01093
-0.01826
-0.02837
-0.02975
-0.02667
-0.01817
-0.00953
0.00294
0.00956
0.00649
-0.00503
-0.00885
-0.00846
-0.0084
-0.00736
-0.00807
-0.00751
-0.00758
-0.00905
-0.01284
-0.01262
-0.0147
-0.02092
-0.02816
-0.03228
-0.03534
-0.03846
-0.03849
-0.03821
-0.03735
-0.04284
-0.04398
-0.04295
-0.04391
-0.04449
-0.04421
-0.04388
-0.04345
-0.04985
-0.04875
-0.05143
-0.05397
-0.05348
-0.05302
-0.04703
-0.0441
-0.04694
-0.05273
-0.05766
-0.06213
-0.06339
-0.05965
-0.06041
-0.06082
-0.0597
-0.05609
-0.04918
-0.04071
-0.0366
-0.03711
-0.03319
-0.03289
-0.02684
-0.01755
-0.01013
0.00277
0.01473
0.02576
0.03588
0.04001
0.03693
0.03271
0.03231
0.0322
0.03042
0.03536
0.03389
0.01979
-0.00271
-0.01008
-0.01781
-0.02151
-0.01324
-0.01354
-0.01375
-0.01427
-0.01384
-0.011
-0.00329
0.00648
0.01868
0.02538
0.03219
0.04337
0.05361
0.06064
0.07184
0.07749
0.0841
0.08634
0.08547
0.0807
0.07216
0.06685
0.0666
0.06801
0.07042
0.07084
0.06783
0.06003
0.05377
0.04227
0.03035
0.01951
0.0092
0.00046
-0.00707
-0.0117
-0.01229
-0.00905
-0.00822
-0.00827
-0.00801
-0.01299
-0.01743
-0.01463
-0.01666
-0.01209
-0.00747
-0.00882
-0.00938
-0.01353
-0.01695
-0.02121
-0.02423
-0.03003
-0.03754
-0.04433
-0.04381
-0.04533
-0.04861
-0.04655
-0.03894
-0.0333
-0.0232
-0.01443
-0.01415
-0.01811
-0.02082
-0.02425
-0.02762
-0.03327
-0.03083
-0.02656
-0.02264
-0.02162
-0.01664
-0.01062
0.00456
0.0182
0.02667
0.03482
0.04442
0.05675
0.07291
0.08775
0.10423
0.11283
0.1182
0.12281
0.12866
0.12706
0.12384
0.11662
0.11337
0.1035
0.09217
0.08177
0.06553
0.05333
0.04885
0.03505
0.02986
0.03523
0.0372
0.03591
0.03488
0.03368
0.03604
0.03917
0.03984
0.03452
0.02003
-0.00328
-0.01976
-0.03667
-0.05324
-0.07127
-0.08409
-0.092
-0.10447
-0.11553
-0.12103
-0.12792
-0.12806
-0.11937
-0.11635
-0.1144
-0.12007
-0.12828
-0.13581
-0.1436
-0.14635
-0.14523
-0.13409
-0.12884
-0.12675
-0.11029
-0.09759
-0.08415
-0.06781
-0.05637
-0.04815
-0.0384
-0.02316
-0.01164
0.0076
0.03094
0.0478
0.06587
0.08246
0.0912
0.09786
0.10808
0.10927
0.10222
0.09791
0.09109
0.07019
0.0678
0.06817
0.0604
0.07224
0.07799
0.07632
0.07732
0.07556
0.07732
0.07711
0.08206
0.08821
0.09079
0.09212
0.0956
0.09695
0.09311
0.09093
0.08962
0.08584
0.0786
0.07738
0.07712
0.0763
0.07499
0.07048
0.06811
0.06491
0.05706
0.04819
0.02914
0.0082
-0.00577
-0.01653
-0.02754
-0.03864
-0.04458
-0.05789
-0.0734
-0.08538
-0.09693
-0.10436
-0.10685
-0.10708
-0.10429
-0.1033
-0.09818
-0.08993
-0.07946
-0.06377
-0.05472
-0.04271
-0.03463
-0.02898
-0.02343
-0.0171
-0.01133
-0.00995
-0.00994
-0.00986
-0.00901
-0.00965
-0.00919
-0.00986
-0.01515
-0.03349
-0.05088
-0.05907
-0.06438
-0.06021
-0.04811
-0.03389
-0.02475
-0.01755
-0.01144
-0.0099
-0.00922
-0.01115
-0.00954
-0.00965
-0.00978
-0.00383
0.00355
0.00561
0.00767
0.00512
0.0046
0.00098
0.00316
0.01027
0.01647
0.02237
0.02362
0.01886
0.01699
0.00903
-0.00045
-0.00764
-0.01045
-0.00962
0.0009
0.00843
0.00666
0.00768
0.00662
0.00604
0.00195
-0.00004
-0.00691
-0.01013
-0.00941
-0.01019
0.00079
0.00821
0.01166
0.00956
0.00472
0.00009
-0.00803
-0.01241
-0.01461
-0.0167
-0.01876
-0.01529
-0.01597
-0.01545
-0.01448
-0.01273
-0.01013
-0.00338
0.00953
0.01497
0.01961
0.02327
0.02626
0.0229
0.02238
0.02129
0.01375
0.00672
-0.00619
-0.01395
-0.02055
-0.02965
-0.03118
-0.02361
-0.01923
-0.01637
-0.01038
-0.00905
-0.00968
-0.0094
-0.00899
-0.01007
-0.01436
-0.01259
-0.00904
-0.00925
-0.00999
-0.00993
-0.00126
0.00135
-0.00767
-0.01008
-0.00923
-0.00978
-0.00248
0.00492
0.0135
0.02091
0.01939
0.01613
0.01251
0.00909
0.00693
0.00039
-0.00803
-0.0101
-0.01366
-0.01562
-0.01502
-0.0119
-0.00963
-0.01002
-0.00349
0.00435
0.00472
0.00369
0.00377
0.00681
0.01415
0.01856
0.0197
0.01558
0.0078
0.00034
-0.00776
-0.01342
-0.0177
-0.02477
-0.03141
-0.02996
-0.03267
-0.03157
-0.02747
-0.01526
-0.00104
0.00656
0.00856
0.0075
0.00758
0.00792
0.0082
0.00594
0.01171
0.01448
0.00664
-0.00674
-0.01306
-0.01426
-0.01162
-0.00965
-0.01021
0.00098
0.01353
0.01612
0.01849
0.01712
0.01569
0.01556
0.00878
0.00635
-0.00518
-0.01297
-0.01425
-0.02073
-0.02065
-0.01164
0.00401
0.01215
0.00905
0.01432
0.0177
0.01565
0.02186
0.02215
0.02609
0.03143
0.02688
0.02209
0.02375
0.0177
0.00757
-0.00544
-0.0107
-0.0147
-0.02768
-0.03233
-0.03806
-0.04152
-0.03917
-0.03166
-0.02369
-0.01397
-0.00967
0.01042
0.02269
0.02886
0.03091
0.01756
-0.0035
-0.02097
-0.02539
-0.02321
-0.01474
-0.01409
-0.01166
-0.01044
-0.00985
-0.00863
-0.00876
-0.00978
-0.00196
0.01378
0.0258
0.03519
0.04594
0.04796
0.04674
0.03704
0.01092
-0.00882
-0.01509
-0.01456
-0.01102
-0.00958
-0.00166
0.01009
0.0204
0.02856
0.03201
0.02968
0.02692
0.02584
0.03312
0.04003
0.04159
0.0291
-0.00192
-0.0173
-0.02028
-0.01611
-0.00846
-0.00809
-0.00934
-0.01602
-0.02071
-0.02779
-0.03034
-0.02649
-0.01609
-0.00862
-0.00041
0.00103
-0.00713
-0.00852
-0.00798
-0.00783
-0.00751
-0.01175
-0.02281
-0.03099
-0.03651
-0.03686
-0.03393
-0.02401
-0.01418
-0.01347
-0.01702
-0.01571
-0.00982
0.00526
0.02153
0.02492
0.01917
0.014
0.00889
0.01225
0.02343
0.0308
0.03911
0.03959
0.04033
0.03574
0.025
-0.00062
-0.02471
-0.04049
-0.04649
-0.05028
-0.05305
-0.04809
-0.04503
-0.03882
-0.02436
-0.01184
-0.00155
0.01648
0.03585
0.04728
0.04564
0.03814
0.03419
0.02978
0.03133
0.03741
0.03132
0.02311
0.01294
-0.00385
-0.0076
-0.01353
-0.02116
-0.02154
-0.01488
-0.00821
-0.00795
0.00633
0.01161
0.00986
0.0081
0.00194
-0.00594
0.00284
0.01412
0.01984
0.02525
0.0237
0.02862
0.03114
0.03842
0.04752
0.05354
0.05621
0.05519
0.05337
0.04836
0.04213
0.04107
0.04005
0.03944
0.0381
0.03425
0.03326
0.0336
0.03623
0.03973
0.04564
0.04923
0.04871
0.04889
0.05193
0.05474
0.05629
0.05735
0.05533
0.04998
0.04666
0.04168
0.03468
0.03127
0.0272
0.02078
0.01507
0.01003
0.01027
0.01801
0.02178
0.02009
0.01827
0.01183
-0.00381
-0.00632
-0.01013
-0.02096
-0.03256
-0.04063
-0.05137
-0.06048
-0.06509
-0.06583
-0.06316
-0.05614
-0.04634
-0.03715
-0.03569
-0.03136
-0.0177
-0.00827
-0.00666
-0.00601
-0.00628
-0.00581
-0.00599
-0.00609
-0.0107
-0.01498
-0.01628
-0.01217
-0.00835
-0.00657
-0.00678
0.00509
0.01187
0.01608
0.01812
0.02427
0.03085
0.03198
0.02601
0.01269
-0.00245
-0.01614
-0.02454
-0.03468
-0.03743
-0.03735
-0.03859
-0.03531
-0.04027
-0.04547
-0.05027
-0.0481
-0.03958
-0.019
0.00634
0.03587
0.05407
0.06223
0.06437
0.06237
0.05339
0.04082
0.02976
0.02079
0.01257
0.0081
-0.002
-0.00757
-0.01167
-0.02172
-0.02321
-0.02022
-0.01581
-0.00814
-0.00548
-0.01081
-0.01177
-0.00975
-0.00603
-0.00539
-0.00562
-0.00552
-0.00564
-0.0054
-0.00478
-0.00936
-0.02043
-0.02654
-0.02902
-0.03011
-0.03523
-0.04147
-0.04204
-0.04221
-0.03794
-0.03115
-0.02604
-0.02892
-0.03411
-0.0345
-0.03413
-0.0304
-0.03241
-0.03382
-0.03975
-0.042
-0.04009
-0.04216
-0.0445
-0.04241
-0.04666
-0.05042
-0.05108
-0.05817
-0.05684
-0.0599
-0.06068
-0.05988
-0.06009
-0.06228
-0.05903
-0.05125
-0.04342
-0.03839
-0.03281
-0.02765
-0.02381
-0.02029
-0.01286
-0.00638
-0.0053
-0.00595
-0.00542
-0.00568
-0.0054
-0.00584
-0.00532
-0.00555
-0.0068
-0.01065
-0.01048
-0.01407
-0.01495
-0.01467
-0.01169
-0.01382
-0.01186
-0.01244
-0.01818
-0.02203
-0.02703
-0.02854
-0.02617
-0.02895
-0.03127
-0.03374
-0.03127
-0.02624
-0.02427
-0.01924
-0.01037
-0.00644
0.00484
0.02121
0.02988
0.03356
0.03366
0.034
0.0346
0.03586
0.03531
0.03593
0.0308
0.02771
0.02166
0.01089
-0.00347
-0.00662
-0.00675
-0.00731
-0.00757
-0.00663
-0.00573
-0.00599
-0.00641
-0.00664
0.00084
0.0098
0.01707
0.02525
0.02682
0.02626
0.02491
0.02563
0.02702
0.03247
0.03782
0.03802
0.03459
0.03158
0.0239
0.01847
0.01967
0.01845
0.01906
0.01588
0.01717
0.01898
0.02106
0.02553
0.02918
0.03324
0.03363
0.03628
0.04071
0.04699
0.04935
0.04888
0.04925
0.04907
0.04817
0.04906
0.05056
0.04371
0.03488
0.03052
0.02674
0.02593
0.02641
0.02302
0.01886
0.01768
0.01583
0.01186
0.01476
0.01853
0.01832
0.01516
0.01119
0.00872
0.00239
-0.00564
-0.00742
-0.00652
-0.00709
-0.00693
-0.00715
-0.00693
-0.00717
-0.00698
-0.0072
-0.00701
-0.00724
-0.00703
-0.0073
-0.00709
-0.00723
-0.00709
-0.00874
-0.0085
-0.0089
-0.00774
-0.00717
-0.00736
-0.0074
-0.00731
-0.00744
-0.00732
-0.0075
-0.00734
-0.00761
-0.00723
-0.00757
-0.00792
-0.00749
-0.00109
-0.0053
-0.0086
-0.0069
-0.00897
-0.01257
-0.01375
-0.01301
-0.01354
-0.01405
-0.01366
-0.01348
-0.0145
-0.01053
-0.00825
-0.00838
-0.00045
0.0066
0.00713
0.01572
0.01924
0.01379
0.01101
0.00866
0.00178
-0.00704
-0.00814
-0.00746
-0.00937
-0.01303
-0.01296
-0.01559
-0.01827
-0.01554
-0.00926
-0.00764
-0.00853
-0.00816
-0.00808
-0.00805
-0.00979
-0.01028
-0.00855
-0.0081
-0.00842
-0.00822
-0.00814
-0.00885
-0.00857
-0.00108
0.00212
0.00127
0.00127
-0.00702
-0.00184
0.00539
0.00626
0.00688
0.00854
0.0088
0.00676
0.0125
0.01919
0.02168
0.03042
0.03111
0.03032
0.03488
0.03721
0.03913
0.03873
0.03655
0.03324
0.02585
0.02407
0.02437
0.02494
0.03054
0.03209
0.03101
0.02673
0.02235
0.02339
0.02297
0.02039
0.01569
0.01232
0.0095
0.00808
0.00868
0.00849
0.00857
0.00651
0.00758
0.01231
0.01506
0.01539
0.0161
0.01981
0.01762
0.01517
0.01559
0.01549
0.01627
0.01568
0.01611
0.01563
0.01623
0.01599
0.01324
0.00866
0.00682
0.00457
0.00435
0.00414
0.00582
0.00626
0.00797
0.00656
0.00468
0.00467
0.00104
-0.00798
-0.00959
-0.00882
-0.0095
-0.00991
-0.0027
0.00355
0.00699
0.01084
0.01496
0.01609
0.01544
0.00849
-0.00033
-0.00794
-0.00952
-0.00977
-0.01118
-0.011
-0.01044
-0.01423
-0.01261
-0.0093
-0.00928
-0.00944
-0.01011
-0.00922
-0.00162
-0.00642
-0.01099
-0.00872
-0.0094
-0.01062
-0.01479
-0.01359
-0.01454
-0.01552
-0.01533
-0.01221
-0.01108
-0.0101
-0.00933
-0.00963
-0.00942
-0.00968
-0.00952
-0.00913
-0.00999
-0.01714
-0.01961
-0.02185
-0.0237
-0.01903
-0.01475
-0.01485
-0.01598
-0.01503
-0.0115
-0.01371
-0.01597
-0.01479
-0.0183
-0.01923
-0.02223
-0.02288
-0.02269
-0.02621
-0.02741
-0.02261
-0.02261
-0.02437
-0.02053
-0.01597
-0.0175
-0.02214
-0.02622
-0.02587
-0.03025
-0.0323
-0.03093
-0.02793
-0.02465
-0.0197
-0.01567
-0.01253
-0.01118
-0.01006
-0.01087
-0.01438
-0.01462
-0.02075
-0.02366
-0.02453
-0.02958
-0.03306
-0.04031
-0.04014
-0.04381
-0.04823
-0.04936
-0.05016
-0.04854
-0.04671
-0.04174
-0.03723
-0.03362
-0.02845
-0.02403
-0.01637
-0.01092
-0.00978
-0.0096
-0.01022
-0.00978
-0.00211
-0.00084
-0.00135
0.00339
0.00472
0.004
0.0047
0.00749
0.0127
0.0154
0.01971
0.02666
0.03072
0.02895
0.02338
0.01759
0.00941
0.00525
-0.00699
-0.01031
-0.0093
-0.00924
-0.00958
-0.01013
-0.01034
0.00174
0.00685
0.00673
0.00607
0.00965
0.01366
0.01851
0.01906
0.0207
0.02364
0.02288
0.02049
0.01981
0.01681
0.01421
0.01634
0.01491
0.01487
0.01823
0.02192
0.02649
0.02678
0.02984
0.03119
0.03126
0.02874
0.02174
0.02146
0.02006
0.01652
0.01413
0.0153
0.01852
0.0227
0.02271
0.02624
0.03118
0.02999
0.02818
0.03098
0.03128
0.02814
0.02217
0.02277
0.01996
0.01899
0.01683
0.0152
0.01431
0.01504
0.01571
0.01551
0.0188
0.01815
0.01738
0.01955
0.01657
0.01362
0.01608
0.01718
0.01396
0.00958
0.00199
-0.00753
-0.00954
-0.01004
-0.01436
-0.01546
-0.0172
-0.02174
-0.02313
-0.01926
-0.01896
-0.01754
-0.01295
-0.00995
-0.00988
0.00092
0.00835
0.01156
0.01371
0.01511
0.01906
0.01987
0.02082
0.02287
0.02651
0.03146
0.03174
0.03098
0.02976
0.02925
0.03067
0.03127
0.0343
0.03547
0.03229
0.03207
0.02489
0.0181
0.00781
-0.00713
-0.0094
-0.00822
-0.01026
-0.01387
-0.01482
-0.01745
-0.01888
-0.01834
-0.01878
-0.01696
-0.015
-0.01436
-0.01488
-0.01464
-0.01431
-0.01347
-0.02017
-0.02299
-0.02462
-0.02548
-0.02848
-0.032
-0.03151
-0.03189
-0.03165
-0.03073
-0.02788
-0.02329
-0.01524
-0.01402
-0.01126
-0.00837
-0.00874
-0.00914
-0.00923
-0.00141
0.00439
0.00743
0.01309
0.01597
0.01919
0.02182
0.0229
0.02358
0.02384
0.0276
0.02966
0.02867
0.02488
0.02368
0.02836
0.02388
0.02284
0.02378
0.02456
0.02462
0.02395
0.02297
0.02079
0.01728
0.01524
0.01624
0.01716
0.0098
0.00642
0.00196
-0.00771
-0.00834
-0.00936
-0.01271
-0.02029
-0.02513
-0.02867
-0.02828
-0.03189
-0.03697
-0.03739
-0.03305
-0.03298
-0.03237
-0.02682
-0.02211
-0.02142
-0.02167
-0.02479
-0.02581
-0.02457
-0.02513
-0.02592
-0.02544
-0.02247
-0.02154
-0.02189
-0.01625
-0.01698
-0.01538
-0.01053
-0.00989
-0.00882
-0.00795
-0.00816
-0.00828
-0.00883
-0.00265
0.00593
0.01418
0.01682
0.0207
0.02439
0.02831
0.02954
0.02524
0.01874
0.01433
0.00761
-0.0057
-0.00852
-0.0085
-0.01402
-0.01596
-0.01297
-0.01207
-0.0196
-0.0221
-0.02291
-0.02419
-0.02928
-0.03369
-0.03294
-0.03522
-0.03366
-0.02909
-0.02889
-0.02287
-0.0168
-0.01433
-0.00977
-0.01095
-0.00915
-0.00732
-0.00797
-0.00811
-0.00825
-0.00244
0.00017
-0.00043
0.00112
0.00463
0.00729
0.01255
0.01514
0.01961
0.02454
0.02313
0.02424
0.02786
0.02732
0.0317
0.03437
0.03312
0.03365
0.03374
0.0339
0.02966
0.02864
0.02933
0.02586
0.02277
0.02448
0.02838
0.02882
0.02845
0.03286
0.03417
0.02989
0.02939
0.02642
0.02437
0.02527
0.0277
0.02922
0.03235
0.0344
0.03259
0.03267
0.03192
0.0338
0.03101
0.02592
0.02344
0.02213
0.01839
0.01475
0.00956
0.00193
-0.00637
-0.00764
-0.00793
-0.01275
-0.0225
-0.02821
-0.03063
-0.03487
-0.03542
-0.04171
-0.04475
-0.04317
-0.04427
-0.04421
-0.03976
-0.03227
-0.03211
-0.02976
-0.02819
-0.02738
-0.03082
-0.0366
-0.03974
-0.03732
-0.03648
-0.04247
-0.04446
-0.04325
-0.04461
-0.04502
-0.0442
-0.03851
-0.03765
-0.03357
-0.02887
-0.02283
-0.01726
-0.01403
-0.01273
-0.0134
-0.01293
-0.01286
-0.01303
-0.01622
-0.01459
-0.01471
-0.02003
-0.02191
-0.02054
-0.01959
-0.02367
-0.02471
-0.02335
-0.02751
-0.02905
-0.02434
-0.02383
-0.02487
-0.02489
-0.02177
-0.01652
-0.01283
-0.01293
-0.00947
-0.00677
-0.00774
-0.00782
-0.00141
0.00569
0.00724
0.00955
0.01679
0.01722
0.01651
0.01827
0.01749
0.01814
0.01725
0.01794
0.02061
0.02315
0.02296
0.03187
0.03383
0.03538
0.03986
0.04473
0.04895
0.04953
0.04697
0.0487
0.04757
0.0475
0.04793
0.05181
0.05321
0.05343
0.05366
0.0537
0.05607
0.0563
0.05468
0.05404
0.05321
0.05271
0.05002
0.05192
0.04956
0.04607
0.04836
0.04249
0.03669
0.03387
0.03432
0.02765
0.02494
0.02328
0.01861
0.01482
0.01006
0.00688
-0.00403
-0.00809
-0.00773
-0.01215
-0.01266
-0.01644
-0.01939
-0.0212
-0.0207
-0.02038
-0.02049
-0.02055
-0.02043
-0.02055
-0.02041
-0.02056
-0.02043
-0.02055
-0.02028
-0.02078
-0.02076
-0.01748
-0.01376
-0.01712
-0.01747
-0.01278
-0.01127
-0.01343
-0.01518
-0.01949
-0.02051
-0.02326
-0.02475
-0.02591
-0.02291
-0.02048
-0.01707
-0.01367
-0.01242
-0.01402
-0.01368
-0.01318
-0.01329
-0.01264
-0.01294
-0.01268
-0.01313
-0.01289
-0.00988
-0.00853
-0.00921
-0.00891
-0.00913
-0.00818
-0.00733
-0.00702
-0.00724
-0.00707
-0.00717
-0.00709
-0.00722
-0.00697
-0.00713
-0.00855
-0.00914
-0.00822
-0.00878
-0.00742
-0.00731
-0.00785
-0.00122
0.00657
0.00587
0.00601
0.00954
0.01415
0.01673
0.01598
0.01736
0.0178
0.0176
0.02105
0.02213
0.01862
0.01779
0.01519
0.01083
0.00859
0.0067
0.00624
0.00639
0.00627
0.00625
0.0064
0.00648
0.00455
0.00393
0.0075
0.01016
0.00854
0.00817
0.00741
0.00269
-0.00564
-0.00775
-0.00673
-0.00729
-0.0071
-0.00717
-0.00791
-0.00903
-0.00761
-0.00702
-0.00728
-0.00721
-0.00729
-0.00709
-0.00709
-0.00771
-0.00759
0.00026
0.00339
0.0017
0.00157
0.00248
0.00296
-0.00535
-0.00792
-0.00671
-0.00875
-0.00925
-0.00826
-0.00809
-0.0091
-0.00762
-0.00691
-0.00786
-0.00761
0.00024
0.00335
0.00104
0.00119
0.00195
0.00559
0.00613
0.00629
0.00747
0.00236
-0.00631
-0.00757
-0.00698
-0.00729
-0.00734
-0.00699
-0.00863
-0.01228
-0.01335
-0.01276
-0.01304
-0.01296
-0.01391
-0.01316
-0.01293
-0.01326
-0.01319
-0.00931
-0.00862
-0.00805
-0.0071
-0.00746
-0.00728
-0.0074
-0.00729
-0.0074
-0.00731
-0.00739
-0.00732
-0.00739
-0.00732
-0.00746
-0.00729
-0.0072
-0.00769
-0.00811
-0.00122
0.00623
0.00449
0.00622
0.01508
0.0179
0.02094
0.02133
0.02229
0.02135
0.02098
0.02267
0.01851
0.01742
0.01772
0.01479
0.01429
0.01165
0.00693
0.00187
-0.00621
-0.00773
-0.00714
-0.00728
-0.00816
-0.00914
-0.0095
-0.0089
-0.00841
-0.0122
-0.01382
-0.00915
-0.00883
-0.00802
-0.00735
-0.00823
-0.00777
-0.0073
-0.00759
-0.00735
-0.00743
-0.00773
-0.00776
-0.00234
0.00054
0.0012
0.0008
-0.00593
-0.00811
-0.00708
-0.00755
-0.00741
-0.00759
-0.00738
-0.00764
-0.00734
-0.00741
-0.00786
-0.00807
-0.0002
0.00584
0.00739
0.00906
0.00969
0.01493
0.01725
0.01652
0.01529
0.00989
0.00927
0.00851
0.00922
0.01021
0.00952
0.00941
0.01283
0.01781
0.01488
0.01418
0.01588
0.01792
0.01867
0.01411
0.01721
0.01903
0.01603
0.01521
0.01557
0.0155
0.01721
0.0161
0.01503
0.0156
0.01823
0.01586
0.0091
0.00656
0.0019
-0.00626
-0.00797
-0.00718
-0.00747
-0.00755
-0.00878
-0.00939
-0.01231
-0.01363
-0.0129
-0.01354
-0.01335
-0.01042
-0.00743
-0.00779
-0.00729
-0.00765
-0.008
-0.00752
0.00044
-0.00466
-0.00885
-0.00701
-0.00762
-0.00738
-0.0077
-0.00739
-0.00763
-0.00743
-0.0076
-0.00744
-0.00764
-0.00738
-0.00747
-0.0078
-0.00789
-0.00167
0.00225
0.00477
0.00626
0.00708
0.0081
0.00922
0.01047
0.00807
0.00559
0.00554
0.00721
0.00343
0.00144
-0.00548
-0.00846
-0.00741
-0.00173
0.00229
0.00497
0.00633
0.00415
0.00541
0.00624
0.00678
0.00617
0.00507
0.00723
0.00816
0.00933
0.01012
0.00983
0.00875
0.00708
0.00322
0.00145
0.00102
-0.00583
-0.0081
-0.00698
-0.00726
-0.00782
-0.00796
-0.00008
0.00587
0.0075
0.00966
0.00837
0.00772
0.00971
0.01024
0.0084
0.00775
0.00809
0.0095
0.0103
0.00992
0.00867
0.0062
0.00316
-0.00543
-0.008
-0.00686
-0.00733
-0.00729
-0.00736
-0.00724
-0.00731
-0.00733
-0.00723
-0.00709
-0.00773
-0.00773
-0.00004
0.00611
0.00758
0.0097
0.0086
0.00957
0.00893
0.00797
0.00681
0.00612
0.00626
0.00551
0.00757
0.00699
0.00613
0.00627
0.00461
0.00726
0.00868
0.00803
0.00829
0.00835
0.00825
0.00678
0.00686
0.00374
-0.00533
-0.00782
-0.00655
-0.00712
-0.00704
-0.00782
-0.00718
-0.00858
-0.00875
-0.00805
-0.01152
-0.01306
-0.0125
-0.01599
-0.01303
-0.01257
-0.01384
-0.01586
-0.01678
-0.01651
-0.01662
-0.01542
-0.01553
-0.01935
-0.01704
-0.01572
-0.01547
-0.0127
-0.01264
-0.0125
-0.01341
-0.01302
-0.01264
-0.00877
-0.00807
-0.00899
-0.00859
-0.00869
-0.00858
-0.00869
-0.00859
-0.00864
-0.00854
-0.00875
-0.00861
-0.0072
-0.00651
-0.0069
-0.00664
-0.0068
-0.0066
-0.00686
-0.00648
-0.00666
-0.0071
-0.00696
0.00088
0.00227
0.00194
0.00328
0.00179
0.00045
-0.00509
-0.00701
-0.00675
-0.00686
0.00096
0.00245
0.00179
0.00319
0.00579
0.00894
0.00876
0.01025
0.00942
0.01307
0.01277
0.01455
0.0164
0.01162
0.01066
0.01118
0.00963
0.00828
0.00902
0.01445
0.01549
0.01174
0.01648
0.0171
0.01471
0.01029
0.0103
0.00996
0.00749
0.00799
0.00454
0.00296
0.00328
0.00304
0.00743
0.00863
0.00431
0.00297
0.00294
0.00152
0.00308
0.00345
0.00356
0.00329
0.0033
0.00352
0.00721
0.00457
0.00695
0.00912
0.00415
0.00211
0.0035
-0.00367
-0.00705
-0.00552
-0.0061
-0.00592
-0.00618
-0.00583
-0.0059
-0.00643
-0.00624
-0.00019
0.00111
-0.00515
0.00105
0.00471
0.00296
0.00662
0.00925
0.01112
0.01151
0.01148
0.01074
0.00969
0.00945
0.00952
0.01113
0.01167
0.01148
0.01145
0.01172
0.0116
0.0102
0.00811
0.0077
0.00364
0.00343
-0.00305
-0.00713
-0.0057
0.00149
0.00786
0.00873
0.01112
0.01515
0.01871
0.01965
0.01694
0.01592
0.01344
0.00867
0.00852
0.00775
0.00513
0.00311
0.00302
-0.00415
-0.00599
-0.00537
-0.00536
-0.00569
-0.00546
-0.00551
-0.00528
-0.00715
-0.00743
-0.00598
-0.00509
-0.00554
-0.00588
-0.00584
0.00219
0.00459
0.0039
0.00795
0.00556
0.00398
0.00485
-0.00342
-0.00613
-0.00502
-0.00531
-0.00542
-0.0054
-0.00528
-0.00527
-0.00669
-0.00736
-0.00804
-0.00724
-0.00616
-0.00988
-0.01146
-0.01101
-0.01116
-0.00714
-0.00666
-0.00738
-0.00567
-0.00582
-0.00564
-0.00509
-0.00534
-0.00517
-0.00531
-0.00515
-0.0053
-0.00515
-0.00529
-0.00512
-0.00529
-0.00516
-0.00525
-0.00489
-0.00569
-0.00566
0.00123
0.00897
0.00862
0.00798
0.0052
0.00808
0.00576
0.0031
-0.00295
-0.006
-0.00459
-0.00534
-0.00486
-0.00529
-0.00639
-0.00709
-0.00687
-0.00871
-0.00602
-0.00472
-0.00527
-0.00519
-0.00493
-0.00484
-0.00796
-0.01075
-0.01084
-0.01011
-0.00948
-0.0098
-0.01364
-0.01521
-0.01292
-0.01275
-0.01116
-0.01067
-0.01097
-0.01095
-0.00779
-0.00664
-0.00562
-0.00496
-0.0051
-0.00486
-0.00546
-0.00562
0.00154
0.00828
0.00822
0.00745
0.00962
0.01064
0.01
0.01214
0.01239
0.01047
0.01143
0.01641
0.01676
0.01578
0.01361
0.01515
0.0176
0.01682
0.01386
0.01617
0.01785
0.01148
0.01146
0.01144
0.00879
0.00536
0.00354
0.00307
0.0026
0.00271
0.00263
0.00394
0.00455
0.00742
0.00875
0.00825
0.00858
0.00576
0.00306
-0.0034
-0.00568
-0.00474
-0.00512
-0.00475
-0.00649
-0.01004
-0.01114
-0.01055
-0.01092
-0.01072
-0.01083
-0.01092
-0.01113
-0.0078
-0.00522
-0.00511
-0.00525
-0.0051
-0.00515
-0.00511
-0.00517
-0.00511
-0.00518
-0.00512
-0.00518
-0.00513
-0.00519
-0.00514
-0.00519
-0.00515
-0.0052
-0.00517
-0.0052
-0.00517
-0.00521
-0.00525
-0.00511
-0.00507
-0.00577
-0.00544
0.0023
0.00393
0.00162
0.00271
0.00384
0.00483
0.00248
0.00321
0.00306
0.00285
-0.00378
-0.00574
-0.00493
-0.00555
-0.00562
0.00059
0.00308
0.00511
0.00504
0.00395
0.00434
0.00406
0.00482
0.00454
-0.0032
-0.00628
-0.00479
-0.00548
-0.00524
-0.00553
-0.00524
-0.00549
-0.0053
-0.00548
-0.00532
-0.00548
-0.00535
-0.00548
-0.00536
-0.0055
-0.00542
-0.00536
-0.00539
-0.00698
-0.00723
-0.00709
-0.01036
-0.01152
-0.0109
-0.01151
-0.01133
-0.00751
-0.00585
-0.00746
-0.00743
-0.00749
-0.00581
-0.00548
-0.00555
-0.00563
-0.00548
-0.00564
-0.00549
-0.00565
-0.00549
-0.00573
-0.00542
-0.00558
-0.00592
-0.00598
0.00052
0.00278
0.00182
0.00198
0.00205
0.00365
0.00413
0.00236
0.00314
0.00405
0.00754
0.00836
0.0088
0.01009
0.01097
0.01036
0.01085
0.0121
0.01
0.00974
0.00731
0.00739
0.00793
0.00787
0.00509
0.00235
-0.00406
-0.00639
-0.00536
-0.00586
-0.00572
-0.0059
-0.00571
-0.00587
-0.00575
-0.00588
-0.00576
-0.00588
-0.00578
-0.00589
-0.00578
-0.00591
-0.00579
-0.00592
-0.00579
-0.006
-0.0057
-0.00583
-0.00629
-0.00623
0.0015
0.00433
0.00606
0.00939
0.01089
0.01181
0.01112
0.00999
0.01078
0.01178
0.00971
0.01094
0.0099
0.01077
0.01189
0.01129
0.00766
0.00751
0.00517
-0.00431
-0.00662
-0.00552
-0.00599
-0.00595
-0.00613
-0.00583
-0.00593
-0.00631
-0.00644
0.00005
0.00382
0.00348
0.00349
0.00278
0.0023
0.00196
-0.00428
-0.00675
-0.00559
-0.00611
-0.00594
-0.00615
-0.00593
-0.00612
-0.00597
-0.0061
-0.00598
-0.0061
-0.00599
-0.00609
-0.00605
-0.00602
-0.00589
-0.00651
-0.00627
-0.0001
0.00299
0.00281
0.0066
0.00752
0.00901
0.00923
0.00842
0.01062
0.01176
0.00865
0.00897
0.00949
0.00947
0.00798
0.00717
0.00431
0.00696
0.00814
0.00727
0.00762
0.00433
0.00318
0.00377
0.00355
0.00331
0.00331
0.0074
0.008
0.00705
0.00735
0.00884
0.00958
0.01068
0.00997
0.01072
0.01008
0.00865
0.01028
0.01468
0.01429
0.01546
0.01893
0.01861
0.0229
0.02322
0.02256
0.023
0.0238
0.01994
0.01868
0.01945
0.01611
0.01245
0.01157
0.01154
0.0099
0.0071
0.00725
0.00457
0.00339
0.00379
0.00134
0.00127
0.00194
0.00166
0.00309
0.00354
0.00648
0.00801
0.00823
0.00484
0.00287
0.00383
0.00658
0.00788
0.0071
0.00918
0.0095
0.00952
0.00931
0.00959
0.00944
0.0096
0.00803
0.00764
0.00425
0.00111
-0.0044
-0.00642
-0.00553
-0.00596
-0.00582
-0.00596
-0.00581
-0.00592
-0.00583
-0.0059
-0.00582
-0.00588
-0.00582
-0.00586
-0.00582
-0.00585
-0.00581
-0.00584
-0.0058
-0.00582
-0.00579
-0.00581
-0.00578
-0.0058
-0.00578
-0.00579
-0.00575
-0.00579
-0.00578
-0.00566
-0.00569
-0.00718
-0.00775
-0.00745
-0.00761
-0.00754
-0.00754
-0.00751
-0.00838
-0.00793
-0.00746
-0.00615
-0.00552
-0.0057
-0.00572
-0.00648
-0.00567
-0.00555
-0.00876
-0.00805
-0.00695
-0.01063
-0.01165
-0.01118
-0.01132
-0.0113
-0.01127
-0.01152
-0.01142
-0.00825
-0.00714
-0.0077
-0.00592
-0.00545
-0.00558
-0.0056
-0.0055
-0.00557
-0.0055
-0.00556
-0.00547
-0.00556
-0.00546
-0.00555
-0.00543
-0.0056
-0.00534
-0.00543
-0.0058
-0.00582
0.00106
0.00458
0.00756
0.00868
0.00761
0.00824
0.00792
0.00816
0.00783
0.00845
0.00805
0.005
0.00348
0.00458
-0.00327
-0.0062
-0.00495
-0.00535
-0.00534
-0.00541
-0.0053
-0.00535
-0.00532
-0.00533
-0.00532
-0.00531
-0.00531
-0.0053
-0.00531
-0.00529
-0.0053
-0.00527
-0.00529
-0.00526
-0.00528
-0.00525
-0.00527
-0.00524
-0.00526
-0.00522
-0.00525
-0.00521
-0.00525
-0.0052
-0.00524
-0.00519
-0.00523
-0.00518
-0.00522
-0.00517
-0.00521
-0.00516
-0.0052
-0.00515
-0.0052
-0.00514
-0.00519
-0.00513
-0.00518
-0.00511
-0.00517
-0.00516
-0.0051
-0.00495
-0.0056
-0.00541
0.00092
0.00466
0.00329
0.00715
0.00866
0.00976
0.0104
0.01026
0.01029
0.01038
0.01023
0.01032
0.01051
0.01046
0.00715
0.00751
0.00906
0.00922
0.00535
0.00409
0.00875
0.00599
0.00387
0.00482
0.00444
0.00473
0.00444
0.00451
0.00346
0.00443
-0.00274
-0.00595
-0.00453
-0.00507
-0.00494
-0.00511
-0.00493
-0.00505
-0.00497
-0.00503
-0.00499
-0.005
-0.005
-0.00498
-0.00503
-0.00496
-0.00498
-0.005
-0.00569
-0.00512
-0.00636
-0.00713
-0.00654
-0.00585
-0.00959
-0.01188
-0.0108
-0.01063
-0.01043
-0.01014
-0.01355
-0.01109
-0.01032
-0.01447
-0.01483
-0.0131
-0.01067
-0.01075
-0.01228
-0.01135
-0.01035
-0.01081
-0.01053
-0.01107
-0.01067
-0.00699
-0.00614
-0.00733
-0.00517
-0.00503
-0.00479
-0.00501
-0.00532
-0.00536
0.00246
0.00522
0.007
0.01029
0.01197
0.01262
0.01068
0.01032
0.01026
0.01107
0.0122
0.01243
0.01084
0.01032
0.00896
0.00833
0.00861
0.00838
0.00845
0.01
0.01065
0.01031
0.01049
0.01045
0.01037
0.01035
0.01197
0.01254
0.01217
0.01245
0.01256
0.01081
0.00782
0.00959
0.01082
0.01027
0.00886
0.00808
0.0084
0.00928
0.0095
0.00543
0.00408
0.00477
0.00365
0.00348
0.00315
0.00204
-0.00369
-0.00555
-0.00478
-0.00493
-0.00488
-0.00557
-0.00521
0.00238
0.00436
0.00333
0.00752
0.00963
0.01003
0.01127
0.01198
0.0102
0.01119
0.00956
0.00931
0.00994
0.00747
0.00743
0.00542
0.00243
-0.00362
-0.00597
-0.0048
-0.00544
-0.00517
-0.00532
-0.00505
-0.00672
-0.00703
-0.00694
-0.00686
-0.00697
-0.00685
-0.00689
-0.00678
-0.00696
-0.00675
-0.00549
-0.00552
-0.00542
-0.00479
-0.00509
-0.00486
-0.00502
-0.00482
-0.00497
-0.00479
-0.00492
-0.00475
-0.00487
-0.00471
-0.00481
-0.00466
-0.00476
-0.00461
-0.0047
-0.00456
-0.00464
-0.00451
-0.00458
-0.00447
-0.00452
-0.0044
-0.00446
-0.00441
-0.00429
-0.00419
-0.00482
-0.00436
0.00235
0.00351
0.00305
0.00787
0.00783
0.00738
0.0073
0.00756
0.00709
0.00733
0.00845
0.00913
0.00742
0.00713
0.00432
0.0036
0.00365
0.00237
0.00212
0.00239
-0.00322
-0.00502
-0.00424
-0.00439
-0.00446
-0.00435
-0.00439
-0.00424
-0.00434
-0.00415
-0.00433
-0.004
-0.00414
-0.0043
-0.00438
0.00096
0.00265
0.00251
0.00297
0.00349
0.00247
0.00296
0.00295
0.00326
-0.00216
-0.0048
-0.00349
-0.00403
-0.00375
-0.00397
-0.00366
-0.00388
-0.00358
-0.00364
-0.00376
-0.00401
0.00039
0.00399
0.00273
-0.00248
-0.00395
-0.00309
-0.00346
-0.00328
-0.0034
-0.00316
-0.00329
-0.00307
-0.00324
-0.00292
-0.00305
-0.00313
-0.0032
0.00135
0.00304
0.00432
0.00424
0.00563
0.00681
0.00613
0.00593
0.00598
0.00525
0.00506
0.0061
0.00601
0.00592
0.00473
0.00541
0.00588
0.00566
0.00549
0.00497
0.00625
0.00681
0.00643
0.00649
0.00626
0.00626
0.00711
0.00744
0.0071
0.00713
0.00696
0.0069
0.00672
0.00677
0.00655
0.00553
0.00514
0.00528
0.00362
0.0027
0.00298
0.00268
0.00327
0.00452
0.00331
0.00399
0.0033
0.00288
0.00331
0.00296
0.00298
0.0034
0.00356
0.00126
-0.00011
-0.00036
0.00057
0.00081
-0.00362
-0.00509
-0.00431
-0.00456
-0.00444
-0.00449
-0.00431
-0.00437
-0.00422
-0.00426
-0.00412
-0.00416
-0.00401
-0.00405
-0.0039
-0.00397
-0.00376
-0.00378
-0.00386
-0.00389
-0.00073
0.00053
-0.00041
-0.00294
-0.0038
-0.00328
-0.00346
-0.00333
-0.00334
-0.00321
-0.00321
-0.0031
-0.00309
-0.00299
-0.00297
-0.00288
-0.00285
-0.00277
-0.00273
-0.00265
-0.00261
-0.00253
-0.00249
-0.00242
-0.00237
-0.0023
-0.00225
-0.00219
-0.00213
-0.00207
-0.00202
-0.00196
-0.0019
-0.00185
-0.00179
-0.00173
-0.00167
-0.00162
-0.00156
-0.00151
-0.00145
-0.0014
-0.00133
-0.00129
-0.00122
-0.00119
-0.00111
-0.00108
-0.00101
-0.001
-0.00087
-0.00084
-0.00094
-0.00082
0.0013
0.0017
0.00157
0.0019
0.00134
0.00163
0.00149
0.00127
-0.00023
-0.00077
-0.00045
-0.00053
-0.00044
-0.00047
-0.00032
-0.00033
-0.00038
-0.0003
0.00136
0.00155
0.00148
0.00251
0.0025
0.00196
0.00198
0.0025
0.00284
0.0025
0.00226
0.00252
0.0032
0.00331
0.00291
0.0025
0.00278
0.00233
0.00166
0.00169
0.00158
0.00137
0.00117
0.00081
0.00055
0.00053
0.00039
0.00057
-0.00036
-0.00068
-0.0005
-0.00051
-0.00049
-0.00046
-0.00043
-0.0004
-0.00038
-0.00034
-0.00032
-0.00029
-0.00027
-0.00024
-0.00023
-0.00018
-0.00017
-0.00017
-0.00016
0.00036
0.00057
0.00054
0.00058
0.00075
0.00071
0.0008
0.00088
0.00078
0.00077
0.00072
0.00071
0.00065
0.00054
0.00048
0.00052
0.00029
0.00021
0.00025
0.00022
-0.00013
-0.00024
-0.00017
-0.00018
-0.00016
-0.00015
-0.00013
-0.00013
-0.00011
-0.00011
-0.0001
-0.00009
-0.00008
-0.00007
-0.00006
-0.00006
-0.00005
-0.00004
-0.00004
-0.00003
-0.00003
-0.00002
-0.00002
-0.00001
-0.00001
-0.00001
0
0
0
0
0.00001
0.00001
0.00001
0.00001
0.00001
0.00001
0.00001
0.00001
0.00001
0.00001
0
0
0
0
0
-0.00001
-0.00001
-0.00001
-0.00002
-0.00002
-0.00002
-0.00003
-0.00003
-0.00003
-0.00004
-0.00004
-0.00005
-0.00005
-0.00006
-0.00006
-0.00007
-0.00007
-0.00008
-0.00008
-0.00009
-0.0001
-0.0001
-0.00011
-0.00011
-0.00012
-0.00013
-0.00013
-0.00013
-0.00014
-0.00015
-0.00016
-0.00016
-0.00017
-0.00018
-0.00019
-0.00019
-0.0002
-0.00021
-0.00021
-0.00022
-0.00023
-0.00023
-0.00024
-0.00025
-0.00025
-0.00026
-0.00027
-0.00027
-0.00028
-0.00028
-0.00029
-0.0003
-0.0003
-0.00031
-0.00032
-0.00032
-0.00033
-0.00034
-0.00034
-0.00035
-0.00035
-0.00036
-0.00037
-0.00037
-0.00038
-0.00038
-0.00039