0.0025
-0.00974
-0.00973
-0.00972
-0.0097
-0.00969
-0.00968
-0.00966
-0.00965
-0.00964
-0.00962
-0.00961
-0.00959
-0.00958
-0.00957
-0.00955
-0.00954
-0.00952
-0.00951
-0.00949
-0.00948
-0.00946
-0.00945
-0.00943
-0.00942
-0.0094
-0.00939
-0.00937
-0.00935
-0.00934
-0.00932
-0.0093
-0.00929
-0.00927
-0.00924
-0.00922
-0.00919
-0.00916
-0.00913
-0.00911
-0.00909
-0.00908
-0.00907
-0.00906
-0.00906
-0.00907
-0.0091
-0.00913
-0.00914
-0.00912
-0.00909
-0.00905
-0.00901
-0.00895
-0.00888
-0.00881
-0.00876
-0.00873
-0.00872
-0.00873
-0.00876
-0.00879
-0.00884
-0.00891
-0.00897
-0.00899
-0.00898
-0.00893
-0.00883
-0.00869
-0.00854
-0.00838
-0.00822
-0.00812
-0.00811
-0.00815
-0.0082
-0.00826
-0.00837
-0.00856
-0.00888
-0.00927
-0.00961
-0.00965
-0.00935
-0.00899
-0.00871
-0.00841
-0.00802
-0.00766
-0.00751
-0.00754
-0.00757
-0.00756
-0.00757
-0.0076
-0.00767
-0.0078
-0.008
-0.00818
-0.00827
-0.00824
-0.00818
-0.00815
-0.00817
-0.00817
-0.00813
-0.00808
-0.00806
-0.00809
-0.00818
-0.00829
-0.0084
-0.0085
-0.00863
-0.00887
-0.00923
-0.00964
-0.00998
-0.01023
-0.01046
-0.01074
-0.01104
-0.01119
-0.01099
-0.01037
-0.00955
-0.00874
-0.00804
-0.00749
-0.00723
-0.00728
-0.00752
-0.00777
-0.008
-0.00822
-0.00841
-0.00861
-0.00895
-0.00936
-0.00953
-0.0093
-0.00883
-0.00834
-0.00803
-0.00792
-0.00796
-0.00805
-0.00817
-0.0083
-0.00846
-0.00858
-0.00855
-0.00819
-0.00753
-0.00672
-0.00597
-0.00558
-0.0057
-0.0062
-0.00694
-0.0079
-0.00911
-0.01053
-0.01193
-0.01301
-0.01356
-0.01304
-0.01115
-0.00845
-0.00581
-0.00374
-0.00244
-0.00215
-0.00319
-0.005
-0.00659
-0.00771
-0.0089
-0.01067
-0.01284
-0.01451
-0.01436
-0.01226
-0.00972
-0.00783
-0.00661
-0.00576
-0.00519
-0.00498
-0.00528
-0.00581
-0.00605
-0.00594
-0.0058
-0.00576
-0.00574
-0.00557
-0.00535
-0.00537
-0.00584
-0.0068
-0.0081
-0.00941
-0.01063
-0.01183
-0.01305
-0.01408
-0.01447
-0.01395
-0.01277
-0.01127
-0.00964
-0.00801
-0.00665
-0.00564
-0.0052
-0.00564
-0.00697
-0.00876
-0.01071
-0.013
-0.01607
-0.01957
-0.02241
-0.02345
-0.0226
-0.02043
-0.01721
-0.01306
-0.0083
-0.00339
0.00101
0.00372
0.00431
0.0038
0.00343
0.0036
0.0039
0.00379
0.0031
0.00196
0.00023
-0.00217
-0.00481
-0.00713
-0.00959
-0.01287
-0.01615
-0.01655
-0.0133
-0.00929
-0.00646
-0.00452
-0.00282
-0.00116
0.00049
0.00224
0.00391
0.00487
0.00495
0.00448
0.00347
0.00177
-0.00088
-0.00484
-0.01006
-0.01512
-0.01826
-0.01843
-0.01603
-0.01339
-0.01207
-0.01167
-0.0112
-0.01047
-0.0099
-0.00965
-0.00962
-0.00971
-0.00966
-0.00917
-0.00817
-0.00666
-0.00468
-0.0025
-0.0008
-0.00022
-0.00086
-0.00209
-0.00298
-0.00304
-0.00247
-0.00168
-0.00101
-0.0005
-0.00006
0.00035
0.00076
0.00113
0.00123
0.00099
0.00035
-0.00066
-0.00196
-0.0035
-0.00555
-0.0082
-0.01117
-0.01369
-0.01547
-0.01658
-0.01664
-0.015
-0.0113
-0.00597
0
0.00606
0.01148
0.0155
0.01846
0.02086
0.02198
0.02143
0.02043
0.01959
0.01779
0.01387
0.00754
-0.00067
-0.00948
-0.0164
-0.01926
-0.01952
-0.0195
-0.01872
-0.0161
-0.01148
-0.0051
0.00195
0.00787
0.01174
0.01307
0.01126
0.00757
0.00441
0.00275
0.00184
0.00089
0.00026
0.00057
0.0014
0.00189
0.0018
0.00133
0.00087
0.00064
0.00048
0.0002
-0.00029
-0.001
-0.00179
-0.00236
-0.0023
-0.00126
0.00109
0.00477
0.00958
0.01507
0.0208
0.02562
0.028
0.02755
0.02553
0.02332
0.02121
0.01883
0.01572
0.01159
0.00703
0.00336
0.00239
0.00414
0.0066
0.00872
0.01079
0.01344
0.01685
0.02057
0.02411
0.02707
0.02894
0.02934
0.02829
0.02647
0.02448
0.02209
0.01823
0.01195
0.00391
-0.003
-0.00639
-0.00696
-0.00645
-0.00576
-0.0049
-0.00357
-0.00146
0.00132
0.00429
0.00784
0.0129
0.01919
0.02599
0.03271
0.03821
0.04104
0.04187
0.04224
0.04228
0.04119
0.0374
0.02949
0.01744
0.00435
-0.00381
-0.00295
0.00408
0.01114
0.01606
0.021
0.0284
0.03775
0.04644
0.05411
0.06157
0.06554
0.06455
0.06262
0.06255
0.06355
0.064
0.0628
0.05909
0.05228
0.04329
0.03546
0.03284
0.03535
0.03889
0.04122
0.0431
0.04564
0.04922
0.05372
0.05837
0.06226
0.06529
0.06696
0.06695
0.06607
0.06479
0.06313
0.06107
0.0588
0.05695
0.05646
0.05817
0.06215
0.0678
0.0746
0.08154
0.08662
0.08799
0.0866
0.08545
0.08551
0.08584
0.0858
0.08487
0.08178
0.07499
0.06305
0.04602
0.02756
0.01317
0.00162
-0.01017
-0.01992
-0.02864
-0.04049
-0.05482
-0.06659
-0.07631
-0.08833
-0.10093
-0.11253
-0.12589
-0.14047
-0.15243
-0.1614
-0.1689
-0.1747
-0.17752
-0.17815
-0.17812
-0.17682
-0.1724
-0.16309
-0.14872
-0.132
-0.11618
-0.10218
-0.09208
-0.08682
-0.08297
-0.07842
-0.07283
-0.06573
-0.05853
-0.05349
-0.05014
-0.0459
-0.03943
-0.03084
-0.02103
-0.01121
-0.00257
0.00425
0.01003
0.01504
0.01922
0.02341
0.02901
0.03516
0.0403
0.04541
0.05252
0.06194
0.0711
0.0781
0.08387
0.0888
0.09234
0.09325
0.09208
0.09013
0.08562
0.07434
0.05405
0.02805
0.00604
-0.00695
-0.01795
-0.03506
-0.05543
-0.0724
-0.08517
-0.09444
-0.10063
-0.10635
-0.11317
-0.11855
-0.12155
-0.1241
-0.12781
-0.13246
-0.1375
-0.14228
-0.14596
-0.1475
-0.147
-0.14549
-0.14322
-0.13957
-0.134
-0.12654
-0.11875
-0.11318
-0.11094
-0.11033
-0.10881
-0.10538
-0.09992
-0.0916
-0.07946
-0.06333
-0.04517
-0.03055
-0.02304
-0.01937
-0.01537
-0.01066
-0.00688
-0.00389
-0.00029
0.00427
0.01015
0.01798
0.0284
0.04128
0.05455
0.06465
0.06972
0.07067
0.06905
0.06716
0.06544
0.05985
0.04533
0.02104
-0.00595
-0.02362
-0.02565
-0.01753
-0.01031
-0.00922
-0.01126
-0.01191
-0.00939
-0.00457
0.00056
0.0044
0.00642
0.00778
0.01087
0.01717
0.02618
0.03699
0.0488
0.06236
0.07888
0.09871
0.12132
0.14535
0.16851
0.18658
0.20126
0.21911
0.23848
0.25293
0.26233
0.27041
0.27846
0.28509
0.28936
0.29109
0.2913
0.29111
0.28916
0.28208
0.2676
0.24742
0.22906
0.22081
0.21957
0.21475
0.2052
0.19757
0.19316
0.18835
0.18303
0.17903
0.17583
0.17181
0.16641
0.15985
0.15198
0.14157
0.12796
0.11188
0.09505
0.07824
0.05946
0.03943
0.01974
-0.0004
-0.01921
-0.0336
-0.04415
-0.05497
-0.06492
-0.06973
-0.07038
-0.06976
-0.0685
-0.06451
-0.05496
-0.03977
-0.02304
-0.01045
-0.00433
-0.00294
-0.00342
-0.00376
-0.00415
-0.00646
-0.01396
-0.02925
-0.05065
-0.06954
-0.0777
-0.07706
-0.07562
-0.07622
-0.07674
-0.07629
-0.07232
-0.05936
-0.03399
0.0004
0.03281
0.0585
0.08237
0.10293
0.11964
0.14006
0.16383
0.1822
0.19386
0.20063
0.20093
0.19725
0.19474
0.19196
0.18249
0.16341
0.14075
0.12744
0.12698
0.1294
0.12923
0.12827
0.12793
0.12716
0.12548
0.123
0.11941
0.11279
0.10047
0.08078
0.05608
0.03279
0.01452
-0.00185
-0.01775
-0.02995
-0.03506
-0.0338
-0.03184
-0.03392
-0.03994
-0.04819
-0.05626
-0.06135
-0.06071
-0.05434
-0.0459
-0.04037
-0.04085
-0.04643
-0.05207
-0.05321
-0.04679
-0.03116
-0.00638
0.02237
0.04449
0.05179
0.04956
0.04563
0.04117
0.03373
0.01695
-0.01515
-0.05612
-0.09556
-0.12694
-0.14997
-0.16959
-0.18147
-0.18225
-0.17769
-0.17488
-0.17551
-0.17415
-0.16457
-0.14769
-0.13004
-0.1175
-0.11656
-0.125
-0.13089
-0.12965
-0.12633
-0.1256
-0.12809
-0.13394
-0.14376
-0.1556
-0.16396
-0.16306
-0.15428
-0.14442
-0.13539
-0.12471
-0.11181
-0.09752
-0.08458
-0.07823
-0.07836
-0.0785
-0.07409
-0.06459
-0.05012
-0.03069
-0.00863
0.01172
0.02754
0.04026
0.05156
0.06205
0.07274
0.0842
0.09842
0.11436
0.13014
0.14595
0.15887
0.16393
0.16306
0.16248
0.16376
0.16382
0.15839
0.14466
0.12367
0.10298
0.09176
0.09026
0.09112
0.08803
0.07857
0.06564
0.05322
0.04289
0.03566
0.03223
0.03219
0.03354
0.03418
0.0327
0.0283
0.02067
0.00887
-0.00841
-0.03015
-0.04819
-0.05652
-0.0596
-0.06253
-0.06808
-0.07601
-0.0842
-0.09206
-0.09983
-0.10739
-0.11565
-0.12459
-0.13522
-0.14991
-0.16961
-0.19218
-0.21176
-0.22577
-0.23527
-0.23841
-0.23545
-0.22791
-0.21055
-0.17509
-0.12196
-0.06448
-0.02878
-0.01949
-0.01236
-0.00004
0.00559
0.00338
0.00425
0.01068
0.01806
0.02195
0.02019
0.01031
-0.00851
-0.03334
-0.0543
-0.06758
-0.07928
-0.09008
-0.09683
-0.10326
-0.11209
-0.11453
-0.09719
-0.05399
0.00914
0.07184
0.10997
0.11818
0.1201
0.13917
0.16709
0.17824
0.17173
0.16415
0.15638
0.13747
0.10458
0.07057
0.05819
0.06961
0.08088
0.08044
0.07432
0.0682
0.06201
0.05639
0.05308
0.05246
0.05356
0.05623
0.06061
0.0672
0.07667
0.08865
0.10039
0.10857
0.11163
0.11012
0.10629
0.10305
0.09997
0.09439
0.08521
0.075
0.06895
0.07071
0.0777
0.08489
0.09087
0.09703
0.10325
0.10746
0.10788
0.10549
0.10211
0.09782
0.09075
0.07905
0.06354
0.05013
0.04316
0.04137
0.04068
0.03631
0.02747
0.0151
-0.00124
-0.02041
-0.04082
-0.06323
-0.08584
-0.10572
-0.12133
-0.132
-0.1371
-0.13503
-0.13108
-0.13245
-0.13387
-0.12426
-0.10045
-0.07077
-0.04675
-0.03758
-0.04203
-0.04867
-0.04942
-0.0435
-0.03446
-0.02884
-0.03472
-0.05699
-0.09126
-0.12625
-0.14823
-0.15276
-0.152
-0.15613
-0.16313
-0.16724
-0.16822
-0.16832
-0.16755
-0.16359
-0.15381
-0.13768
-0.11745
-0.0978
-0.08149
-0.06625
-0.04875
-0.02917
-0.01058
0.00507
0.01573
0.02146
0.02494
0.02779
0.03055
0.03455
0.04002
0.0448
0.04633
0.04272
0.03132
0.01
-0.01865
-0.04348
-0.05479
-0.05694
-0.05718
-0.05563
-0.0526
-0.04833
-0.03771
-0.01426
0.01992
0.05307
0.07366
0.08265
0.08678
0.08913
0.09212
0.09553
0.09547
0.08676
0.06673
0.03988
0.01992
0.01678
0.02512
0.03367
0.0364
0.03238
0.02335
0.01121
-0.00334
-0.01981
-0.03669
-0.05196
-0.06585
-0.08156
-0.09765
-0.11308
-0.13068
-0.14629
-0.15319
-0.15445
-0.15623
-0.15492
-0.14106
-0.1075
-0.06073
-0.01929
-0.00194
-0.00464
-0.00918
-0.00816
-0.00191
0.00416
0.00822
0.01227
0.01749
0.02349
0.0299
0.03692
0.04434
0.04988
0.04979
0.0427
0.0291
0.00763
-0.02143
-0.05058
-0.07377
-0.09426
-0.1142
-0.13067
-0.14272
-0.1522
-0.15853
-0.16234
-0.1631
-0.15403
-0.12295
-0.06469
0.00614
0.06181
0.09071
0.10796
0.12634
0.14458
0.16107
0.17551
0.18944
0.20115
0.20976
0.21631
0.21931
0.20822
0.1705
0.10502
0.03611
-0.01772
-0.06458
-0.11353
-0.16311
-0.20562
-0.23525
-0.25139
-0.26298
-0.2835
-0.31268
-0.33469
-0.33705
-0.32551
-0.31016
-0.29023
-0.26727
-0.25063
-0.24683
-0.25717
-0.27088
-0.27366
-0.26544
-0.25398
-0.24115
-0.2219
-0.19103
-0.1504
-0.10504
-0.05609
-0.00067
0.05827
0.11235
0.16097
0.21283
0.27694
0.35598
0.44269
0.52794
0.60949
0.68452
0.73747
0.74335
0.68486
0.57724
0.45018
0.32927
0.23954
0.18207
0.14023
0.1111
0.10792
0.13162
0.15052
0.13925
0.11631
0.10833
0.12122
0.14542
0.16917
0.18647
0.19403
0.19312
0.19135
0.19164
0.18766
0.17004
0.13529
0.09276
0.06187
0.04888
0.03971
0.02161
-0.00272
-0.02406
-0.04217
-0.06593
-0.09994
-0.13321
-0.15431
-0.17002
-0.18956
-0.20911
-0.22387
-0.23699
-0.24802
-0.24782
-0.23402
-0.20392
-0.15037
-0.07848
-0.02008
0.01057
0.03391
0.06663
0.09928
0.12379
0.15184
0.1786
0.19114
0.19559
0.2101
0.23178
0.23627
0.20695
0.14854
0.08073
0.03452
0.02166
0.01958
0.00636
-0.01239
-0.02188
-0.02415
-0.02786
-0.03121
-0.02882
-0.01798
-0.00121
0.01613
0.02904
0.03218
0.02699
0.02257
0.02296
0.0244
0.02348
0.0215
0.01951
0.0171
0.01378
0.00992
0.00536
-0.0003
-0.00663
-0.01315
-0.02072
-0.02956
-0.03757
-0.04154
-0.04213
-0.04262
-0.0454
-0.05059
-0.05785
-0.06733
-0.07951
-0.09509
-0.11389
-0.13409
-0.15444
-0.17597
-0.1948
-0.20596
-0.20903
-0.20926
-0.21408
-0.22011
-0.21707
-0.19773
-0.15895
-0.10647
-0.05777
-0.0382
-0.04684
-0.05401
-0.04651
-0.03104
-0.01557
-0.00266
0.0068
0.01356
0.01906
0.023
0.02417
0.02038
0.00722
-0.01823
-0.05046
-0.07752
-0.09097
-0.09527
-0.10156
-0.11428
-0.12742
-0.13444
-0.13694
-0.13997
-0.14851
-0.16015
-0.16622
-0.16407
-0.16114
-0.16105
-0.16183
-0.16099
-0.15839
-0.15413
-0.14846
-0.14104
-0.13191
-0.12216
-0.11436
-0.10708
-0.0962
-0.08228
-0.06607
-0.04435
-0.02032
0.00104
0.02126
0.04214
0.05946
0.07099
0.07877
0.0847
0.09061
0.09737
0.10103
0.09316
0.06502
0.01665
-0.03821
-0.0753
-0.08741
-0.0907
-0.09433
-0.10147
-0.1126
-0.12267
-0.12595
-0.12328
-0.12196
-0.12446
-0.12842
-0.13161
-0.13355
-0.13348
-0.12961
-0.11946
-0.10105
-0.07453
-0.04452
-0.01914
-0.0008
0.01673
0.0363
0.05334
0.06416
0.07223
0.07924
0.08459
0.08935
0.0925
0.09008
0.07674
0.04893
0.01331
-0.01264
-0.02212
-0.02679
-0.03444
-0.04427
-0.05465
-0.06711
-0.07984
-0.09194
-0.10711
-0.1246
-0.14103
-0.15688
-0.17029
-0.17847
-0.18429
-0.18965
-0.18827
-0.17111
-0.1335
-0.08205
-0.03677
-0.02148
-0.0322
-0.04014
-0.03101
-0.01148
0.00883
0.0274
0.04454
0.05697
0.06229
0.06383
0.06554
0.0667
0.06309
0.05035
0.02695
-0.00152
-0.02186
-0.02944
-0.03438
-0.04437
-0.05715
-0.06639
-0.06951
-0.06911
-0.06874
-0.06893
-0.06833
-0.06475
-0.05625
-0.04275
-0.02692
-0.01277
-0.00297
0.00227
0.00476
0.00637
0.00801
0.01048
0.01294
0.01336
0.01149
0.0088
0.00571
0.00093
-0.00676
-0.01635
-0.02506
-0.0302
-0.03155
-0.03127
-0.03114
-0.03157
-0.03212
-0.03242
-0.0316
-0.02896
-0.0246
-0.01903
-0.01268
-0.00677
-0.00294
-0.00203
-0.00373
-0.00788
-0.01525
-0.0272
-0.044
-0.06181
-0.0728
-0.07609
-0.0778
-0.08092
-0.08348
-0.08292
-0.08072
-0.07875
-0.07674
-0.07347
-0.06882
-0.06405
-0.06108
-0.06023
-0.06102
-0.06329
-0.06626
-0.06913
-0.07165
-0.07375
-0.07546
-0.07648
-0.07609
-0.07323
-0.06593
-0.05192
-0.02965
-0.00114
0.02847
0.05439
0.07329
0.08713
0.10035
0.11355
0.1258
0.13623
0.14213
0.14535
0.15102
0.15734
0.1582
0.14893
0.128
0.10008
0.07614
0.061
0.05015
0.0411
0.03099
0.01489
-0.00324
-0.01736
-0.03115
-0.04858
-0.06697
-0.08453
-0.10092
-0.1115
-0.11574
-0.11793
-0.11828
-0.11674
-0.1154
-0.11562
-0.11669
-0.11807
-0.11979
-0.12183
-0.12399
-0.1269
-0.13184
-0.13967
-0.14919
-0.15677
-0.16003
-0.16043
-0.15964
-0.15911
-0.15966
-0.16096
-0.16211
-0.16278
-0.16303
-0.16291
-0.16207
-0.16014
-0.1562
-0.14808
-0.13262
-0.10852
-0.07766
-0.04376
-0.00895
0.02597
0.05809
0.08376
0.1055
0.12543
0.14335
0.1597
0.17501
0.18765
0.19386
0.19582
0.19891
0.20324
0.20396
0.19748
0.18315
0.16241
0.13851
0.11522
0.09602
0.0802
0.06765
0.06172
0.06146
0.06386
0.0663
0.06702
0.06734
0.07117
0.08048
0.09304
0.10488
0.11339
0.11735
0.11759
0.11631
0.115
0.11347
0.10905
0.09788
0.07803
0.05311
0.03049
0.0133
0.00016
-0.00836
-0.01392
-0.01905
-0.02297
-0.02566
-0.02726
-0.02838
-0.02938
-0.03007
-0.03038
-0.03062
-0.03097
-0.03137
-0.03152
-0.03121
-0.03051
-0.02997
-0.02983
-0.02934
-0.02783
-0.02584
-0.02429
-0.02347
-0.02293
-0.02175
-0.0191
-0.01456
-0.00824
-0.00044
0.00783
0.01577
0.02354
0.03134
0.04008
0.05066
0.06295
0.07774
0.09386
0.10814
0.11902
0.12469
0.12498
0.12359
0.12327
0.12203
0.11407
0.09547
0.06863
0.04435
0.03056
0.02467
0.02133
0.01593
0.00923
0.00888
0.02043
0.04492
0.07965
0.11611
0.14057
0.1485
0.14989
0.15375
0.16264
0.17318
0.1815
0.18692
0.19044
0.1899
0.1814
0.16249
0.13802
0.1194
0.11386
0.11511
0.11425
0.11173
0.11271
0.12053
0.13687
0.16006
0.18367
0.19853
0.20318
0.20735
0.21604
0.22475
0.2308
0.23549
0.23927
0.24174
0.24352
0.24325
0.23717
0.22093
0.19327
0.16008
0.1352
0.12342
0.11658
0.11086
0.10689
0.10327
0.10341
0.11279
0.13098
0.15346
0.17272
0.17686
0.16581
0.15528
0.15111
0.14488
0.12937
0.10832
0.08959
0.07363
0.05634
0.03445
0.00385
-0.03649
-0.07096
-0.08805
-0.10072
-0.1127
-0.12028
-0.12651
-0.13251
-0.13484
-0.12697
-0.10311
-0.06561
-0.02612
-0.00312
-0.00319
-0.01035
-0.01039
-0.00366
0.00346
0.00765
0.01011
0.01297
0.01616
0.01916
0.02166
0.02372
0.02522
0.02579
0.0241
0.01792
0.00432
-0.01823
-0.04637
-0.0691
-0.0818
-0.0922
-0.10371
-0.11372
-0.12121
-0.12771
-0.1338
-0.13788
-0.13715
-0.12963
-0.11649
-0.10099
-0.0862
-0.07433
-0.07011
-0.0724
-0.073
-0.06945
-0.06396
-0.05781
-0.05164
-0.04622
-0.04139
-0.03725
-0.03416
-0.03178
-0.03003
-0.02919
-0.02927
-0.02991
-0.03072
-0.03208
-0.03543
-0.04256
-0.05444
-0.06983
-0.08388
-0.09274
-0.09864
-0.10361
-0.10852
-0.1148
-0.11808
-0.10994
-0.09046
-0.06912
-0.05623
-0.05272
-0.04933
-0.0418
-0.03401
-0.03043
-0.02953
-0.02806
-0.02667
-0.02733
-0.03205
-0.0429
-0.05935
-0.07474
-0.08192
-0.08219
-0.08092
-0.08024
-0.07995
-0.08003
-0.07998
-0.07924
-0.07816
-0.07774
-0.07839
-0.07992
-0.08194
-0.08412
-0.08625
-0.08865
-0.09149
-0.0935
-0.09152
-0.08235
-0.06449
-0.0391
-0.01205
0.00814
0.01843
0.02216
0.02285
0.02405
0.02819
0.03227
0.03158
0.02345
0.0065
-0.01469
-0.03159
-0.04131
-0.04709
-0.05171
-0.05564
-0.05879
-0.06081
-0.06222
-0.06395
-0.0655
-0.06606
-0.06542
-0.06359
-0.06068
-0.05689
-0.0519
-0.04524
-0.03685
-0.02818
-0.02004
-0.0122
-0.00654
-0.00472
-0.00515
-0.00556
-0.005
-0.00502
-0.0076
-0.01342
-0.02356
-0.0393
-0.05878
-0.08008
-0.09966
-0.11368
-0.12545
-0.13926
-0.15326
-0.16221
-0.16416
-0.16118
-0.15658
-0.14723
-0.12637
-0.09303
-0.0585
-0.03614
-0.02844
-0.02791
-0.02904
-0.03146
-0.03363
-0.03592
-0.0428
-0.05604
-0.06925
-0.07463
-0.07203
-0.06758
-0.06491
-0.06284
-0.06022
-0.0561
-0.04907
-0.03897
-0.02674
-0.01282
0.00177
0.016
0.03047
0.04629
0.0634
0.0804
0.09299
0.10107
0.1099
0.12123
0.12792
0.12591
0.12249
0.12179
0.12008
0.11175
0.09482
0.07234
0.0521
0.03944
0.03245
0.02766
0.02314
0.01908
0.01663
0.01573
0.0158
0.01643
0.01849
0.02381
0.03432
0.05037
0.06946
0.08671
0.09809
0.10442
0.11004
0.11359
0.11247
0.11021
0.11048
0.11285
0.11492
0.11576
0.11594
0.11607
0.11632
0.11683
0.11798
0.11998
0.12257
0.12566
0.12986
0.13571
0.14301
0.1511
0.15848
0.16344
0.1668
0.17092
0.17655
0.18257
0.18788
0.1922
0.19504
0.19469
0.18905
0.17791
0.1639
0.14978
0.13819
0.12728
0.11053
0.08919
0.06982
0.05436
0.04299
0.03766
0.03675
0.03557
0.03323
0.0319
0.03154
0.03065
0.02898
0.02704
0.02507
0.02324
0.0217
0.02061
0.01993
0.01969
0.02014
0.02149
0.02369
0.02654
0.02974
0.03324
0.0373
0.04207
0.04677
0.05165
0.05757
0.06264
0.0629
0.055
0.03701
0.01112
-0.01641
-0.03883
-0.0549
-0.07301
-0.09919
-0.12697
-0.14879
-0.16071
-0.1651
-0.1716
-0.18493
-0.19893
-0.20678
-0.21076
-0.20953
-0.19773
-0.17506
-0.14657
-0.12041
-0.10046
-0.08357
-0.06656
-0.04802
-0.0284
-0.01231
-0.00706
-0.00939
-0.01262
-0.02018
-0.0414
-0.08025
-0.12901
-0.17032
-0.19394
-0.20791
-0.2224
-0.23574
-0.2413
-0.23292
-0.20856
-0.16666
-0.10684
-0.04319
-0.00586
0.00166
0.00977
0.03118
0.05055
0.05579
0.05855
0.06788
0.07879
0.08309
0.07404
0.04923
0.018
-0.00431
-0.01057
-0.00696
-0.00331
-0.00207
0.00108
0.0125
0.03524
0.06681
0.10004
0.12422
0.13514
0.14237
0.15764
0.17807
0.1919
0.20002
0.21093
0.22166
0.2266
0.22526
0.22105
0.21746
0.21223
0.20273
0.18991
0.17671
0.16448
0.15114
0.13593
0.12156
0.11026
0.10159
0.09297
0.08172
0.07017
0.0622
0.05674
0.05055
0.04316
0.03444
0.02303
0.00818
-0.00877
-0.02559
-0.04168
-0.0571
-0.06935
-0.07752
-0.08475
-0.09211
-0.098
-0.10179
-0.10476
-0.10892
-0.11409
-0.11847
-0.12174
-0.1244
-0.12634
-0.12681
-0.12547
-0.12231
-0.11665
-0.1076
-0.09534
-0.08135
-0.06844
-0.06063
-0.05914
-0.05904
-0.05514
-0.04949
-0.04583
-0.04428
-0.04338
-0.0426
-0.04232
-0.04349
-0.04755
-0.05635
-0.07068
-0.08807
-0.10254
-0.11134
-0.11636
-0.12053
-0.12458
-0.12366
-0.1141
-0.09535
-0.0668
-0.03187
0.00265
0.03637
0.07175
0.10149
0.12204
0.13858
0.15235
0.16305
0.17191
0.17516
0.17132
0.16421
0.15186
0.13336
0.11417
0.0993
0.0893
0.08322
0.07888
0.07267
0.06609
0.063
0.06169
0.05874
0.05427
0.05021
0.04725
0.04463
0.04154
0.0376
0.03249
0.02581
0.01672
0.00395
-0.01052
-0.02356
-0.03444
-0.04241
-0.04857
-0.05567
-0.06374
-0.07019
-0.07078
-0.06097
-0.04198
-0.02049
-0.00192
0.009
0.01384
0.0225
0.04079
0.06591
0.09223
0.11602
0.1376
0.15912
0.17811
0.19198
0.20291
0.21215
0.2185
0.21813
0.20553
0.17738
0.13536
0.0897
0.05323
0.03072
0.01445
-0.00453
-0.03162
-0.0661
-0.09367
-0.10126
-0.09556
-0.09235
-0.09738
-0.10502
-0.10633
-0.09565
-0.07551
-0.05294
-0.03223
-0.01699
-0.00782
0.00045
0.01046
0.01766
0.01932
0.01916
0.0198
0.02133
0.02241
0.02174
0.01891
0.01454
0.00946
0.00383
-0.00251
-0.00823
-0.01205
-0.01402
-0.01512
-0.01573
-0.01558
-0.01421
-0.01061
-0.00244
0.01264
0.034
0.05722
0.07843
0.09535
0.10745
0.11618
0.1209
0.12481
0.13063
0.13372
0.13312
0.13288
0.13505
0.13826
0.14126
0.14422
0.14819
0.15439
0.16419
0.17799
0.19464
0.2101
0.21959
0.22151
0.21809
0.21406
0.21239
0.21113
0.20611
0.19528
0.18125
0.17018
0.16654
0.16712
0.1664
0.16469
0.16471
0.16597
0.16729
0.16882
0.17135
0.17462
0.17776
0.17932
0.17776
0.17124
0.15805
0.13789
0.11402
0.09335
0.07849
0.06246
0.04154
0.01649
-0.01512
-0.05502
-0.09591
-0.1316
-0.16242
-0.18506
-0.2022
-0.22234
-0.24234
-0.25641
-0.26984
-0.28709
-0.30182
-0.30876
-0.31176
-0.31494
-0.31808
-0.31973
-0.31974
-0.31839
-0.31434
-0.30522
-0.28909
-0.26597
-0.23855
-0.21214
-0.19124
-0.1722
-0.15075
-0.13465
-0.12841
-0.12431
-0.12012
-0.11899
-0.1189
-0.11836
-0.12103
-0.1321
-0.15146
-0.17227
-0.18299
-0.18152
-0.17562
-0.17007
-0.16586
-0.16021
-0.14813
-0.12797
-0.10473
-0.08503
-0.06719
-0.04485
-0.0174
0.01108
0.03777
0.0625
0.08679
0.10923
0.12691
0.14066
0.15226
0.15976
0.16137
0.15972
0.15422
0.14033
0.11592
0.08931
0.07141
0.0595
0.0433
0.02496
0.01346
0.00812
0.0018
-0.00403
-0.00408
0.00289
0.01806
0.04101
0.06735
0.09203
0.11006
0.12438
0.14367
0.1687
0.1951
0.22435
0.25805
0.28738
0.30842
0.32524
0.33453
0.33197
0.31766
0.28867
0.23854
0.17642
0.12805
0.10666
0.08644
0.02914
-0.0682
-0.17228
-0.25503
-0.31707
-0.36451
-0.39164
-0.39048
-0.37063
-0.35277
-0.33578
-0.29333
-0.21094
-0.10976
-0.02822
0.01559
0.03258
0.03997
0.05323
0.07716
0.10494
0.1278
0.13725
0.13445
0.12579
0.11038
0.0821
0.04612
0.01466
-0.00829
-0.025
-0.03548
-0.04127
-0.04919
-0.05965
-0.06624
-0.06768
-0.0676
-0.06867
-0.06989
-0.06993
-0.06898
-0.06818
-0.06858
-0.07144
-0.07825
-0.091
-0.10997
-0.13113
-0.14705
-0.1573
-0.16603
-0.17213
-0.17351
-0.17269
-0.17189
-0.17007
-0.16727
-0.16387
-0.15978
-0.1554
-0.15163
-0.14735
-0.14092
-0.13419
-0.12961
-0.12678
-0.1251
-0.12506
-0.12647
-0.12849
-0.13049
-0.13263
-0.13526
-0.1379
-0.13963
-0.1392
-0.13538
-0.12778
-0.11565
-0.0984
-0.07753
-0.05624
-0.03767
-0.02001
0.00114
0.02512
0.04912
0.07461
0.1058
0.13969
0.17246
0.20381
0.23396
0.25896
0.27335
0.27978
0.28368
0.28702
0.29173
0.2952
0.28817
0.26382
0.22478
0.18215
0.15636
0.15246
0.1502
0.13731
0.12122
0.11184
0.10727
0.10159
0.09411
0.08713
0.08089
0.07458
0.06895
0.06549
0.06451
0.06537
0.0675
0.07057
0.07474
0.07998
0.08602
0.0923
0.09798
0.10187
0.10311
0.10216
0.10001
0.09463
0.08069
0.0537
0.01584
-0.02103
-0.05103
-0.08411
-0.12118
-0.1535
-0.18306
-0.21897
-0.26193
-0.30381
-0.339
-0.36581
-0.38285
-0.39119
-0.39421
-0.39793
-0.40342
-0.40213
-0.38384
-0.34524
-0.29399
-0.25047
-0.2297
-0.22012
-0.20418
-0.18306
-0.16786
-0.15562
-0.13753
-0.11812
-0.10522
-0.09881
-0.09493
-0.09089
-0.0872
-0.08765
-0.09745
-0.11624
-0.13691
-0.1507
-0.1538
-0.15152
-0.14998
-0.14966
-0.14899
-0.14596
-0.13762
-0.12202
-0.1016
-0.08301
-0.0694
-0.05559
-0.03455
-0.00749
0.01888
0.0438
0.06882
0.08931
0.10059
0.10501
0.10893
0.11566
0.12258
0.12571
0.12213
0.11077
0.09344
0.07408
0.0591
0.05432
0.05616
0.05647
0.05346
0.0507
0.05005
0.05083
0.05243
0.05569
0.06232
0.07398
0.09047
0.10911
0.12638
0.14256
0.15865
0.17206
0.18188
0.19281
0.20712
0.22115
0.23276
0.24184
0.2466
0.24616
0.24452
0.2456
0.24635
0.24066
0.22512
0.20111
0.17511
0.15857
0.1554
0.15769
0.1588
0.15726
0.15472
0.15268
0.15034
0.147
0.14258
0.13634
0.1264
0.11156
0.093
0.07439
0.05699
0.04032
0.02325
0.00198
-0.02335
-0.04715
-0.06895
-0.09494
-0.12324
-0.1458
-0.16232
-0.17595
-0.18557
-0.19019
-0.18758
-0.17735
-0.1612
-0.13697
-0.1063
-0.07713
-0.05898
-0.05393
-0.05436
-0.05236
-0.04434
-0.03328
-0.02527
-0.02237
-0.02181
-0.02165
-0.02243
-0.02574
-0.03236
-0.04223
-0.05408
-0.06516
-0.07313
-0.07884
-0.08326
-0.08778
-0.09376
-0.09991
-0.10494
-0.10887
-0.11214
-0.11429
-0.11505
-0.11581
-0.11777
-0.12053
-0.1232
-0.12592
-0.12936
-0.13343
-0.13743
-0.14107
-0.14411
-0.14698
-0.15033
-0.1541
-0.15858
-0.16413
-0.16958
-0.17374
-0.17712
-0.18048
-0.18319
-0.18341
-0.18081
-0.17716
-0.17306
-0.16753
-0.1601
-0.15209
-0.14466
-0.13704
-0.12887
-0.121
-0.11362
-0.10702
-0.10003
-0.09009
-0.07602
-0.06111
-0.04767
-0.03443
-0.02036
-0.00704
0.00457
0.01693
0.0295
0.0402
0.04904
0.05659
0.06333
0.06892
0.07181
0.07243
0.07293
0.07296
0.06904
0.05702
0.03499
0.00604
-0.01858
-0.03097
-0.03766
-0.04605
-0.05516
-0.06385
-0.07236
-0.07739
-0.0771
-0.07433
-0.07216
-0.07029
-0.0675
-0.06396
-0.06094
-0.05861
-0.0559
-0.05191
-0.04702
-0.04127
-0.03372
-0.02319
-0.01083
0.00143
0.01524
0.03201
0.05025
0.06803
0.08221
0.09225
0.09991
0.10419
0.1031
0.09662
0.08516
0.06581
0.03859
0.01053
-0.00769
-0.01912
-0.03609
-0.05648
-0.0705
-0.08055
-0.09283
-0.10515
-0.1086
-0.09719
-0.0729
-0.03871
-0.00119
0.02483
0.02654
0.01282
0.0032
0.0039
0.00921
0.01249
0.00789
-0.00805
-0.03203
-0.05157
-0.05611
-0.04996
-0.043
-0.03893
-0.03593
-0.02974
-0.01677
0.00239
0.02184
0.03597
0.04692
0.0589
0.07152
0.08117
0.0854
0.08563
0.08453
0.0843
0.08483
0.0841
0.07967
0.07086
0.05891
0.0464
0.03475
0.02352
0.01429
0.00894
0.00421
-0.00066
-0.00277
-0.00249
-0.00195
-0.0023
-0.00352
-0.00537
-0.00769
-0.01059
-0.01473
-0.02085
-0.02898
-0.03792
-0.04567
-0.04992
-0.04913
-0.04498
-0.04079
-0.03603
-0.02685
-0.01042
0.01209
0.03633
0.05292
0.05531
0.05024
0.04801
0.05044
0.0536
0.05562
0.05628
0.05501
0.0515
0.04688
0.0422
0.0377
0.03417
0.03329
0.03467
0.03605
0.03632
0.03562
0.03432
0.03252
0.0301
0.02695
0.02303
0.01826
0.01209
0.00407
-0.00369
-0.01078
-0.01901
-0.02305
-0.01962
-0.01456
-0.01243
-0.01214
-0.01104
-0.0084
-0.00491
-0.00154
0.00092
0.00209
0.00209
0.00165
0.00184
0.00335
0.00589
0.00923
0.01395
0.02137
0.03247
0.04696
0.06272
0.07636
0.08535
0.08965
0.09051
0.08911
0.08773
0.08816
0.08879
0.08664
0.07975
0.06807
0.05446
0.04396
0.03948
0.04033
0.0433
0.04583
0.04848
0.05316
0.06109
0.07163
0.08179
0.08865
0.09218
0.09323
0.09226
0.09114
0.0905
0.0876
0.07727
0.05596
0.02505
-0.00408
-0.01969
-0.02338
-0.02654
-0.03399
-0.04083
-0.04373
-0.04373
-0.04427
-0.04565
-0.04644
-0.04587
-0.04437
-0.04236
-0.04037
-0.03884
-0.03804
-0.0378
-0.03846
-0.03999
-0.04177
-0.04354
-0.04565
-0.04867
-0.05314
-0.05829
-0.06326
-0.06772
-0.07171
-0.07378
-0.07285
-0.07059
-0.06846
-0.0666
-0.06504
-0.06413
-0.06434
-0.06573
-0.06786
-0.07009
-0.07224
-0.07432
-0.07635
-0.07797
-0.07823
-0.07602
-0.07082
-0.06207
-0.04929
-0.03297
-0.01585
0.00019
0.01538
0.03006
0.0439
0.05436
0.06035
0.06453
0.06899
0.07275
0.07475
0.07539
0.0756
0.07552
0.07476
0.07315
0.07101
0.06851
0.06533
0.06124
0.05658
0.05163
0.04684
0.0426
0.0378
0.0312
0.02384
0.0182
0.01495
0.01352
0.01382
0.01511
0.01729
0.0215
0.02855
0.03813
0.04882
0.05795
0.06198
0.06087
0.05877
0.05757
0.05677
0.05596
0.05446
0.0511
0.04489
0.03587
0.02547
0.01658
0.01115
0.00867
0.00857
0.00935
0.01078
0.01512
0.02556
0.04408
0.06918
0.09434
0.11586
0.13348
0.1466
0.1561
0.16401
0.17193
0.1793
0.18579
0.19059
0.19146
0.18417
0.16288
0.12808
0.08935
0.05726
0.03053
0.00289
-0.02342
-0.0424
-0.05325
-0.05619
-0.05186
-0.04681
-0.04
-0.02123
0.01312
0.05447
0.08682
0.09337
0.07971
0.06868
0.06954
0.0718
0.05789
0.02007
-0.03157
-0.07578
-0.1033
-0.12347
-0.1405
-0.15187
-0.16158
-0.17413
-0.18708
-0.19138
-0.18314
-0.16295
-0.1295
-0.09002
-0.06726
-0.07151
-0.08338
-0.0823
-0.0675
-0.04979
-0.034
-0.01905
-0.00447
0.01065
0.02763
0.04582
0.06426
0.08478
0.10791
0.12556
0.13297
0.13574
0.13843
0.14408
0.15246
0.15469
0.13819
0.09752
0.04311
-0.00143
-0.02859
-0.05157
-0.07839
-0.10639
-0.13104
-0.15548
-0.17639
-0.18475
-0.18428
-0.18484
-0.18859
-0.18991
-0.18084
-0.16053
-0.13385
-0.10549
-0.08211
-0.06474
-0.04391
-0.01607
0.01282
0.04014
0.07536
0.11639
0.14604
0.1619
0.16967
0.17253
0.17375
0.17553
0.1809
0.18998
0.19709
0.1962
0.18654
0.17391
0.16453
0.15817
0.14879
0.12808
0.08959
0.03467
-0.02406
-0.07369
-0.10875
-0.12887
-0.13602
-0.13856
-0.14724
-0.16142
-0.17103
-0.1648
-0.13368
-0.08252
-0.03074
-0.001
0.00359
0.00537
0.02126
0.04847
0.07421
0.09015
0.09762
0.10141
0.10484
0.10835
0.10955
0.10476
0.08947
0.06475
0.03926
0.02822
0.03417
0.04148
0.0427
0.04175
0.04139
0.04069
0.03979
0.03941
0.03949
0.0387
0.03503
0.02527
0.00675
-0.01971
-0.04709
-0.06997
-0.08828
-0.10161
-0.11097
-0.11705
-0.1197
-0.11791
-0.10882
-0.09043
-0.06202
-0.02864
0.00051
0.01313
0.00975
0.00633
0.00994
0.01507
0.01837
0.02144
0.02468
0.02667
0.02589
0.02023
0.00708
-0.0149
-0.04257
-0.06962
-0.09098
-0.10586
-0.11775
-0.12931
-0.13863
-0.14518
-0.14993
-0.15136
-0.14638
-0.13077
-0.10163
-0.06467
-0.03254
-0.02114
-0.02917
-0.0354
-0.02925
-0.01519
0.00094
0.01808
0.03646
0.05587
0.07673
0.09952
0.1232
0.14416
0.15834
0.1629
0.16175
0.16366
0.16799
0.16242
0.13355
0.08113
0.02389
-0.01438
-0.02663
-0.02183
-0.01537
-0.02047
-0.03077
-0.02836
-0.00205
0.04606
0.10058
0.13248
0.13166
0.12064
0.11583
0.11719
0.11783
0.1099
0.08337
0.03953
-0.00393
-0.02433
-0.02113
-0.01599
-0.02056
-0.03035
-0.04101
-0.05137
-0.05998
-0.06461
-0.06308
-0.05302
-0.03472
-0.01319
0.00331
0.00914
0.00755
0.00706
0.01051
0.01413
0.01537
0.01574
0.0142
0.00492
-0.01695
-0.04942
-0.08019
-0.09827
-0.10814
-0.11899
-0.13577
-0.15602
-0.17271
-0.1852
-0.19393
-0.19679
-0.19554
-0.19327
-0.19076
-0.18529
-0.17378
-0.15693
-0.13849
-0.12146
-0.10593
-0.08865
-0.06953
-0.04873
-0.02347
0.0039
0.02955
0.05597
0.08296
0.10332
0.11377
0.12147
0.1285
0.13327
0.13871
0.14487
0.14552
0.13158
0.09981
0.06086
0.03187
0.01236
-0.01325
-0.04669
-0.07677
-0.10116
-0.12353
-0.14165
-0.15531
-0.16886
-0.18068
-0.18609
-0.1875
-0.18929
-0.19173
-0.19351
-0.19522
-0.19754
-0.20062
-0.20446
-0.20913
-0.21381
-0.21713
-0.21764
-0.21472
-0.20752
-0.19437
-0.1744
-0.15098
-0.13202
-0.12201
-0.11783
-0.11366
-0.10399
-0.0874
-0.06638
-0.0434
-0.01866
0.00605
0.03096
0.05965
0.09245
0.12494
0.15838
0.20055
0.25111
0.30553
0.36893
0.43934
0.51568
0.60375
0.69062
0.75439
0.78492
0.78385
0.76527
0.74943
0.73203
0.68379
0.59791
0.51972
0.493
0.49452
0.47814
0.43705
0.39314
0.36276
0.34594
0.33057
0.30518
0.25754
0.16787
0.03372
-0.11233
-0.23208
-0.31833
-0.39351
-0.47984
-0.58354
-0.69717
-0.80575
-0.88804
-0.92235
-0.90034
-0.84517
-0.77584
-0.67176
-0.53005
-0.39875
-0.31869
-0.28931
-0.29984
-0.32237
-0.3102
-0.26034
-0.2142
-0.19285
-0.17983
-0.1604
-0.13891
-0.1249
-0.11954
-0.11733
-0.11544
-0.11482
-0.11594
-0.11796
-0.12052
-0.12394
-0.12689
-0.12643
-0.11971
-0.10449
-0.0788
-0.04545
-0.01511
0.00191
0.00667
0.00479
0.00161
0.00307
0.01253
0.02813
0.04713
0.06792
0.08933
0.11083
0.13701
0.17298
0.21366
0.25037
0.28213
0.30802
0.33493
0.37463
0.41845
0.45264
0.48402
0.51934
0.55606
0.58921
0.61791
0.63201
0.62389
0.59963
0.55312
0.47462
0.38684
0.3264
0.29622
0.27399
0.2396
0.17995
0.08122
-0.06787
-0.25799
-0.44342
-0.58792
-0.7127
-0.84972
-0.99384
-1.09911
-1.10788
-0.98552
-0.76765
-0.52386
-0.32175
-0.2002
-0.12713
-0.06413
-0.02119
-0.03078
-0.08559
-0.12526
-0.10971
-0.06147
-0.01427
0.02364
0.06102
0.10114
0.13253
0.14504
0.14474
0.13977
0.13438
0.12598
0.10178
0.05545
0.00286
-0.02745
-0.03236
-0.02824
-0.0149
0.01971
0.08932
0.19766
0.32497
0.44594
0.55289
0.65018
0.74423
0.83477
0.90804
0.94473
0.93963
0.92403
0.92804
0.94502
0.95324
0.92915
0.8677
0.79263
0.7303
0.68953
0.66876
0.65909
0.65393
0.64457
0.62428
0.59712
0.56816
0.53208
0.48872
0.44478
0.39614
0.33396
0.25163
0.13929
0.00607
-0.1174
-0.21796
-0.30898
-0.399
-0.47557
-0.51736
-0.51608
-0.49668
-0.49544
-0.50958
-0.50532
-0.46422
-0.40298
-0.36718
-0.34868
-0.28196
-0.16744
-0.07032
-0.01692
0.0258
0.07608
0.12036
0.14103
0.14124
0.13399
0.12952
0.12635
0.10999
0.07291
0.03683
0.0254
0.03134
0.03386
0.02464
0.00953
-0.00423
-0.01518
-0.02409
-0.03226
-0.0388
-0.04125
-0.03933
-0.03613
-0.03349
-0.03239
-0.03539
-0.04785
-0.0742
-0.11372
-0.15382
-0.18205
-0.20027
-0.21347
-0.21505
-0.20119
-0.17948
-0.16144
-0.13031
-0.1061
-0.1064
-0.12784
-0.14528
-0.15052
-0.15664
-0.174
-0.19697
-0.21464
-0.22293
-0.22798
-0.23314
-0.23367
-0.22491
-0.20574
-0.17643
-0.14261
-0.11021
-0.08479
-0.06807
-0.05361
-0.04083
-0.0358
-0.03558
-0.03095
-0.02371
-0.02454
-0.03891
-0.06038
-0.07726
-0.07994
-0.0695
-0.05855
-0.05522
-0.05746
-0.0605
-0.06249
-0.06366
-0.06462
-0.06541
-0.06592
-0.06605
-0.06589
-0.06548
-0.06535
-0.06593
-0.06726
-0.06907
-0.07127
-0.07384
-0.0766
-0.07892
-0.08027
-0.08083
-0.0815
-0.08226
-0.08288
-0.08331
-0.0836
-0.08361
-0.08353
-0.08336
-0.08313
-0.08283
-0.08265
-0.08285
-0.08368
-0.08486
-0.0862
-0.08769
-0.08948
-0.09149
-0.09375
-0.09609
-0.09811
-0.09902
-0.0983
-0.0957
-0.09104
-0.08438
-0.07655
-0.06914
-0.06475
-0.06522
-0.06862
-0.07151
-0.07423
-0.08051
-0.09375
-0.1133
-0.13286
-0.14777
-0.16353
-0.1879
-0.21969
-0.25023
-0.27552
-0.29941
-0.32361
-0.34545
-0.36522
-0.38468
-0.40061
-0.40803
-0.41037
-0.41464
-0.41894
-0.41731
-0.41204
-0.4081
-0.40592
-0.40341
-0.39963
-0.39484
-0.39006
-0.38582
-0.38193
-0.37763
-0.37214
-0.36448
-0.35354
-0.33831
-0.31896
-0.29734
-0.27643
-0.25691
-0.23648
-0.21375
-0.18962
-0.164
-0.13666
-0.10614
-0.07028
-0.03302
-0.00285
0.01704
0.02823
0.03606
0.04638
0.05997
0.07187
0.07786
0.07835
0.07724
0.07859
0.08283
0.08696
0.08873
0.08838
0.0878
0.08927
0.0954
0.1077
0.12436
0.1398
0.14974
0.15651
0.16434
0.17314
0.18234
0.19361
0.20841
0.22571
0.24521
0.2656
0.28496
0.30666
0.3318
0.35614
0.37964
0.40529
0.43071
0.44964
0.4623
0.46762
0.46441
0.45627
0.44861
0.44502
0.44618
0.44734
0.4401
0.41597
0.37344
0.32062
0.27634
0.24773
0.22526
0.20255
0.17656
0.14475
0.10547
0.05911
0.01056
-0.02883
-0.047
-0.05245
-0.06613
-0.09181
-0.11911
-0.13973
-0.15136
-0.15507
-0.1488
-0.12304
-0.06989
-0.00196
0.05165
0.06271
0.03313
0.00231
-0.00273
0.00892
0.01452
0.00016
-0.03399
-0.07337
-0.09901
-0.10879
-0.11687
-0.13217
-0.15325
-0.17502
-0.19279
-0.20185
-0.20048
-0.19415
-0.18985
-0.18871
-0.18755
-0.18232
-0.17017
-0.14967
-0.12319
-0.09596
-0.07523
-0.06492
-0.06288
-0.06356
-0.06199
-0.05708
-0.05005
-0.0431
-0.03833
-0.03803
-0.04288
-0.05151
-0.06087
-0.06753
-0.06849
-0.06304
-0.05572
-0.05211
-0.05196
-0.04914
-0.03867
-0.02189
-0.00333
0.00988
0.01612
0.02058
0.02651
0.03513
0.04504
0.05314
0.0591
0.06515
0.07094
0.07556
0.07981
0.08242
0.08197
0.07985
0.07805
0.07755
0.07705
0.07433
0.06834
0.06059
0.05356
0.04886
0.04621
0.04394
0.04125
0.03859
0.03652
0.03479
0.03294
0.03098
0.02968
0.02946
0.02953
0.02947
0.03017
0.03272
0.03666
0.04031
0.04204
0.04205
0.04197
0.04247
0.04289
0.04277
0.04232
0.04179
0.04117
0.04043
0.03957
0.03863
0.03758
0.03647
0.03528
0.03398
0.03261
0.03121
0.02989
0.02867
0.02753
0.02644
0.02535
0.02422
0.02302
0.02186
0.02092
0.02012
0.01928
0.01843
0.01771
0.01712
0.01654
0.01598
0.01555
0.01525
0.01503
0.01488
0.01481
0.01477
0.01469
0.01462
0.01457
0.01457
0.01459
0.01459
0.01451
0.01432
0.01408
0.01384
0.01361
0.01338
0.01314
0.01288
0.01262
0.01235
0.01208
0.0118
0.01152
0.01124
0.01096
0.01068
0.0104
0.01011
0.00982
0.00952
0.00922
0.0089
0.00858
0.00824
0.0079
0.00755
0.00719
0.00684
0.00648
0.00613
0.00579
0.00544
0.0051
0.00476
0.00443
0.00409
0.00377
0.00344
0.00312
0.0028
0.00248
0.00216
0.00185
0.00154
0.00123
0.00092
0.00062
0.00032
0.00003
-0.00027
-0.00056
-0.00085
-0.00113
-0.00141
-0.00169
-0.00197
-0.00224
-0.00251
-0.00278
-0.00305
-0.00332
-0.00358
-0.00384
-0.0041
-0.00436
-0.00461