0.0025
-0.005828927
-0.005812345
-0.00579574
-0.005779102
-0.00576247
-0.005745776
-0.005729042
-0.00571229
-0.005695508
-0.005678718
-0.005661884
-0.005645044
-0.005628217
-0.005611447
-0.005594763
-0.005578214
-0.005561747
-0.005545467
-0.005529323
-0.005513299
-0.005497491
-0.005481916
-0.00546641
-0.005450886
-0.00543523
-0.005419457
-0.005402986
-0.005385292
-0.005365773
-0.005344259
-0.005320813
-0.005296102
-0.0052714
-0.005247549
-0.005224091
-0.005201876
-0.005179778
-0.005157743
-0.005135964
-0.005114539
-0.005094817
-0.005079844
-0.005072297
-0.005073331
-0.005080587
-0.005089506
-0.005096037
-0.005092854
-0.00508843
-0.0050824
-0.005071309
-0.005052643
-0.00502549
-0.004996747
-0.004968933
-0.004945917
-0.004929346
-0.004919034
-0.004913538
-0.004913348
-0.004920966
-0.004940326
-0.004972725
-0.005010433
-0.005046017
-0.005069095
-0.005069616
-0.005043286
-0.00497623
-0.004861812
-0.004711213
-0.004547602
-0.004395373
-0.004283207
-0.004210331
-0.004179663
-0.004168277
-0.004168747
-0.004219785
-0.00435022
-0.004508183
-0.004628169
-0.004705985
-0.004774226
-0.004811862
-0.004823276
-0.004786545
-0.004695232
-0.004579228
-0.004455559
-0.004330544
-0.004201183
-0.004073664
-0.003966723
-0.003867846
-0.003758515
-0.003693746
-0.003703565
-0.003782815
-0.003909566
-0.004120757
-0.004435744
-0.004817964
-0.005202177
-0.005532714
-0.005770636
-0.005798629
-0.005710199
-0.005523694
-0.005276702
-0.005004806
-0.004710802
-0.004441977
-0.004254585
-0.004138114
-0.004071355
-0.004014346
-0.003956272
-0.003889067
-0.003809393
-0.00376378
-0.003780732
-0.003919153
-0.004218608
-0.004707513
-0.005384736
-0.006162269
-0.006875591
-0.007389585
-0.007680078
-0.007802868
-0.007754672
-0.007606946
-0.00739968
-0.007062607
-0.006571476
-0.005963914
-0.005245745
-0.004383532
-0.003476289
-0.002697908
-0.002179883
-0.001862933
-0.001608134
-0.001281354
-0.0008789616
-0.0005494599
-0.0004942311
-0.0007089861
-0.001240993
-0.002102399
-0.003129753
-0.003959043
-0.004493161
-0.005071815
-0.005630931
-0.005880612
-0.005675288
-0.005332523
-0.004763513
-0.004001172
-0.00316102
-0.002336506
-0.001581552
-0.0009948836
-0.0007995212
-0.001048574
-0.00150568
-0.002051336
-0.002750021
-0.003637593
-0.004691055
-0.005706572
-0.006507695
-0.006962255
-0.007017176
-0.007227625
-0.007712329
-0.008406492
-0.009239853
-0.009970371
-0.0104152
-0.01041445
-0.009891729
-0.008862209
-0.007491069
-0.006009209
-0.004563383
-0.003276766
-0.002167032
-0.001158314
-0.0001128337
0.001152304
0.002418341
0.003190512
0.003669716
0.003784077
0.003155233
0.001581769
-0.0012283
-0.005329402
-0.01007056
-0.01400024
-0.01590077
-0.01732139
-0.01825893
-0.01839653
-0.0188165
-0.01904356
-0.01902403
-0.01844168
-0.01711353
-0.01485679
-0.01146706
-0.007082852
-0.00231686
0.001652291
0.003916463
0.005360263
0.005829487
0.005625186
0.004814472
0.003626867
0.002180649
0.0001235391
-0.002372754
-0.004849655
-0.006482914
-0.006591051
-0.005702164
-0.003502887
-0.0002844677
0.00368507
0.007954395
0.01173992
0.01433402
0.01598126
0.01662692
0.01602738
0.01471239
0.01235141
0.008155588
0.001554513
-0.006808184
-0.01443995
-0.0199139
-0.0234176
-0.02652158
-0.02956308
-0.03089389
-0.03176248
-0.031897
-0.03060273
-0.02662497
-0.01961822
-0.01029675
-0.0006468095
0.00736586
0.01388554
0.01625609
0.01552077
0.01513252
0.0148734
0.01407886
0.01185403
0.006993237
-0.001081907
-0.0113986
-0.02073133
-0.02687258
-0.03007313
-0.0329347
-0.03587073
-0.03796011
-0.03780461
-0.03585077
-0.03090816
-0.02204099
-0.009699206
0.003112377
0.01246962
0.01852538
0.02121526
0.02092779
0.02046707
0.02041726
0.02060632
0.02070002
0.0200741
0.01816992
0.01449324
0.009553439
0.00486668
0.002577564
0.00198564
0.001585809
0.0003956708
-0.001341681
-0.002433748
-0.00297416
-0.003857342
-0.004640342
-0.005284374
-0.005846523
-0.006207494
-0.006348344
-0.006398131
-0.006702478
-0.007443157
-0.008837248
-0.01098379
-0.01411251
-0.01823989
-0.02277972
-0.02636925
-0.02792519
-0.0274672
-0.02559612
-0.02194307
-0.01694086
-0.01139912
-0.006243783
-0.002100441
0.0004453911
0.0009482729
0.0006014895
0.0001104229
-0.0008013564
-0.002020471
-0.004039026
-0.006946489
-0.0106309
-0.01394965
-0.0159808
-0.01665402
-0.01656138
-0.01638103
-0.01654162
-0.01722908
-0.01801177
-0.01814376
-0.01681558
-0.01343442
-0.008009253
-0.001134652
0.006007024
0.01193499
0.01538353
0.01544129
0.01365421
0.01120962
0.008763565
0.006126549
0.003082361
-3.233261E-05
-0.002228083
-0.002901873
-0.002754517
-0.002753174
-0.002250693
-0.001118282
0.0004288618
0.002383368
0.004742612
0.007047792
0.009058585
0.01056403
0.01180211
0.01259361
0.01273889
0.01275984
0.01291068
0.01303025
0.01315975
0.01300573
0.01194239
0.009376594
0.004819474
-0.001777388
-0.009749246
-0.01775988
-0.02300505
-0.02311041
-0.02060477
-0.01560794
-0.009573133
-0.001850807
0.007027895
0.01427427
0.01723379
0.01709649
0.01507759
0.01183301
0.007099659
-0.0003327371
-0.01074279
-0.02291464
-0.03252042
-0.03670802
-0.0389313
-0.03873988
-0.03631553
-0.03256603
-0.02878465
-0.02434712
-0.01872795
-0.01201436
-0.004542686
0.004065338
0.01277387
0.02121596
0.02986538
0.03776647
0.04377349
0.04685796
0.04715288
0.04565988
0.04271308
0.03720479
0.02823328
0.01593204
0.003663281
-0.003871271
-0.01162231
-0.01764292
-0.01725268
-0.01448396
-0.01083673
-0.005042809
0.004464811
0.01747827
0.03101845
0.04197675
0.05079515
0.05614445
0.05844445
0.06054707
0.06148973
0.06082135
0.05991366
0.057755
0.05320643
0.04588486
0.03715225
0.03012993
0.02638532
0.02490295
0.02322744
0.02071936
0.01683175
0.01233775
0.007359513
0.002452306
-0.001905622
-0.00421861
-0.003950086
-0.001922957
0.001332295
0.004974622
0.008502646
0.01192559
0.01507513
0.01780675
0.02067367
0.02297011
0.02528498
0.02854819
0.032559
0.03711289
0.04223985
0.04783249
0.05343801
0.05841139
0.06269114
0.06593286
0.06877485
0.07082864
0.07232537
0.07413967
0.07645472
0.07903618
0.08194371
0.08554749
0.08935983
0.0925677
0.09435132
0.09486722
0.09490568
0.09438524
0.09323304
0.09161491
0.08970588
0.08782316
0.08615828
0.0848462
0.08397669
0.08314841
0.08206743
0.08050946
0.07794697
0.07337901
0.06613035
0.05626807
0.04515977
0.03486896
0.02709885
0.02111342
0.01740175
0.01698808
0.01831844
0.02118983
0.02498177
0.0293059
0.03408281
0.03775489
0.03919937
0.03790824
0.03349491
0.02706999
0.01801236
0.006586988
-0.005246159
-0.01367186
-0.01598728
-0.01624951
-0.0147011
-0.01306924
-0.0117972
-0.01090142
-0.009794908
-0.008526475
-0.006698437
-0.003495307
0.002125187
0.01087033
0.02270826
0.03627819
0.04943847
0.0586502
0.06307426
0.06502883
0.06499562
0.06450159
0.06461737
0.06497414
0.06463955
0.06252229
0.05747577
0.04978704
0.04112143
0.03463015
0.03192473
0.03173191
0.03354265
0.03656471
0.03959918
0.041973
0.04336114
0.04326811
0.04105238
0.03535591
0.02433175
0.006584891
-0.01638013
-0.03832551
-0.05339682
-0.06398986
-0.07314682
-0.07881987
-0.0821809
-0.08547342
-0.08721534
-0.08636622
-0.083714
-0.07791637
-0.06759085
-0.05301802
-0.03656323
-0.022105
-0.01083773
-0.001490883
0.002156553
-0.0002574274
-0.003563527
-0.007144753
-0.01279012
-0.02211021
-0.03459526
-0.04615954
-0.05104401
-0.05269448
-0.05536949
-0.05897346
-0.06187648
-0.06411645
-0.06443646
-0.06298416
-0.05993492
-0.05617594
-0.05230252
-0.04867269
-0.04473456
-0.03916934
-0.03102455
-0.02070914
-0.009631468
0.001166276
0.0112432
0.01831975
0.02124792
0.01944915
0.01495164
0.007099156
-0.005452314
-0.02339545
-0.04283768
-0.05739939
-0.06782312
-0.07361847
-0.07665293
-0.0775497
-0.07866489
-0.08112425
-0.08505501
-0.09019781
-0.09540582
-0.09891083
-0.09983839
-0.09815316
-0.09403277
-0.08736511
-0.07838802
-0.06786761
-0.05809313
-0.05125417
-0.04801004
-0.04742635
-0.04731395
-0.04639002
-0.04547546
-0.04498431
-0.04535498
-0.04638968
-0.0482936
-0.05102614
-0.05403004
-0.05668498
-0.05876109
-0.06026328
-0.06091006
-0.06150808
-0.06264378
-0.06391163
-0.06487955
-0.06503527
-0.06336012
-0.05910435
-0.05241693
-0.04363822
-0.03342987
-0.02228587
-0.01040511
0.001209746
0.01113371
0.0193393
0.02592134
0.03098525
0.03371493
0.03514985
0.03617322
0.03671787
0.03610984
0.03269479
0.02451533
0.01041027
-0.008018059
-0.02564352
-0.03734028
-0.04435442
-0.05045869
-0.05474066
-0.05663966
-0.05566317
-0.05477003
-0.05354047
-0.05235606
-0.05155193
-0.05107641
-0.05158889
-0.0534521
-0.05624239
-0.05966522
-0.06344422
-0.06711971
-0.06959338
-0.06930823
-0.06469195
-0.05491323
-0.03970304
-0.01950513
0.00221023
0.01970755
0.03147977
0.03751938
0.04449437
0.05089525
0.05614768
0.06138736
0.06586483
0.06916985
0.07141023
0.0726176
0.07300913
0.07280295
0.07174081
0.06907518
0.06447495
0.05820342
0.0515214
0.04631832
0.04501263
0.04778368
0.05528001
0.06887766
0.09003309
0.1161725
0.1426816
0.1660497
0.1875857
0.2084042
0.2209203
0.2304155
0.2433839
0.257914
0.271982
0.2866985
0.300955
0.3119989
0.3205834
0.325673
0.3198158
0.2945899
0.2479004
0.1870861
0.1334709
0.1047755
0.07945304
0.05792061
0.0376762
0.02764026
0.01889229
0.008451825
-0.001768463
-0.01287756
-0.02313023
-0.02679381
-0.01945328
0.0009710962
0.03178184
0.07062338
0.112167
0.149987
0.1925917
0.2383518
0.2754094
0.2977624
0.3154281
0.3245892
0.3413757
0.3510077
0.3420229
0.3179204
0.2724659
0.2095515
0.1551196
0.13544
0.1260614
0.1152003
0.1036554
0.09554404
0.09342073
0.08992543
0.08580509
0.08360253
0.08203415
0.0810591
0.08000577
0.07835462
0.07584569
0.07269167
0.06862955
0.06347077
0.05771707
0.0524816
0.04843755
0.04675402
0.04892204
0.05420653
0.06164596
0.07109641
0.08080676
0.08901839
0.09442634
0.0947639
0.09124426
0.08359579
0.07210976
0.0543715
0.03220067
0.0104676
-0.007921248
-0.01785921
-0.02970659
-0.04516862
-0.06112729
-0.07400445
-0.08594739
-0.09453419
-0.09505877
-0.09184796
-0.08794031
-0.08007102
-0.06525893
-0.04398445
-0.02197473
-0.004951252
0.01273031
0.03256726
0.04976405
0.05964263
0.06474799
0.06537256
0.06219204
0.0610749
0.06351117
0.06871921
0.07549212
0.08214841
0.08700804
0.08841125
0.08476886
0.07482794
0.05823582
0.03642325
0.01534757
0.002658531
-0.005020841
-0.01112571
-0.01531816
-0.01662532
-0.0170008
-0.01439609
-0.009726941
-0.001726746
0.008354677
0.01625335
0.01700129
0.01045741
-0.002301785
-0.02299477
-0.05247815
-0.08465287
-0.1095202
-0.1278864
-0.1371971
-0.1482606
-0.1571163
-0.1628318
-0.1649143
-0.1635945
-0.1620042
-0.1585866
-0.1504848
-0.1379142
-0.1249538
-0.1150139
-0.1088013
-0.1047999
-0.1025024
-0.1015757
-0.1004576
-0.1007069
-0.1044943
-0.1143026
-0.1315775
-0.1557458
-0.1800117
-0.198291
-0.2135471
-0.2233332
-0.2317593
-0.2373432
-0.2392135
-0.2395265
-0.2396087
-0.2394206
-0.2367603
-0.2291835
-0.2152922
-0.1960496
-0.1734684
-0.1492506
-0.1260193
-0.1047358
-0.08245506
-0.05885734
-0.04048569
-0.0292433
-0.0224263
-0.02267433
-0.02546516
-0.03532938
-0.05819801
-0.09080302
-0.120692
-0.1473932
-0.1690525
-0.1830781
-0.202679
-0.2217246
-0.2398073
-0.2546607
-0.2677172
-0.2803075
-0.2875455
-0.2924676
-0.2959759
-0.2985912
-0.3002658
-0.3005767
-0.2981768
-0.2917557
-0.2814571
-0.2685155
-0.2552451
-0.2444389
-0.2353438
-0.2264117
-0.2181336
-0.2107355
-0.2027841
-0.1931745
-0.1805094
-0.1646477
-0.1466617
-0.1293866
-0.1150549
-0.1054364
-0.1015095
-0.1009429
-0.1016225
-0.1022789
-0.1030656
-0.1049543
-0.1084362
-0.1131492
-0.1173942
-0.1185676
-0.1174488
-0.1143843
-0.1078435
-0.09675254
-0.0838234
-0.07297732
-0.0659865
-0.06266712
-0.06333758
-0.06652489
-0.06930662
-0.07122795
-0.07376139
-0.07824464
-0.08509809
-0.09372048
-0.1011784
-0.104989
-0.1073116
-0.1078394
-0.1061884
-0.1022214
-0.09484809
-0.08346501
-0.06914461
-0.05444183
-0.04180257
-0.03075222
-0.02216698
-0.01712544
-0.01442139
-0.01315568
-0.01252851
-0.0119141
-0.01131954
-0.01133551
-0.01264234
-0.01604364
-0.02203947
-0.03051674
-0.04074579
-0.05169966
-0.06108263
-0.06855181
-0.07462767
-0.08092759
-0.08666611
-0.0903043
-0.0905574
-0.0873588
-0.08096846
-0.07066885
-0.05732747
-0.0438073
-0.03512324
-0.0336212
-0.03667015
-0.0425063
-0.05133948
-0.06558
-0.08568464
-0.1078681
-0.122754
-0.127642
-0.1306014
-0.1320608
-0.1326167
-0.133496
-0.1343933
-0.1352961
-0.1349437
-0.131607
-0.1238835
-0.1105646
-0.09041339
-0.06367414
-0.03228501
0.001948816
0.0363165
0.069246
0.0935438
0.1151309
0.1308711
0.1468398
0.1605905
0.1714903
0.1824945
0.1889032
0.1907837
0.1885488
0.1800115
0.1625724
0.1360208
0.1067456
0.08562297
0.06964177
0.05586427
0.04497066
0.03397708
0.02496301
0.02207305
0.01949979
0.01704545
0.01712162
0.02336006
0.03917038
0.0662252
0.1012888
0.1363475
0.1679626
0.195195
0.2170623
0.230618
0.2360567
0.2408871
0.2435294
0.2455763
0.2468628
0.2449421
0.2364511
0.2192737
0.194954
0.1726727
0.1647997
0.1645836
0.1661983
0.1680718
0.1688106
0.1704659
0.1723944
0.1747491
0.1773607
0.1788774
0.1776389
0.1733856
0.1650958
0.1518495
0.134146
0.1148855
0.1018941
0.1000983
0.1037025
0.1116053
0.1223746
0.1376968
0.1588741
0.181582
0.1986111
0.2064835
0.2036831
0.1973038
0.1896805
0.177338
0.1543831
0.1193739
0.08056702
0.05060334
0.02438465
-0.007272627
-0.04202949
-0.06936896
-0.08929655
-0.1014059
-0.1022259
-0.09000937
-0.05863747
-0.002585051
0.07712208
0.1559579
0.2106623
0.2588742
0.2980828
0.3132523
0.3032922
0.291146
0.2760339
0.2539843
0.2114113
0.1510511
0.09251376
0.0362806
-0.01386411
-0.06429987
-0.1183399
-0.173717
-0.2238683
-0.2602662
-0.2750385
-0.2705946
-0.2697943
-0.2775409
-0.2850757
-0.2895893
-0.2917031
-0.2849333
-0.2640108
-0.2269408
-0.1749534
-0.106838
-0.02329795
0.06034662
0.1298383
0.1868474
0.2285
0.2477389
0.239344
0.2110252
0.1772826
0.1276019
0.05879635
-0.004343749
-0.02372716
-0.005566648
0.01319166
0.02317938
0.02545133
0.03005392
0.0446517
0.06436847
0.07527189
0.07341676
0.05928038
0.03930003
0.008449726
-0.03258344
-0.07269738
-0.09783927
-0.1030302
-0.1067686
-0.1114452
-0.1172071
-0.1232888
-0.1295236
-0.130961
-0.122016
-0.09953351
-0.06649654
-0.03488906
-0.01529214
-0.005895019
-0.004065022
-0.009649283
-0.01300591
-0.01346708
-0.01320856
-0.01446544
-0.01963964
-0.02961305
-0.04239186
-0.05519205
-0.07308804
-0.09416553
-0.11383
-0.129657
-0.1372039
-0.1337131
-0.1262868
-0.1191098
-0.1123256
-0.1028161
-0.09074929
-0.08099507
-0.07780008
-0.07966657
-0.08140586
-0.08133224
-0.07746151
-0.06950169
-0.05836069
-0.0457643
-0.03315571
-0.02453205
-0.02502143
-0.03004202
-0.03884714
-0.05314907
-0.07389623
-0.09767081
-0.1160053
-0.1237637
-0.1244907
-0.127147
-0.1279055
-0.1225215
-0.1041991
-0.07206775
-0.03662655
-0.01661458
-0.01703223
-0.02097194
-0.02493095
-0.02987487
-0.03280382
-0.03592272
-0.04318538
-0.05500718
-0.06797534
-0.07577215
-0.07632898
-0.07381025
-0.07141554
-0.06825175
-0.06501922
-0.06204035
-0.05970244
-0.05835809
-0.05807027
-0.0587317
-0.05965525
-0.06048908
-0.06176898
-0.06343616
-0.06550125
-0.06760595
-0.06893372
-0.06799669
-0.06378912
-0.05609536
-0.04567811
-0.03453286
-0.02501476
-0.01827755
-0.01504013
-0.0139158
-0.01250836
-0.01029513
-0.007600901
-0.003438239
0.002360341
0.009748245
0.01842385
0.02789624
0.03693663
0.04568805
0.05463414
0.06376584
0.07274708
0.08070871
0.08767623
0.09312663
0.09550724
0.09602294
0.09594292
0.09599694
0.09647327
0.09646544
0.09484199
0.09057038
0.08252033
0.070533
0.05533378
0.03900088
0.02014643
0.002220753
-0.007939896
-0.01774799
-0.02283338
-0.02438368
-0.02521542
-0.02573202
-0.02534406
-0.02526396
-0.02530484
-0.0254142
-0.02619063
-0.02797784
-0.03044012
-0.03339051
-0.03656082
-0.03993335
-0.04354614
-0.04683806
-0.04789459
-0.04430995
-0.03460525
-0.01966798
-0.0001601471
0.02187595
0.04259323
0.06123822
0.07576696
0.08975119
0.1074003
0.1259222
0.1426353
0.1546773
0.1597309
0.1628694
0.1663673
0.1707948
0.1730999
0.1689884
0.1551607
0.1315611
0.1013086
0.07154381
0.05306852
0.04449681
0.03519097
0.02708322
0.0152289
-0.003422403
-0.02221157
-0.03547687
-0.04546451
-0.05737122
-0.06977684
-0.07992923
-0.09272459
-0.1052774
-0.1150358
-0.1248995
-0.1359619
-0.1472045
-0.1579621
-0.1721869
-0.1879017
-0.2010236
-0.2074803
-0.2082565
-0.209482
-0.2067759
-0.1944034
-0.170767
-0.1396082
-0.1050891
-0.0695604
-0.03961934
-0.01739115
0.009875967
0.04490024
0.08196181
0.1196341
0.1581246
0.186988
0.2071291
0.2192398
0.226322
0.2234324
0.219292
0.2095107
0.1863368
0.1509853
0.1123643
0.08250661
0.06882226
0.05390456
0.03806893
0.02440757
0.01166615
-0.0002112822
-0.01336595
-0.02505984
-0.03806892
-0.04973126
-0.05522586
-0.05413927
-0.04260341
-0.02287252
0.005321998
0.03593588
0.05721287
0.06709002
0.0742048
0.07919529
0.08262146
0.0842715
0.08607256
0.08821262
0.09083422
0.09338255
0.09439275
0.09231609
0.085631
0.07323071
0.05562068
0.03530805
0.01596123
-6.022155E-05
-0.01372235
-0.02607524
-0.03429446
-0.04152699
-0.04642383
-0.04966731
-0.05124811
-0.05158373
-0.05106436
-0.04905039
-0.046701
-0.04510031
-0.04527148
-0.04670361
-0.04831834
-0.04943714
-0.04905716
-0.04613129
-0.03976128
-0.02874697
-0.01289672
0.006294801
0.02533014
0.04216324
0.06021699
0.07503695
0.0844456
0.09180563
0.09550371
0.09411842
0.09143632
0.08714465
0.07872032
0.0650077
0.04867368
0.0363973
0.03332694
0.03622709
0.03805835
0.03959086
0.04076827
0.04330479
0.04848522
0.05580919
0.06391192
0.07168947
0.07811009
0.08303127
0.08709744
0.08996302
0.09151969
0.09216909
0.09175113
0.08979827
0.08528603
0.07709566
0.06452028
0.04877928
0.03384949
0.01959624
0.005469784
-0.006678848
-0.02108735
-0.03739537
-0.05310237
-0.06688058
-0.07980855
-0.08860442
-0.09314534
-0.09397655
-0.09200022
-0.09069912
-0.08964837
-0.08806476
-0.08586847
-0.0827971
-0.07808413
-0.07061569
-0.05973474
-0.04544249
-0.02858148
-0.01140628
0.004146672
0.01957832
0.0375183
0.05550272
0.06794089
0.07812342
0.08684691
0.08989237
0.09024535
0.09024725
0.09041442
0.08951148
0.08617205
0.07956827
0.06949115
0.05813212
0.04831839
0.03837607
0.02910146
0.02120745
0.01178265
0.002704276
-0.006152849
-0.0184758
-0.03130087
-0.04295015
-0.05299978
-0.06159389
-0.06486288
-0.06509799
-0.06520152
-0.06459482
-0.06257461
-0.05811891
-0.05154848
-0.0440935
-0.03719566
-0.03148195
-0.02598609
-0.02047056
-0.01449732
-0.007394909
-0.0001502949
0.007125239
0.01494434
0.02246033
0.03008921
0.03940509
0.049766
0.06214631
0.07515486
0.08852266
0.1002461
0.1089826
0.1138539
0.1149537
0.1137625
0.1101323
0.1011935
0.08450378
0.0593252
0.03219286
0.0128191
-0.003486967
-0.01465458
-0.02091514
-0.0230696
-0.02559752
-0.02853536
-0.03127065
-0.03412896
-0.03682054
-0.03948966
-0.04250031
-0.04573368
-0.0489909
-0.05176565
-0.05267105
-0.04997735
-0.04178092
-0.02663509
-0.00458646
0.02185794
0.0481692
0.06920575
0.08443046
0.09759704
0.1041113
0.1037473
0.1042504
0.1034983
0.09467045
0.07391612
0.04480164
0.01616607
-0.005250425
-0.02052551
-0.03752005
-0.04918851
-0.05196064
-0.05445868
-0.05685572
-0.05510543
-0.05169473
-0.0472199
-0.04082859
-0.03278061
-0.02470951
-0.01735482
-0.008927449
0.002840132
0.01785337
0.03493652
0.05304844
0.07061565
0.0834027
0.09005685
0.0949955
0.09696766
0.09773328
0.09499488
0.08461563
0.06409403
0.03231477
-0.004603706
-0.03329546
-0.05126676
-0.06438557
-0.07300427
-0.08017356
-0.08658112
-0.09405071
-0.1035831
-0.1086797
-0.1039374
-0.08271999
-0.04484913
0.001585208
0.04229393
0.06245784
0.08079677
0.1043679
0.1349463
0.1728605
0.2027717
0.2171332
0.22789
0.2343458
0.2332379
0.2225207
0.2028693
0.173104
0.1425707
0.1218425
0.106274
0.09711395
0.08338999
0.06651468
0.05235166
0.03726873
0.02002401
0.006618149
0.0007452893
-0.0009852227
0.001054764
0.009329076
0.02533199
0.05038338
0.08041056
0.1061838
0.1210439
0.1210062
0.1166247
0.1130659
0.1078486
0.09255152
0.06411452
0.03035078
0.006602498
-0.006728782
-0.02186055
-0.03434561
-0.03900702
-0.04802513
-0.06133742
-0.07082308
-0.07439459
-0.07145802
-0.05867805
-0.03693875
-0.01045783
0.01483542
0.02973699
0.02946305
0.0277747
0.0258678
0.02705086
0.0315338
0.03704541
0.03921182
0.03469668
0.02260383
0.005847314
-0.009170388
-0.02036623
-0.03200401
-0.04350871
-0.05511443
-0.06818372
-0.08361718
-0.09879669
-0.1160974
-0.1324896
-0.1452062
-0.1552214
-0.1638897
-0.1684401
-0.1703723
-0.1711006
-0.1702511
-0.1672521
-0.1608112
-0.1504879
-0.1374719
-0.1234107
-0.1099817
-0.09645698
-0.08205504
-0.06976247
-0.05792532
-0.04569564
-0.03292268
-0.02116459
-0.009354486
-0.00321066
-0.003804074
-0.006408356
-0.01212284
-0.02380406
-0.04269542
-0.06645441
-0.08679429
-0.09428543
-0.09502207
-0.09060122
-0.08298214
-0.07859522
-0.07485394
-0.06761043
-0.05530293
-0.04071181
-0.02726517
-0.01511579
-0.007621962
-0.001503965
0.004482078
0.01068618
0.01730163
0.02397575
0.03193803
0.04036706
0.05044957
0.06105422
0.07071305
0.07804723
0.08257974
0.08513418
0.08684285
0.08728368
0.08626787
0.08252479
0.07489921
0.06240293
0.04548188
0.02949111
0.02157885
0.01825024
0.01759326
0.01647173
0.01536394
0.01657101
0.01935783
0.02415656
0.03216764
0.04208797
0.0510427
0.05726713
0.05957499
0.05968216
0.05867139
0.05789999
0.05714904
0.05656593
0.05610325
0.05566576
0.05541068
0.05567716
0.05644645
0.05732065
0.05818613
0.05878682
0.05886787
0.05861427
0.0579543
0.05602698
0.05132774
0.04211176
0.02739933
0.007984774
-0.01228898
-0.02818489
-0.04170786
-0.05108982
-0.054906
-0.05414437
-0.05140594
-0.04507945
-0.03450485
-0.01672719
0.008550209
0.03490295
0.05571725
0.06770111
0.07675818
0.08296895
0.08751806
0.08998257
0.09142085
0.09205335
0.09312756
0.09533942
0.09797519
0.100816
0.1034457
0.1049188
0.1032711
0.09599365
0.08038617
0.05519078
0.02264994
-0.009384927
-0.03637613
-0.05848748
-0.07135081
-0.08268951
-0.09603024
-0.105775
-0.1111513
-0.1179259
-0.1216368
-0.1120905
-0.08327805
-0.03886644
0.01191251
0.05149604
0.06841959
0.07935962
0.08578511
0.0998523
0.1169305
0.127398
0.1311201
0.132504
0.1264358
0.1085919
0.07871119
0.04576396
0.02047497
0.001953556
-0.01588433
-0.03307112
-0.04417386
-0.05318768
-0.06208136
-0.07043586
-0.07580947
-0.07912366
-0.07937356
-0.07652306
-0.06889032
-0.05570112
-0.03814816
-0.01918355
-0.001843075
0.0118351
0.02095999
0.02884257
0.03556132
0.04245742
0.04736696
0.05198994
0.05483605
0.05511854
0.05293674
0.04663269
0.03462762
0.01733337
-0.001179757
-0.0148997
-0.02545969
-0.03217867
-0.04030788
-0.05096093
-0.06067228
-0.06699074
-0.07229842
-0.07813796
-0.08487586
-0.09324901
-0.09898578
-0.09640402
-0.08481659
-0.06425505
-0.03919513
-0.01588514
-0.003419223
-0.005162187
-0.009882749
-0.01197466
-0.01014969
-0.005298798
0.0009259433
0.006996901
0.01262908
0.01757189
0.0214299
0.02403593
0.02595383
0.02755886
0.02856267
0.0292426
0.03022178
0.03166725
0.03377119
0.03671972
0.04019826
0.04375276
0.04670389
0.04941888
0.05140044
0.05165775
0.05010526
0.04601395
0.03833352
0.02631889
0.01047263
-0.005782374
-0.01872777
-0.02790557
-0.03239533
-0.03782319
-0.04384539
-0.04991316
-0.05543506
-0.06306261
-0.07216306
-0.08081051
-0.09048878
-0.09996782
-0.1075783
-0.1145748
-0.1214508
-0.1269981
-0.1322298
-0.1374627
-0.141998
-0.1466673
-0.1512894
-0.1549375
-0.1566028
-0.1558657
-0.1533756
-0.1497713
-0.1455436
-0.1409932
-0.1363732
-0.1317599
-0.1269244
-0.1208516
-0.1131727
-0.103805
-0.09407604
-0.0859297
-0.08122371
-0.07867227
-0.07764542
-0.07826712
-0.08028515
-0.08356308
-0.08860085
-0.09557271
-0.1042622
-0.1122631
-0.1168957
-0.1203242
-0.1214838
-0.1193946
-0.115015
-0.1093063
-0.102616
-0.09534266
-0.08860299
-0.08517317
-0.08402323
-0.08372648
-0.08373173
-0.08318536
-0.0813231
-0.07845646
-0.07496091
-0.0713663
-0.06809977
-0.06556385
-0.06394838
-0.06276362
-0.06189649
-0.06115788
-0.0604406
-0.05937351
-0.0571988
-0.05350446
-0.04846596
-0.04137399
-0.03162155
-0.02025456
-0.008177969
0.003707215
0.01397873
0.02569859
0.03546997
0.04314864
0.04872464
0.05156578
0.05413633
0.0557567
0.05533668
0.05224574
0.04519849
0.03427859
0.0208671
0.009326072
0.004760671
0.005597569
0.009361653
0.01528272
0.02345577
0.03485516
0.05015153
0.06584258
0.07858746
0.08827675
0.09693248
0.1061872
0.1110214
0.1158612
0.1196699
0.1232594
0.1259434
0.1275902
0.1279353
0.1267377
0.1229929
0.11599
0.1052156
0.09199552
0.07844625
0.06502284
0.04972022
0.03330564
0.01967852
0.005307663
-0.007566606
-0.01624701
-0.02208425
-0.02695575
-0.02974673
-0.02872057
-0.0251618
-0.01942668
-0.009707009
0.004256951
0.02013851
0.03543286
0.04720807
0.05401546
0.05796644
0.05851135
0.05732956
0.05632439
0.0538887
0.04800672
0.03722641
0.0218148
0.005913221
-0.006248773
-0.01962497
-0.03147288
-0.03832943
-0.04314854
-0.04785764
-0.05037729
-0.05164533
-0.05161906
-0.05103085
-0.04904277
-0.04560277
-0.04040519
-0.03359
-0.02495282
-0.01398143
-0.001387032
0.01068713
0.02164079
0.03264932
0.04399063
0.05445832
0.06211234
0.067276
0.06905494
0.06869612
0.06533336
0.05609919
0.038859
0.01382958
-0.01224259
-0.02847258
-0.0373392
-0.0425989
-0.04603678
-0.04578133
-0.04582815
-0.04495124
-0.04372706
-0.04153577
-0.0376679
-0.03261294
-0.02785004
-0.02472925
-0.02360824
-0.02379166
-0.02449565
-0.02530357
-0.02688789
-0.02943983
-0.03345017
-0.03944604
-0.04724649
-0.05575402
-0.06262467
-0.06947836
-0.07725589
-0.08355094
-0.08792383
-0.09153082
-0.09199717
-0.08915415
-0.08375618
-0.07459225
-0.06121699
-0.04479959
-0.02790454
-0.01095442
0.008382964
0.02692202
0.03970771
0.04936421
0.0540734
0.05496051
0.05438739
0.05431317
0.05361632
0.04855868
0.03771288
0.02333581
0.008542457
-0.001504707
-0.007889866
-0.01496139
-0.01978594
-0.02117722
-0.02380412
-0.02804786
-0.03201284
-0.03383704
-0.03426387
-0.03335093
-0.03065651
-0.02616734
-0.01990321
-0.01207875
-0.00324468
0.00657613
0.01653929
0.02628547
0.03439697
0.03989763
0.04527695
0.05093681
0.05550379
0.05838849
0.06087221
0.06462699
0.06980955
0.07615138
0.08217394
0.08742986
0.09081409
0.0922763
0.09359058
0.09403877
0.09319831
0.0906929
0.08476072
0.07406932
0.05866229
0.04234157
0.03145189
0.02479405
0.0159654
0.002762991
-0.01154438
-0.024289
-0.03745769
-0.04750048
-0.05145492
-0.04991449
-0.04496984
-0.03630332
-0.02180229
-0.0006961785
0.02239638
0.04089724
0.05647955
0.06524399
0.06895263
0.06859796
0.06695528
0.06579376
0.06520838
0.06470643
0.06306431
0.06000065
0.05673629
0.05444366
0.05251544
0.05122635
0.04874988
0.04372556
0.03608472
0.02617654
0.01365465
0.0005597
-0.0092997
-0.01486597
-0.01840581
-0.01913342
-0.01669924
-0.01261557
-0.006328083
0.00344705
0.01762272
0.03440689
0.05055126
0.06767216
0.0841046
0.09614469
0.1039488
0.1089
0.1097956
0.1094062
0.1089042
0.1085257
0.1070192
0.1028611
0.09518344
0.08396551
0.07187436
0.06174919
0.05191235
0.04233947
0.03458781
0.02709965
0.02153409
0.02070668
0.02154661
0.02378267
0.02768482
0.03456745
0.04550169
0.05951033
0.07359841
0.08451665
0.09412082
0.1029703
0.1098157
0.1137398
0.1168705
0.1196197
0.1223115
0.1252685
0.1284186
0.1308387
0.1318787
0.1302388
0.124405
0.1129457
0.09545668
0.07394151
0.05469011
0.04288143
0.03380524
0.02488893
0.01547117
0.006843101
-0.001947836
-0.008919749
-0.01409969
-0.01889415
-0.02265422
-0.02458313
-0.02414091
-0.02127798
-0.01525484
-0.006080133
0.006050423
0.02040786
0.03377336
0.04220751
0.04500024
0.04281777
0.03982498
0.0352874
0.02551764
0.007542551
-0.01865511
-0.04785755
-0.07073445
-0.09121042
-0.1129825
-0.1304542
-0.1464317
-0.1639941
-0.1811217
-0.1903649
-0.1925084
-0.1876566
-0.1775474
-0.1566245
-0.1242475
-0.08576595
-0.05264483
-0.0375732
-0.02272131
-0.005647102
0.01236556
0.02804344
0.0292243
0.02520061
0.01314347
-0.01375093
-0.05351577
-0.09511519
-0.135211
-0.1732304
-0.2080252
-0.2315487
-0.2524258
-0.2682939
-0.2839045
-0.2960943
-0.304024
-0.3119026
-0.315785
-0.3106143
-0.2900717
-0.2537952
-0.2081423
-0.1613789
-0.1277168
-0.1138644
-0.1099012
-0.1056224
-0.1039233
-0.1040997
-0.1055992
-0.107377
-0.1151099
-0.1296423
-0.1465987
-0.1596127
-0.1613062
-0.1600883
-0.1590742
-0.1591478
-0.1586185
-0.1570844
-0.1542462
-0.1495272
-0.1429188
-0.1365393
-0.1335124
-0.1363431
-0.1416849
-0.1498775
-0.1626398
-0.1795887
-0.1972677
-0.2097636
-0.2144937
-0.2181105
-0.2219511
-0.2208553
-0.2109222
-0.1963583
-0.186194
-0.1798974
-0.1762884
-0.1756234
-0.1769001
-0.1794194
-0.1819284
-0.1812113
-0.1729113
-0.1509245
-0.1066326
-0.03088309
0.08088729
0.2020441
0.3005597
0.3867983
0.4679286
0.5362107
0.576374
0.5657375
0.5063054
0.4533752
0.391726
0.3131101
0.2294233
0.1706206
0.135787
0.1188999
0.1136785
0.1067257
0.08875937
0.06981363
0.05275367
0.03423816
0.02296965
0.01638286
0.01270652
0.01225173
0.01455091
0.02070896
0.0322195
0.04857711
0.06673677
0.08211261
0.0919866
0.09778707
0.1031181
0.1059663
0.1050499
0.1024528
0.101232
0.1017513
0.1040224
0.1092227
0.1189579
0.1351054
0.1582639
0.1854744
0.2110235
0.2316896
0.2484355
0.2609765
0.2674151
0.2678747
0.2668794
0.2664878
0.2644444
0.2567407
0.2408228
0.2176756
0.1941147
0.1771283
0.1612879
0.1531748
0.1470749
0.1406394
0.1353488
0.131432
0.1258275
0.1173285
0.1065783
0.09289037
0.07623137
0.06032589
0.04818341
0.03669161
0.02525277
0.01417735
0.008155479
0.00200935
-0.002985642
-0.005212237
-0.006950861
-0.008860114
-0.01141633
-0.01405527
-0.01593132
-0.01630762
-0.01532496
-0.01299977
-0.009546818
-0.005219133
-0.0007975214
0.003339238
0.006979618
0.008967634
0.009581125
0.01020282
0.009783482
0.00736769
0.0006532209
-0.01215727
-0.03188815
-0.05354232
-0.0708432
-0.0852322
-0.09078459
-0.08461753
-0.06305004
-0.0269757
0.02012449
0.0644856
0.08799967
0.08543899
0.08238225
0.07866625
0.078115
0.07782754
0.07112055
0.05749497
0.03984949
0.02538875
0.01639366
0.005763086
-0.006228226
-0.01757487
-0.03065992
-0.04323309
-0.05257791
-0.06117991
-0.07048092
-0.07712598
-0.08034046
-0.08165134
-0.08088458
-0.07744345
-0.06859672
-0.05112386
-0.02357818
0.0109084
0.04880493
0.0879437
0.118469
0.1446792
0.1575266
0.1617187
0.1682312
0.1732434
0.1770754
0.1729018
0.151012
0.109673
0.05893241
0.01536517
-0.008699516
-0.0228861
-0.03667007
-0.0505932
-0.05789555
-0.0618763
-0.0685881
-0.07458146
-0.07842781
-0.08021364
-0.07890567
-0.07384547
-0.0637218
-0.04956879
-0.03366743
-0.0186186
-0.005947209
0.00252184
0.005906439
0.006951777
0.006737311
0.006431094
0.005538976
0.001896862
-0.007039129
-0.02239231
-0.04212719
-0.06079544
-0.07693063
-0.09160167
-0.1060658
-0.1186023
-0.1258899
-0.1328933
-0.1420348
-0.1508942
-0.1604522
-0.1711667
-0.1813345
-0.1900761
-0.1948525
-0.1942976
-0.1853813
-0.1674791
-0.1430359
-0.1195387
-0.09989851
-0.08041929
-0.06342233
-0.04480572
-0.02783571
-0.01725138
-0.01077928
-0.007622705
-0.004680552
-0.00307995
-0.004818843
-0.01057756
-0.02167392
-0.03604401
-0.05133563
-0.06429662
-0.07647185
-0.09239917
-0.1062084
-0.1139852
-0.1205641
-0.1276579
-0.1351816
-0.1394219
-0.1419816
-0.1403219
-0.1312154
-0.1151381
-0.09693949
-0.07851921
-0.06311707
-0.05191911
-0.03923047
-0.02410962
-0.006539656
0.01144689
0.02755091
0.04553763
0.0630017
0.07660778
0.08704447
0.09281657
0.093873
0.09104958
0.08484391
0.07263922
0.05309632
0.03109319
0.01578566
0.009543873
0.01301117
0.01639507
0.01733093
0.01831376
0.02034081
0.02607023
0.0374327
0.05376059
0.06983713
0.08023927
0.08519866
0.08779955
0.08991374
0.0880571
0.08394386
0.07589399
0.06101884
0.03924621
0.01603813
0.0001339319
-0.00933404
-0.01420755
-0.01829156
-0.02035762
-0.02000912
-0.02022188
-0.01997331
-0.01902221
-0.01679598
-0.01311067
-0.008865239
-0.004493106
-7.167189E-05
0.004088002
0.007714245
0.01030499
0.01270093
0.01619981
0.02112986
0.02579906
0.03012989
0.03399068
0.03698465
0.03893579
0.03972248
0.04000332
0.04021361
0.04019385
0.0399783
0.039528
0.03908339
0.03865856
0.03832393
0.03820728
0.03840785
0.03854227
0.03848843
0.03840156
0.03789099
0.03687567
0.03551521
0.03383102
0.03177036
0.02902565
0.02529397
0.02033362
0.01413187
0.006530982
-0.00242975
-0.01037887
-0.01816284
-0.02470156
-0.03012367
-0.0348939
-0.03746988
-0.03764359
-0.03735759
-0.0357988
-0.03210567
-0.02686312
-0.02083455
-0.01546106
-0.01198975
-0.008854715
-0.006096263
-0.004604359
-0.004490626
-0.00462646
-0.004595512
-0.004868516
-0.005829357
-0.008197316
-0.01258176
-0.01967227
-0.02921648
-0.04102889
-0.05296385
-0.06378142
-0.07402946
-0.08313728
-0.08973239
-0.09250789
-0.08921771
-0.07608063
-0.05194114
-0.01898546
0.01240619
0.03689188
0.05944999
0.07930461
0.09617336
0.1071562
0.1139125
0.1177313
0.1227847
0.1249221
0.1164461
0.09063405
0.04997937
0.004328881
-0.03087731
-0.03947276
-0.04681165
-0.05579763
-0.06747868
-0.07685497
-0.08571034
-0.09420391
-0.1006554
-0.1058491
-0.1102644
-0.1129478
-0.1137294
-0.1127757
-0.1104631
-0.106554
-0.1013203
-0.09497198
-0.08789264
-0.08023166
-0.07074603
-0.05908138
-0.04686712
-0.03436359
-0.02202179
-0.009987314
0.001821094
0.01153695
0.0190546
0.02514606
0.03035893
0.03328851
0.03477113
0.03590058
0.0371869
0.03896668
0.04088897
0.04309442
0.04538323
0.04744721
0.04925466
0.05102668
0.05246217
0.05350818
0.05435272
0.05504436
0.05551289
0.05594172
0.05610695
0.05488795
0.05074231
0.04231541
0.02962571
0.01441705
-2.194713E-05
-0.01125789
-0.02055957
-0.02655959
-0.03007696
-0.03312467
-0.03538226
-0.0375766
-0.0390904
-0.03889543
-0.03591232
-0.03088627
-0.02410845
-0.01594845
-0.007747904
0.0003244016
0.007404685
0.01322364
0.01933615
0.02559773
0.03079287
0.03488406
0.03812338
0.04083054
0.04246992
0.04320072
0.04312573
0.04266799
0.04196234
0.04105011
0.04006815
0.03918978
0.0386647
0.03888966
0.04034734
0.0425389
0.04505651
0.04755274
0.04934758
0.05009361
0.05034808
0.05064488
0.05051853
0.04986192
0.0490087
0.04793459
0.04618209
0.0431956
0.03830861
0.0314263
0.02325545
0.01531038
0.009777721
0.004414404
-0.0007461194
-0.004603359
-0.006929305
-0.009544146
-0.01206884
-0.01331775
-0.01390587
-0.01373362
-0.01315524
-0.01279492
-0.01272662
-0.01301596
-0.01345281
-0.01331858
-0.01131941
-0.005917961
0.004271049
0.01999236
0.03993104
0.06024055
0.07652624
0.08747895
0.0934642
0.09709896
0.09925665
0.09944587
0.09467574
0.08163146
0.06219903
0.04456637
0.03169799
0.02490991
0.02404809
0.02314214
0.02239006
0.02126784
0.02017564
0.01893572
0.01770662
0.01647881
0.01467379
0.01134709
0.005241722
-0.004725799
-0.01869866
-0.03495218
-0.05022603
-0.06365889
-0.07503949
-0.08367609
-0.09058707
-0.09701135
-0.1029956
-0.108595
-0.1123139
-0.1138747
-0.1144182
-0.1142005
-0.1130734
-0.1111153
-0.1086565
-0.105596
-0.1017551
-0.09685376
-0.090678
-0.08277589
-0.07348518
-0.06267552
-0.04980792
-0.03610101
-0.0232128
-0.01409308
-0.00758804
-0.00412428
-0.002661042
-0.002500053
-0.002051074
-0.001417489
-0.0009913847
-0.0009742076
-0.001490083
-0.002725982
-0.005235714
-0.009443498
-0.01514183
-0.02246154
-0.03012094
-0.03736291
-0.04480301
-0.0512131
-0.05612062
-0.0612686
-0.06509542
-0.06544594
-0.06549691
-0.06470407
-0.06167256
-0.05671458
-0.04991352
-0.041423
-0.03164524
-0.02039536
-0.009295725
-0.0005004973
0.005315717
0.009878624
0.01425963
0.01793038
0.02035993
0.02157112
0.02158425
0.02241614
0.02507246
0.02762348
0.02964285
0.03166632
0.03384925
0.03611675
0.03835362
0.04037079
0.04200817
0.0431514
0.04371525
0.04352147
0.04319482
0.04312571
0.04324733
0.04348851
0.04382726
0.04424912
0.04505691
0.04648193
0.04874605
0.05180997
0.05538734
0.05904549
0.06216755
0.06358006
0.06296591
0.06085688
0.05646658
0.04909926
0.038124
0.02465278
0.01244618
0.003107043
-0.006942424
-0.01825304
-0.02548448
-0.02732362
-0.02703304
-0.02495332
-0.02115519
-0.01450759
-0.002957808
0.01308231
0.0300358
0.04338555
0.05448995
0.06025806
0.06110654
0.06233101
0.06375118
0.06163096
0.05130505
0.0304505
0.003451582
-0.02142062
-0.03948554
-0.04740781
-0.05299986
-0.06395638
-0.07918458
-0.09123738
-0.1025144
-0.1139063
-0.1216737
-0.1250288
-0.1273288
-0.12972
-0.1305233
-0.1289048
-0.1249194
-0.1181078
-0.1093994
-0.09990652
-0.08996472
-0.0779954
-0.06661756
-0.05543426
-0.04332371
-0.03084613
-0.01714826
-0.00292043
0.009340513
0.01754136
0.02227799
0.02557919
0.02773096
0.02976967
0.03274491
0.0371607
0.04311995
0.04985778
0.05651859
0.06282445
0.06821092
0.07102428
0.07274961
0.0733416
0.07281887
0.07044137
0.06501632
0.0553063
0.04067969
0.02272864
0.006730091
-0.006533378
-0.015521
-0.01394958
-0.01143882
-0.01016959
-0.009771586
-0.008291264
-0.003711748
0.004500073
0.01445339
0.02263874
0.02603138
0.02621338
0.0247809
0.02317069
0.02237766
0.02201463
0.01996548
0.01457717
0.004483155
-0.01007026
-0.0277847
-0.04906455
-0.07170002
-0.09326971
-0.1114497
-0.1213295
-0.1266858
-0.1341622
-0.1453741
-0.1539585
-0.1604569
-0.1649419
-0.1668077
-0.1617804
-0.1468567
-0.1240171
-0.0975741
-0.07408712
-0.06139174
-0.04733891
-0.0311749
-0.007923516
0.01804191
0.04175099
0.0688473
0.09576946
0.1185744
0.1377706
0.1519626
0.1614121
0.1684621
0.173105
0.1705509
0.1525578
0.1142891
0.06110098
0.01161064
-0.01772064
-0.03930959
-0.05621356
-0.07172854
-0.08874275
-0.1112127
-0.1380879
-0.1644176
-0.1918936
-0.208786
-0.2232556
-0.2347007
-0.2367363
-0.2397119
-0.2429106
-0.2410022
-0.2287356
-0.2048669
-0.1741758
-0.1494405
-0.138388
-0.1245731
-0.1059864
-0.08243289
-0.0539212
-0.02475039
0.007477451
0.0408931
0.06688584
0.08835052
0.09896396
0.1027006
0.1054476
0.1119172
0.1140682
0.1040226
0.07916511
0.04640956
0.02369077
0.01744737
0.01573252
0.01013514
-0.0006611511
-0.01298421
-0.03072488
-0.05520541
-0.08134489
-0.1034433
-0.1238193
-0.1414199
-0.1528097
-0.1615054
-0.1685202
-0.1764786
-0.1827956
-0.180639
-0.1644881
-0.1357332
-0.1026601
-0.07385589
-0.05836465
-0.04020431
-0.02000539
-0.006647553
0.002508129
0.01331982
0.02274544
0.02932785
0.03666569
0.04277899
0.04726639
0.05132505
0.05464797
0.05619322
0.05325778
0.04391758
0.02921224
0.0131066
-0.004671011
-0.02271163
-0.03962685
-0.05325311
-0.06182418
-0.06879925
-0.07472325
-0.08075638
-0.08795548
-0.0917411
-0.08708008
-0.06986496
-0.04444174
-0.01961074
-0.004968208
-0.005313151
-0.002794224
0.005327748
0.01804498
0.03609313
0.05737407
0.07974696
0.1009245
0.1210941
0.1355057
0.1400449
0.1455819
0.1509599
0.1550471
0.1537466
0.1406681
0.1113063
0.06982007
0.0309629
0.003605385
-0.01559429
-0.03162523
-0.0509022
-0.06994562
-0.07670783
-0.08226331
-0.08802668
-0.09031509
-0.08703354
-0.07203343
-0.04497125
-0.0134764
0.01172856
0.01588053
0.007054919
0.000873442
-0.0004157121
0.002739463
0.008698376
0.0165418
0.02464173
0.03416262
0.04544508
0.05743484
0.06894858
0.07821628
0.08495587
0.09121411
0.09717599
0.102613
0.1068708
0.1106563
0.1131801
0.1105845
0.09964006
0.0800281
0.05664529
0.040342
0.03876007
0.04224209
0.04662823
0.05642618
0.0763247
0.1023176
0.121325
0.1262387
0.1249435
0.1245501
0.1266186
0.1285753
0.130058
0.1331093
0.136197
0.1378534
0.1378341
0.1355945
0.1302363
0.1209629
0.107895
0.09232155
0.08045334
0.07861391
0.07816043
0.07890206
0.08017141
0.08211103
0.08544957
0.09096759
0.09939996
0.1084073
0.1143609
0.1155816
0.1138253
0.111306
0.1060859
0.09569631
0.07849474
0.05515343
0.03188797
0.01635034
0.00192253
-0.009541967
-0.016634
-0.02421323
-0.02774702
-0.03114352
-0.03372979
-0.03609051
-0.03706585
-0.03458113
-0.02766881
-0.01783217
-0.007224728
0.001311543
0.006473077
0.008252547
0.007425748
0.005008533
0.001230581
-0.006598854
-0.02037522
-0.03949261
-0.0580202
-0.06635829
-0.06496358
-0.05674522
-0.04745129
-0.03664942
-0.02176622
-0.002783433
0.01515533
0.02323156
0.02485639
0.02656129
0.03112981
0.03545756
0.03189488
0.01441159
-0.01369244
-0.04187188
-0.05939532
-0.05565933
-0.05064039
-0.04963583
-0.04753863
-0.03988523
-0.023559
-0.0007939513
0.02115487
0.03190077
0.02567366
0.02112691
0.02181616
0.0245058
0.02670575
0.02424804
0.01156071
-0.01499907
-0.05519803
-0.09826761
-0.1273914
-0.1515547
-0.1697406
-0.1816691
-0.1916696
-0.1993296
-0.2080702
-0.2133399
-0.2188423
-0.2264658
-0.226372
-0.2090194
-0.1738612
-0.1293172
-0.08991405
-0.06426292
-0.04445267
-0.03071864
-0.02379795
-0.02960883
-0.05866837
-0.1202854
-0.2160875
-0.3225178
-0.3918202
-0.4297953
-0.4685077
-0.511463
-0.5533952
-0.5865095
-0.6058709
-0.612921
-0.6040585
-0.5596512
-0.4588877
-0.3019074
-0.133584
-0.009627245
0.09063504
0.1906038
0.3002472
0.4181878
0.5324761
0.6243866
0.6750579
0.6761727
0.6454173
0.6179235
0.5875765
0.5323238
0.4504294
0.3589022
0.28515
0.2218193
0.1562821
0.08242445
-0.0006297413
-0.08839542
-0.1723034
-0.240288
-0.2809177
-0.2872603
-0.2708787
-0.2687447
-0.2827762
-0.2960292
-0.2996037
-0.2844641
-0.2511825
-0.2120179
-0.1788222
-0.1503499
-0.1141319
-0.07485571
-0.03477322
-0.0003848011
0.02892821
0.04477138
0.05057452
0.05051251
0.03910487
0.005646682
-0.05477735
-0.131003
-0.191131
-0.2153463
-0.2429606
-0.2672709
-0.2734508
-0.2791774
-0.2877219
-0.2963299
-0.3077367
-0.3199126
-0.3311524
-0.3399329
-0.3457698
-0.3474184
-0.3435307
-0.3341798
-0.3231628
-0.3167783
-0.3131484
-0.3090106
-0.3041657
-0.3002262
-0.2996216
-0.3047331
-0.3175007
-0.3412021
-0.3813405
-0.4335044
-0.482563
-0.5152186
-0.4967057
-0.38609
-0.1600267
0.1758703
0.5361568
0.8080756
1.000306
1.123008
1.166106
1.119371
1.017414
0.9460188
0.8965762
0.8178165
0.7084584
0.6166852
0.5403595
0.4613636
0.3709912
0.266882
0.1506871
0.02655936
-0.09831036
-0.2133465
-0.3045748
-0.3581241
-0.3665895
-0.3434686
-0.3274037
-0.3288694
-0.3265842
-0.3053843
-0.2691139
-0.241944
-0.2311229
-0.2167287
-0.1982691
-0.1717285
-0.1349548
-0.08419956
-0.02845087
0.01478344
0.03450017
0.03381112
0.01985184
0.009021614
0.01010183
0.02691383
0.06217856
0.1183284
0.1917945
0.2666205
0.3239898
0.3475
0.3407565
0.3168717
0.285343
0.2287364
0.134535
0.01586741
-0.09621489
-0.185074
-0.2643305
-0.3401695
-0.4077855
-0.4558051
-0.4739618
-0.4638713
-0.4500708
-0.4556826
-0.470947
-0.485418
-0.4889514
-0.4784318
-0.4581455
-0.4325013
-0.4070006
-0.3876616
-0.368175
-0.2925728
-0.1066382
0.2250786
0.6664691
1.099774
1.461829
1.783134
2.061684
2.251181
2.280821
2.100169
1.745373
1.405194
1.244113
1.178427
1.126386
1.047051
0.925021
0.7628561
0.5708041
0.362348
0.1527937
-0.03887028
-0.189191
-0.2732863
-0.275591
-0.2109385
-0.1419593
-0.1106217
-0.09610403
-0.09004866
-0.0758077
-0.04640585
-0.02349734
-0.01909201
-0.0250527
-0.02490746
-0.02035838
-0.02811828
-0.05782889
-0.1052914
-0.1489592
-0.1739992
-0.1823711
-0.1675702
-0.1418699
-0.08658459
0.01134248
0.1427097
0.2558506
0.3072429
0.3471379
0.3807616
0.3813846
0.3364803
0.291567
0.241034
0.1797549
0.1333306
0.1284632
0.1772934
0.1861219
0.1841113
0.1783279
0.1747884
0.181099
0.203784
0.2381847
0.2656286
0.274021
0.2694739
0.2626018
0.2564405
0.2435629
0.2152107
0.1708623
0.1224597
0.08836762
0.07319541
0.05389113
0.03191261
0.02017207
0.01013983
0.003374812
-5.133268E-05
7.440808E-05
0.002002538
0.004961061
0.004700658
-0.00452691
-0.02109158
-0.04120266
-0.05756043
-0.06517966
-0.06583019
-0.0614198
-0.05632096
-0.0518756
-0.04809981
-0.04482888
-0.04306866
-0.044303
-0.04869785
-0.05354144
-0.05851436
-0.06346823
-0.06739949
-0.07118595
-0.07463369
-0.07695596
-0.07968693
-0.08261772
-0.08710825
-0.09540122
-0.10902
-0.1268619
-0.1476081
-0.1710112
-0.1941934
-0.2140985
-0.2313447
-0.2461399
-0.2599562
-0.2741986
-0.2843499
-0.2902767
-0.2921176
-0.2932413
-0.2949078
-0.2964407
-0.2965476
-0.2959365
-0.2936102
-0.2885524
-0.2800888
-0.2666467
-0.2471661
-0.2232114
-0.1986661
-0.1773613
-0.1571929
-0.1413915
-0.1268569
-0.113215
-0.1012324
-0.08949942
-0.0774569
-0.06622278
-0.05683339
-0.04689097
-0.03743429
-0.03035456
-0.02493904
-0.02063035
-0.01875249
-0.01792242
-0.01847552
-0.02313174
-0.03456806
-0.05473379
-0.08240965
-0.1129524
-0.1424977
-0.1703055
-0.1994633
-0.2226338
-0.2450687
-0.2671593
-0.2845697
-0.2995975
-0.3165169
-0.3305274
-0.3383748
-0.3430087
-0.3479814
-0.3514597
-0.3510614
-0.3490023
-0.3460383
-0.3414105
-0.3335942
-0.3214634
-0.3046232
-0.2839003
-0.2621494
-0.2378934
-0.2111876
-0.184133
-0.1574835
-0.133774
-0.1100492
-0.08371808
-0.05921341
-0.04337906
-0.0302636
-0.01983874
-0.01017143
-0.001562359
0.004441662
0.009410524
0.01273583
0.01465328
0.01668527
0.01819087
0.01925318
0.01956104
0.01880514
0.01743151
0.01638215
0.01698938
0.01955451
0.02308239
0.02727169
0.0323135
0.03913742
0.04806214
0.05936102
0.07323905
0.08765175
0.1027643
0.1182671
0.1319391
0.1452457
0.1594851
0.1715462
0.1821825
0.194792
0.2066024
0.2141683
0.2181465
0.2199233
0.218783
0.2161947
0.2111201
0.1994827
0.1793796
0.1530398
0.126101
0.1033365
0.07435454
0.03635468
0.0002882263
-0.03471754
-0.073857
-0.1098876
-0.1438475
-0.1765079
-0.2066883
-0.2315891
-0.2480558
-0.2540833
-0.2513146
-0.2386458
-0.2103895
-0.1621715
-0.09927857
-0.03838899
0.02387104
0.08394126
0.1401584
0.1937521
0.2387257
0.2630232
0.2537936
0.2057907
0.1345632
0.0811239
0.06505847
0.07612076
0.09765797
0.1068243
0.103958
0.09380121
0.08159114
0.06977021
0.06118501
0.05753488
0.05952276
0.06576054
0.07285888
0.07822511
0.08012773
0.0793591
0.07635798
0.07323394
0.07016904
0.06563264
0.05757985
0.04564386
0.03215686
0.02137997
0.01567061
0.01183981
0.007925323
0.002600439
-0.003841643
-0.01090668
-0.01835671
-0.02598387
-0.03362865
-0.04121353
-0.04902476
-0.05611876
-0.06009259
-0.0637415
-0.06763531
-0.07118616
-0.07431452
-0.07702177
-0.07906177
-0.08029699
-0.08155809
-0.08236516
-0.08200756
-0.07995668
-0.07594476
-0.07026747
-0.06402316
-0.05888576
-0.05620827
-0.05653731
-0.05710466
-0.05710488
-0.05670434
-0.05619883
-0.05629491
-0.05738548
-0.05957098
-0.06216934
-0.064058
-0.06514222
-0.06482002
-0.06458754
-0.06427221
-0.06354177
-0.06259941
-0.06144507
-0.05983598
-0.05802849
-0.05606027
-0.05389153
-0.05138096
-0.04845945
-0.04514708
-0.04171736
-0.03862882
-0.03552599
-0.03275747
-0.03030565
-0.02820224
-0.02653572
-0.02537656
-0.02457327
-0.02410931
-0.02378891
-0.0235365
-0.02360884
-0.02426388
-0.02544878
-0.02683222
-0.02775295
-0.02815789
-0.02838871
-0.02844705
-0.02845182
-0.02828256
-0.0279749
-0.02731509
-0.02660613
-0.02574827
-0.02480068
-0.02376721
-0.02271124
-0.02162556
-0.02051937
-0.01942611
-0.01834767
-0.0172996
-0.01627295
-0.01525306
-0.01423646
-0.01321321
-0.01218965
-0.01116685
-0.01014448
-0.009118896
-0.00807802
-0.007013948
-0.005942128
-0.004877711
-0.003834288
-0.002855376
-0.001955026
-0.001175345
-0.000468506
0.0002009215
0.0008303136
0.0014283
0.001999698
0.002524277
0.002994922
0.003399259
0.003744178
0.004068082
0.004431718
0.00485924
0.005276012
0.005710115
0.006193794
0.006690287
0.007197971
0.007752812
0.008310477
0.00886554
0.009436421
0.01000763
0.01057332
0.01113241
0.01168767
0.0122407
0.01278597
0.01330363
0.01378064
0.01422234
0.01462133
0.01499231
0.01534644
0.01568658
0.01600746
0.01631291
0.01660378
0.0168808
0.01714792
0.01741398
0.01767455
0.01792715
0.01817164
0.0184081
0.01863383
0.01885028
0.01906172
0.01926729
0.01946669
0.01966077
0.01985021
0.02003557
0.02021737
0.020397
0.02057444
0.02074922
0.02092132
0.02109087
0.02125822
0.02142355
0.02158632
0.02174613
0.02190275
0.022056
0.02220569
0.02235161
0.02249361
0.0226318
0.02276653
0.02289783
0.02302564
0.02314989
0.02327048
0.02338736
0.02350047
0.02360978
0.02371528
