0.0025
0.00948
0.00946
0.00945
0.00944
0.00942
0.00941
0.00939
0.00938
0.00937
0.00935
0.00934
0.00933
0.00931
0.0093
0.00928
0.00927
0.00926
0.00924
0.00923
0.00922
0.0092
0.00919
0.00918
0.00917
0.00915
0.00914
0.00913
0.00912
0.00911
0.00909
0.00908
0.00907
0.00906
0.00905
0.00904
0.00902
0.00901
0.00898
0.00895
0.00891
0.00888
0.00886
0.00884
0.00884
0.00883
0.00883
0.00885
0.00887
0.00889
0.0089
0.00891
0.00891
0.00892
0.00892
0.00891
0.00889
0.00885
0.0088
0.00875
0.00869
0.00865
0.00863
0.00861
0.00858
0.00858
0.00862
0.00867
0.00873
0.00877
0.00879
0.00879
0.00879
0.00878
0.00876
0.0087
0.00858
0.00839
0.00816
0.00798
0.00788
0.00783
0.00783
0.0079
0.00809
0.00836
0.00865
0.00893
0.00917
0.00933
0.00945
0.00953
0.00959
0.00961
0.00959
0.00954
0.00944
0.00927
0.00904
0.00879
0.00857
0.00845
0.00847
0.00861
0.00884
0.00907
0.00919
0.00917
0.00906
0.00889
0.00868
0.00846
0.00828
0.00819
0.00818
0.00819
0.00817
0.0081
0.00791
0.00757
0.00711
0.00667
0.00643
0.0065
0.00688
0.00752
0.00828
0.00888
0.00922
0.00948
0.00987
0.0104
0.01089
0.01117
0.01121
0.01108
0.01092
0.01074
0.01045
0.0099
0.00915
0.00839
0.00788
0.00767
0.00758
0.00754
0.00762
0.00786
0.00825
0.00866
0.00898
0.00928
0.00973
0.01041
0.01119
0.0119
0.01243
0.01275
0.01288
0.01289
0.01276
0.01231
0.01127
0.00955
0.00746
0.0058
0.00495
0.00455
0.00444
0.00455
0.0049
0.0055
0.00619
0.00687
0.00754
0.00815
0.00865
0.00907
0.00951
0.0098
0.00987
0.00982
0.00978
0.0098
0.00995
0.01027
0.01065
0.011
0.01121
0.01116
0.01089
0.01041
0.00966
0.00853
0.00703
0.00522
0.00332
0.0019
0.00174
0.00311
0.00542
0.00744
0.00835
0.00853
0.00902
0.01017
0.01159
0.01316
0.01535
0.01856
0.02217
0.02413
0.0239
0.02311
0.02272
0.02222
0.0212
0.01986
0.01788
0.01461
0.01035
0.00605
0.00223
-0.00078
-0.00313
-0.00504
-0.00556
-0.00354
0.00144
0.00902
0.018
0.02534
0.02742
0.02514
0.02305
0.02289
0.02326
0.02217
0.01831
0.01151
0.00338
-0.00203
-0.00293
-0.00241
-0.00258
-0.00322
-0.00273
0.00061
0.00741
0.01596
0.02391
0.02903
0.03054
0.03098
0.03295
0.03481
0.03464
0.03347
0.03185
0.02823
0.02099
0.01036
-0.00059
-0.00877
-0.01246
-0.0124
-0.01191
-0.01217
-0.01154
-0.00829
-0.00161
0.00795
0.01784
0.02587
0.03099
0.03271
0.03252
0.03251
0.0332
0.03414
0.03497
0.03554
0.03581
0.03571
0.03507
0.03301
0.02854
0.02191
0.01514
0.00913
0.00331
-0.00103
-0.00216
-0.00118
0.00012
0.00309
0.00965
0.01881
0.0273
0.03203
0.03246
0.03073
0.02909
0.02777
0.0254
0.02079
0.01407
0.00758
0.00544
0.00822
0.01247
0.01561
0.0174
0.01905
0.02142
0.02456
0.02781
0.0309
0.03393
0.03599
0.03619
0.03495
0.03267
0.02901
0.02409
0.01839
0.01314
0.0095
0.00705
0.00527
0.0046
0.00472
0.00499
0.00602
0.00885
0.01425
0.02259
0.0327
0.04226
0.04855
0.04925
0.04578
0.04225
0.04006
0.03763
0.03296
0.02636
0.01973
0.0144
0.01092
0.00886
0.00681
0.00357
0.00099
0.00115
0.00334
0.0059
0.00833
0.01081
0.01331
0.01556
0.01708
0.01779
0.01823
0.0189
0.01965
0.02004
0.02011
0.02025
0.02058
0.02081
0.02067
0.02008
0.01892
0.01702
0.01424
0.01052
0.00656
0.00401
0.00423
0.00698
0.01101
0.01582
0.02187
0.0288
0.03495
0.03895
0.04061
0.04061
0.03993
0.03844
0.03474
0.02721
0.0162
0.00554
0.00166
0.00488
0.00848
0.00882
0.00686
0.00513
0.00521
0.00767
0.01278
0.02066
0.03004
0.03825
0.04238
0.04197
0.0397
0.03846
0.03821
0.03652
0.0306
0.01955
0.00582
-0.00457
-0.00973
-0.01295
-0.01465
-0.01368
-0.01075
-0.00606
0.00151
0.01211
0.02403
0.03209
0.03256
0.02862
0.02563
0.02588
0.02822
0.031
0.03359
0.03566
0.03618
0.03366
0.02653
0.01439
-0.00008
-0.00963
-0.01062
-0.00765
-0.00545
-0.00513
-0.00541
-0.00454
-0.00106
0.00543
0.01395
0.02256
0.02978
0.03508
0.03793
0.03847
0.03866
0.04011
0.0421
0.04272
0.04113
0.0374
0.03216
0.02693
0.02326
0.02092
0.02029
0.02168
0.0233
0.02424
0.0248
0.0255
0.02611
0.02609
0.02519
0.02363
0.02191
0.02061
0.02019
0.0208
0.02238
0.02496
0.02822
0.03141
0.03369
0.03491
0.03467
0.03117
0.02162
0.00432
-0.01843
-0.03713
-0.04364
-0.03983
-0.03205
-0.02585
-0.0232
-0.02201
-0.01958
-0.016
-0.01369
-0.01386
-0.01509
-0.0168
-0.02066
-0.02911
-0.04306
-0.05972
-0.07299
-0.08
-0.08231
-0.08174
-0.08091
-0.08185
-0.08454
-0.08797
-0.09075
-0.09317
-0.09766
-0.10625
-0.11848
-0.13084
-0.1404
-0.14734
-0.15096
-0.15146
-0.15222
-0.1554
-0.15906
-0.16064
-0.15988
-0.15751
-0.154
-0.15002
-0.14697
-0.14592
-0.1467
-0.14913
-0.15436
-0.16433
-0.17926
-0.19552
-0.20731
-0.21129
-0.21088
-0.21328
-0.2196
-0.22066
-0.20249
-0.16399
-0.12657
-0.1175
-0.13488
-0.15151
-0.15296
-0.14388
-0.13289
-0.12369
-0.11724
-0.114
-0.11406
-0.11584
-0.11747
-0.11801
-0.11699
-0.11391
-0.10883
-0.10266
-0.09761
-0.09535
-0.09545
-0.09679
-0.09918
-0.10342
-0.11084
-0.12152
-0.13289
-0.14087
-0.14554
-0.15053
-0.15614
-0.16033
-0.16402
-0.16908
-0.17501
-0.18057
-0.18631
-0.19364
-0.20124
-0.2074
-0.21234
-0.2163
-0.21977
-0.22304
-0.22667
-0.23021
-0.23315
-0.2357
-0.23532
-0.22879
-0.21555
-0.19834
-0.18244
-0.17275
-0.17056
-0.17337
-0.17721
-0.17986
-0.18085
-0.18029
-0.17777
-0.17146
-0.15943
-0.14238
-0.12431
-0.11126
-0.10663
-0.10845
-0.11218
-0.11438
-0.11459
-0.1142
-0.11409
-0.1135
-0.11065
-0.10366
-0.09182
-0.07632
-0.05989
-0.04516
-0.03169
-0.01679
-0.00079
0.01244
0.02033
0.0247
0.02882
0.0341
0.03972
0.0446
0.04872
0.05303
0.05772
0.06186
0.06486
0.06753
0.07096
0.07546
0.08081
0.08687
0.09323
0.09878
0.10343
0.10874
0.11449
0.11869
0.12074
0.12236
0.12501
0.12805
0.13004
0.13098
0.13136
0.1315
0.1313
0.13051
0.1288
0.12615
0.12278
0.11941
0.11642
0.11514
0.11671
0.11996
0.12339
0.12656
0.12908
0.1308
0.13198
0.13375
0.13785
0.14627
0.15973
0.17633
0.19219
0.20447
0.21263
0.21716
0.21798
0.21695
0.21713
0.21763
0.21314
0.19876
0.17432
0.14746
0.1273
0.11184
0.09504
0.07884
0.06552
0.05318
0.04022
0.02468
0.00708
-0.00833
-0.02155
-0.03548
-0.04871
-0.05773
-0.06603
-0.07728
-0.08908
-0.09887
-0.10604
-0.11007
-0.10997
-0.10495
-0.09334
-0.07191
-0.04183
-0.01141
0.00873
0.01822
0.02604
0.03673
0.05062
0.06948
0.09286
0.11716
0.14014
0.16022
0.17319
0.1788
0.18265
0.18497
0.1816
0.16782
0.14142
0.11097
0.09667
0.10294
0.11288
0.11738
0.11824
0.11839
0.11989
0.12494
0.13393
0.14569
0.15879
0.17408
0.19226
0.21355
0.23809
0.26059
0.27421
0.28199
0.29107
0.30102
0.30647
0.30423
0.28672
0.24572
0.1857
0.1317
0.09624
0.06315
0.01644
-0.04018
-0.09251
-0.12181
-0.12231
-0.11925
-0.13228
-0.15204
-0.15748
-0.13367
-0.08168
-0.02468
-0.00187
-0.02028
-0.04324
-0.04684
-0.03474
-0.01745
-0.00051
0.00956
0.00326
-0.02666
-0.07678
-0.13341
-0.17692
-0.19311
-0.19323
-0.19746
-0.20835
-0.21982
-0.2291
-0.23728
-0.2466
-0.26021
-0.27473
-0.27895
-0.26247
-0.22722
-0.18314
-0.14311
-0.1218
-0.12146
-0.12444
-0.11827
-0.10796
-0.09862
-0.08832
-0.07496
-0.05958
-0.04387
-0.02938
-0.01789
-0.00961
-0.00407
-0.00023
0.00306
0.00734
0.0134
0.01931
0.01923
0.00721
-0.01827
-0.05045
-0.0771
-0.09091
-0.09831
-0.1087
-0.12384
-0.14045
-0.15514
-0.16547
-0.1718
-0.17643
-0.18019
-0.18398
-0.19107
-0.20354
-0.21752
-0.22398
-0.21269
-0.17583
-0.11503
-0.04561
0.00708
0.01974
-0.00691
-0.03797
-0.043
-0.02934
-0.01693
-0.01269
-0.01439
-0.02034
-0.02825
-0.03435
-0.03624
-0.03467
-0.03084
-0.02535
-0.01957
-0.01453
-0.01064
-0.00847
-0.00832
-0.0098
-0.012
-0.01374
-0.01465
-0.01517
-0.01535
-0.01501
-0.01435
-0.01367
-0.01336
-0.01408
-0.01697
-0.0244
-0.03895
-0.06024
-0.0846
-0.10405
-0.11483
-0.12206
-0.12711
-0.12927
-0.13192
-0.13579
-0.13882
-0.14091
-0.143
-0.14609
-0.15172
-0.16248
-0.17948
-0.19914
-0.21856
-0.23977
-0.26102
-0.27897
-0.29289
-0.30193
-0.30522
-0.3054
-0.30745
-0.31404
-0.3252
-0.33747
-0.3421
-0.3292
-0.2952
-0.24452
-0.1888
-0.14916
-0.1302
-0.11379
-0.0924
-0.06981
-0.05091
-0.03701
-0.02633
-0.01777
-0.01289
-0.01106
-0.00895
-0.00478
0.00097
0.00543
0.00456
-0.00381
-0.01755
-0.02866
-0.02636
-0.00557
0.0251
0.05455
0.08024
0.09557
0.09131
0.07436
0.06298
0.06481
0.07371
0.08323
0.09246
0.10308
0.11617
0.13064
0.14394
0.15386
0.15929
0.16087
0.16217
0.16672
0.17429
0.18319
0.19269
0.20155
0.20778
0.21103
0.21313
0.21664
0.22279
0.2309
0.23752
0.23584
0.21828
0.18192
0.13502
0.09729
0.08814
0.10183
0.11194
0.1073
0.10193
0.11827
0.16466
0.2235
0.26151
0.26243
0.24213
0.22921
0.23523
0.24909
0.25181
0.23187
0.19155
0.14379
0.10273
0.08638
0.09025
0.08696
0.0707
0.05055
0.0316
0.01533
0.00432
0.00022
0.00099
0.00355
0.00553
0.00604
0.00656
0.00842
0.01051
0.01046
0.00811
0.0054
0.00392
0.00424
0.00675
0.01144
0.01721
0.02248
0.02642
0.02919
0.03141
0.033
0.03375
0.03392
0.03409
0.03486
0.03671
0.03994
0.04393
0.04742
0.0496
0.05052
0.05071
0.05154
0.0548
0.06119
0.0697
0.07853
0.08589
0.09054
0.09179
0.08932
0.0834
0.07441
0.06363
0.05523
0.05448
0.06037
0.06688
0.0712
0.07517
0.08109
0.08945
0.10018
0.1131
0.12786
0.14259
0.15419
0.16037
0.1611
0.1599
0.16037
0.16312
0.16614
0.16681
0.16236
0.15045
0.13123
0.11028
0.09465
0.08951
0.09309
0.0953
0.09188
0.08598
0.0801
0.07409
0.06847
0.06515
0.06554
0.06989
0.07867
0.09273
0.11225
0.1348
0.15833
0.18244
0.20592
0.22839
0.24807
0.25955
0.26176
0.26143
0.26703
0.27652
0.27843
0.26283
0.22774
0.18204
0.14669
0.13166
0.1251
0.11731
0.10829
0.09704
0.08747
0.0959
0.13896
0.21036
0.27807
0.30095
0.27854
0.25893
0.26781
0.28817
0.30152
0.30621
0.29852
0.2719
0.23108
0.19455
0.18725
0.21088
0.23585
0.24395
0.23811
0.22659
0.20856
0.17807
0.13265
0.08204
0.03706
-0.00224
-0.04172
-0.08315
-0.12261
-0.15191
-0.16293
-0.16062
-0.16214
-0.16579
-0.1473
-0.08411
0.0173
0.11763
0.1555
0.12192
0.07857
0.07083
0.09577
0.12564
0.13807
0.1214
0.06678
-0.02285
-0.12119
-0.18527
-0.2112
-0.24401
-0.30455
-0.37872
-0.45078
-0.51386
-0.55935
-0.57745
-0.56822
-0.55342
-0.55542
-0.57494
-0.60227
-0.62943
-0.65196
-0.66508
-0.66195
-0.63669
-0.5878
-0.52253
-0.45733
-0.41602
-0.40715
-0.40582
-0.3854
-0.34491
-0.2986
-0.25858
-0.22978
-0.21185
-0.20603
-0.20782
-0.20589
-0.1954
-0.17912
-0.1605
-0.14181
-0.12541
-0.11338
-0.1054
-0.10013
-0.09563
-0.09032
-0.08233
-0.06962
-0.05122
-0.02741
0.00218
0.03868
0.08265
0.12691
0.16594
0.20645
0.2509
0.28681
0.30905
0.32501
0.33786
0.3483
0.35868
0.36467
0.35182
0.30632
0.22958
0.15283
0.12364
0.1411
0.16068
0.16434
0.1598
0.15572
0.15341
0.1517
0.15221
0.15627
0.16075
0.16141
0.15729
0.14904
0.13583
0.11817
0.10198
0.09464
0.09598
0.09909
0.09896
0.09625
0.09344
0.0923
0.09291
0.0947
0.09682
0.09854
0.09921
0.09879
0.09784
0.0969
0.09597
0.09474
0.09274
0.0897
0.08569
0.08149
0.0783
0.07539
0.071
0.06409
0.05347
0.03804
0.01837
-0.00091
-0.01677
-0.03272
-0.05001
-0.06411
-0.0717
-0.07462
-0.07639
-0.07641
-0.07373
-0.06841
-0.05983
-0.04789
-0.0355
-0.02681
-0.02393
-0.02448
-0.02438
-0.02272
-0.02036
-0.01833
-0.01941
-0.02764
-0.04582
-0.07235
-0.09823
-0.11339
-0.12022
-0.12789
-0.13732
-0.147
-0.15963
-0.17445
-0.18768
-0.19926
-0.2104
-0.2169
-0.21583
-0.21173
-0.20959
-0.20957
-0.20944
-0.20855
-0.20815
-0.20951
-0.21253
-0.21614
-0.21892
-0.21831
-0.2109
-0.19433
-0.16958
-0.14206
-0.11907
-0.10114
-0.08258
-0.06385
-0.04777
-0.03209
-0.01471
0.00287
0.01951
0.03555
0.04895
0.05834
0.06516
0.06879
0.06936
0.07
0.07206
0.07388
0.07378
0.0718
0.06884
0.06606
0.06489
0.0662
0.06934
0.07311
0.07696
0.08152
0.08775
0.09665
0.10848
0.12222
0.13699
0.15272
0.16888
0.18446
0.19825
0.20928
0.21862
0.22753
0.2377
0.25051
0.26486
0.28
0.29639
0.31091
0.32078
0.32765
0.3336
0.34202
0.35605
0.37274
0.38576
0.39178
0.3939
0.39737
0.40137
0.39909
0.38465
0.35944
0.33109
0.305
0.27948
0.25092
0.22589
0.20599
0.17649
0.1303
0.07205
0.00703
-0.0526
-0.08844
-0.09562
-0.08517
-0.07738
-0.0874
-0.10867
-0.1222
-0.11785
-0.09857
-0.07326
-0.05192
-0.0409
-0.04514
-0.06013
-0.07314
-0.08145
-0.08965
-0.09791
-0.10166
-0.09717
-0.08474
-0.06957
-0.05814
-0.05268
-0.05046
-0.04919
-0.05158
-0.06157
-0.08249
-0.11367
-0.14514
-0.15759
-0.14794
-0.13693
-0.13695
-0.14308
-0.14747
-0.1481
-0.14459
-0.13408
-0.11484
-0.08947
-0.06243
-0.03521
-0.00738
0.02083
0.04722
0.06984
0.08966
0.10513
0.11551
0.12717
0.14393
0.1618
0.18012
0.20167
0.22501
0.24535
0.26213
0.27465
0.28042
0.28086
0.28248
0.28685
0.28592
0.27201
0.24636
0.22102
0.20711
0.20123
0.1973
0.19399
0.18938
0.18158
0.17265
0.16418
0.15541
0.14996
0.15901
0.18629
0.21863
0.24009
0.24113
0.23052
0.22549
0.22835
0.22807
0.21251
0.17618
0.12323
0.06825
0.03907
0.03666
0.02579
-0.00555
-0.04343
-0.07614
-0.10071
-0.11875
-0.1326
-0.1425
-0.14941
-0.15524
-0.1628
-0.17074
-0.17353
-0.16516
-0.14432
-0.11204
-0.07406
-0.04214
-0.03317
-0.04397
-0.0481
-0.03423
-0.00968
0.01667
0.03994
0.05915
0.07568
0.08753
0.0906
0.08929
0.09044
0.0934
0.09173
0.07753
0.04852
0.01329
-0.01393
-0.01916
-0.00591
0.00289
-0.00457
-0.02063
-0.03195
-0.03296
-0.02539
-0.01343
-0.00207
0.00573
0.00959
0.01014
0.00821
0.00501
0.00292
0.0027
0.0028
0.00113
-0.00303
-0.00951
-0.01849
-0.03015
-0.04281
-0.05557
-0.06722
-0.0764
-0.08532
-0.0947
-0.10175
-0.10516
-0.10571
-0.10433
-0.10194
-0.09875
-0.09431
-0.08831
-0.08253
-0.07921
-0.07777
-0.07615
-0.07342
-0.06969
-0.06544
-0.06123
-0.05727
-0.05383
-0.05136
-0.04937
-0.04725
-0.0453
-0.04393
-0.04305
-0.04217
-0.04123
-0.04148
-0.04522
-0.05476
-0.07042
-0.08778
-0.09917
-0.10047
-0.09122
-0.0701
-0.03736
0.00011
0.02881
0.03576
0.02674
0.01899
0.01873
0.02291
0.02814
0.03241
0.03348
0.02923
0.01861
0.00317
-0.01216
-0.02524
-0.03883
-0.05251
-0.06744
-0.08715
-0.10944
-0.13245
-0.15606
-0.17779
-0.19316
-0.20186
-0.20973
-0.21797
-0.22273
-0.22278
-0.22155
-0.2223
-0.22378
-0.22348
-0.22131
-0.21872
-0.21673
-0.21559
-0.21534
-0.21562
-0.21608
-0.21654
-0.21606
-0.21293
-0.20553
-0.19332
-0.17708
-0.15913
-0.14326
-0.13398
-0.13217
-0.13403
-0.13529
-0.13439
-0.13282
-0.13235
-0.1338
-0.13665
-0.13876
-0.13707
-0.12941
-0.11457
-0.09218
-0.06542
-0.04126
-0.02438
-0.01436
-0.00772
-0.00257
0.00015
0.00126
0.0026
0.00283
-0.00298
-0.01797
-0.03901
-0.05678
-0.06549
-0.06828
-0.06902
-0.0687
-0.06836
-0.06969
-0.07264
-0.07487
-0.07354
-0.06635
-0.05252
-0.03248
-0.00798
0.01651
0.03659
0.05066
0.05867
0.06076
0.06082
0.0654
0.07114
0.06638
0.04239
0.00386
-0.03401
-0.05134
-0.0484
-0.04649
-0.05118
-0.05689
-0.06461
-0.07658
-0.08774
-0.08902
-0.07562
-0.05323
-0.03127
-0.01726
-0.01686
-0.02527
-0.03007
-0.0273
-0.02072
-0.01436
-0.00963
-0.00612
-0.00231
0.00207
0.00559
0.00562
-0.00016
-0.01249
-0.02795
-0.04112
-0.047
-0.04721
-0.04959
-0.05803
-0.06995
-0.08001
-0.08586
-0.08979
-0.09384
-0.09724
-0.10031
-0.1034
-0.10553
-0.10625
-0.1055
-0.10237
-0.09626
-0.08733
-0.07612
-0.06358
-0.05188
-0.04449
-0.0425
-0.04321
-0.04246
-0.03838
-0.03371
-0.0342
-0.04561
-0.06756
-0.08848
-0.09648
-0.09348
-0.08832
-0.0852
-0.0836
-0.08169
-0.0767
-0.06719
-0.05518
-0.04595
-0.04323
-0.04514
-0.04683
-0.04482
-0.03894
-0.03129
-0.0238
-0.01657
-0.00886
-0.00082
0.00732
0.01599
0.02406
0.02712
0.02503
0.02367
0.02544
0.02841
0.03075
0.03196
0.03188
0.03061
0.02841
0.02617
0.02501
0.02644
0.03146
0.03955
0.04899
0.05849
0.06768
0.07616
0.08386
0.09129
0.09843
0.10448
0.10812
0.10957
0.11071
0.11218
0.11335
0.11336
0.11152
0.10739
0.10135
0.09507
0.09111
0.09064
0.09234
0.09498
0.099
0.10482
0.11092
0.11517
0.11691
0.11706
0.11625
0.11513
0.11489
0.11579
0.11682
0.11743
0.11789
0.11844
0.1188
0.11854
0.1175
0.1161
0.11523
0.11595
0.11897
0.12386
0.12956
0.13566
0.14174
0.14641
0.14747
0.14353
0.13552
0.12642
0.11971
0.11552
0.1107
0.10273
0.09236
0.08087
0.06696
0.05025
0.03623
0.02956
0.02804
0.027
0.02231
0.01294
0.0002
-0.01605
-0.03567
-0.05456
-0.06798
-0.07585
-0.07842
-0.07464
-0.0677
-0.06154
-0.05536
-0.04626
-0.03559
-0.02857
-0.0272
-0.02831
-0.02891
-0.02847
-0.0275
-0.02676
-0.02734
-0.02967
-0.03367
-0.03867
-0.0424
-0.04338
-0.04333
-0.0444
-0.04735
-0.05154
-0.05573
-0.05822
-0.05774
-0.05308
-0.04217
-0.02321
0.00272
0.02993
0.05094
0.06416
0.07481
0.0863
0.09533
0.09945
0.1006
0.10168
0.10366
0.10448
0.10043
0.08946
0.07322
0.05744
0.04537
0.03365
0.01884
0.0015
-0.01503
-0.02964
-0.04391
-0.05784
-0.06969
-0.07857
-0.08428
-0.0853
-0.08399
-0.08577
-0.09069
-0.09415
-0.09393
-0.09168
-0.08958
-0.08903
-0.09027
-0.09278
-0.09579
-0.09853
-0.10057
-0.10191
-0.10251
-0.10262
-0.10293
-0.10453
-0.10887
-0.11692
-0.12801
-0.1397
-0.14817
-0.15211
-0.1541
-0.15507
-0.15475
-0.1539
-0.15239
-0.14866
-0.14245
-0.13534
-0.12955
-0.12597
-0.1235
-0.12035
-0.11548
-0.10906
-0.10111
-0.09131
-0.08013
-0.06905
-0.06012
-0.05451
-0.05118
-0.04974
-0.05008
-0.05024
-0.04878
-0.04525
-0.03889
-0.02836
-0.01383
0.00284
0.01877
0.03145
0.03983
0.04461
0.0482
0.05188
0.05551
0.05956
0.06451
0.069
0.07139
0.07209
0.07248
0.07318
0.07398
0.0743
0.07371
0.072
0.06866
0.06288
0.05407
0.04261
0.02979
0.01573
-0.00107
-0.02047
-0.03848
-0.05348
-0.06816
-0.08255
-0.09342
-0.09904
-0.10125
-0.10317
-0.10619
-0.10987
-0.11406
-0.11769
-0.1191
-0.11837
-0.1174
-0.11761
-0.11932
-0.12214
-0.12563
-0.12923
-0.13247
-0.13465
-0.13472
-0.13155
-0.12547
-0.11863
-0.11335
-0.1102
-0.10866
-0.1084
-0.10902
-0.10945
-0.1093
-0.10914
-0.10974
-0.11146
-0.11419
-0.11747
-0.12073
-0.12262
-0.12071
-0.1136
-0.10217
-0.0874
-0.07023
-0.05218
-0.03437
-0.01556
0.00354
0.02021
0.03387
0.04489
0.05328
0.0608
0.06979
0.07948
0.08753
0.09292
0.0963
0.09901
0.10142
0.10328
0.10403
0.10241
0.09546
0.08107
0.06103
0.04372
0.03485
0.0331
0.03611
0.04015
0.0441
0.05229
0.0707
0.09918
0.12636
0.13897
0.1358
0.12847
0.12692
0.13079
0.13628
0.14025
0.14002
0.13349
0.12055
0.10406
0.08935
0.08302
0.08651
0.09293
0.09713
0.1007
0.10719
0.11701
0.12591
0.1292
0.12747
0.12447
0.12283
0.12269
0.12277
0.12191
0.11978
0.11627
0.11126
0.10441
0.09591
0.0856
0.07264
0.05752
0.04279
0.03171
0.02448
0.01862
0.0155
0.01675
0.01896
0.01968
0.02157
0.02794
0.03875
0.0516
0.06338
0.07157
0.0756
0.07646
0.07607
0.07689
0.0795
0.08178
0.07955
0.06836
0.04589
0.01511
-0.01284
-0.02958
-0.04076
-0.05308
-0.06613
-0.07823
-0.08995
-0.10117
-0.10741
-0.10777
-0.10746
-0.10932
-0.11183
-0.11298
-0.11304
-0.1128
-0.11287
-0.1135
-0.11442
-0.11515
-0.11519
-0.11376
-0.11047
-0.1059
-0.10152
-0.09869
-0.09773
-0.0979
-0.09872
-0.09976
-0.10086
-0.10184
-0.10286
-0.10438
-0.1074
-0.11293
-0.12196
-0.13117
-0.1365
-0.13972
-0.14334
-0.14654
-0.14788
-0.14907
-0.15119
-0.15293
-0.15389
-0.15473
-0.15668
-0.16055
-0.16655
-0.1736
-0.17893
-0.1796
-0.17572
-0.16804
-0.15452
-0.13232
-0.10316
-0.07129
-0.04015
-0.01078
0.01857
0.04833
0.07019
0.08171
0.09164
0.10254
0.11075
0.11572
0.11997
0.12237
0.11834
0.10467
0.08627
0.07429
0.07078
0.06753
0.06185
0.05756
0.057
0.05759
0.05703
0.05638
0.05767
0.06099
0.06464
0.06698
0.06808
0.06874
0.06962
0.07008
0.06804
0.06043
0.04539
0.02507
0.008
0.00059
-0.00061
0.00006
0.00146
0.0029
0.00456
0.00814
0.01621
0.02876
0.04233
0.05262
0.05888
0.06343
0.06708
0.06936
0.07032
0.07107
0.07259
0.07503
0.07739
0.07848
0.07724
0.07264
0.06323
0.04855
0.03156
0.01646
0.00328
-0.00903
-0.02084
-0.03225
-0.04355
-0.05494
-0.06404
-0.06457
-0.05061
-0.02382
0.01061
0.04784
0.07498
0.08459
0.08392
0.08195
0.08418
0.08985
0.09637
0.10284
0.10929
0.11527
0.12016
0.12417
0.12815
0.13182
0.13435
0.13563
0.13597
0.13548
0.13418
0.13197
0.12893
0.12526
0.12183
0.11959
0.11809
0.11538
0.10993
0.1025
0.09514
0.0894
0.08574
0.0849
0.08639
0.08726
0.08625
0.08454
0.08319
0.0819
0.08015
0.07793
0.07547
0.07259
0.06856
0.06219
0.05278
0.04096
0.02752
0.01266
-0.00408
-0.02167
-0.03813
-0.05293
-0.06657
-0.07886
-0.09153
-0.10728
-0.12148
-0.12568
-0.11927
-0.10416
-0.07509
-0.03017
0.01997
0.0554
0.06518
0.05931
0.04852
0.04134
0.04822
0.06702
0.08521
0.09228
0.08518
0.06676
0.04352
0.02112
0.00377
-0.0031
-0.0024
-0.00598
-0.01548
-0.02437
-0.03091
-0.03651
-0.04008
-0.04202
-0.04483
-0.04892
-0.05278
-0.05582
-0.0581
-0.05965
-0.06056
-0.06126
-0.0615
-0.06096
-0.06058
-0.06268
-0.06987
-0.08447
-0.10643
-0.13148
-0.15554
-0.17961
-0.20402
-0.23109
-0.26879
-0.31578
-0.35671
-0.38722
-0.41934
-0.44832
-0.45986
-0.45884
-0.46028
-0.47227
-0.48874
-0.492
-0.46667
-0.41299
-0.34682
-0.29177
-0.27113
-0.28013
-0.2891
-0.28387
-0.27034
-0.25689
-0.24676
-0.23996
-0.23337
-0.22364
-0.20831
-0.18651
-0.1598
-0.13174
-0.10431
-0.07824
-0.05225
-0.02551
-0.00246
0.01481
0.03132
0.04999
0.06991
0.0919
0.11522
0.13999
0.16846
0.1962
0.22088
0.24829
0.27689
0.29876
0.31277
0.32536
0.34165
0.35828
0.36964
0.37477
0.37744
0.38238
0.39087
0.4003
0.40845
0.41528
0.4223
0.43081
0.44104
0.45095
0.45617
0.45088
0.43122
0.40052
0.37387
0.36419
0.36822
0.37617
0.38006
0.37161
0.34326
0.29262
0.22641
0.15575
0.09374
0.04593
0.00258
-0.03275
-0.05306
-0.06932
-0.08793
-0.10274
-0.10357
-0.07873
-0.01792
0.06773
0.14044
0.16439
0.14759
0.12897
0.12783
0.1392
0.15169
0.15671
0.14753
0.12375
0.09648
0.08338
0.08684
0.0926
0.09288
0.08996
0.08713
0.08436
0.0817
0.08089
0.08298
0.08681
0.09031
0.0927
0.09479
0.09658
0.09605
0.08991
0.07536
0.05216
0.02614
0.00499
-0.00821
-0.01759
-0.0285
-0.03645
-0.03606
-0.03101
-0.02604
-0.02001
-0.00956
0.00546
0.01966
0.02641
0.02478
0.01997
0.01767
0.018
0.01625
0.00735
-0.00984
-0.03054
-0.04627
-0.05478
-0.06192
-0.07278
-0.08608
-0.09483
-0.09703
-0.09883
-0.1033
-0.10896
-0.11571
-0.12289
-0.12687
-0.12457
-0.11612
-0.10412
-0.08966
-0.0728
-0.05664
-0.04748
-0.04394
-0.03711
-0.02634
-0.01731
-0.01316
-0.01291
-0.01332
-0.01222
-0.01035
-0.00962
-0.01184
-0.019
-0.03204
-0.04876
-0.06361
-0.07365
-0.08096
-0.08794
-0.09599
-0.10535
-0.11489
-0.12313
-0.13043
-0.13691
-0.14248
-0.14896
-0.15567
-0.15548
-0.14041
-0.1113
-0.07979
-0.06205
-0.06112
-0.06217
-0.05506
-0.04113
-0.02411
-0.00491
0.01518
0.03415
0.05077
0.06335
0.07002
0.07163
0.07168
0.07475
0.08172
0.08856
0.08909
0.07916
0.05914
0.03279
0.00525
-0.01324
-0.0202
-0.02546
-0.03598
-0.05228
-0.0693
-0.08127
-0.08917
-0.0922
-0.08221
-0.04936
0.00765
0.07609
0.12518
0.14118
0.14407
0.15145
0.17013
0.19226
0.20619
0.21108
0.21437
0.21709
0.20937
0.18287
0.144
0.10781
0.08627
0.07702
0.06677
0.05352
0.04073
0.02713
0.0159
0.00975
0.00419
-0.0037
-0.0129
-0.02187
-0.02698
-0.02281
-0.00719
0.01663
0.04349
0.06548
0.0712
0.06183
0.0529
0.05297
0.05874
0.06325
0.06113
0.04859
0.02529
-0.00267
-0.02387
-0.03564
-0.04691
-0.0623
-0.07664
-0.08595
-0.09467
-0.10425
-0.11141
-0.11672
-0.12179
-0.12691
-0.13105
-0.13416
-0.13735
-0.14049
-0.1424
-0.14241
-0.14035
-0.13614
-0.13069
-0.12618
-0.1236
-0.12247
-0.12201
-0.12197
-0.1226
-0.12493
-0.13141
-0.14428
-0.16174
-0.17863
-0.19093
-0.20003
-0.2084
-0.21455
-0.21764
-0.22049
-0.22451
-0.22765
-0.22906
-0.22886
-0.2262
-0.21987
-0.20964
-0.19602
-0.18012
-0.16523
-0.155
-0.14882
-0.14364
-0.13809
-0.13304
-0.12853
-0.12369
-0.11812
-0.11238
-0.10756
-0.10416
-0.10179
-0.10033
-0.09999
-0.10039
-0.10121
-0.10276
-0.10549
-0.10891
-0.11159
-0.11136
-0.10693
-0.09841
-0.086
-0.0708
-0.05549
-0.04319
-0.03516
-0.03091
-0.02926
-0.02829
-0.0257
-0.02079
-0.01553
-0.01106
-0.00635
-0.00149
0.00251
0.00484
0.00588
0.00693
0.00782
0.00796
0.0077
0.00737
0.00678
0.0058
0.00451
0.00293
0.00158
0.00166
0.00425
0.00939
0.01634
0.02379
0.03095
0.03711
0.04105
0.04259
0.04316
0.04443
0.04632
0.04767
0.04808
0.04801
0.04786
0.04741
0.04622
0.04437
0.04257
0.04211
0.04404
0.04875
0.05648
0.06738
0.08144
0.09785
0.11375
0.12515
0.13142
0.13708
0.14462
0.15179
0.1573
0.16148
0.16425
0.16595
0.16731
0.16812
0.16732
0.1637
0.15646
0.14633
0.13679
0.13073
0.12652
0.12213
0.11776
0.11355
0.10861
0.10153
0.09204
0.08213
0.07356
0.06598
0.05928
0.05362
0.04777
0.03983
0.02925
0.01561
-0.00119
-0.02118
-0.04374
-0.06542
-0.08242
-0.09573
-0.10961
-0.12397
-0.13411
-0.13849
-0.13892
-0.13754
-0.13531
-0.12989
-0.11682
-0.09449
-0.06663
-0.03921
-0.01419
0.00789
0.02369
0.03226
0.03807
0.04324
0.04616
0.04834
0.0515
0.05404
0.05296
0.04727
0.03802
0.02867
0.02326
0.022
0.02128
0.01947
0.01718
0.01479
0.01202
0.00961
0.00927
0.01132
0.01436
0.01663
0.01768
0.01838
0.01906
0.01932
0.01927
0.0191
0.01861
0.0174
0.0152
0.01237
0.00978
0.00866
0.01078
0.01799
0.03104
0.04903
0.06916
0.08691
0.09885
0.1064
0.11346
0.12051
0.12528
0.12753
0.1289
0.13079
0.13297
0.13432
0.13425
0.13281
0.12995
0.12582
0.12108
0.11564
0.10846
0.09981
0.09109
0.08332
0.078
0.0757
0.07427
0.07181
0.06791
0.06396
0.0612
0.0595
0.0581
0.05674
0.05548
0.05408
0.05169
0.04726
0.04027
0.0316
0.02288
0.01595
0.01086
0.00702
0.00497
0.00472
0.00566
0.00807
0.01333
0.02216
0.03317
0.04266
0.04736
0.04724
0.0455
0.04519
0.0462
0.04681
0.04648
0.04544
0.04364
0.0412
0.03909
0.03865
0.04047
0.04421
0.04922
0.0545
0.05806
0.05898
0.05861
0.05823
0.05823
0.05846
0.05824
0.05617
0.05063
0.04112
0.02971
0.01987
0.01445
0.01318
0.01275
0.01136
0.00894
0.00579
0.00356
0.00334
0.00404
0.00492
0.00576
0.00639
0.00649
0.00592
0.00493
0.00402
0.0032
0.00207
0.00019
-0.00251
-0.0054
-0.00748
-0.00904
-0.01094
-0.01254
-0.01212
-0.00882
-0.00333
0.00286
0.00877
0.01379
0.01729
0.01886
0.01873
0.01817
0.01854
0.01998
0.02184
0.02363
0.02518
0.02643
0.02738
0.02784
0.02764
0.02673
0.02486
0.02172
0.0172
0.01152
0.00617
0.00276
0.00218
0.00317
0.00344
0.00309
0.00289
0.00271
0.00179
-0.00028
-0.00326
-0.00609
-0.00684
-0.00308
0.00744
0.02576
0.04951
0.07326
0.09224
0.1057
0.11612
0.12583
0.13426
0.13997
0.14411
0.14726
0.14968
0.15261
0.15584
0.15818
0.15934
0.15967
0.15943
0.15849
0.15633
0.15228
0.14611
0.13869
0.13128
0.12469
0.11755
0.1065
0.09016
0.07122
0.05297
0.03724
0.02629
0.01958
0.01421
0.00819
0.001
-0.00673
-0.01221
-0.01065
0.00097
0.01889
0.03368
0.04043
0.04277
0.04281
0.04047
0.039
0.04082
0.04437
0.04647
0.04512
0.0393
0.02908
0.01663
0.00763
0.00627
0.0094
0.01158
0.0111
0.00925
0.00806
0.00842
0.00912
0.00878
0.00723
0.00519
0.0032
0.00135
-0.00047
-0.00258
-0.00542
-0.00911
-0.01376
-0.01852
-0.02178
-0.0232
-0.02426
-0.02592
-0.02793
-0.03006
-0.03214
-0.03342
-0.03307
-0.03095
-0.0277
-0.02461
-0.0228
-0.02195
-0.02079
-0.01828
-0.01367
-0.00733
-0.00005
0.00718
0.01352
0.01858
0.02251
0.02607
0.02954
0.03189
0.03233
0.03222
0.03322
0.03529
0.03756
0.03845
0.03507
0.02353
0.00165
-0.02737
-0.05216
-0.06583
-0.07307
-0.07863
-0.0843
-0.09083
-0.09822
-0.10513
-0.1093
-0.10794
-0.09883
-0.08467
-0.07133
-0.06036
-0.0508
-0.04731
-0.04992
-0.04993
-0.04473
-0.03733
-0.03004
-0.02399
-0.02045
-0.01914
-0.01888
-0.01953
-0.02238
-0.02878
-0.03951
-0.05314
-0.06461
-0.07048
-0.0738
-0.07681
-0.07896
-0.0805
-0.08287
-0.08586
-0.08858
-0.09157
-0.09677
-0.10604
-0.11958
-0.13376
-0.14333
-0.147
-0.14695
-0.14473
-0.14149
-0.13646
-0.12732
-0.11242
-0.09451
-0.07997
-0.07243
-0.06901
-0.06622
-0.06383
-0.06234
-0.06076
-0.05976
-0.06216
-0.07106
-0.0864
-0.10395
-0.11532
-0.11835
-0.11982
-0.12425
-0.13165
-0.14165
-0.15129
-0.15768
-0.16352
-0.17259
-0.18304
-0.18854
-0.18247
-0.16292
-0.13262
-0.09558
-0.05621
-0.02755
-0.01257
0.00459
0.03063
0.05935
0.08637
0.10972
0.12555
0.13003
0.12657
0.1249
0.12989
0.13776
0.14029
0.1323
0.11604
0.09951
0.0912
0.08994
0.08674
0.07835
0.06704
0.0533
0.03506
0.01354
-0.00893
-0.03249
-0.05809
-0.08741
-0.12009
-0.15182
-0.17651
-0.19137
-0.20207
-0.21216
-0.21917
-0.2239
-0.23129
-0.24298
-0.25491
-0.25785
-0.2418
-0.20586
-0.16171
-0.12365
-0.09453
-0.07587
-0.06719
-0.06178
-0.05675
-0.04897
-0.03921
-0.03088
-0.02372
-0.01652
-0.01017
-0.00494
0.00003
0.00539
0.01136
0.018
0.02406
0.0277
0.02887
0.02861
0.02633
0.01879
0.00186
-0.02481
-0.05323
-0.07377
-0.08693
-0.09719
-0.10462
-0.10941
-0.11411
-0.12024
-0.12678
-0.13004
-0.12437
-0.10549
-0.0743
-0.03729
-0.00644
0.00512
0.00641
0.02028
0.04754
0.07447
0.09693
0.11983
0.14101
0.154
0.15905
0.16228
0.16776
0.17388
0.17228
0.1518
0.10912
0.05872
0.03016
0.03409
0.04702
0.05005
0.0457
0.0387
0.02719
0.01352
0.00731
0.01772
0.04495
0.08187
0.11791
0.13728
0.1355
0.12812
0.1278
0.13559
0.14476
0.15116
0.15543
0.15849
0.15821
0.15278
0.14303
0.13109
0.11391
0.08733
0.05483
0.03357
0.02634
0.01458
-0.0068
-0.02778
-0.04428
-0.05628
-0.06115
-0.06388
-0.07105
-0.08084
-0.08838
-0.08942
-0.08138
-0.06794
-0.05639
-0.0502
-0.0492
-0.04969
-0.04749
-0.0436
-0.04235
-0.04408
-0.04653
-0.05004
-0.05724
-0.06918
-0.08313
-0.09256
-0.0956
-0.09696
-0.09987
-0.1034
-0.10595
-0.10674
-0.10405
-0.09491
-0.07772
-0.0539
-0.03036
-0.0151
-0.01
-0.01038
-0.0118
-0.01072
-0.00388
0.007
0.01374
0.007
-0.01909
-0.0607
-0.10387
-0.12511
-0.12018
-0.11231
-0.11433
-0.12174
-0.12959
-0.13713
-0.13977
-0.13126
-0.11145
-0.08547
-0.05871
-0.03653
-0.02629
-0.02565
-0.01985
-0.00349
0.01522
0.02684
0.03151
0.03305
0.03402
0.03565
0.03788
0.03964
0.04059
0.04175
0.04545
0.05363
0.06693
0.08466
0.10473
0.1215
0.13123
0.13484
0.13441
0.13335
0.13508
0.13928
0.14517
0.15317
0.16192
0.1682
0.16877
0.16073
0.14102
0.11067
0.07594
0.04543
0.02363
0.00303
-0.02499
-0.05962
-0.09783
-0.13142
-0.15349
-0.17117
-0.19589
-0.22293
-0.23875
-0.2466
-0.25671
-0.27182
-0.28888
-0.30364
-0.31511
-0.32425
-0.33151
-0.33768
-0.34481
-0.3555
-0.36738
-0.3734
-0.36516
-0.3396
-0.30214
-0.25989
-0.21703
-0.18694
-0.17494
-0.16486
-0.14615
-0.12176
-0.09771
-0.078
-0.06227
-0.0495
-0.03773
-0.02493
-0.00957
0.01072
0.041
0.08706
0.14624
0.18863
0.19344
0.18135
0.175
0.17505
0.1772
0.18466
0.19852
0.21985
0.25196
0.29256
0.32504
0.33619
0.32957
0.31913
0.32224
0.34379
0.37258
0.38866
0.36824
0.2874
0.1406
-0.03842
-0.18881
-0.27829
-0.31873
-0.32674
-0.31022
-0.29358
-0.30271
-0.32783
-0.33106
-0.27806
-0.17124
-0.06781
-0.02889
-0.04247
-0.05494
-0.04338
-0.01954
0.00326
0.02351
0.0398
0.04801
0.0524
0.05457
0.04757
0.02448
-0.00931
-0.04008
-0.05628
-0.05915
-0.06012
-0.06553
-0.07239
-0.07573
-0.0705
-0.05316
-0.02578
0.00488
0.03164
0.04756
0.05933
0.07558
0.09649
0.12284
0.15353
0.18244
0.20285
0.21658
0.23025
0.24911
0.27103
0.29065
0.30377
0.31043
0.31305
0.31311
0.30749
0.29017
0.26169
0.23318
0.21494
0.20224
0.18165
0.15104
0.11623
0.0774
0.03281
-0.01046
-0.03436
-0.03499
-0.03437
-0.04682
-0.06606
-0.07766
-0.07097
-0.04441
-0.01101
0.00353
-0.02902
-0.12212
-0.26409
-0.40829
-0.50767
-0.56902
-0.6309
-0.71516
-0.81392
-0.90164
-0.94634
-0.92237
-0.82856
-0.68501
-0.51967
-0.37698
-0.29574
-0.27668
-0.29882
-0.33511
-0.35502
-0.33952
-0.30146
-0.27962
-0.30247
-0.36494
-0.42907
-0.45533
-0.44318
-0.42615
-0.42844
-0.44333
-0.44836
-0.42215
-0.35434
-0.25337
-0.15397
-0.08935
-0.05937
-0.04013
-0.00479
0.05155
0.11326
0.16478
0.20218
0.22992
0.25554
0.28383
0.31516
0.34371
0.36152
0.36555
0.36721
0.37959
0.40011
0.41923
0.43284
0.44381
0.45768
0.47704
0.49956
0.51963
0.53478
0.54398
0.54719
0.55059
0.56726
0.61114
0.69034
0.79876
0.91105
0.98304
0.99347
0.96601
0.9263
0.85675
0.71003
0.48476
0.2649
0.12257
0.0313
-0.06611
-0.19217
-0.34173
-0.5106
-0.69825
-0.89736
-1.08114
-1.20068
-1.1945
-1.02709
-0.75016
-0.51469
-0.41666
-0.39723
-0.36091
-0.27478
-0.15251
-0.01066
0.14178
0.29596
0.43644
0.54022
0.58152
0.5493
0.47572
0.42951
0.44229
0.47944
0.4992
0.49366
0.4779
0.46261
0.44372
0.40963
0.35082
0.26825
0.18333
0.1195
0.07401
0.03066
-0.01834
-0.07058
-0.12304
-0.17391
-0.21848
-0.25025
-0.26673
-0.27371
-0.2674
-0.28616
-0.30546
-0.31033
-0.28892
-0.23943
-0.17343
-0.11381
-0.08794
-0.09388
-0.10009
-0.09102
-0.07309
-0.0563
-0.04574
-0.04163
-0.03994
-0.03666
-0.03135
-0.02484
-0.0174
-0.00837
0.00404
0.01977
0.03715
0.05486
0.06967
0.07847
0.08151
0.08238
0.08522
0.09091
0.09811
0.10498
0.11008
0.11306
0.11432
0.11474
0.11508
0.11523
0.11463
0.11144
0.10254
0.08575
0.06253
0.03925
0.02365
0.0166
0.01157
0.00734
0.00528
0.00148
-0.00252
0.00231
0.02214
0.05105
0.07493
0.08353
0.07953
0.07371
0.07188
0.07364
0.07688
0.07964
0.08105
0.08173
0.08327
0.08752
0.09581
0.10737
0.12071
0.13377
0.14236
0.14585
0.14778
0.15041
0.15354
0.15647
0.15935
0.16247
0.16548
0.16715
0.16418
0.15245
0.13039
0.10002
0.06715
0.04162
0.02555
0.01293
-0.00313
-0.02391
-0.04243
-0.05728
-0.07057
-0.08167
-0.09122
-0.10243
-0.11627
-0.12899
-0.13985
-0.15074
-0.16067
-0.16687
-0.16781
-0.16603
-0.16467
-0.16509
-0.16604
-0.16583
-0.16422
-0.16261
-0.16207
-0.16275
-0.16383
-0.16434
-0.16315
-0.1593
-0.15193
-0.13998
-0.12249
-0.10046
-0.07703
-0.05454
-0.03278
-0.01213
0.00561
0.02221
0.04481
0.07495
0.10547
0.13059
0.14735
0.15413
0.15505
0.15621
0.1599
0.16345
0.16414
0.16364
0.16303
0.161
0.15712
0.15248
0.14823
0.14512
0.1427
0.14067
0.13922
0.13855
0.13897
0.14038
0.14192
0.14225
0.14086
0.13825
0.13477
0.12996
0.12253
0.11164
0.09876
0.08883
0.08515
0.08509
0.08437
0.08153
0.07741
0.07321
0.06935
0.06591
0.06379
0.0644
0.06911
0.0786
0.09197
0.10604
0.11639
0.12051
0.11855
0.11339
0.10976
0.10984
0.11211
0.1132
0.11044
0.10338
0.09463
0.0874
0.0826
0.07954
0.0771
0.07502
0.07407
0.0746
0.07522
0.07486
0.07482
0.07645
0.07927
0.08139
0.07934
0.06799
0.04323
0.00778
-0.02619
-0.04135
-0.03302
-0.01847
-0.01231
-0.00965
-0.00057
0.01365
0.02351
0.02461
0.02342
0.0275
0.03512
0.04008
0.04014
0.03829
0.03815
0.03856
0.03492
0.02395
0.00712
-0.01097
-0.02586
-0.03491
-0.03948
-0.04327
-0.04784
-0.05274
-0.05678
-0.05991
-0.06347
-0.06616
-0.06443
-0.05684
-0.04641
-0.03797
-0.03333
-0.03293
-0.03622
-0.04082
-0.04708
-0.05674
-0.06743
-0.07238
-0.07041
-0.06741
-0.06641
-0.06661
-0.06715
-0.06766
-0.06775
-0.06726
-0.06656
-0.06605
-0.06593
-0.06625
-0.06675
-0.06732
-0.06823
-0.06995
-0.07289
-0.0768
-0.08014
-0.0809
-0.07972
-0.07921
-0.07988
-0.0806
-0.08082
-0.08086
-0.08107
-0.08151
-0.0821
-0.08294
-0.084
-0.08505
-0.08604
-0.08662
-0.08665
-0.08652
-0.08623
-0.0857
-0.08533
-0.08508
-0.08478
-0.08446
-0.08409
-0.08358
-0.0826
-0.08091
-0.07884
-0.07669
-0.07451
-0.07226
-0.06977
-0.06688
-0.06366
-0.06029
-0.05721
-0.05481
-0.05298
-0.05151
-0.05019
-0.04882
-0.04736
-0.04593
-0.0446
-0.04335
-0.04217
-0.04103
-0.03989
-0.03873
-0.03752
-0.03627
-0.03508
-0.03402
-0.03308
-0.03219
-0.03131
-0.03047
-0.02965
-0.02887
-0.02813
-0.02743
-0.02678
-0.02616
-0.02551
-0.0248
-0.02402
-0.02325
-0.02249
-0.02177
-0.02108
-0.02038
-0.01964
-0.01885
-0.01801
-0.01716
-0.01628
-0.01536
-0.01441
-0.01346
-0.0126
-0.01187
-0.01122
-0.01058
-0.00995
-0.00936
-0.00882
-0.0083
-0.0078
-0.00733
-0.00687
-0.00642
-0.00598
-0.00556
-0.00514
-0.00474
-0.00433
-0.00392
-0.00353
-0.00313
-0.00274
-0.00235
-0.00196
-0.00157
-0.00118
-0.00079
-0.0004
-0.00001
0.00038
0.00078
0.00119
0.00159
0.00199
0.00239
0.00278
0.00318
0.00358
0.00397
0.00437
0.00476
0.00515
0.00553
0.00592
0.0063
0.00668
0.00705
0.00743
0.0078
0.00817
0.00854
0.00891
0.00927
0.00963
0.00999
0.01034
0.01069
0.01104
0.01139
0.01174
0.01208
0.01242
0.01275
0.01309
0.01342
0.01374