0.0025
0.01335
0.0133
0.01325
0.0132
0.01315
0.0131
0.01306
0.01301
0.01296
0.01291
0.01286
0.01281
0.01276
0.01271
0.01267
0.01262
0.01257
0.01252
0.01248
0.01243
0.01238
0.01233
0.01228
0.01223
0.01219
0.01214
0.0121
0.01206
0.01201
0.01196
0.01191
0.01186
0.01181
0.01176
0.01172
0.01167
0.01162
0.01157
0.01153
0.01149
0.01146
0.01142
0.01138
0.01133
0.01128
0.01123
0.01119
0.01116
0.01112
0.01109
0.01106
0.01101
0.01096
0.0109
0.01085
0.0108
0.01075
0.01069
0.01063
0.01056
0.01053
0.01053
0.01056
0.01058
0.01057
0.01049
0.01034
0.01015
0.01001
0.01
0.01013
0.01031
0.01043
0.0104
0.01022
0.00996
0.00975
0.00969
0.00979
0.00991
0.00995
0.00988
0.0097
0.00944
0.0092
0.00909
0.00911
0.00916
0.00914
0.0091
0.00906
0.00907
0.00909
0.00905
0.00894
0.00885
0.00883
0.00882
0.00878
0.00872
0.00872
0.00885
0.00905
0.00922
0.00926
0.00918
0.00902
0.00879
0.00842
0.0079
0.00737
0.00714
0.00742
0.00809
0.00876
0.00904
0.00879
0.00836
0.00825
0.00858
0.00899
0.00892
0.00815
0.00701
0.00613
0.00603
0.00685
0.00822
0.00957
0.01038
0.01042
0.0098
0.00869
0.00727
0.00581
0.00475
0.00454
0.00516
0.00597
0.00631
0.0059
0.00512
0.00455
0.00456
0.00517
0.00599
0.0064
0.00595
0.00471
0.00329
0.00239
0.00239
0.00297
0.00357
0.00392
0.00412
0.00428
0.00446
0.00458
0.00431
0.00324
0.00157
0.00047
0.00139
0.00456
0.00853
0.01137
0.01185
0.0099
0.00707
0.00514
0.00445
0.00424
0.00376
0.00267
0.00141
0.00087
0.00157
0.0033
0.00512
0.00614
0.006
0.00515
0.00464
0.00519
0.0067
0.0084
0.00946
0.00943
0.00839
0.00667
0.00468
0.00287
0.00172
0.00169
0.00285
0.00423
0.00437
0.00261
-0.00049
-0.00356
-0.00501
-0.00385
-0.00041
0.00381
0.00696
0.00785
0.00651
0.00406
0.00212
0.00163
0.00248
0.00368
0.00366
0.00159
-0.00196
-0.00567
-0.00801
-0.00755
-0.0043
0.00049
0.0055
0.00923
0.01034
0.00881
0.0064
0.00494
0.00478
0.00511
0.00541
0.00562
0.00563
0.00562
0.00604
0.0069
0.00756
0.00709
0.00516
0.00307
0.00283
0.00542
0.00981
0.01364
0.01493
0.01331
0.01001
0.00683
0.00512
0.00545
0.00728
0.00898
0.00908
0.00724
0.00424
0.00167
0.00131
0.00371
0.0075
0.01056
0.01164
0.01111
0.01044
0.01062
0.01129
0.01117
0.00905
0.00488
-0.00001
-0.003
-0.00189
0.00271
0.00745
0.00919
0.00708
0.00215
-0.00358
-0.00803
-0.01016
-0.01049
-0.01041
-0.01038
-0.00969
-0.00769
-0.0049
-0.00269
-0.0026
-0.00529
-0.00958
-0.01328
-0.01455
-0.0131
-0.01062
-0.00953
-0.01103
-0.01439
-0.01785
-0.02009
-0.02013
-0.01722
-0.01188
-0.00542
0.00107
0.00653
0.00959
0.00899
0.00565
0.00261
0.00112
-0.00111
-0.0071
-0.01651
-0.02488
-0.027
-0.02285
-0.01747
-0.01473
-0.01528
-0.01823
-0.02316
-0.02962
-0.03672
-0.04296
-0.04698
-0.04791
-0.04535
-0.03972
-0.03251
-0.02563
-0.02127
-0.02123
-0.02648
-0.03629
-0.0475
-0.05543
-0.05679
-0.0522
-0.04573
-0.04072
-0.03624
-0.0294
-0.01958
-0.00858
0.00032
0.00484
0.00498
0.00047
-0.00948
-0.0247
-0.0426
-0.05587
-0.05755
-0.04748
-0.03234
-0.02075
-0.01626
-0.01858
-0.02548
-0.03237
-0.03429
-0.02898
-0.01669
-0.00028
0.01519
0.02448
0.0248
0.01732
0.0071
-0.00109
-0.00361
0.00143
0.00901
0.01194
0.00928
0.00566
0.00557
0.00979
0.01559
0.01989
0.02075
0.01712
0.00923
-0.00198
-0.01578
-0.02993
-0.03988
-0.04024
-0.03153
-0.02093
-0.01188
-0.00216
0.01031
0.02479
0.03996
0.05515
0.06853
0.07426
0.06738
0.04808
0.02025
-0.00663
-0.01496
-0.00068
0.01926
0.03233
0.03921
0.04374
0.04437
0.03743
0.02263
0.008
0.00519
0.01626
0.03188
0.0438
0.05203
0.05939
0.06534
0.06928
0.07313
0.07834
0.08433
0.08859
0.08822
0.08408
0.0814
0.08434
0.09141
0.09731
0.09749
0.09142
0.08222
0.07435
0.07057
0.07015
0.06783
0.0574
0.03666
0.00834
-0.02007
-0.03865
-0.04831
-0.05856
-0.07195
-0.07979
-0.06871
-0.03004
0.02837
0.08526
0.1168
0.11351
0.08858
0.06111
0.03813
0.01635
-0.00266
-0.01307
-0.01503
-0.01432
-0.01247
-0.01189
-0.02097
-0.04649
-0.08647
-0.12864
-0.15493
-0.15236
-0.12231
-0.07874
-0.03145
0.01486
0.05103
0.06932
0.06491
0.03257
-0.02505
-0.08043
-0.10537
-0.10415
-0.09247
-0.07514
-0.05286
-0.03503
-0.02738
-0.02091
-0.00581
0.01606
0.03129
0.0317
0.0292
0.03921
0.0656
0.10136
0.13001
0.12951
0.09225
0.02931
-0.04151
-0.09899
-0.13638
-0.16898
-0.21064
-0.2563
-0.28524
-0.27375
-0.2115
-0.12187
-0.05342
-0.03127
-0.04265
-0.06879
-0.09762
-0.11066
-0.09333
-0.05523
-0.01777
0.00319
0.00196
-0.01654
-0.03648
-0.04491
-0.04184
-0.03088
-0.01077
0.02056
0.06222
0.10696
0.13971
0.14409
0.11014
0.04417
-0.03232
-0.09245
-0.12633
-0.14932
-0.17623
-0.20477
-0.22228
-0.22055
-0.20695
-0.20076
-0.20958
-0.22123
-0.22224
-0.21136
-0.19684
-0.18787
-0.19102
-0.20085
-0.19819
-0.1693
-0.11574
-0.05197
0.0019
0.03269
0.04031
0.02835
0.004
-0.01892
-0.02512
-0.01045
0.01542
0.03891
0.04643
0.02488
-0.02834
-0.09725
-0.15924
-0.19678
-0.19717
-0.15744
-0.08961
-0.02719
0.00404
0.0102
0.00132
-0.03137
-0.10079
-0.19404
-0.26668
-0.2817
-0.23472
-0.13971
-0.02995
0.05035
0.08764
0.09968
0.09598
0.06483
-0.00017
-0.0686
-0.08489
-0.04458
0.00043
0.02033
0.02113
0.01426
0.00756
0.01016
0.03202
0.07876
0.14246
0.2
0.22932
0.2268
0.20453
0.18283
0.17566
0.17925
0.18145
0.16886
0.13203
0.07422
0.02049
-0.00724
-0.01704
-0.024
-0.02765
-0.02342
-0.01351
-0.002
0.01511
0.04847
0.101
0.15595
0.19291
0.20281
0.18612
0.15065
0.10182
0.05401
0.02331
0.01401
0.02637
0.05218
0.0748
0.08222
0.06996
0.04219
0.00655
-0.02509
-0.04449
-0.0535
-0.05478
-0.04277
-0.00734
0.05382
0.11865
0.16327
0.19196
0.21599
0.2291
0.21244
0.15632
0.08106
0.02397
-0.00422
-0.02192
-0.04167
-0.05449
-0.04364
-0.00463
0.03912
0.05828
0.05092
0.02999
0.00301
-0.02431
-0.04115
-0.04075
-0.02396
0.00648
0.04504
0.07804
0.09562
0.09674
0.07988
0.04486
-0.00365
-0.05005
-0.07546
-0.07246
-0.05403
-0.04396
-0.04971
-0.05979
-0.06334
-0.0624
-0.06624
-0.07776
-0.0893
-0.09275
-0.08663
-0.07313
-0.05429
-0.03063
-0.00294
0.02649
0.05323
0.07245
0.08364
0.09163
0.09719
0.09705
0.09064
0.07898
0.06402
0.047
0.02852
0.01017
-0.00832
-0.02957
-0.05236
-0.07201
-0.08393
-0.08692
-0.08384
-0.08047
-0.07851
-0.07639
-0.07371
-0.07095
-0.06414
-0.04754
-0.01827
0.02217
0.06731
0.10697
0.13991
0.16573
0.16797
0.12943
0.05417
-0.02096
-0.06155
-0.07564
-0.09072
-0.1209
-0.1636
-0.21021
-0.25021
-0.27217
-0.2676
-0.24035
-0.21032
-0.19091
-0.17232
-0.14585
-0.11681
-0.08973
-0.06038
-0.02722
0.00175
0.01119
-0.01223
-0.06845
-0.12958
-0.16444
-0.17548
-0.18466
-0.20446
-0.23375
-0.2666
-0.29752
-0.32137
-0.33486
-0.33926
-0.34191
-0.3443
-0.33465
-0.30195
-0.25337
-0.20368
-0.15963
-0.12482
-0.10357
-0.10244
-0.12635
-0.16717
-0.20244
-0.21421
-0.2012
-0.18227
-0.18196
-0.20333
-0.22881
-0.24131
-0.23721
-0.22113
-0.19653
-0.1635
-0.12254
-0.07503
-0.03366
-0.00623
0.01913
0.04961
0.07338
0.07118
0.03331
-0.02637
-0.07474
-0.09493
-0.10354
-0.12191
-0.15484
-0.19144
-0.21385
-0.20193
-0.1439
-0.05264
0.0284
0.06992
0.08869
0.11515
0.16162
0.2239
0.28941
0.33964
0.34986
0.30029
0.19629
0.09229
0.03753
0.01311
-0.02337
-0.08093
-0.13172
-0.13133
-0.04211
0.1359
0.32529
0.44345
0.49656
0.51921
0.50731
0.43779
0.32878
0.24663
0.22774
0.23909
0.23911
0.21993
0.19586
0.1785
0.16733
0.15899
0.16222
0.18836
0.23123
0.2645
0.27059
0.25583
0.23305
0.21048
0.19722
0.19763
0.20482
0.2088
0.20442
0.19104
0.17042
0.14711
0.12912
0.12114
0.11524
0.09993
0.07586
0.05492
0.04659
0.05077
0.06067
0.06809
0.07037
0.07043
0.07487
0.09173
0.12558
0.17409
0.22509
0.25446
0.24018
0.18051
0.10087
0.03938
0.00902
-0.00663
-0.02001
-0.02237
0.00255
0.05676
0.11379
0.14971
0.16437
0.15917
0.13847
0.1185
0.11329
0.12175
0.13598
0.14321
0.12814
0.08597
0.034
0.00923
0.02399
0.04906
0.06345
0.06975
0.07636
0.08416
0.09062
0.08958
0.07649
0.0492
0.00926
-0.0328
-0.05181
-0.03954
-0.01736
-0.00129
0.00833
0.01871
0.03362
0.04604
0.04177
0.01285
-0.03613
-0.09225
-0.14058
-0.15613
-0.1347
-0.10772
-0.09744
-0.10095
-0.10307
-0.09247
-0.06598
-0.02996
0.00552
0.03426
0.05391
0.05925
0.04296
0.00525
-0.0332
-0.05018
-0.04938
-0.03928
-0.02059
-0.00105
0.00723
-0.00248
-0.0286
-0.06591
-0.10278
-0.12241
-0.1198
-0.10774
-0.09841
-0.09168
-0.07873
-0.05581
-0.02645
0.00418
0.03032
0.04717
0.05608
0.0536
0.03797
0.01601
-0.00573
-0.0244
-0.03642
-0.04309
-0.05423
-0.07327
-0.09005
-0.09478
-0.08795
-0.07269
-0.05725
-0.05133
-0.05615
-0.06866
-0.08683
-0.10621
-0.11635
-0.10828
-0.08152
-0.04383
-0.00791
0.01372
0.02568
0.04149
0.05327
0.04999
0.03926
0.03062
0.02431
0.01842
0.01267
0.00641
0.00215
0.00714
0.02763
0.05991
0.09163
0.10822
0.10425
0.0875
0.06572
0.04579
0.03297
0.02581
0.02422
0.03453
0.05842
0.08594
0.10904
0.12661
0.13837
0.14282
0.13902
0.12494
0.09647
0.06044
0.0311
0.01212
-0.00413
-0.02439
-0.04682
-0.06224
-0.05983
-0.03462
0.00347
0.03784
0.06224
0.07497
0.07596
0.07211
0.07189
0.07863
0.08937
0.09767
0.09752
0.08607
0.06384
0.03239
-0.00561
-0.03524
-0.04921
-0.0611
-0.0774
-0.08724
-0.07628
-0.04133
0.00545
0.05015
0.08481
0.1028
0.09293
0.063
0.04232
0.03577
0.03224
0.02857
0.03214
0.04085
0.04067
0.02373
-0.00694
-0.04352
-0.0701
-0.0756
-0.06375
-0.04753
-0.03831
-0.03631
-0.03491
-0.02972
-0.01728
0.00367
0.02748
0.04343
0.04846
0.04817
0.04222
0.02215
-0.01044
-0.04549
-0.07816
-0.10371
-0.10354
-0.08018
-0.0645
-0.06436
-0.06471
-0.05568
-0.0394
-0.02292
-0.01281
-0.01032
-0.01599
-0.02681
-0.03382
-0.03237
-0.02388
-0.01075
0.00695
0.02894
0.05202
0.06874
0.07371
0.06344
0.03792
0.00502
-0.01918
-0.02447
-0.01484
0.00019
0.00879
0.0045
-0.01116
-0.03245
-0.05351
-0.06666
-0.06694
-0.0591
-0.04857
-0.03437
-0.01431
0.01122
0.03702
0.04667
0.03073
0.00066
-0.03084
-0.05966
-0.08178
-0.08807
-0.06949
-0.0366
-0.01181
0.00015
-0.00135
-0.0128
-0.02014
-0.01718
-0.00902
-0.001
0.00718
0.01914
0.03809
0.06288
0.08828
0.10834
0.11597
0.10533
0.08128
0.0565
0.03517
0.01219
-0.00944
-0.0219
-0.03167
-0.04806
-0.06245
-0.06688
-0.07064
-0.08064
-0.09282
-0.10276
-0.11061
-0.11544
-0.11331
-0.09823
-0.06753
-0.024
0.02557
0.06788
0.08957
0.08941
0.07065
0.03431
-0.01009
-0.04312
-0.05605
-0.05402
-0.04897
-0.04967
-0.05551
-0.06344
-0.0723
-0.07915
-0.08063
-0.07195
-0.04924
-0.01144
0.03891
0.09053
0.11143
0.07421
-0.00211
-0.05646
-0.05709
-0.02915
-0.00116
0.01862
0.03236
0.04018
0.04199
0.04005
0.03453
0.01995
-0.00794
-0.04638
-0.08354
-0.10279
-0.09459
-0.06125
-0.01693
0.02323
0.0521
0.06985
0.08549
0.10561
0.12677
0.13742
0.12691
0.09429
0.04934
0.0026
-0.03499
-0.05485
-0.05322
-0.02802
0.01731
0.05858
0.07262
0.06266
0.041
0.01694
-0.00253
-0.01376
-0.01651
-0.00881
0.01367
0.05313
0.1034
0.15283
0.19043
0.20688
0.19399
0.14503
0.06725
-0.01884
-0.09122
-0.14215
-0.18344
-0.22025
-0.23612
-0.20655
-0.12712
-0.03917
0.00965
0.0258
0.04105
0.06547
0.08158
0.06721
0.0155
-0.04749
-0.08679
-0.09732
-0.0922
-0.07402
-0.03726
0.01024
0.03951
0.03415
0.00845
-0.02336
-0.06399
-0.11697
-0.17079
-0.18899
-0.16048
-0.12502
-0.11062
-0.10922
-0.10263
-0.08785
-0.07023
-0.05384
-0.03971
-0.02473
-0.00879
0.00582
0.02026
0.03385
0.04013
0.03618
0.02608
0.01228
-0.0013
-0.00809
-0.00485
0.0063
0.0205
0.0326
0.03925
0.03749
0.02688
0.01294
0.00473
0.00826
0.02185
0.03608
0.04055
0.0284
-0.00138
-0.04209
-0.0777
-0.09491
-0.09563
-0.08639
-0.07183
-0.05669
-0.04017
-0.01948
0.00267
0.01642
0.01314
-0.0054
-0.02572
-0.03417
-0.02874
-0.01719
-0.007
-0.00346
-0.00916
-0.02151
-0.03426
-0.04346
-0.0485
-0.05669
-0.07681
-0.1035
-0.1197
-0.11916
-0.11275
-0.11256
-0.12233
-0.1358
-0.14523
-0.14696
-0.13866
-0.11927
-0.08892
-0.04692
-0.00089
0.03239
0.03959
0.02011
-0.00172
0.00003
0.0211
0.03911
0.04141
0.02954
0.00834
-0.01849
-0.04335
-0.05792
-0.06028
-0.05383
-0.04454
-0.036
-0.02972
-0.02574
-0.02476
-0.02676
-0.02926
-0.02892
-0.02392
-0.01498
-0.00512
0.00142
0.00037
-0.00983
-0.02421
-0.03254
-0.03219
-0.02996
-0.02917
-0.02652
-0.018
-0.00376
0.01286
0.02615
0.02953
0.02309
0.01451
0.01171
0.01843
0.03341
0.05199
0.06686
0.06848
0.04865
0.01045
-0.02824
-0.05073
-0.05161
-0.03195
-0.00068
0.02952
0.04889
0.05434
0.05135
0.04558
0.03577
0.01623
-0.01154
-0.03667
-0.05228
-0.0607
-0.06254
-0.05229
-0.02592
0.00743
0.02942
0.03451
0.03431
0.03542
0.03161
0.01525
-0.01333
-0.04919
-0.0896
-0.13004
-0.16402
-0.18705
-0.19048
-0.16165
-0.09772
-0.02551
0.02048
0.04004
0.05562
0.07958
0.10696
0.12744
0.13607
0.1393
0.151
0.17311
0.19199
0.19939
0.19846
0.19183
0.17578
0.1485
0.11595
0.08814
0.07185
0.06295
0.05051
0.02961
0.00326
-0.0222
-0.03963
-0.04137
-0.02304
0.00948
0.04258
0.0701
0.09295
0.11044
0.12166
0.12702
0.12863
0.13146
0.14125
0.15946
0.18189
0.20371
0.22028
0.22048
0.20106
0.17341
0.14576
0.11997
0.0954
0.07826
0.07026
0.06116
0.0464
0.03158
0.02232
0.01911
0.02212
0.03055
0.04001
0.04498
0.0421
0.0305
0.01141
-0.00931
-0.02391
-0.02844
-0.02161
-0.00547
0.01436
0.03327
0.04772
0.05447
0.05299
0.04325
0.0242
-0.00445
-0.03997
-0.0712
-0.08933
-0.09725
-0.09567
-0.08557
-0.07326
-0.06227
-0.05023
-0.03377
-0.0144
0.00048
0.00444
0.00134
0.00062
0.01025
0.03334
0.06753
0.10452
0.13613
0.15939
0.17227
0.16957
0.14618
0.10274
0.04087
-0.03543
-0.10549
-0.15026
-0.17245
-0.1822
-0.18563
-0.19459
-0.2204
-0.25353
-0.26959
-0.24994
-0.19537
-0.13357
-0.09447
-0.07757
-0.06665
-0.05396
-0.04187
-0.03179
-0.02061
-0.00875
-0.00482
-0.01652
-0.04336
-0.07287
-0.08577
-0.07542
-0.05686
-0.04518
-0.04241
-0.04668
-0.05763
-0.07148
-0.08064
-0.07713
-0.0561
-0.01727
0.02884
0.06643
0.08308
0.0733
0.04342
0.00535
-0.0343
-0.06025
-0.06084
-0.05213
-0.05172
-0.05964
-0.06727
-0.06959
-0.06736
-0.06197
-0.05281
-0.04002
-0.02349
-0.00294
0.02048
0.04364
0.06007
0.06418
0.05724
0.04392
0.02952
0.01936
0.01316
0.00321
-0.01736
-0.04541
-0.06961
-0.08107
-0.07834
-0.06486
-0.04212
-0.01408
0.00886
0.01979
0.01889
0.00587
-0.01948
-0.04737
-0.0623
-0.05941
-0.04828
-0.04036
-0.0376
-0.03908
-0.04567
-0.0577
-0.07155
-0.08007
-0.07491
-0.04926
-0.00162
0.0563
0.10674
0.14387
0.17217
0.19092
0.18925
0.15733
0.10405
0.05942
0.04321
0.04634
0.05445
0.06273
0.06758
0.05948
0.03259
-0.00675
-0.04085
-0.05367
-0.04208
-0.01056
0.03243
0.06993
0.0913
0.10475
0.1206
0.1361
0.1382
0.11497
0.06812
0.02413
0.01485
0.03707
0.06143
0.06838
0.05603
0.03018
-0.00135
-0.02783
-0.03953
-0.03809
-0.03303
-0.03088
-0.03397
-0.04269
-0.05645
-0.07359
-0.09162
-0.10839
-0.12105
-0.12679
-0.12264
-0.10616
-0.07613
-0.03284
0.01596
0.05826
0.09084
0.11751
0.13718
0.14102
0.12289
0.09277
0.07644
0.08885
0.11872
0.14285
0.14495
0.12156
0.07688
0.02321
-0.02008
-0.04512
-0.06304
-0.08593
-0.11546
-0.14566
-0.16867
-0.17765
-0.17074
-0.14959
-0.11896
-0.08472
-0.04465
0.00336
0.04849
0.07718
0.08656
0.08095
0.07127
0.07367
0.09093
0.10659
0.10718
0.09054
0.06012
0.02045
-0.01563
-0.03847
-0.05236
-0.06735
-0.0886
-0.10941
-0.12202
-0.12971
-0.13789
-0.13698
-0.10964
-0.05089
0.02129
0.07965
0.11021
0.11093
0.07824
0.01341
-0.05437
-0.08879
-0.08931
-0.07606
-0.06008
-0.03684
0.00379
0.05966
0.10455
0.11335
0.08836
0.05104
0.02052
0.00564
0.01055
0.03072
0.05287
0.06232
0.05034
0.01911
-0.01942
-0.04913
-0.05786
-0.04845
-0.03415
-0.02127
-0.00969
0.00279
0.02168
0.05011
0.082
0.10365
0.1044
0.08699
0.05923
0.02631
-0.00383
-0.01769
-0.01004
0.00874
0.02905
0.051
0.07155
0.08358
0.0871
0.08383
0.07182
0.05081
0.03121
0.02506
0.02974
0.03659
0.04528
0.06017
0.07911
0.09502
0.10253
0.09801
0.08098
0.05371
0.02423
0.00685
0.01195
0.035
0.05994
0.0748
0.08046
0.08277
0.08175
0.0703
0.04186
-0.00013
-0.03478
-0.04141
-0.02415
-0.00225
0.01117
0.01507
0.01025
-0.00549
-0.03067
-0.05607
-0.07079
-0.07112
-0.06242
-0.05244
-0.04407
-0.03917
-0.04076
-0.05102
-0.07118
-0.10124
-0.13861
-0.17415
-0.19433
-0.19359
-0.17355
-0.14033
-0.10082
-0.06168
-0.03146
-0.01083
0.00728
0.02536
0.03713
0.03476
0.01909
-0.0012
-0.01782
-0.03027
-0.04344
-0.05377
-0.0547
-0.05347
-0.06186
-0.07844
-0.09335
-0.09973
-0.09821
-0.09202
-0.08132
-0.06606
-0.04747
-0.02818
-0.01061
0.00576
0.01992
0.02792
0.02847
0.02484
0.01804
0.0069
-0.00464
-0.00944
-0.00666
-0.00323
-0.00671
-0.01812
-0.03333
-0.04792
-0.05834
-0.06363
-0.06856
-0.07669
-0.0866
-0.09221
-0.0835
-0.05051
0.01052
0.09523
0.18074
0.23524
0.24172
0.19616
0.10684
0.01589
-0.02756
-0.02213
0.00292
0.02528
0.03837
0.04657
0.05589
0.061
0.05447
0.04116
0.03163
0.03009
0.03456
0.04232
0.05306
0.06673
0.08179
0.09539
0.10196
0.09683
0.07997
0.05687
0.03496
0.02148
0.02201
0.03423
0.047
0.05089
0.04684
0.03896
0.0298
0.02026
0.01105
0.00381
0.00128
0.0043
0.01115
0.01765
0.02139
0.02473
0.03202
0.04108
0.04505
0.04127
0.03264
0.02253
0.01419
0.01103
0.01452
0.01989
0.0192
0.0072
-0.01544
-0.04187
-0.05784
-0.05268
-0.02929
0.00384
0.03807
0.0663
0.08339
0.07781
0.03905
-0.02466
-0.0832
-0.11635
-0.13218
-0.14162
-0.13814
-0.10765
-0.04961
0.00819
0.03956
0.05135
0.05926
0.06231
0.04897
0.01656
-0.01667
-0.03099
-0.02696
-0.01688
-0.01241
-0.01701
-0.0282
-0.04157
-0.05029
-0.04663
-0.02696
0.00423
0.03773
0.06333
0.07084
0.05524
0.02427
-0.00813
-0.03494
-0.05095
-0.05598
-0.06004
-0.07173
-0.08925
-0.10464
-0.11186
-0.11028
-0.10316
-0.09306
-0.07881
-0.05883
-0.03254
-0.00187
0.02711
0.0444
0.04415
0.02866
0.00317
-0.02097
-0.03146
-0.02596
-0.01315
-0.00412
-0.00353
-0.01018
-0.01974
-0.02806
-0.03212
-0.02956
-0.01876
-0.00087
0.01939
0.0372
0.05108
0.06155
0.06902
0.07174
0.06549
0.04985
0.0324
0.02109
0.01658
0.01453
0.01043
0.00278
-0.00775
-0.01887
-0.02514
-0.02169
-0.00823
0.0077
0.01708
0.01799
0.0121
0.00031
-0.01337
-0.02148
-0.02011
-0.01077
0.00325
0.01694
0.02675
0.03214
0.03117
0.02316
0.01064
-0.00243
-0.0134
-0.02069
-0.02382
-0.02343
-0.0205
-0.01611
-0.01005
-0.00029
0.01411
0.03049
0.04354
0.04842
0.04046
0.01624
-0.0217
-0.06085
-0.08783
-0.10168
-0.10863
-0.11119
-0.10888
-0.10634
-0.11
-0.11697
-0.11869
-0.1113
-0.0982
-0.0826
-0.06728
-0.05545
-0.04844
-0.04358
-0.03397
-0.01713
0.00255
0.02073
0.03592
0.04539
0.04809
0.04825
0.05043
0.05637
0.06658
0.07852
0.08721
0.09009
0.08744
0.07936
0.06621
0.04789
0.02404
-0.00049
-0.01978
-0.03255
-0.03732
-0.02937
-0.00682
0.01973
0.03515
0.03632
0.02761
0.01096
-0.01201
-0.03549
-0.05309
-0.06123
-0.06035
-0.05386
-0.04333
-0.02793
-0.01368
-0.01126
-0.02351
-0.04314
-0.0581
-0.06044
-0.05178
-0.0373
-0.02058
-0.0012
0.02053
0.03686
0.0371
0.01895
-0.01344
-0.05337
-0.09135
-0.10962
-0.10097
-0.08487
-0.07785
-0.07407
-0.06147
-0.03973
-0.01589
0.00475
0.01789
0.01705
-0.00537
-0.04359
-0.07834
-0.09097
-0.08214
-0.06773
-0.0572
-0.05059
-0.04309
-0.03112
-0.01342
0.00632
0.02176
0.02772
0.02054
0.00077
-0.02483
-0.04801
-0.0628
-0.05858
-0.03631
-0.0168
-0.01288
-0.01917
-0.02564
-0.02754
-0.02144
-0.00336
0.02638
0.05908
0.07896
0.07237
0.04204
0.01241
0.00601
0.02199
0.04818
0.07322
0.08952
0.09396
0.08327
0.05608
0.01903
-0.01643
-0.03805
-0.03975
-0.02686
-0.01252
-0.00548
-0.00227
0.00544
0.02072
0.03814
0.05027
0.05509
0.05712
0.06085
0.06461
0.06369
0.05423
0.03603
0.01346
-0.00758
-0.02306
-0.02888
-0.02773
-0.02807
-0.02979
-0.02734
-0.02135
-0.01808
-0.0188
-0.01943
-0.01689
-0.01239
-0.0099
-0.0143
-0.02872
-0.05188
-0.07877
-0.10481
-0.12168
-0.12339
-0.11345
-0.10022
-0.09144
-0.08842
-0.08267
-0.06144
-0.0193
0.03103
0.07078
0.09215
0.09482
0.08309
0.06696
0.05244
0.03581
0.01569
-0.00596
-0.02783
-0.04744
-0.06162
-0.06618
-0.05819
-0.04197
-0.03218
-0.03949
-0.05855
-0.07557
-0.0809
-0.07368
-0.05876
-0.04001
-0.01767
0.00884
0.03406
0.04978
0.05164
0.04597
0.04515
0.05224
0.06519
0.0826
0.10189
0.11721
0.12057
0.10566
0.07525
0.04581
0.03196
0.03088
0.03318
0.03625
0.04563
0.06715
0.09777
0.12603
0.13602
0.12169
0.09225
0.06269
0.04209
0.02499
0.01043
0.00468
0.01031
0.0225
0.03283
0.03719
0.03778
0.03601
0.03087
0.02335
0.01823
0.01919
0.02732
0.04203
0.06226
0.08517
0.10557
0.11864
0.12725
0.13692
0.14536
0.14899
0.14636
0.13716
0.12745
0.12289
0.12122
0.11848
0.11452
0.11124
0.11047
0.11312
0.11801
0.12395
0.1322
0.1424
0.15002
0.15008
0.14377
0.13621
0.1294
0.12499
0.12141
0.11428
0.10576
0.10041
0.09949
0.10078
0.10063
0.09756
0.09192
0.08429
0.07476
0.0641
0.05297
0.04185
0.02948
0.01409
-0.00358
-0.02159
-0.03636
-0.04235
-0.0407
-0.0386
-0.03574
-0.02953
-0.02353
-0.0237
-0.03172
-0.04657
-0.06505
-0.08042
-0.08614
-0.08328
-0.07739
-0.07262
-0.07105
-0.07317
-0.07761
-0.08195
-0.08388
-0.08317
-0.08195
-0.08361
-0.09149
-0.10735
-0.12897
-0.14965
-0.16148
-0.16365
-0.16259
-0.16239
-0.16296
-0.16424
-0.16608
-0.16799
-0.17023
-0.17295
-0.17555
-0.17807
-0.18106
-0.18497
-0.18969
-0.19371
-0.19422
-0.18894
-0.17762
-0.16318
-0.1506
-0.14646
-0.15455
-0.16687
-0.17192
-0.16919
-0.16465
-0.16194
-0.16107
-0.16111
-0.16129
-0.16093
-0.15889
-0.15309
-0.14016
-0.11828
-0.09083
-0.06471
-0.04845
-0.04511
-0.05283
-0.07092
-0.0886
-0.09316
-0.08676
-0.07894
-0.07413
-0.07076
-0.0663
-0.0614
-0.05826
-0.05731
-0.05782
-0.05994
-0.06377
-0.06719
-0.06726
-0.06378
-0.05769
-0.04825
-0.03319
-0.01283
0.01021
0.03292
0.05042
0.05979
0.06222
0.06007
0.05618
0.05207
0.04519
0.03286
0.01722
0.00572
0.00049
-0.00422
-0.0104
-0.01371
-0.01183
-0.00762
-0.00277
0.00351
0.01376
0.02906
0.04674
0.06248
0.07265
0.07531
0.07189
0.06682
0.06558
0.06892
0.07316
0.07356
0.06757
0.05599
0.04364
0.03614
0.03608
0.04333
0.05694
0.07211
0.08332
0.09127
0.10195
0.11649
0.12739
0.12815
0.11835
0.09891
0.07139
0.04563
0.03445
0.03984
0.05188
0.0594
0.05931
0.05474
0.05057
0.04872
0.04758
0.04586
0.04409
0.04322
0.04419
0.04718
0.05126
0.05513
0.05826
0.06048
0.06143
0.06061
0.057
0.04869
0.03442
0.01616
-0.00028
-0.00754
-0.00276
0.00883
0.02101
0.03254
0.04643
0.06347
0.0774
0.07962
0.06848
0.04785
0.02056
-0.01009
-0.03574
-0.04838
-0.04927
-0.04456
-0.03655
-0.02661
-0.01753
-0.00936
-0.00042
0.00755
0.01098
0.00928
0.00469
0.00141
0.00296
0.00926
0.01748
0.02411
0.0267
0.02439
0.01723
0.00516
-0.0122
-0.03421
-0.05706
-0.07555
-0.0886
-0.09694
-0.09847
-0.09321
-0.08521
-0.07639
-0.06274
-0.04055
-0.01186
0.01591
0.03463
0.03813
0.02335
-0.00705
-0.04165
-0.06823
-0.08047
-0.0794
-0.07326
-0.06887
-0.06922
-0.07283
-0.07477
-0.07158
-0.06337
-0.05313
-0.04543
-0.04412
-0.04867
-0.05457
-0.05666
-0.05198
-0.04089
-0.02596
-0.01039
0.00111
0.00376
-0.00203
-0.00994
-0.01487
-0.01602
-0.01422
-0.01123
-0.0097
-0.01156
-0.01617
-0.02103
-0.02374
-0.02336
-0.02041
-0.0157
-0.00936
-0.00174
0.00618
0.01263
0.0152
0.01217
0.00317
-0.01072
-0.02708
-0.04191
-0.05033
-0.04903
-0.03999
-0.02937
-0.02104
-0.01427
-0.00861
-0.00578
-0.00506
-0.00225
0.00659
0.02265
0.04319
0.06383
0.08118
0.09179
0.09408
0.08919
0.07718
0.06032
0.04394
0.03414
0.03584
0.04622
0.05831
0.07041
0.08504
0.10467
0.12917
0.151
0.16188
0.16034
0.14637
0.12412
0.10561
0.0998
0.10324
0.10566
0.10184
0.09387
0.0847
0.07622
0.07059
0.06749
0.06392
0.05908
0.05432
0.05009
0.04555
0.04017
0.03486
0.03152
0.03216
0.03778
0.04677
0.05486
0.05982
0.06341
0.06764
0.07314
0.07906
0.08333
0.08309
0.07642
0.06477
0.05148
0.03808
0.02744
0.02461
0.03079
0.04105
0.05046
0.05718
0.06054
0.06073
0.05873
0.05469
0.04874
0.04199
0.03493
0.02655
0.01659
0.00644
-0.00197
-0.0093
-0.01585
-0.01727
-0.01074
-0.00134
0.00338
0.00292
0.00146
0.00131
0.00164
0.00128
0.00041
0.00092
0.00602
0.01759
0.03305
0.04712
0.05435
0.0488
0.02516
-0.01661
-0.067
-0.11024
-0.12915
-0.11776
-0.09653
-0.0896
-0.09827
-0.10996
-0.11651
-0.11865
-0.11855
-0.11308
-0.09407
-0.05546
-0.00181
0.05118
0.08397
0.08409
0.05833
0.03204
0.02206
0.02482
0.03173
0.03854
0.04589
0.05661
0.07142
0.08404
0.08522
0.07199
0.04879
0.02212
-0.00464
-0.02598
-0.0356
-0.03539
-0.03099
-0.02361
-0.01243
0.00009
0.01049
0.01757
0.02235
0.02492
0.02266
0.0128
-0.00225
-0.0142
-0.01671
-0.00944
0.0062
0.0275
0.04677
0.05696
0.05861
0.05396
0.04308
0.02813
0.0154
0.00634
-0.00357
-0.01619
-0.03083
-0.04692
-0.05977
-0.06411
-0.06122
-0.05356
-0.04185
-0.02852
-0.01711
-0.00951
-0.00725
-0.011
-0.02107
-0.03632
-0.05036
-0.0574
-0.05644
-0.04834
-0.03376
-0.01561
0.0004
0.01124
0.01759
0.01873
0.01658
0.01415
0.0105
0.00494
-0.0016
-0.00881
-0.01704
-0.02475
-0.03141
-0.0368
-0.03796
-0.03474
-0.03065
-0.02805
-0.02718
-0.02736
-0.02639
-0.02243
-0.01604
-0.00906
-0.00283
0.00207
0.00601
0.00984
0.01433
0.01995
0.0259
0.03093
0.03481
0.0375
0.03761
0.03329
0.02434
0.01364
0.00272
-0.00991
-0.0187
-0.02176
-0.0293
-0.04481
-0.06109
-0.07479
-0.08834
-0.0987
-0.10139
-0.09435
-0.07559
-0.04668
-0.01513
0.01349
0.03954
0.06166
0.07751
0.08756
0.09225
0.092
0.08904
0.08366
0.07539
0.06663
0.05751
0.04467
0.02852
0.0174
0.0167
0.02134
0.02576
0.02758
0.02496
0.0173
0.00544
-0.00928
-0.02375
-0.03227
-0.03301
-0.03131
-0.03351
-0.04248
-0.05757
-0.07469
-0.08891
-0.09655
-0.09349
-0.08101
-0.06499
-0.0516
-0.04216
-0.02961
-0.00648
0.02346
0.0476
0.05862
0.05859
0.05331
0.04868
0.04779
0.049
0.04957
0.04776
0.04248
0.03227
0.0152
-0.00898
-0.03453
-0.05093
-0.05362
-0.04668
-0.03115
-0.00606
0.02142
0.04516
0.06762
0.08672
0.09071
0.07804
0.06296
0.05267
0.04363
0.03129
0.01265
-0.01074
-0.02804
-0.03384
-0.03632
-0.04037
-0.04233
-0.04013
-0.03718
-0.0359
-0.03598
-0.03585
-0.03454
-0.03222
-0.02932
-0.02632
-0.02432
-0.02545
-0.03271
-0.04795
-0.06789
-0.08534
-0.0944
-0.09403
-0.0889
-0.08281
-0.07428
-0.06297
-0.0513
-0.03983
-0.02696
-0.01294
-0.00158
0.00223
-0.00041
-0.00348
-0.00581
-0.0089
-0.01207
-0.01356
-0.01411
-0.01546
-0.01785
-0.01995
-0.02127
-0.02243
-0.02413
-0.02632
-0.02831
-0.02979
-0.03133
-0.03352
-0.03644
-0.03958
-0.04203
-0.04254
-0.03989
-0.03363
-0.02579
-0.02074
-0.02185
-0.02961
-0.04252
-0.0563
-0.0661
-0.07087
-0.0725
-0.07322
-0.07566
-0.08023
-0.08436
-0.08604
-0.08443
-0.08042
-0.07643
-0.07435
-0.07121
-0.0619
-0.04662
-0.03017
-0.01472
0.00068
0.01859
0.03709
0.04708
0.04427
0.03566
0.02901
0.02374
0.01932
0.01874
0.02417
0.03643
0.05482
0.07318
0.08307
0.0825
0.0751
0.06296
0.04594
0.02973
0.02133
0.01847
0.01557
0.01277
0.01489
0.02465
0.03748
0.04388
0.03791
0.02022
-0.00386
-0.02281
-0.02785
-0.02282
-0.01411
-0.00313
0.00796
0.01415
0.01465
0.01282
0.01111
0.00863
0.00323
-0.00518
-0.01568
-0.02829
-0.04068
-0.05049
-0.05628
-0.05628
-0.04954
-0.03536
-0.01475
0.00571
0.02005
0.02826
0.03157
0.02889
0.01839
0.00157
-0.01275
-0.01669
-0.01199
-0.00334
0.00813
0.02125
0.03182
0.03737
0.0391
0.03782
0.03328
0.02702
0.02408
0.02827
0.03776
0.04712
0.05199
0.05157
0.04716
0.04067
0.03458
0.03055
0.02971
0.03248
0.03639
0.03812
0.03634
0.03147
0.02412
0.01536
0.00745
0.00358
0.00502
0.00927
0.01319
0.01583
0.01777
0.01897
0.01861
0.01677
0.01531
0.01555
0.01718
0.01869
0.01751
0.0105
-0.00404
-0.02405
-0.04248
-0.05307
-0.05402
-0.04599
-0.03321
-0.02181
-0.01615
-0.01717
-0.0229
-0.03048
-0.03626
-0.03736
-0.03413
-0.02825
-0.02045
-0.00909
0.00947
0.03449
0.05782
0.07077
0.06904
0.05248
0.02927
0.01384
0.01238
0.0197
0.03025
0.04285
0.05537
0.06385
0.0685
0.07255
0.07685
0.07861
0.07418
0.06267
0.04943
0.04093
0.03725
0.03562
0.03563
0.0366
0.0356
0.03115
0.02502
0.02041
0.01894
0.01963
0.02059
0.02085
0.02012
0.0183
0.01494
0.00906
-0.0002
-0.01192
-0.02341
-0.03223
-0.03713
-0.03646
-0.02846
-0.01454
-0.00234
0.00146
-0.00107
-0.00413
-0.0042
-0.00125
0.0031
0.0077
0.01269
0.01872
0.02583
0.03262
0.0376
0.04057
0.04208
0.04227
0.0412
0.04021
0.04111
0.04251
0.03998
0.03171
0.02187
0.01558
0.01512
0.02112
0.0326
0.04496
0.05377
0.0592
0.06104
0.05483
0.0386
0.02053
0.00954
0.00595
0.00777
0.0155
0.02828
0.03863
0.03726
0.02219
-0.00205
-0.02609
-0.04186
-0.05018
-0.05632
-0.0621
-0.06504
-0.06112
-0.0478
-0.02934
-0.01539
-0.00985
-0.00827
-0.00572
-0.00091
0.00574
0.01306
0.01884
0.02114
0.01964
0.01531
0.00902
0.00203
-0.0037
-0.00784
-0.01106
-0.01311
-0.01355
-0.01439
-0.01948
-0.03127
-0.04764
-0.0617
-0.06464
-0.05582
-0.04436
-0.03955
-0.04261
-0.04488
-0.03838
-0.02697
-0.01906
-0.01463
-0.00821
0.00243
0.01458
0.02418
0.0299
0.03149
0.02608
0.01025
-0.01303
-0.03852
-0.06443
-0.08333
-0.08215
-0.064
-0.04503
-0.02951
-0.01551
-0.00615
-0.00203
0.00224
0.00823
0.01156
0.00905
0.00316
-0.00426
-0.01521
-0.03212
-0.05424
-0.07533
-0.08538
-0.08301
-0.07848
-0.07679
-0.07364
-0.06722
-0.06394
-0.0689
-0.07822
-0.08262
-0.07518
-0.05823
-0.04343
-0.04112
-0.05198
-0.06623
-0.07342
-0.07299
-0.06869
-0.06142
-0.05002
-0.03649
-0.02377
-0.00979
0.00793
0.02753
0.0449
0.05524
0.05185
0.03417
0.01152
-0.00418
-0.00781
-0.00583
-0.00559
-0.00683
-0.00385
0.00685
0.02148
0.03138
0.03273
0.02892
0.02536
0.0254
0.02892
0.03333
0.03635
0.03736
0.03649
0.03334
0.02793
0.02213
0.0177
0.01351
0.00762
-0.00052
-0.00929
-0.01593
-0.01849
-0.0166
-0.01005
0.00041
0.0108
0.01719
0.01956
0.01831
0.01206
0.00044
-0.01108
-0.01461
-0.00711
0.00925
0.02919
0.04335
0.0456
0.04183
0.04109
0.04526
0.05151
0.05758
0.06299
0.0678
0.0719
0.075
0.07642
0.07405
0.06574
0.05244
0.0404
0.03469
0.03283
0.03036
0.02766
0.02921
0.03841
0.05329
0.06706
0.07637
0.08532
0.09692
0.10629
0.10516
0.09214
0.07243
0.05367
0.04216
0.03805
0.03853
0.04116
0.04677
0.05934
0.07869
0.0969
0.10705
0.10882
0.10475
0.09847
0.09234
0.08708
0.08457
0.08565
0.08777
0.08755
0.08273
0.07205
0.05571
0.03713
0.0211
0.01096
0.0076
0.00587
-0.00008
-0.00837
-0.01372
-0.01621
-0.01754
-0.01321
0.00353
0.0325
0.06543
0.08763
0.09125
0.08155
0.06511
0.04483
0.01939
-0.00458
-0.01966
-0.03081
-0.04705
-0.0687
-0.08715
-0.08953
-0.06559
-0.0165
0.03357
0.05826
0.05899
0.0528
0.04647
0.03287
0.00882
-0.01691
-0.0358
-0.04408
-0.04018
-0.02938
-0.01798
-0.00656
0.00257
0.00509
0.00096
-0.00818
-0.02153
-0.03529
-0.04268
-0.0406
-0.03117
-0.01841
-0.00763
-0.00256
-0.00106
0.00156
0.00728
0.01402
0.01718
0.01169
-0.00536
-0.03048
-0.0566
-0.07942
-0.09304
-0.09186
-0.08039
-0.06605
-0.05055
-0.03982
-0.04155
-0.05157
-0.05896
-0.05848
-0.05311
-0.04718
-0.04266
-0.03944
-0.03663
-0.03297
-0.02767
-0.0211
-0.01549
-0.0128
-0.01308
-0.01673
-0.02556
-0.03904
-0.05386
-0.06848
-0.08354
-0.09627
-0.10591
-0.11588
-0.12369
-0.12554
-0.1245
-0.12355
-0.12141
-0.11724
-0.11356
-0.11256
-0.11407
-0.11755
-0.12283
-0.12797
-0.12987
-0.12676
-0.11801
-0.10378
-0.0875
-0.07292
-0.05858
-0.04114
-0.02301
-0.00824
0.00209
0.00443
-0.00591
-0.02128
-0.02497
-0.01241
0.00642
0.01967
0.02301
0.0185
0.00965
0.00083
-0.00269
0.00172
0.0123
0.02428
0.03165
0.03191
0.02897
0.02754
0.02744
0.02507
0.01802
0.00804
-0.00175
-0.01067
-0.01871
-0.02389
-0.0275
-0.03519
-0.05444
-0.06633
-0.07211
-0.0731
-0.07311
-0.07267
-0.06676
-0.05
-0.02395
-0.00089
0.00921
0.00952
0.00691
0.00323
-0.0018
-0.00506
-0.00238
0.00618
0.01618
0.02131
0.01553
-0.0033
-0.02951
-0.05232
-0.06304
-0.05939
-0.0451
-0.02488
-0.00513
0.00626
0.0072
0.00071
-0.01099
-0.02639
-0.03881
-0.04051
-0.03121
-0.0152
0.00141
0.012
0.01299
0.00374
-0.01583
-0.04283
-0.07154
-0.09598
-0.10518
-0.0941
-0.07803
-0.07182
-0.07181
-0.06888
-0.06276
-0.05642
-0.04687
-0.02993
-0.00754
0.01032
0.0197
0.0286
0.04031
0.05084
0.05868
0.06476
0.06689
0.06243
0.05246
0.04344
0.04152
0.0473
0.05887
0.07399
0.08852
0.09998
0.10988
0.11782
0.11869
0.10971
0.09322
0.07352
0.05614
0.04504
0.04119
0.04372
0.05113
0.06315
0.07898
0.09083
0.09071
0.08318
0.07606
0.06898
0.05845
0.04763
0.04198
0.04057
0.03888
0.03458
0.02809
0.0201
0.01076
0.00053
-0.00924
-0.01731
-0.02295
-0.02384
-0.0159
0.00263
0.0254
0.04215
0.0496
0.05108
0.04896
0.04412
0.03742
0.0293
0.01932
0.00444
-0.01688
-0.0382
-0.04856
-0.04724
-0.04441
-0.04597
-0.04733
-0.0406
-0.02458
-0.00838
-0.00133
-0.00261
-0.00761
-0.01424
-0.02264
-0.03091
-0.03543
-0.03537
-0.03235
-0.02625
-0.01517
-0.00005
0.01219
0.01539
0.01132
0.0063
0.00426
0.00463
0.00512
0.00427
0.00238
0.00097
0.00085
0.0016
0.00214
0.00064
-0.00458
-0.01355
-0.02379
-0.03098
-0.03224
-0.02953
-0.0277
-0.02888
-0.03156
-0.03309
-0.03183
-0.02781
-0.0217
-0.01444
-0.00797
-0.00424
-0.00333
-0.00411
-0.0056
-0.00746
-0.00952
-0.01134
-0.01256
-0.01273
-0.01163
-0.00971
-0.00748
-0.00545
-0.0044
-0.00485
-0.00663
-0.00907
-0.01134
-0.0125
-0.01231
-0.01106
-0.00872
-0.00491
0.00055
0.00728
0.01379
0.01786
0.01821
0.01711
0.01898
0.02475
0.03037
0.0308
0.02493
0.01566
0.00702
0.00195
0.00093
0.00246
0.00454
0.00698
0.01046
0.01402
0.01619
0.01739
0.01806
0.01861
0.01969
0.02088
0.02088
0.01816
0.01179
0.00313
-0.00412
-0.00828
-0.01158
-0.01535
-0.01792
-0.01787
-0.01629
-0.01375
-0.00952
-0.0028
0.00668
0.01852
0.02936
0.03602
0.03827
0.03579
0.02903
0.02156
0.0164
0.01249
0.00787
0.00359
0.00058
-0.00242
-0.00554
-0.00751
-0.00825
-0.00811
-0.00564
0.00064
0.00979
0.01925
0.02592
0.02739
0.02378
0.01758
0.01196
0.00922
0.00953
0.01119
0.01264
0.01314
0.01249
0.01082
0.00855
0.00624
0.00446
0.0035
0.00319
0.00332
0.00379
0.00463
0.00596
0.00775
0.00962
0.0112
0.01213
0.01176
0.00968
0.00611
0.00213
-0.00096
-0.00274
-0.00323
-0.00291
-0.00271
-0.00313
-0.00415
-0.00532
-0.006
-0.00594
-0.00536
-0.0045
-0.00351
-0.00238
-0.00116
-0.00011
0.00058
0.00092
0.00086
0.00041
-0.00028
-0.00101
-0.00163
-0.00184
-0.0016
-0.00126
-0.00117
-0.00129
-0.00143
-0.00148
-0.00144
-0.00132
-0.00119
-0.00108
-0.00101
-0.00098
-0.00104
-0.00121
-0.00145
-0.00166
-0.00169
-0.00147
-0.00107
-0.00068
-0.00038
-0.00015
0.00004
0.00017
0.00025
0.00025
0.00022
0.00022
0.00029
0.00041
0.00054
0.00065
0.00076
0.00087
0.001
0.00113
0.00122
0.00126
0.00123
0.00116
0.00109
0.00105
0.00104
0.00104
0.00102
0.00096
0.00088
0.00079
0.00069
0.00061
0.00056
0.00056
0.00055
0.00054
0.00053
0.00054
0.00056
0.00057
0.00056
0.00054
0.00052
0.00049
0.00048
0.00046
0.00044
0.00042
0.0004
0.00037
0.00034
0.00031
0.00027
0.00023
0.0002
0.00017
0.00013
0.0001
0.00007
0.00003
0
-0.00004
-0.00008
-0.00012
-0.00016
-0.0002
-0.00023
-0.00027
-0.00031
-0.00035
-0.00039
-0.00043
-0.00047
-0.00051