0.0025
-0.00579
-0.00577
-0.00575
-0.00573
-0.00571
-0.00569
-0.00567
-0.00565
-0.00563
-0.00562
-0.0056
-0.00558
-0.00556
-0.00554
-0.00552
-0.0055
-0.00548
-0.00546
-0.00544
-0.00542
-0.00541
-0.00539
-0.00537
-0.00536
-0.00534
-0.00532
-0.0053
-0.00528
-0.00526
-0.00523
-0.00521
-0.0052
-0.00519
-0.00518
-0.00516
-0.00514
-0.00512
-0.00509
-0.00507
-0.00506
-0.00506
-0.00507
-0.00508
-0.00508
-0.00507
-0.00505
-0.00503
-0.005
-0.00497
-0.00494
-0.00493
-0.00494
-0.00498
-0.00503
-0.00507
-0.00505
-0.00499
-0.0049
-0.00483
-0.0048
-0.00481
-0.00485
-0.00489
-0.0049
-0.00487
-0.0048
-0.0047
-0.00459
-0.00449
-0.00439
-0.00429
-0.00417
-0.00409
-0.00409
-0.00413
-0.00413
-0.0041
-0.00407
-0.00404
-0.00396
-0.00384
-0.00372
-0.00371
-0.00386
-0.00414
-0.00439
-0.00447
-0.00441
-0.00428
-0.00408
-0.00381
-0.00354
-0.0034
-0.00347
-0.00377
-0.00419
-0.00457
-0.00472
-0.00458
-0.00424
-0.00392
-0.00379
-0.00394
-0.00435
-0.00502
-0.00587
-0.0067
-0.00724
-0.00734
-0.00701
-0.00647
-0.00607
-0.00591
-0.00588
-0.00591
-0.00592
-0.00581
-0.00549
-0.00511
-0.00487
-0.00478
-0.00456
-0.00398
-0.00311
-0.00231
-0.00199
-0.00229
-0.00298
-0.00376
-0.00432
-0.00429
-0.00344
-0.00206
-0.00084
-0.00033
-0.00074
-0.00192
-0.00341
-0.00465
-0.0052
-0.00478
-0.00361
-0.00218
-0.00082
0.00029
0.00087
0.0006
-0.00055
-0.00215
-0.00352
-0.00425
-0.00424
-0.00367
-0.00298
-0.00248
-0.0022
-0.00208
-0.00204
-0.00205
-0.00211
-0.00244
-0.00314
-0.00395
-0.00439
-0.00422
-0.00347
-0.00253
-0.00224
-0.00333
-0.00569
-0.00826
-0.00976
-0.00986
-0.00897
-0.00728
-0.00502
-0.00302
-0.00196
-0.00201
-0.00299
-0.00436
-0.00543
-0.00589
-0.00583
-0.00556
-0.00534
-0.00502
-0.00417
-0.00253
-0.00055
0.00097
0.00173
0.00186
0.00126
-0.00001
-0.00129
-0.0018
-0.00135
-0.00043
0
-0.00074
-0.00228
-0.00352
-0.0033
-0.0015
0.00092
0.00281
0.00355
0.00291
0.00105
-0.00136
-0.00312
-0.00318
-0.00152
0.00052
0.00107
-0.00086
-0.00485
-0.00919
-0.01174
-0.01158
-0.00918
-0.00544
-0.00169
0.00092
0.00159
-0.00003
-0.00311
-0.00563
-0.00606
-0.00481
-0.00316
-0.00207
-0.00202
-0.00301
-0.00464
-0.00621
-0.00709
-0.00738
-0.00753
-0.00759
-0.00742
-0.00724
-0.00741
-0.00845
-0.01065
-0.01312
-0.01435
-0.01305
-0.00922
-0.00444
-0.00068
0.00061
-0.00129
-0.00574
-0.01088
-0.01505
-0.01723
-0.01704
-0.01472
-0.01165
-0.00934
-0.00808
-0.007
-0.00539
-0.00299
-0.00033
0.00177
0.0029
0.0031
0.0028
0.00286
0.00419
0.0069
0.01022
0.01267
0.013
0.011
0.00751
0.00359
0.00015
-0.0023
-0.00361
-0.00392
-0.00309
-0.00119
0.0005
0.00082
-0.00019
-0.00167
-0.00252
-0.00207
-0.00082
0.00032
0.00111
0.00201
0.00346
0.00469
0.00416
0.00097
-0.00456
-0.0109
-0.01651
-0.021
-0.02454
-0.02683
-0.02694
-0.02398
-0.01908
-0.01499
-0.01357
-0.01505
-0.01806
-0.02026
-0.01994
-0.01665
-0.01094
-0.00402
0.00253
0.00714
0.00918
0.00893
0.00752
0.0067
0.00701
0.00783
0.0089
0.01039
0.01254
0.01602
0.02122
0.02713
0.03179
0.03371
0.03303
0.0318
0.03222
0.03454
0.03726
0.03874
0.03766
0.03356
0.0269
0.0192
0.01229
0.00783
0.00697
0.0097
0.01493
0.02016
0.02142
0.0147
-0.00154
-0.0241
-0.04555
-0.0572
-0.05558
-0.04502
-0.03105
-0.01838
-0.0118
-0.00992
-0.00756
-0.00343
0.00139
0.005
0.0065
0.00475
-0.00352
-0.01925
-0.03778
-0.04937
-0.05029
-0.04905
-0.053
-0.06046
-0.06851
-0.07651
-0.08399
-0.09142
-0.0987
-0.10235
-0.09758
-0.08316
-0.0647
-0.04627
-0.02295
0.00752
0.03653
0.05383
0.05616
0.04068
0.00462
-0.04246
-0.08114
-0.1026
-0.11248
-0.11964
-0.12749
-0.13599
-0.14013
-0.13781
-0.13521
-0.13295
-0.12519
-0.10647
-0.07012
-0.01862
0.02664
0.03862
0.01329
-0.01998
-0.03745
-0.04529
-0.05457
-0.0638
-0.06244
-0.04946
-0.03751
-0.03226
-0.03057
-0.02856
-0.02525
-0.02055
-0.01406
-0.00548
0.00448
0.01391
0.01764
0.01096
-0.00429
-0.01903
-0.02584
-0.02426
-0.01497
0.00394
0.03199
0.0636
0.08984
0.09649
0.07457
0.03111
-0.01579
-0.04501
-0.04866
-0.03401
-0.01155
0.00825
0.01389
0.00278
-0.01606
-0.03254
-0.04405
-0.05225
-0.05662
-0.05122
-0.02835
0.01444
0.07049
0.12567
0.16272
0.16627
0.13486
0.09424
0.06829
0.05748
0.05446
0.05701
0.06252
0.06391
0.0558
0.04107
0.02521
0.01086
-0.00009
-0.00409
0.00137
0.01399
0.03058
0.04821
0.06385
0.08015
0.09825
0.1099
0.10481
0.08089
0.04214
0.00803
-0.00182
0.01821
0.06747
0.13562
0.1992
0.23787
0.25916
0.2833
0.31695
0.34785
0.35501
0.32191
0.25216
0.18405
0.15434
0.15362
0.15277
0.13726
0.1085
0.071
0.02912
-0.01016
-0.03516
-0.03172
0.00896
0.07682
0.13717
0.16556
0.17437
0.18214
0.18764
0.17674
0.14313
0.10344
0.08425
0.09213
0.11615
0.14727
0.17993
0.20627
0.22499
0.24009
0.24774
0.23994
0.2157
0.18537
0.16471
0.16258
0.17208
0.17974
0.18103
0.17685
0.17111
0.17071
0.18224
0.20765
0.2445
0.28425
0.31349
0.31986
0.30075
0.27941
0.27994
0.2944
0.30486
0.30224
0.28527
0.25619
0.22055
0.18363
0.14972
0.11931
0.08944
0.06133
0.04661
0.06213
0.11677
0.19328
0.25563
0.28606
0.29238
0.2761
0.22332
0.12886
0.02839
-0.03206
-0.05132
-0.05455
-0.05201
-0.03862
-0.01967
-0.01534
-0.03357
-0.06042
-0.08093
-0.08953
-0.0844
-0.06607
-0.04136
-0.02003
-0.00455
0.00853
0.01945
0.02673
0.03134
0.03277
0.03098
0.03052
0.03699
0.05082
0.06804
0.08442
0.09509
0.09359
0.07485
0.03698
-0.01304
-0.0611
-0.09437
-0.10728
-0.1028
-0.08762
-0.07467
-0.08278
-0.12016
-0.1737
-0.218
-0.23307
-0.22572
-0.21853
-0.21634
-0.20752
-0.18706
-0.16707
-0.16116
-0.17073
-0.19369
-0.23085
-0.27654
-0.31444
-0.33131
-0.32503
-0.30171
-0.2732
-0.2507
-0.23372
-0.2091
-0.16796
-0.1237
-0.10175
-0.10833
-0.12047
-0.11774
-0.10981
-0.11639
-0.14248
-0.1754
-0.20092
-0.20732
-0.1941
-0.17857
-0.17469
-0.17941
-0.1814
-0.17544
-0.16487
-0.15435
-0.14536
-0.13902
-0.14047
-0.15614
-0.18618
-0.21863
-0.23868
-0.24189
-0.23419
-0.22816
-0.22998
-0.23124
-0.21997
-0.19427
-0.16426
-0.14005
-0.12361
-0.11542
-0.1207
-0.13932
-0.16265
-0.18441
-0.20163
-0.21709
-0.23151
-0.23937
-0.24058
-0.23689
-0.22821
-0.21834
-0.21235
-0.21137
-0.21249
-0.21221
-0.20827
-0.20041
-0.18964
-0.17605
-0.16008
-0.14552
-0.13211
-0.1121
-0.07996
-0.03682
0.00767
0.04375
0.07023
0.08814
0.09438
0.08658
0.0731
0.06775
0.07319
0.08246
0.08835
0.08477
0.06563
0.02899
-0.01446
-0.0441
-0.04372
-0.00659
0.06328
0.14085
0.19283
0.21593
0.23468
0.26702
0.3076
0.33543
0.32586
0.26468
0.16723
0.08291
0.04271
0.02435
-0.00287
-0.03964
-0.06162
-0.04222
0.02707
0.11581
0.17657
0.19694
0.19504
0.17807
0.13456
0.06165
-0.00673
-0.03674
-0.04275
-0.05329
-0.07272
-0.08254
-0.06323
-0.01106
0.04725
0.07928
0.08313
0.07311
0.05343
0.02166
-0.01207
-0.02769
-0.01887
0.00524
0.03073
0.04806
0.05529
0.05147
0.03325
-0.00051
-0.04257
-0.07458
-0.08048
-0.05449
0.00428
0.08617
0.16025
0.20201
0.21714
0.21468
0.18745
0.12803
0.05727
0.01167
-0.00248
-0.00785
-0.01872
-0.02618
-0.01298
0.02748
0.07664
0.10999
0.12622
0.13949
0.15865
0.17839
0.18303
0.15642
0.09525
0.02453
-0.02189
-0.0421
-0.05944
-0.088
-0.12032
-0.13695
-0.11974
-0.06518
-0.00006
0.03995
0.05077
0.04942
0.0425
0.02269
-0.01186
-0.04043
-0.03692
0.00026
0.0526
0.09411
0.10724
0.09627
0.0763
0.05553
0.03148
0.00391
-0.02306
-0.04614
-0.05893
-0.05329
-0.02601
0.01355
0.03633
0.0121
-0.0582
-0.13832
-0.19013
-0.2104
-0.22103
-0.23854
-0.26396
-0.29064
-0.31149
-0.31815
-0.29909
-0.25001
-0.19183
-0.15236
-0.13394
-0.12314
-0.1115
-0.10182
-0.10062
-0.10922
-0.1235
-0.14012
-0.15303
-0.15729
-0.15496
-0.15021
-0.14645
-0.14536
-0.14203
-0.12743
-0.09578
-0.04971
-0.00281
0.03083
0.0543
0.08137
0.11992
0.16435
0.19833
0.19857
0.14492
0.03865
-0.07365
-0.141
-0.17002
-0.19738
-0.23782
-0.27624
-0.2886
-0.26206
-0.21116
-0.17018
-0.15419
-0.14718
-0.12825
-0.09534
-0.05887
-0.02171
0.01572
0.04497
0.04996
0.01839
-0.04378
-0.10189
-0.12516
-0.11904
-0.10288
-0.08816
-0.08293
-0.09171
-0.10533
-0.10849
-0.09243
-0.0592
-0.01793
0.01336
0.02742
0.03794
0.05115
0.06422
0.07687
0.08721
0.09083
0.08641
0.07458
0.05536
0.03616
0.02772
0.03025
0.03587
0.03965
0.04368
0.0539
0.07175
0.09472
0.1177
0.1265
0.10814
0.06679
0.0175
-0.01604
-0.02478
-0.02592
-0.03012
-0.02821
-0.00634
0.03603
0.07931
0.103
0.1072
0.10165
0.08947
0.06731
0.03741
0.01792
0.02246
0.04072
0.05846
0.07119
0.07467
0.06246
0.03617
0.00692
-0.01689
-0.03866
-0.06149
-0.0832
-0.10129
-0.11149
-0.10521
-0.07608
-0.03076
0.0166
0.05965
0.08924
0.10245
0.11589
0.14318
0.18348
0.22782
0.2646
0.27927
0.25787
0.19836
0.12673
0.08072
0.06675
0.06026
0.04069
0.00747
-0.02725
-0.04763
-0.03973
-0.00052
0.04942
0.07526
0.06998
0.05804
0.05756
0.06922
0.08499
0.09704
0.09886
0.08537
0.0584
0.02731
-0.0017
-0.02633
-0.04544
-0.06192
-0.07786
-0.09035
-0.09464
-0.09554
-0.10334
-0.11639
-0.12712
-0.13315
-0.1367
-0.13938
-0.13853
-0.1297
-0.1121
-0.08765
-0.05461
-0.01307
0.02292
0.03729
0.03027
0.01196
-0.01007
-0.0309
-0.04514
-0.05356
-0.06362
-0.07868
-0.09281
-0.10204
-0.10998
-0.11781
-0.12551
-0.13411
-0.14176
-0.14582
-0.14677
-0.14729
-0.14907
-0.14937
-0.14513
-0.13695
-0.1265
-0.11292
-0.09792
-0.08604
-0.0788
-0.07605
-0.07954
-0.08908
-0.10107
-0.10937
-0.11093
-0.10668
-0.09685
-0.07958
-0.05656
-0.03527
-0.02079
-0.01004
-0.00045
0.00252
-0.01169
-0.04146
-0.07635
-0.1121
-0.144
-0.14876
-0.12231
-0.09393
-0.07549
-0.06074
-0.04841
-0.04038
-0.03403
-0.02924
-0.02664
-0.02139
-0.0101
0.00274
0.00813
0.00263
-0.00761
-0.01648
-0.02181
-0.02223
-0.01823
-0.01382
-0.01377
-0.01867
-0.02388
-0.02221
-0.00693
0.02616
0.07484
0.1275
0.16527
0.17564
0.16209
0.13753
0.10915
0.07481
0.04541
0.03351
0.02877
0.01739
0.00146
-0.0045
0.01305
0.05594
0.10396
0.13131
0.13043
0.10975
0.08331
0.05718
0.03051
0.0074
-0.00625
-0.0066
0.01398
0.06342
0.13287
0.18504
0.18704
0.15507
0.12123
0.08753
0.04524
0.00687
-0.01389
-0.02716
-0.04772
-0.07348
-0.08777
-0.07181
-0.01852
0.0534
0.1011
0.10041
0.07222
0.05757
0.07706
0.12058
0.16952
0.20869
0.22117
0.20357
0.17567
0.14909
0.12498
0.11
0.10944
0.11682
0.12729
0.14323
0.16404
0.1791
0.17921
0.16315
0.13427
0.10031
0.0709
0.05264
0.05804
0.0855
0.11241
0.12773
0.13777
0.15018
0.16296
0.16251
0.13884
0.10202
0.07551
0.07377
0.09107
0.11637
0.14402
0.16841
0.1811
0.17092
0.1329
0.07946
0.02952
-0.00553
-0.027
-0.04191
-0.04969
-0.04036
-0.00699
0.03873
0.07
0.07653
0.07139
0.06732
0.06661
0.06916
0.08033
0.0992
0.1121
0.10602
0.07898
0.03763
0.00118
-0.01665
-0.02562
-0.03955
-0.05934
-0.07529
-0.07561
-0.05335
-0.01476
0.01864
0.03573
0.04308
0.03513
0.00817
-0.02433
-0.048
-0.05938
-0.06724
-0.07544
-0.07599
-0.06653
-0.054
-0.04461
-0.04151
-0.04356
-0.0471
-0.05061
-0.0553
-0.06134
-0.06558
-0.06589
-0.065
-0.06576
-0.06622
-0.06216
-0.05191
-0.03838
-0.02294
-0.00302
0.01969
0.03778
0.04494
0.03871
0.01759
-0.01495
-0.04037
-0.04056
-0.02365
-0.00638
0.00884
0.02624
0.0435
0.0586
0.07404
0.09129
0.11205
0.13348
0.14284
0.1311
0.10334
0.08032
0.0757
0.07941
0.08216
0.08215
0.07507
0.05951
0.0404
0.02345
0.01204
0.01024
0.01977
0.03567
0.05446
0.07614
0.10063
0.12155
0.12486
0.10283
0.06447
0.02804
0.00614
0.00043
0.01661
0.04514
0.05814
0.04732
0.02413
0.00089
-0.01397
-0.01568
-0.00648
0.01044
0.0337
0.0597
0.08154
0.09145
0.07977
0.04577
0.00159
-0.03883
-0.06739
-0.07772
-0.06847
-0.05389
-0.04447
-0.03374
-0.01384
0.00417
0.00642
-0.00433
-0.02267
-0.04326
-0.05948
-0.07075
-0.07793
-0.08028
-0.07477
-0.05866
-0.03297
0.00136
0.04554
0.09259
0.12201
0.11016
0.0613
0.00531
-0.0373
-0.06292
-0.07852
-0.09305
-0.1107
-0.12596
-0.12723
-0.10652
-0.07148
-0.04381
-0.03697
-0.04441
-0.05302
-0.05568
-0.05209
-0.04507
-0.04071
-0.04647
-0.06527
-0.08981
-0.10499
-0.10382
-0.09157
-0.07661
-0.0655
-0.05857
-0.05345
-0.04772
-0.04151
-0.03504
-0.0288
-0.02572
-0.02834
-0.03508
-0.04236
-0.04555
-0.04105
-0.02847
-0.00922
0.01268
0.03024
0.03727
0.03135
0.0146
-0.00912
-0.03374
-0.05122
-0.05269
-0.03738
-0.0142
0.00839
0.02509
0.03521
0.03992
0.03645
0.02368
0.00743
-0.00255
-0.00125
0.00745
0.01906
0.03189
0.04359
0.04959
0.04528
0.02903
0.00265
-0.02692
-0.05212
-0.06321
-0.05651
-0.04597
-0.04303
-0.04572
-0.0481
-0.04726
-0.04143
-0.02924
-0.01076
0.01081
0.03003
0.03996
0.04101
0.0397
0.03831
0.03652
0.0352
0.03303
0.02612
0.01232
-0.00674
-0.02586
-0.03403
-0.03287
-0.03964
-0.05864
-0.07751
-0.08543
-0.08294
-0.07217
-0.05513
-0.03451
-0.01073
0.01485
0.02923
0.02717
0.02212
0.02212
0.0247
0.02498
0.02241
0.01985
0.01884
0.01956
0.02178
0.02543
0.02998
0.03435
0.03831
0.04305
0.04994
0.0619
0.08225
0.11096
0.14147
0.16312
0.16442
0.14021
0.09759
0.05695
0.03458
0.02722
0.03032
0.0498
0.08837
0.12799
0.14276
0.12295
0.07253
0.00473
-0.05738
-0.08993
-0.0825
-0.04844
-0.02043
-0.01781
-0.02796
-0.03091
-0.02232
-0.00941
0.00013
0.00605
0.01491
0.03016
0.04945
0.06703
0.07849
0.07865
0.06428
0.0365
0.00111
-0.03745
-0.07393
-0.09668
-0.09926
-0.09306
-0.0925
-0.10028
-0.10889
-0.10711
-0.09024
-0.06701
-0.04951
-0.04144
-0.03843
-0.03319
-0.02114
-0.00475
0.00665
0.00394
-0.017
-0.05019
-0.07676
-0.08308
-0.07738
-0.07076
-0.06166
-0.04373
-0.02078
-0.00136
0.01228
0.02612
0.04181
0.04977
0.04311
0.02596
0.00737
-0.00604
-0.01549
-0.02775
-0.04115
-0.04868
-0.05071
-0.05571
-0.06575
-0.0802
-0.09923
-0.11625
-0.1222
-0.12059
-0.12084
-0.12124
-0.11371
-0.09722
-0.07734
-0.05771
-0.04126
-0.0306
-0.02628
-0.02879
-0.03517
-0.04368
-0.05561
-0.07259
-0.09369
-0.11189
-0.10872
-0.08062
-0.04766
-0.02261
-0.00138
0.02552
0.05472
0.06949
0.05782
0.02841
-0.00418
-0.03598
-0.06604
-0.09226
-0.11291
-0.12572
-0.12203
-0.09069
-0.03214
0.02439
0.04758
0.03878
0.01296
-0.02118
-0.05176
-0.06101
-0.04509
-0.01672
0.0111
0.02999
0.03659
0.03638
0.03502
0.03275
0.03021
0.02984
0.03138
0.03117
0.02506
0.01119
-0.00778
-0.02405
-0.0272
-0.01595
-0.00103
0.00798
0.0083
0.00037
-0.0133
-0.02563
-0.02992
-0.02412
-0.00839
0.01532
0.03994
0.05506
0.05347
0.03427
0.00325
-0.02804
-0.0509
-0.06559
-0.07526
-0.07873
-0.06898
-0.03983
0.00327
0.04044
0.05932
0.06794
0.07567
0.07881
0.06666
0.0355
-0.00046
-0.02519
-0.04001
-0.04801
-0.04669
-0.03573
-0.02278
-0.01587
-0.01278
-0.00861
-0.00069
0.01454
0.03297
0.0434
0.04138
0.02857
0.00812
-0.01103
-0.01766
-0.01185
-0.00446
-0.00645
-0.02013
-0.03853
-0.05192
-0.05499
-0.04909
-0.03861
-0.02612
-0.01057
0.01149
0.04075
0.07082
0.09158
0.10366
0.11292
0.11759
0.11628
0.11104
0.102
0.08642
0.06204
0.02701
-0.01607
-0.056
-0.08165
-0.08549
-0.0596
-0.00163
0.06744
0.11641
0.13666
0.13944
0.1356
0.1276
0.11918
0.11457
0.10852
0.09424
0.0751
0.05412
0.02705
-0.00468
-0.03006
-0.03637
-0.01481
0.03441
0.09114
0.13021
0.14599
0.14063
0.11259
0.06466
0.01746
-0.01056
-0.02401
-0.03256
-0.03617
-0.02623
0.00393
0.04685
0.08069
0.09176
0.08298
0.05793
0.01529
-0.0366
-0.07629
-0.08876
-0.08254
-0.07635
-0.0744
-0.07089
-0.0659
-0.06357
-0.06396
-0.06529
-0.06862
-0.07736
-0.09389
-0.11565
-0.13502
-0.14604
-0.1472
-0.13971
-0.12722
-0.11069
-0.08625
-0.05048
-0.00304
0.04466
0.06497
0.05383
0.04151
0.04242
0.04152
0.02417
-0.00125
-0.01875
-0.02859
-0.03746
-0.04865
-0.06563
-0.08997
-0.12023
-0.14836
-0.16209
-0.16115
-0.15544
-0.14588
-0.12664
-0.10275
-0.08606
-0.07129
-0.04588
-0.01523
0.00615
0.0132
0.01168
0.00872
0.00517
-0.00229
-0.01074
-0.01163
-0.00159
0.01715
0.04033
0.06297
0.07721
0.07179
0.04517
0.00887
-0.02607
-0.05146
-0.06309
-0.06674
-0.06804
-0.06562
-0.06169
-0.06257
-0.06906
-0.07593
-0.07826
-0.07462
-0.06378
-0.03993
0.00569
0.07363
0.14666
0.1936
0.19561
0.16342
0.12869
0.1104
0.09423
0.06024
0.00317
-0.06426
-0.11573
-0.1315
-0.11204
-0.0723
-0.03353
-0.00632
0.01019
0.01994
0.02961
0.04374
0.06439
0.09174
0.12306
0.15109
0.1649
0.15333
0.11359
0.06195
0.0225
0.00645
0.02278
0.06077
0.08903
0.09788
0.09478
0.08555
0.07378
0.06399
0.05935
0.05887
0.05873
0.05683
0.05317
0.04935
0.04777
0.04986
0.05495
0.06163
0.0692
0.07865
0.09062
0.10284
0.11214
0.11695
0.11768
0.11741
0.11959
0.12412
0.12568
0.11778
0.09807
0.06988
0.04018
0.01823
0.00771
0.00388
0.00249
0.00211
-0.00063
-0.0082
-0.01852
-0.02792
-0.03377
-0.03501
-0.03403
-0.03532
-0.04049
-0.04674
-0.04999
-0.04951
-0.04707
-0.04293
-0.03647
-0.02897
-0.02189
-0.01487
-0.00869
-0.00779
-0.01803
-0.04208
-0.07594
-0.11239
-0.14126
-0.15084
-0.14393
-0.13523
-0.12866
-0.11366
-0.08394
-0.04471
-0.00064
0.04439
0.08471
0.12211
0.16069
0.19474
0.20657
0.17801
0.10817
0.03267
-0.00714
-0.01164
-0.0036
0.00722
0.02397
0.0434
0.05413
0.05229
0.04468
0.03658
0.02697
0.01277
-0.0044
-0.01979
-0.02743
-0.02238
-0.00822
0.00747
0.02344
0.04242
0.06243
0.07227
0.05996
0.03177
0.0079
-0.00262
-0.00526
-0.00425
-0.00019
0.00265
-0.00043
-0.00848
-0.01678
-0.022
-0.0237
-0.02191
-0.01715
-0.01109
-0.00646
-0.00572
-0.00905
-0.01416
-0.01787
-0.01842
-0.01489
-0.00639
0.00839
0.02957
0.05433
0.07722
0.09332
0.0962
0.07825
0.04021
-0.00178
-0.03076
-0.04367
-0.03727
-0.01287
0.01189
0.02177
0.01828
0.01088
0.00715
0.0104
0.01956
0.03061
0.03856
0.03895
0.03045
0.01773
0.00738
0.00134
-0.00228
-0.00486
-0.00558
-0.00457
-0.00553
-0.01199
-0.02408
-0.04034
-0.05828
-0.07322
-0.08059
-0.07833
-0.06889
-0.05729
-0.04526
-0.03174
-0.01853
-0.01015
-0.00965
-0.01623
-0.0259
-0.03419
-0.03797
-0.03666
-0.03131
-0.02364
-0.01438
-0.00352
0.00763
0.01477
0.01205
-0.00441
-0.03232
-0.06113
-0.07783
-0.0739
-0.05204
-0.02405
0.00166
0.02409
0.04202
0.04474
0.02536
-0.00534
-0.03262
-0.05403
-0.07077
-0.07968
-0.08073
-0.07988
-0.08198
-0.08446
-0.08392
-0.08035
-0.07255
-0.05775
-0.03471
-0.00602
0.02116
0.03517
0.02856
0.00336
-0.03474
-0.07312
-0.09871
-0.10212
-0.08424
-0.06219
-0.04865
-0.04336
-0.03917
-0.02823
-0.00931
0.01365
0.03583
0.04705
0.04481
0.03913
0.03399
0.02594
0.01712
0.01337
0.01456
0.01731
0.02145
0.02994
0.0446
0.06432
0.08601
0.10552
0.11892
0.12138
0.10933
0.0869
0.06532
0.0551
0.05836
0.06829
0.07545
0.07415
0.06325
0.04484
0.02283
0.00284
-0.00864
-0.00688
0.00623
0.02628
0.05197
0.07639
0.081
0.05998
0.02686
-0.0107
-0.04994
-0.08628
-0.11154
-0.11803
-0.10807
-0.09415
-0.08976
-0.09639
-0.10401
-0.10466
-0.09986
-0.09188
-0.07898
-0.06222
-0.0459
-0.03493
-0.0309
-0.03065
-0.03116
-0.03127
-0.02976
-0.02465
-0.01413
0.00232
0.02288
0.04338
0.05915
0.06479
0.05463
0.02733
-0.00869
-0.04241
-0.06842
-0.07304
-0.04913
-0.01452
0.01066
0.02204
0.02469
0.02231
0.01454
-0.00113
-0.02437
-0.04675
-0.05753
-0.05089
-0.0351
-0.02644
-0.02604
-0.0245
-0.01682
-0.00641
0.00346
0.01282
0.02385
0.03772
0.05233
0.0652
0.07661
0.08798
0.09853
0.10268
0.09272
0.06569
0.03146
0.00647
-0.00616
-0.01568
-0.02323
-0.01795
0.00323
0.02103
0.01744
-0.00379
-0.02829
-0.04521
-0.0514
-0.04981
-0.04454
-0.03837
-0.03257
-0.02908
-0.02817
-0.02781
-0.02656
-0.02463
-0.0223
-0.0195
-0.01482
-0.00624
0.00808
0.02793
0.05098
0.07231
0.0883
0.0932
0.07728
0.03731
-0.01056
-0.04578
-0.06653
-0.0845
-0.10636
-0.1251
-0.1235
-0.086
-0.01412
0.05649
0.08724
0.07905
0.05364
0.02752
0.00954
-0.00033
-0.00626
-0.01041
-0.01663
-0.02879
-0.04074
-0.04674
-0.05011
-0.05154
-0.04709
-0.03275
-0.01171
0.0123
0.04248
0.07562
0.10232
0.10558
0.0709
0.01343
-0.0327
-0.05049
-0.05363
-0.05795
-0.06292
-0.05762
-0.03624
-0.00749
0.00995
0.00907
-0.00025
-0.00678
-0.00902
-0.01051
-0.01144
-0.00912
-0.00476
-0.00125
0.00065
0.0033
0.00956
0.02161
0.03874
0.05551
0.06141
0.05567
0.04802
0.04142
0.03275
0.02453
0.02243
0.02615
0.03125
0.0349
0.03649
0.03562
0.03411
0.03796
0.05149
0.07322
0.09762
0.11618
0.11855
0.10274
0.07864
0.06034
0.05644
0.06324
0.06874
0.06465
0.05146
0.03492
0.0163
-0.00603
-0.0255
-0.03443
-0.03546
-0.03176
-0.02272
-0.01189
-0.00168
0.01089
0.03058
0.05506
0.07568
0.08438
0.07606
0.05089
0.01999
0.00204
0.00722
0.03241
0.0687
0.10153
0.11803
0.11899
0.11108
0.09665
0.07312
0.04507
0.02718
0.02584
0.03369
0.04408
0.05817
0.07573
0.08848
0.08902
0.07751
0.05643
0.02886
0.00022
-0.02474
-0.04094
-0.04089
-0.0243
-0.00635
-0.00083
-0.00497
-0.01027
-0.01239
-0.01053
-0.00431
0.0066
0.01962
0.03056
0.03787
0.04406
0.05083
0.05544
0.05502
0.05161
0.0505
0.05404
0.06106
0.06973
0.07803
0.08547
0.09112
0.09073
0.08186
0.06907
0.06088
0.06152
0.06906
0.07971
0.08863
0.08937
0.07713
0.05287
0.02493
0.00846
0.00861
0.01357
0.0147
0.01528
0.02228
0.03586
0.04793
0.05255
0.05281
0.0534
0.05405
0.04982
0.03628
0.0148
-0.0095
-0.03302
-0.04859
-0.05317
-0.05531
-0.05969
-0.06351
-0.06623
-0.06995
-0.07466
-0.07802
-0.07763
-0.07254
-0.06357
-0.05144
-0.03548
-0.01881
-0.00674
0.00011
0.00321
0.00077
-0.0119
-0.03569
-0.06551
-0.0943
-0.10999
-0.10517
-0.09221
-0.08608
-0.08627
-0.08674
-0.08725
-0.08892
-0.0908
-0.09149
-0.08976
-0.08348
-0.07377
-0.0664
-0.06684
-0.07725
-0.09409
-0.11007
-0.12052
-0.12637
-0.13168
-0.13719
-0.14072
-0.14278
-0.14652
-0.15347
-0.16354
-0.17478
-0.18405
-0.18755
-0.18733
-0.19019
-0.19809
-0.20889
-0.22112
-0.23321
-0.2422
-0.24397
-0.23737
-0.22608
-0.21651
-0.21239
-0.20926
-0.20087
-0.18879
-0.18086
-0.17984
-0.18124
-0.17877
-0.17085
-0.16285
-0.15783
-0.15284
-0.14643
-0.14055
-0.1379
-0.13653
-0.13357
-0.13112
-0.13006
-0.12829
-0.12504
-0.1218
-0.11977
-0.11879
-0.1172
-0.11283
-0.10473
-0.09418
-0.08318
-0.07125
-0.05918
-0.05012
-0.04295
-0.03513
-0.02676
-0.0171
-0.00435
0.01085
0.02679
0.04273
0.05789
0.06842
0.07314
0.07387
0.06993
0.05962
0.04539
0.03085
0.01658
0.00256
-0.00665
-0.00779
-0.00399
0.00281
0.01053
0.01712
0.02357
0.03169
0.04172
0.05291
0.06371
0.07141
0.0736
0.07062
0.06433
0.05754
0.0526
0.05074
0.05155
0.05474
0.05968
0.06404
0.06681
0.06872
0.06943
0.06782
0.06467
0.06204
0.0605
0.05929
0.05771
0.05611
0.05563
0.05719
0.06097
0.06684
0.07345
0.07978
0.08526
0.08894
0.09006
0.089
0.08776
0.08892
0.09306
0.0975
0.09772
0.09005
0.07308
0.04904
0.02346
0.00521
-0.00328
-0.00518
-0.00161
0.00561
0.01414
0.02181
0.02843
0.03635
0.04635
0.0586
0.07495
0.09295
0.10763
0.1149
0.11356
0.10442
0.08692
0.06479
0.04673
0.0369
0.0368
0.04737
0.06362
0.07691
0.08241
0.08209
0.08215
0.08625
0.09341
0.10037
0.10555
0.1118
0.12249
0.13622
0.1484
0.15514
0.15506
0.14673
0.13209
0.11521
0.09362
0.06446
0.03565
0.01711
0.01032
0.01597
0.03301
0.05014
0.05965
0.06595
0.08128
0.11373
0.15576
0.18631
0.18692
0.15427
0.10096
0.04879
0.01219
-0.00455
-0.00282
0.00477
0.00854
0.01019
0.01145
0.01368
0.02145
0.03991
0.06981
0.10199
0.12125
0.11967
0.10005
0.06784
0.03564
0.0166
0.01221
0.01464
0.01614
0.01448
0.01222
0.01062
0.00777
0.00303
-0.00257
-0.00804
-0.014
-0.02023
-0.02404
-0.02233
-0.01477
-0.00468
0.00349
0.00979
0.02008
0.0353
0.04713
0.04838
0.04016
0.02753
0.01225
-0.00514
-0.02291
-0.03737
-0.04594
-0.05184
-0.05804
-0.06267
-0.06419
-0.06091
-0.05293
-0.04463
-0.0395
-0.03797
-0.03945
-0.04534
-0.05769
-0.07521
-0.09146
-0.10268
-0.11258
-0.12489
-0.1346
-0.13955
-0.14497
-0.15034
-0.151
-0.14625
-0.13944
-0.13414
-0.13106
-0.12673
-0.11969
-0.11193
-0.10481
-0.09713
-0.08814
-0.07862
-0.06913
-0.05946
-0.05049
-0.04365
-0.03874
-0.03448
-0.0289
-0.02205
-0.01813
-0.02045
-0.02845
-0.04042
-0.05267
-0.06376
-0.07528
-0.08457
-0.08991
-0.09084
-0.08471
-0.07351
-0.06253
-0.05429
-0.04645
-0.03418
-0.01978
-0.00977
-0.00594
-0.00458
-0.00062
0.00751
0.01794
0.02855
0.03764
0.04532
0.05278
0.06144
0.07145
0.08172
0.08891
0.08761
0.07614
0.05886
0.04283
0.02835
0.01256
0.00238
0.00214
0.00394
0.00371
0.0082
0.02342
0.04357
0.05958
0.06955
0.06851
0.05092
0.02233
-0.0045
-0.02492
-0.0442
-0.06215
-0.06917
-0.06027
-0.04832
-0.04688
-0.05399
-0.06208
-0.0671
-0.06828
-0.06612
-0.06243
-0.05557
-0.03958
-0.01469
0.00975
0.02464
0.02637
0.01794
0.00803
0.00211
-0.00067
-0.00211
-0.00361
-0.0059
-0.00737
-0.00569
0.00018
0.00811
0.01361
0.01441
0.01198
0.00821
0.00392
-0.00012
-0.00275
-0.00417
-0.00687
-0.0136
-0.02474
-0.03758
-0.04573
-0.04486
-0.03688
-0.02554
-0.01299
0.00055
0.01593
0.03427
0.05853
0.09304
0.13525
0.1687
0.17199
0.1406
0.09802
0.07001
0.05754
0.05687
0.06523
0.07307
0.07428
0.06963
0.06367
0.06105
0.0644
0.06989
0.06977
0.05673
0.02836
-0.00963
-0.04232
-0.05592
-0.0463
-0.02274
-0.00207
0.01178
0.02752
0.04653
0.06174
0.07142
0.07662
0.0745
0.06298
0.04641
0.03283
0.02454
0.01887
0.01608
0.01753
0.02207
0.02658
0.0282
0.02611
0.02077
0.01342
0.00579
0.00038
-0.0011
0.00057
0.00233
0.00063
-0.00777
-0.02456
-0.04726
-0.06823
-0.08132
-0.0821
-0.06538
-0.04019
-0.02601
-0.0242
-0.02166
-0.01511
-0.00986
-0.00697
-0.0058
-0.00721
-0.0107
-0.01466
-0.01856
-0.02285
-0.02826
-0.03465
-0.04057
-0.04492
-0.05026
-0.06181
-0.0813
-0.101
-0.10998
-0.10374
-0.08504
-0.06294
-0.04713
-0.03781
-0.02655
-0.00882
0.01144
0.02957
0.04436
0.05578
0.06231
0.06269
0.05926
0.05541
0.05064
0.04222
0.02957
0.01328
-0.00404
-0.01514
-0.01765
-0.01648
-0.01518
-0.01423
-0.01294
-0.01254
-0.01241
-0.00787
0.00561
0.0281
0.05361
0.07316
0.07694
0.06635
0.0575
0.05811
0.06186
0.06057
0.05441
0.04522
0.03216
0.01662
0.00206
-0.00973
-0.01941
-0.02809
-0.02974
-0.02041
-0.00599
0.00958
0.02615
0.04641
0.07191
0.09638
0.10757
0.10313
0.08967
0.06806
0.04279
0.01982
-0.00409
-0.02835
-0.04329
-0.0425
-0.03285
-0.03084
-0.04101
-0.05399
-0.06391
-0.06968
-0.06799
-0.05872
-0.04763
-0.03931
-0.03393
-0.02878
-0.02072
-0.00831
0.00607
0.01704
0.02085
0.01584
0.00163
-0.01492
-0.0248
-0.02821
-0.0291
-0.02689
-0.02251
-0.02225
-0.02852
-0.03945
-0.05271
-0.06677
-0.07823
-0.08437
-0.08436
-0.08019
-0.07653
-0.07545
-0.07605
-0.07716
-0.07842
-0.07941
-0.07943
-0.07811
-0.07478
-0.06878
-0.06033
-0.0496
-0.03674
-0.02368
-0.01269
-0.00427
0.00217
0.00644
0.00797
0.0065
0.00419
0.0053
0.0118
0.02281
0.03629
0.04915
0.05728
0.05738
0.04975
0.03752
0.02522
0.01647
0.01108
0.00773
0.00785
0.01277
0.01961
0.02301
0.01923
0.00842
-0.00552
-0.01733
-0.02261
-0.01896
-0.00807
0.00521
0.01784
0.02858
0.03728
0.04302
0.04382
0.04164
0.04137
0.04551
0.05331
0.06323
0.07266
0.07655
0.07145
0.0604
0.04884
0.0364
0.02068
0.00673
0.00334
0.01194
0.02496
0.03594
0.04293
0.0464
0.04819
0.04775
0.04079
0.03058
0.02801
0.03508
0.0451
0.05103
0.04961
0.03977
0.0229
0.00388
-0.009
-0.01441
-0.01692
-0.01515
-0.00719
0.00238
0.00747
0.00756
0.00569
0.00413
0.00212
-0.00233
-0.00978
-0.01702
-0.02094
-0.02175
-0.02195
-0.02508
-0.03156
-0.03855
-0.04323
-0.04373
-0.03998
-0.03537
-0.03345
-0.0346
-0.03754
-0.04093
-0.04303
-0.04242
-0.03861
-0.03302
-0.02826
-0.02609
-0.02672
-0.02909
-0.03159
-0.03322
-0.0313
-0.02199
-0.00553
0.01285
0.02614
0.02705
0.01608
0.00196
-0.00884
-0.01793
-0.03267
-0.05475
-0.07504
-0.083
-0.08066
-0.07691
-0.0749
-0.07382
-0.07258
-0.07059
-0.0656
-0.05495
-0.03785
-0.01847
-0.00568
-0.00798
-0.02119
-0.03233
-0.03623
-0.03477
-0.03129
-0.02824
-0.02631
-0.02447
-0.02157
-0.01743
-0.01169
-0.00287
0.00804
0.01944
0.03299
0.05065
0.07082
0.08941
0.10353
0.1113
0.10919
0.09512
0.07386
0.05461
0.04285
0.04153
0.05085
0.06317
0.07155
0.07492
0.07521
0.074
0.07297
0.07199
0.06909
0.06169
0.05008
0.03574
0.0195
0.00186
-0.01213
-0.01503
-0.00687
0.00709
0.02604
0.05033
0.08033
0.11688
0.15086
0.15378
0.11861
0.0761
0.0454
0.02114
-0.00389
-0.01881
-0.01901
-0.01584
-0.01305
-0.00807
-0.00232
-0.00051
-0.00446
-0.01012
-0.01234
-0.00883
-0.00025
0.01089
0.02183
0.02989
0.03442
0.0372
0.03753
0.03259
0.02378
0.01691
0.01354
0.01028
0.00462
-0.00301
-0.0124
-0.0225
-0.02911
-0.03087
-0.03129
-0.03141
-0.02981
-0.02587
-0.02034
-0.01418
-0.00603
0.00478
0.01386
0.01702
0.01509
0.00939
-0.00049
-0.01391
-0.02718
-0.03415
-0.03373
-0.02937
-0.02368
-0.01795
-0.01197
-0.0042
0.00739
0.02072
0.02949
0.03095
0.02735
0.02182
0.01525
0.0076
-0.00021
-0.00688
-0.01112
-0.01255
-0.01419
-0.02052
-0.03192
-0.04177
-0.04435
-0.04182
-0.03734
-0.03096
-0.02301
-0.01549
-0.00838
-0.00105
0.00461
0.00519
-0.00219
-0.01734
-0.0353
-0.04932
-0.05565
-0.05524
-0.05193
-0.04932
-0.0489
-0.05007
-0.04939
-0.04163
-0.02087
0.01644
0.06434
0.10691
0.13382
0.14728
0.15036
0.14191
0.12505
0.10478
0.07898
0.05058
0.03004
0.01787
0.0042
-0.01755
-0.04426
-0.06632
-0.0719
-0.05253
-0.01164
0.02504
0.03101
0.00945
-0.0193
-0.04178
-0.05354
-0.05408
-0.04791
-0.03977
-0.03167
-0.02528
-0.02342
-0.02602
-0.02902
-0.02909
-0.02661
-0.0209
-0.00869
0.01058
0.03268
0.05161
0.06474
0.06898
0.05712
0.02527
-0.01834
-0.06019
-0.09148
-0.10362
-0.09351
-0.06804
-0.03825
-0.00925
0.01918
0.04491
0.0527
0.02772
-0.02292
-0.06817
-0.08465
-0.07767
-0.0625
-0.05073
-0.04694
-0.04735
-0.0449
-0.03855
-0.03346
-0.0334
-0.03918
-0.0493
-0.05764
-0.05781
-0.05004
-0.03812
-0.0252
-0.01061
0.0078
0.02976
0.0525
0.07303
0.08608
0.09464
0.10387
0.10103
0.07174
0.02397
-0.02225
-0.05958
-0.08828
-0.10761
-0.11626
-0.11276
-0.09906
-0.08928
-0.09541
-0.10817
-0.11125
-0.09909
-0.07625
-0.04948
-0.03001
-0.02399
-0.02418
-0.02445
-0.02575
-0.0305
-0.03601
-0.03636
-0.03075
-0.0235
-0.01824
-0.0156
-0.01543
-0.01907
-0.02893
-0.04578
-0.06567
-0.07885
-0.07943
-0.0727
-0.06498
-0.05899
-0.0557
-0.05429
-0.05284
-0.05078
-0.04844
-0.04453
-0.03585
-0.02005
0.00192
0.02589
0.04614
0.05425
0.04906
0.04143
0.03662
0.03304
0.03125
0.03336
0.0391
0.04665
0.05391
0.05916
0.06324
0.07
0.08181
0.09706
0.11069
0.11845
0.11727
0.10707
0.09173
0.07551
0.0586
0.04028
0.02537
0.02049
0.02695
0.03885
0.05005
0.05581
0.05141
0.0359
0.01188
-0.01411
-0.03623
-0.04719
-0.04315
-0.03259
-0.02238
-0.01246
-0.00095
0.01233
0.026
0.03681
0.04172
0.0384
0.02838
0.01741
0.01093
0.01053
0.01389
0.0199
0.03017
0.04562
0.06392
0.08055
0.08792
0.0785
0.05097
0.01592
-0.00915
-0.01961
-0.02511
-0.03124
-0.03108
-0.01289
0.02768
0.07676
0.11187
0.12712
0.13304
0.13729
0.13867
0.13611
0.13166
0.12507
0.11608
0.1052
0.09055
0.07537
0.0678
0.07468
0.09088
0.10247
0.10377
0.09683
0.08536
0.07198
0.05984
0.04918
0.038
0.0305
0.03241
0.04011
0.04731
0.05362
0.06131
0.07189
0.08639
0.10419
0.12403
0.14433
0.15795
0.15776
0.14547
0.12489
0.09771
0.07122
0.0523
0.03744
0.02213
0.00698
-0.00604
-0.01607
-0.02342
-0.0292
-0.03622
-0.04573
-0.05248
-0.04997
-0.0378
-0.02534
-0.02228
-0.02836
-0.03808
-0.04623
-0.04862
-0.04367
-0.03286
-0.01781
0.00118
0.02079
0.03196
0.02793
0.01355
-0.00178
-0.01255
-0.01749
-0.02139
-0.02917
-0.04018
-0.05263
-0.06528
-0.07677
-0.08783
-0.09721
-0.1018
-0.10352
-0.10657
-0.11306
-0.12194
-0.12967
-0.13223
-0.12713
-0.1151
-0.10161
-0.09192
-0.08578
-0.08091
-0.077
-0.07593
-0.07939
-0.08579
-0.08941
-0.08562
-0.07564
-0.06327
-0.05137
-0.04002
-0.02855
-0.01801
-0.00854
0.00115
0.00949
0.01567
0.0215
0.02481
0.02015
0.0064
-0.01253
-0.03183
-0.04668
-0.04566
-0.02605
-0.00208
0.01707
0.03333
0.04605
0.05098
0.04767
0.03521
0.01126
-0.01785
-0.03713
-0.03975
-0.03007
-0.01365
0.00379
0.01589
0.01968
0.01434
0.00841
0.00199
-0.00465
-0.01167
-0.01643
-0.01677
-0.01465
-0.01322
-0.01478
-0.02088
-0.0314
-0.04311
-0.05192
-0.05488
-0.05185
-0.04657
-0.04202
-0.0391
-0.03768
-0.03633
-0.03325
-0.02843
-0.023
-0.01649
-0.00821
0.001
0.01036
0.01961
0.028
0.03287
0.03333
0.03208
0.03191
0.03371
0.03673
0.04062
0.04436
0.04407
0.03413
0.0119
-0.01692
-0.04136
-0.05738
-0.07006
-0.08245
-0.08998
-0.08436
-0.06143
-0.02916
-0.00402
0.00747
0.01253
0.01738
0.01963
0.01283
-0.00635
-0.03214
-0.05538
-0.07374
-0.08442
-0.08257
-0.072
-0.0626
-0.05882
-0.0572
-0.05231
-0.04079
-0.02025
0.00678
0.02756
0.02463
0.00118
-0.02276
-0.03731
-0.0425
-0.04154
-0.03873
-0.03669
-0.03553
-0.03568
-0.03908
-0.04624
-0.05502
-0.06263
-0.06612
-0.06523
-0.06276
-0.05931
-0.05292
-0.04359
-0.03577
-0.03021
-0.02114
-0.00739
0.00652
0.01734
0.02235
0.02028
0.01688
0.01799
0.02221
0.02617
0.02732
0.02348
0.01394
0.00088
-0.01272
-0.02267
-0.02708
-0.02643
-0.02077
-0.01455
-0.01193
-0.01216
-0.01254
-0.01132
-0.00706
0.00076
0.00988
0.01738
0.02372
0.02959
0.03349
0.03717
0.04308
0.052
0.06566
0.08151
0.09205
0.09351
0.08956
0.08408
0.07483
0.05793
0.03578
0.01636
0.00646
0.00725
0.01585
0.02694
0.03532
0.03852
0.03711
0.03424
0.03172
0.02753
0.01801
0.00242
-0.01481
-0.02582
-0.02476
-0.01498
-0.00579
-0.0012
0.00042
0.00118
0.0032
0.00719
0.01205
0.01719
0.02242
0.02731
0.03181
0.03589
0.03838
0.03825
0.03647
0.03544
0.03669
0.03995
0.04422
0.04877
0.05365
0.05897
0.06393
0.06703
0.06695
0.06444
0.05992
0.0507
0.03467
0.01545
-0.00055
-0.01172
-0.02167
-0.03316
-0.04411
-0.04851
-0.04015
-0.01772
0.00923
0.02554
0.02598
0.01701
0.00656
-0.00024
-0.00189
-0.00015
0.00233
0.0029
0.00022
-0.00571
-0.0142
-0.0237
-0.03161
-0.03717
-0.03829
-0.03499
-0.03317
-0.03574
-0.04058
-0.04499
-0.04811
-0.04969
-0.04916
-0.04593
-0.04043
-0.03419
-0.02826
-0.02247
-0.0175
-0.01478
-0.01443
-0.01598
-0.01848
-0.02061
-0.02221
-0.02384
-0.02558
-0.02657
-0.02615
-0.02469
-0.0227
-0.0206
-0.01896
-0.01774
-0.01617
-0.01365
-0.01017
-0.00616
-0.00247
-0.00036
-0.00097
-0.00381
-0.00726
-0.01051
-0.0133
-0.01444
-0.01271
-0.00953
-0.00732
-0.00646
-0.00603
-0.00541
-0.0045
-0.00325
-0.00172
0.00002
0.00196
0.00404
0.00607
0.00785
0.00897
0.00949
0.01019
0.01147
0.01307
0.01488
0.01692
0.0187
0.01956
0.01958
0.01856
0.01624
0.01331
0.01064
0.00821
0.00581
0.0037
0.00256
0.00258
0.00292
0.00318
0.00359
0.00404
0.00423
0.00392
0.00301
0.00168
0.00035
-0.00045
-0.00031
0.00067
0.0019
0.0029
0.00358
0.00399
0.00404
0.00377
0.00346
0.00327
0.00319
0.00314
0.00304
0.00281
0.00243
0.00202
0.00178
0.00186
0.00223
0.00273
0.00322
0.00364
0.00391
0.00385
0.00346
0.00282
0.00205
0.0013
0.00084
0.00079
0.00099
0.00114
0.0012
0.00129
0.00139
0.00146
0.00155
0.00173
0.00196
0.0022
0.0024
0.00256
0.00265
0.0027
0.00274
0.00279
0.00286
0.00293
0.00299
0.00304
0.00309
0.00313
0.00316
0.00318
0.00317
0.00314
0.00308
0.00303
0.00299
0.00298
0.00299
0.003
0.003
0.003
0.00298
0.00295
0.0029
0.00284
0.00278
0.00273
0.0027
0.00269
0.00269
0.0027
0.00269
0.00267
0.00265
0.00263
0.00261
0.00259
0.00255
0.00251
0.00247
0.00244
0.00241
0.00238
0.00235
0.00232
0.00229
0.00226
0.00223
0.0022
0.00217
0.00214
0.0021
0.00207
0.00204
0.00201
0.00198
0.00195
0.00192
0.00189
0.00186
0.00183
0.0018
0.00177
0.00173