0.005
-0.0006
-0.0006
-0.0006
-0.0006
-0.0006
-0.0006
-0.0006
-0.0006
-0.0006
-0.00059
-0.00059
-0.00059
-0.00059
-0.00059
-0.00059
-0.00059
-0.00059
-0.00059
-0.00059
-0.00059
-0.00058
-0.00058
-0.00058
-0.00058
-0.00058
-0.00058
-0.00058
-0.00057
-0.00057
-0.00057
-0.00057
-0.00058
-0.00058
-0.00057
-0.00057
-0.00056
-0.00056
-0.00055
-0.00054
-0.00053
-0.00052
-0.00051
-0.00052
-0.00052
-0.00053
-0.00052
-0.00051
-0.00051
-0.00052
-0.00053
-0.00054
-0.00056
-0.00057
-0.00057
-0.00055
-0.00053
-0.00052
-0.00054
-0.00054
-0.00051
-0.00043
-0.00034
-0.00032
-0.00033
-0.00033
-0.00028
-0.00025
-0.00034
-0.00052
-0.00066
-0.00072
-0.0007
-0.00059
-0.00046
-0.00034
-0.0003
-0.00032
-0.00034
-0.00035
-0.00036
-0.00039
-0.00042
-0.00041
-0.0004
-0.00049
-0.00065
-0.00077
-0.00068
-0.00041
-0.00023
-0.00022
-0.00038
-0.00056
-0.0007
-0.00072
-0.00061
-0.0004
-0.00024
-0.0002
-0.00014
-0.00003
0.00002
-0.00012
-0.0004
-0.00057
-0.00059
-0.00059
-0.0006
-0.00048
-0.00028
-0.00015
-0.00019
-0.00034
-0.00037
-0.00032
-0.00034
-0.00036
-0.00036
-0.00055
-0.00081
-0.0008
-0.0006
-0.00045
-0.00043
-0.00051
-0.0007
-0.00088
-0.00093
-0.00061
-0.00003
0.00052
0.00077
0.00066
0.00031
-0.00003
-0.00019
-0.0003
-0.00052
-0.00062
-0.00054
-0.00035
-0.0002
-0.0002
-0.00039
-0.00071
-0.00097
-0.0011
-0.00111
-0.00092
-0.00041
0.00019
0.00069
0.00117
0.00149
0.0013
0.00062
-0.00044
-0.00176
-0.00267
-0.00237
-0.00138
-0.0004
0.00054
0.00135
0.00169
0.00161
0.0013
0.00099
0.00066
0.00009
-0.00032
-0.00021
0.00013
0.00029
0.00021
0.00001
-0.00028
-0.00072
-0.00132
-0.002
-0.00269
-0.00325
-0.00306
-0.00197
-0.00026
0.00147
0.00292
0.00375
0.00374
0.00274
0.00116
-0.00072
-0.0023
-0.00298
-0.002
-0.00051
0.00019
-0.00037
-0.00142
-0.00172
-0.00089
0.00058
0.00153
0.00157
0.00093
0.0003
-0.00003
-0.00021
-0.00055
-0.0012
-0.00225
-0.00366
-0.00395
-0.0027
-0.00096
0.00031
0.00107
0.00156
0.00185
0.00194
0.00177
0.00125
0.00037
-0.00071
-0.00126
-0.00083
0.00049
0.00135
0.00098
-0.00006
-0.00108
-0.00229
-0.0038
-0.0054
-0.00629
-0.00566
-0.00304
0.00001
0.00233
0.00351
0.00378
0.00329
0.00254
0.00176
0.00049
-0.00102
-0.00153
-0.00078
0.00084
0.00205
0.00229
0.001
-0.00118
-0.0033
-0.00471
-0.00541
-0.0046
-0.00233
0.00047
0.00299
0.00504
0.00552
0.00428
0.00184
-0.00089
-0.00329
-0.00495
-0.00558
-0.00474
-0.00355
-0.00276
-0.00177
-0.00048
0.00051
0.00098
0.00115
0.00161
0.0023
0.00262
0.00163
-0.00085
-0.00349
-0.00489
-0.00458
-0.00325
-0.00152
-0.00037
0.00037
0.00154
0.00286
0.00362
0.00358
0.00308
0.00249
0.0017
-0.00014
-0.00265
-0.0046
-0.00466
-0.00338
-0.00272
-0.0031
-0.00378
-0.00403
-0.00367
-0.00189
0.00058
0.00242
0.00386
0.00549
0.00639
0.006
0.004
0.00073
-0.00316
-0.0065
-0.00831
-0.00818
-0.00665
-0.00402
-0.00057
0.003
0.00591
0.00693
0.0048
0.00144
-0.00095
-0.00157
-0.00142
-0.00129
-0.00197
-0.00323
-0.00413
-0.00424
-0.0038
-0.00398
-0.00482
-0.00493
-0.00315
0.00082
0.00457
0.00634
0.00422
0.00056
-0.00119
-0.00075
0.0005
0.00176
0.00297
0.0049
0.00712
0.00742
0.00514
0.0004
-0.00624
-0.01219
-0.0143
-0.01295
-0.00979
-0.00661
-0.0041
-0.00227
-0.00165
-0.00328
-0.00509
-0.00466
-0.00066
0.00478
0.00969
0.01258
0.01325
0.01112
0.00655
0.00106
-0.00462
-0.01023
-0.01451
-0.0161
-0.01493
-0.01223
-0.00887
-0.00479
-0.00032
0.00361
0.0057
0.00558
0.0041
0.00251
0.00219
0.00289
0.0038
0.00388
0.00298
0.00148
-0.0006
-0.00386
-0.00789
-0.01149
-0.01316
-0.01285
-0.01105
-0.00598
0.00219
0.00966
0.01245
0.01143
0.00777
0.00306
-0.0018
-0.00618
-0.00847
-0.00589
-0.00002
0.00522
0.00838
0.00807
0.00591
0.00375
0.00209
0.00036
-0.00244
-0.00556
-0.00738
-0.00678
-0.00478
-0.00407
-0.0057
-0.00895
-0.01029
-0.00856
-0.00444
-0.00074
0.00034
-0.00026
-0.00076
0.00081
0.00373
0.00638
0.00847
0.01038
0.00949
0.00497
-0.00123
-0.00631
-0.00936
-0.01043
-0.00955
-0.00624
-0.00236
0.00061
0.00137
0.00017
-0.00187
-0.00354
-0.00418
-0.00075
0.0068
0.01406
0.01464
0.00824
-0.00237
-0.01459
-0.02471
-0.02764
-0.02155
-0.0119
-0.00355
0.00273
0.00712
0.00872
0.00824
0.00562
0.00293
0.00169
0.00181
0.00204
0.00159
0.00028
-0.00108
-0.00008
0.00236
0.00355
0.00085
-0.00576
-0.01227
-0.01695
-0.01807
-0.00563
0.01907
0.03427
0.03151
0.01909
0.0069
-0.00176
-0.00927
-0.01806
-0.02819
-0.03745
-0.04075
-0.03246
-0.01175
0.00586
0.00893
0.0059
0.00496
0.00499
0.005
0.00868
0.01435
0.01923
0.02303
0.02329
0.0181
0.00647
-0.0125
-0.02976
-0.03715
-0.03281
-0.02365
-0.01631
-0.01094
-0.00578
0.00021
0.00678
0.01267
0.01525
0.01503
0.01356
0.01218
0.01121
0.01032
0.00784
0.00071
-0.00794
-0.00791
0.00179
0.01138
0.0131
0.00634
-0.00271
-0.00937
-0.00957
-0.00552
0.00002
0.00534
0.01004
0.01306
0.01129
0.004
-0.00646
-0.01702
-0.02276
-0.02477
-0.02393
-0.01707
-0.0043
0.00751
0.01389
0.01046
0.00146
-0.00575
-0.00832
-0.00696
-0.00269
0.00695
0.01768
0.01961
0.00973
-0.00434
-0.01304
-0.01214
-0.00931
-0.01139
-0.01879
-0.02821
-0.03741
-0.04162
-0.03491
-0.02272
-0.01436
-0.00861
0.00192
0.01111
0.00532
-0.02082
-0.04175
-0.03906
-0.01184
0.0273
0.0453
0.03774
0.0245
0.01851
0.01542
0.00526
-0.01039
-0.01819
-0.01447
-0.00591
-0.00128
-0.00585
-0.01725
-0.02911
-0.03913
-0.04562
-0.04798
-0.04657
-0.03584
-0.01881
-0.00774
-0.00701
-0.00911
-0.00452
0.00774
0.02196
0.03038
0.03117
0.02744
0.01898
-0.00313
-0.02968
-0.04162
-0.03511
-0.02468
-0.02064
-0.02104
-0.02114
-0.0195
-0.01621
-0.00757
0.00311
0.00635
-0.00116
-0.01127
-0.01624
-0.01796
-0.02138
-0.02447
-0.01801
-0.00652
0.00099
0.00423
0.00701
0.00982
0.01046
0.00673
0.00043
-0.00405
-0.00656
-0.00975
-0.01763
-0.03133
-0.05039
-0.06601
-0.06617
-0.05476
-0.04105
-0.02988
-0.01816
-0.00376
0.0115
0.02195
0.02238
0.01282
-0.00211
-0.01631
-0.02136
-0.0148
0.00182
0.01937
0.02468
0.01467
-0.00422
-0.02183
-0.03416
-0.04739
-0.06263
-0.07191
-0.07144
-0.0622
-0.05178
-0.05164
-0.06114
-0.06926
-0.06572
-0.0513
-0.03286
-0.01437
0.00502
0.019
0.02719
0.03546
0.0458
0.05077
0.03689
0.00376
-0.02612
-0.03648
-0.03462
-0.03663
-0.04645
-0.05746
-0.06378
-0.06226
-0.056
-0.05177
-0.05023
-0.04469
-0.03185
-0.01331
0.00461
0.01934
0.03296
0.04403
0.04802
0.03976
0.01021
-0.02451
-0.0443
-0.04165
-0.02882
-0.02206
-0.02385
-0.02798
-0.03536
-0.04875
-0.06172
-0.06187
-0.04547
-0.02107
0.00087
0.01411
0.02063
0.02309
0.0207
0.01168
-0.00326
-0.01566
-0.01717
-0.00956
-0.00141
0.00111
-0.00069
-0.00401
-0.00793
-0.01407
-0.02265
-0.03115
-0.03791
-0.0432
-0.04776
-0.0518
-0.05568
-0.05817
-0.05371
-0.04084
-0.02624
-0.01578
-0.01344
-0.01486
-0.01215
-0.00452
0.00526
0.01422
0.02173
0.02986
0.04028
0.04834
0.04829
0.03689
0.01497
-0.00929
-0.03199
-0.04801
-0.05609
-0.06077
-0.0656
-0.06933
-0.06843
-0.05873
-0.03786
-0.01373
0.00257
0.00721
0.00335
-0.00188
-0.00636
-0.01333
-0.02505
-0.03849
-0.0486
-0.05462
-0.05817
-0.0561
-0.04411
-0.02701
-0.0161
-0.01396
-0.01236
-0.00433
0.01342
0.03293
0.03972
0.02799
0.0031
-0.02476
-0.04377
-0.05202
-0.05632
-0.06089
-0.06204
-0.05754
-0.04496
-0.02431
0.00004
0.0245
0.04302
0.05566
0.06406
0.06794
0.06713
0.05979
0.04619
0.02951
0.0156
0.0071
0.00201
-0.00082
-0.00024
0.0045
0.00865
0.00678
-0.00126
-0.01606
-0.03644
-0.05722
-0.07343
-0.0828
-0.08369
-0.0783
-0.07202
-0.06337
-0.04895
-0.02842
-0.00246
0.02411
0.04715
0.0616
0.06487
0.05833
0.04313
0.02749
0.01499
-0.00201
-0.02301
-0.04645
-0.06786
-0.08214
-0.08829
-0.08697
-0.08256
-0.07599
-0.06502
-0.04719
-0.02953
-0.0213
-0.02303
-0.02804
-0.0311
-0.03244
-0.03296
-0.03235
-0.02949
-0.02639
-0.02492
-0.02678
-0.03147
-0.03689
-0.03943
-0.03853
-0.03482
-0.03017
-0.02457
-0.02039
-0.02364
-0.03276
-0.04347
-0.05279
-0.06026
-0.06723
-0.07282
-0.07239
-0.0639
-0.0526
-0.04539
-0.04566
-0.05308
-0.06324
-0.06833
-0.06423
-0.0564
-0.05485
-0.06571
-0.08758
-0.10498
-0.10716
-0.1017
-0.10146
-0.1073
-0.11142
-0.11121
-0.10964
-0.10844
-0.10763
-0.10883
-0.1126
-0.10972
-0.09385
-0.07513
-0.0678
-0.07449
-0.08716
-0.09384
-0.08939
-0.08326
-0.0851
-0.09398
-0.10218
-0.1013
-0.09673
-0.0994
-0.10869
-0.11204
-0.10312
-0.09187
-0.08676
-0.087
-0.08829
-0.08673
-0.08237
-0.07645
-0.07203
-0.07056
-0.0709
-0.07127
-0.0706
-0.07104
-0.07546
-0.08259
-0.08863
-0.08825
-0.08284
-0.07826
-0.07805
-0.08196
-0.08323
-0.07444
-0.05245
-0.02304
0.00766
0.04386
0.08947
0.13469
0.1698
0.19517
0.21611
0.24031
0.27054
0.29918
0.31587
0.32536
0.33705
0.35328
0.36956
0.37738
0.38016
0.38678
0.39851
0.4119
0.42264
0.42923
0.43422
0.43911
0.44332
0.44516
0.44589
0.44679
0.44723
0.44579
0.44183
0.4389
0.43848
0.43947
0.44066
0.44247
0.44773
0.4562
0.46536
0.46909
0.4628
0.45054
0.44111
0.4368
0.43418
0.42743
0.41551
0.4024
0.39394
0.38976
0.38527
0.36962
0.34133
0.30342
0.2701
0.25237
0.24908
0.24662
0.23486
0.2136
0.18988
0.16809
0.14652
0.128
0.11532
0.10731
0.10013
0.09107
0.07829
0.06592
0.05742
0.05214
0.04744
0.04171
0.03442
0.0254
0.01558
0.00638
-0.00105
-0.00478
-0.00589
-0.00641
-0.00727
-0.0081
-0.00838
-0.00977
-0.01353
-0.01768
-0.02157
-0.02641
-0.03179
-0.03513
-0.03438
-0.03256
-0.03281
-0.0377
-0.04437
-0.04865
-0.04888
-0.04678
-0.04296
-0.03943
-0.03779
-0.03928
-0.04365
-0.05005
-0.05674
-0.06228
-0.06381
-0.05796
-0.0478
-0.03842
-0.03436
-0.03491
-0.03609
-0.03578
-0.03362
-0.03138
-0.03022
-0.02768
-0.02033
-0.01014
-0.00003
0.00552
0.0032
-0.0013
0.00153
0.01281
0.02349
0.02867
0.02645
0.01363
-0.00167
-0.00453
0.01079
0.03646
0.05394
0.05549
0.04908
0.0428
0.04223
0.04959
0.05894
0.06314
0.0615
0.06126
0.06674
0.07635
0.08565
0.09149
0.09184
0.08535
0.07515
0.07007
0.07798
0.09718
0.11406
0.11588
0.10833
0.1054
0.11032
0.11678
0.11963
0.11854
0.11956
0.12632
0.13487
0.14083
0.14003
0.13589
0.13576
0.14262
0.15094
0.15586
0.15766
0.15745
0.15619
0.15671
0.1621
0.16949
0.17165
0.16762
0.16413
0.17154
0.18872
0.19922
0.19518
0.18713
0.18752
0.2001
0.2164
0.22358
0.21878
0.20978
0.20321
0.20096
0.20294
0.20527
0.20585
0.20453
0.20296
0.20239
0.2032
0.20504
0.2092
0.21371
0.21545
0.21567
0.21635
0.21666
0.21579
0.21357
0.20992
0.20449
0.19515
0.18167
0.16756
0.15406
0.14042
0.12651
0.11349
0.10117
0.08869
0.07492
0.05866
0.04027
0.02254
0.00413
-0.01652
-0.03689
-0.05754
-0.07597
-0.09245
-0.11035
-0.12612
-0.13643
-0.14553
-0.15832
-0.17568
-0.19516
-0.21175
-0.22251
-0.23269
-0.24907
-0.27158
-0.29364
-0.31073
-0.32321
-0.33449
-0.34853
-0.36509
-0.38132
-0.39446
-0.4034
-0.41127
-0.42027
-0.42704
-0.42909
-0.42797
-0.42744
-0.42796
-0.42714
-0.42473
-0.42207
-0.41871
-0.41379
-0.40834
-0.40113
-0.38931
-0.37194
-0.35353
-0.34032
-0.32649
-0.29773
-0.27424
-0.26625
-0.26198
-0.25242
-0.2403
-0.23174
-0.22646
-0.22118
-0.21421
-0.20611
-0.19776
-0.18941
-0.1858
-0.18984
-0.19454
-0.18944
-0.17182
-0.15292
-0.14291
-0.1419
-0.14411
-0.14589
-0.14409
-0.13168
-0.10947
-0.09043
-0.08785
-0.09466
-0.09593
-0.08644
-0.0766
-0.07303
-0.07252
-0.0705
-0.06633
-0.06182
-0.05816
-0.05509
-0.05192
-0.04817
-0.04349
-0.03813
-0.03131
-0.02863
-0.02988
-0.02888
-0.02305
-0.01547
-0.01179
-0.01308
-0.01553
-0.01366
-0.00835
-0.00318
-0.00078
-0.00041
-0.00083
-0.00044
0.00109
0.0014
-0.00138
-0.00792
-0.01515
-0.01994
-0.02135
-0.02213
-0.02563
-0.03427
-0.04471
-0.04954
-0.04903
-0.04843
-0.04975
-0.0515
-0.05135
-0.04928
-0.04542
-0.04096
-0.03707
-0.03323
-0.02876
-0.02529
-0.02359
-0.02322
-0.02214
-0.01866
-0.01376
-0.00879
-0.00571
-0.00619
-0.00806
-0.00885
-0.0079
-0.00646
-0.00607
-0.00772
-0.01109
-0.01441
-0.01646
-0.0174
-0.01949
-0.02324
-0.02681
-0.02876
-0.03208
-0.03907
-0.04789
-0.05078
-0.04832
-0.04643
-0.04691
-0.0477
-0.04631
-0.04526
-0.04884
-0.05352
-0.05699
-0.05953
-0.06214
-0.06513
-0.06808
-0.07043
-0.07176
-0.07222
-0.0721
-0.07094
-0.0685
-0.06647
-0.06602
-0.06733
-0.06894
-0.0698
-0.07025
-0.07098
-0.07215
-0.07371
-0.07535
-0.07683
-0.0782
-0.07962
-0.08112
-0.08265
-0.08415
-0.08563
-0.08713
-0.08878
-0.09101
-0.09414
-0.09655
-0.09765
-0.09864
-0.09977
-0.10051
-0.10105
-0.10172
-0.10259
-0.10391
-0.10578
-0.1074
-0.10814
-0.10797
-0.10794
-0.10852
-0.10925
-0.10951
-0.10908
-0.10808
-0.1069
-0.10594
-0.10485
-0.10314
-0.10163
-0.10056
-0.09822
-0.09509
-0.09311
-0.09274
-0.09309
-0.09234
-0.09056
-0.08908
-0.08873
-0.08947
-0.09156
-0.09394
-0.09522
-0.09488
-0.09378
-0.09331
-0.09392
-0.09528
-0.09582
-0.09507
-0.09349
-0.09179
-0.09021
-0.0889
-0.08786
-0.08679
-0.08531
-0.08304
-0.08095
-0.08007
-0.08122
-0.08374
-0.08592
-0.08701
-0.08741
-0.08793
-0.08876
-0.08952
-0.08988
-0.08984
-0.08969
-0.08956
-0.08941
-0.08981
-0.09099
-0.09309
-0.09527
-0.09658
-0.09759
-0.09908
-0.10111
-0.10276
-0.10346
-0.10354
-0.10339
-0.10267
-0.10149
-0.1004
-0.10047
-0.10091
-0.09982
-0.09797
-0.09691
-0.09663
-0.09613
-0.09457
-0.09226
-0.08992
-0.08811
-0.08673
-0.08538
-0.08375
-0.08195
-0.08148
-0.0824
-0.08261
-0.08178
-0.08119
-0.0814
-0.0821
-0.08347
-0.08506
-0.0862
-0.08728
-0.08914
-0.09243
-0.09656
-0.10054
-0.10303
-0.10331
-0.10119
-0.09838
-0.09612
-0.09464
-0.09322
-0.09126
-0.08793
-0.08307
-0.07803
-0.07347
-0.06894
-0.06315
-0.05521
-0.04702
-0.04004
-0.03349
-0.02631
-0.01905
-0.01408
-0.01192
-0.01123
-0.01027
-0.00883
-0.00887
-0.01057
-0.01267
-0.01528
-0.01913
-0.02659
-0.03916
-0.05488
-0.06752
-0.07319
-0.07316
-0.07023
-0.06661
-0.06186
-0.05559
-0.04865
-0.04405
-0.0423
-0.04256
-0.04391
-0.04544
-0.0465
-0.04684
-0.04564
-0.0424
-0.03693
-0.02924
-0.01903
-0.00482
0.01313
0.03128
0.04824
0.06471
0.07593
0.08026
0.08014
0.07814
0.07417
0.06865
0.06309
0.05928
0.05721
0.0562
0.05603
0.05656
0.05769
0.05937
0.06164
0.06474
0.0688
0.07358
0.07905
0.08605
0.0937
0.10063
0.10572
0.10902
0.11197
0.1147
0.11492
0.11276
0.10998
0.10705
0.10363
0.09984
0.09697
0.09601
0.09745
0.10073
0.10646
0.1151
0.12608
0.13731
0.14786
0.15713
0.16532
0.1713
0.17498
0.1772
0.17956
0.18355
0.1886
0.19353
0.19753
0.20085
0.20363
0.20617
0.20858
0.20978
0.20925
0.20882
0.20924
0.20937
0.20896
0.20839
0.20649
0.20424
0.20367
0.20418
0.20448
0.20456
0.20457
0.2043
0.2042
0.20413
0.2017
0.19393
0.17668
0.15329
0.13036
0.11339
0.10141
0.09246
0.08395
0.07751
0.07417
0.07261
0.07103
0.06905
0.06618
0.06299
0.0603
0.05784
0.05495
0.05136
0.04712
0.04252
0.03813
0.03421
0.03049
0.02588
0.02071
0.01658
0.01383
0.01188
0.01053
0.00984
0.01025
0.0122
0.01621
0.02334
0.03333
0.04595
0.05802
0.0678
0.07473
0.07657
0.07492
0.06961
0.0607
0.04952
0.03796
0.02804
0.02003
0.01327
0.00792
0.00439
0.002
0.00002
-0.00159
-0.00239
-0.0022
-0.00108
0.00017
0.00094
0.00172
0.00284
0.00363
0.00349
0.00235
0.00074
-0.001
-0.00307
-0.00607
-0.0101
-0.01436
-0.01808
-0.0211
-0.02345
-0.02536
-0.02702
-0.02769
-0.02672
-0.02385
-0.01975
-0.01578
-0.01225
-0.00865
-0.00484
-0.00115
0.00192
0.00434
0.00627
0.00756
0.00791
0.00796
0.00829
0.00902
0.01015
0.01178
0.01318
0.014
0.01509
0.01675
0.01823
0.01966
0.02156
0.02345
0.02496
0.0266
0.0287
0.03058
0.03206
0.03356
0.03517
0.03676
0.03881
0.04156
0.04531
0.04943
0.05313
0.05654
0.06002
0.06279
0.06459
0.0658
0.06662
0.0668
0.06589
0.06365
0.06025
0.05687
0.05457
0.0526
0.0501
0.04722
0.04558
0.0462
0.04874
0.05163
0.05388
0.05613
0.05937
0.0633
0.06712
0.07002
0.07195
0.07272
0.07262
0.07177
0.07069
0.06927
0.06656
0.06278
0.0588
0.05517
0.05218
0.04996
0.04819
0.04634
0.04405
0.04194
0.04068
0.04084
0.04185
0.04233
0.04219
0.04216
0.04284
0.04415
0.04625
0.04867
0.05078
0.05317
0.05625
0.05844
0.05973
0.06166
0.06437
0.06704
0.06932
0.07133
0.07273
0.07387
0.0754
0.0753
0.0715
0.0622
0.04763
0.03037
0.01541
0.00566
-0.00138
-0.00779
-0.0127
-0.0158
-0.01675
-0.01632
-0.01559
-0.01537
-0.01555
-0.01578
-0.01619
-0.01711
-0.01846
-0.01995
-0.02146
-0.02242
-0.02239
-0.02092
-0.01854
-0.01591
-0.01266
-0.00822
-0.00251
0.00387
0.01007
0.01554
0.01817
0.01698
0.01414
0.01149
0.00914
0.0067
0.00399
0.0006
-0.00281
-0.00442
-0.00433
-0.00378
-0.00382
-0.00424
-0.0044
-0.00454
-0.00519
-0.00653
-0.00831
-0.0101
-0.01159
-0.01265
-0.01296
-0.01295
-0.01333
-0.01447
-0.01628
-0.01841
-0.02053
-0.02254
-0.02482
-0.02746
-0.02935
-0.03065
-0.03241
-0.03505
-0.03813
-0.04144
-0.04552
-0.05019
-0.05542
-0.06166
-0.06862
-0.07539
-0.08091
-0.08609
-0.09208
-0.09775
-0.1013
-0.1014
-0.09767
-0.08857
-0.07111
-0.04622
-0.01971
0.00294
0.01439
0.01569
0.01174
0.00431
-0.00559
-0.01691
-0.02732
-0.03523
-0.04006
-0.04277
-0.04383
-0.04357
-0.04259
-0.04114
-0.03977
-0.03888
-0.03812
-0.03739
-0.03719
-0.03814
-0.04041
-0.04436
-0.05042
-0.05923
-0.07017
-0.08207
-0.09432
-0.10446
-0.11188
-0.11763
-0.12244
-0.12502
-0.12434
-0.1208
-0.11531
-0.10807
-0.09867
-0.08802
-0.07728
-0.06779
-0.05978
-0.05188
-0.04392
-0.03848
-0.03544
-0.03307
-0.03052
-0.02826
-0.02642
-0.02481
-0.02354
-0.02188
-0.0189
-0.01581
-0.0138
-0.01266
-0.01147
-0.00983
-0.00856
-0.00831
-0.00849
-0.00889
-0.0104
-0.01321
-0.01672
-0.0199
-0.02272
-0.02585
-0.02891
-0.03101
-0.03083
-0.02888
-0.02561
-0.02024
-0.01222
-0.00247
0.0074
0.01648
0.02431
0.03033
0.03512
0.03922
0.04317
0.04688
0.04986
0.05156
0.05132
0.04857
0.0433
0.03539
0.02496
0.0127
0.00124
-0.00763
-0.0129
-0.01614
-0.01816
-0.01798
-0.01545
-0.01194
-0.00786
-0.00249
0.00289
0.00728
0.01088
0.01436
0.01775
0.0206
0.02278
0.02417
0.02288
0.01988
0.01706
0.0145
0.01173
0.00934
0.00851
0.00964
0.01206
0.01528
0.01931
0.02402
0.02929
0.03414
0.03828
0.04204
0.04554
0.04848
0.05086
0.05314
0.05496
0.05542
0.05454
0.05311
0.05193
0.05061
0.04834
0.04508
0.04135
0.03749
0.0336
0.02943
0.02354
0.01572
0.00731
-0.00181
-0.01204
-0.02299
-0.03318
-0.04073
-0.04505
-0.04681
-0.04764
-0.04805
-0.04785
-0.04655
-0.04406
-0.04116
-0.03814
-0.03502
-0.03161
-0.02738
-0.02265
-0.01751
-0.01183
-0.00462
0.00398
0.01253
0.02038
0.02658
0.03071
0.03354
0.03549
0.03616
0.03529
0.03248
0.02798
0.02229
0.01567
0.00937
0.00438
0.00104
-0.00127
-0.00252
-0.00252
-0.0015
-0.00062
-0.00022
0.00016
0.00078
0.00142
0.00158
0.00133
0.00128
0.00104
-0.00018
-0.00157
-0.00233
-0.00257
-0.00296
-0.00387
-0.00508
-0.00643
-0.00817
-0.01027
-0.01263
-0.01538
-0.01863
-0.02234
-0.02606
-0.02952
-0.03294
-0.0363
-0.03899
-0.04022
-0.0399
-0.03857
-0.03649
-0.03338
-0.02872
-0.02167
-0.01151
0.00055
0.01206
0.02261
0.03187
0.03879
0.04342
0.04614
0.04787
0.04899
0.04895
0.0475
0.04469
0.04015
0.03362
0.02484
0.01519
0.00607
-0.00133
-0.0065
-0.00921
-0.0107
-0.0116
-0.01204
-0.01257
-0.01431
-0.01735
-0.02101
-0.02433
-0.02706
-0.02919
-0.02997
-0.02865
-0.02472
-0.01957
-0.01347
-0.00694
-0.00224
0.00006
0.00031
-0.00132
-0.00514
-0.01044
-0.01581
-0.02032
-0.02355
-0.02534
-0.0253
-0.02375
-0.02097
-0.01782
-0.01485
-0.01211
-0.00927
-0.00628
-0.00398
-0.00236
0.00037
0.00468
0.00976
0.01495
0.02001
0.02321
0.02489
0.02639
0.02744
0.02721
0.02596
0.02496
0.02606
0.02823
0.02979
0.0309
0.03233
0.03401
0.03545
0.03641
0.03688
0.03695
0.03677
0.0369
0.03785
0.03892
0.03957
0.04022
0.04112
0.04197
0.04219
0.04154
0.0395
0.03601
0.03132
0.02612
0.02106
0.01745
0.015
0.01264
0.01026
0.00856
0.00966
0.01284
0.01599
0.01868
0.02165
0.025
0.02765
0.02774
0.02627
0.02358
0.02038
0.01753
0.01516
0.01285
0.01048
0.00893
0.00922
0.01025
0.01094
0.01167
0.01234
0.01217
0.01102
0.0093
0.00687
0.00393
0.00095
-0.00168
-0.0039
-0.00571
-0.0076
-0.00994
-0.01252
-0.01489
-0.01681
-0.01886
-0.02145
-0.02379
-0.02573
-0.02788
-0.02974
-0.03064
-0.03109
-0.03163
-0.03223
-0.03191
-0.03011
-0.0272
-0.02338
-0.01823
-0.01294
-0.00872
-0.00578
-0.00355
-0.00223
-0.00189
-0.00221
-0.00177
0.00003
0.00386
0.00948
0.01644
0.02344
0.02976
0.03476
0.03834
0.03966
0.03867
0.03503
0.02811
0.01936
0.01175
0.00626
0.00277
0.00134
0.00136
0.00201
0.00291
0.00397
0.00444
0.00362
0.001
-0.00314
-0.00851
-0.01474
-0.02125
-0.02717
-0.0323
-0.03703
-0.04206
-0.04719
-0.05171
-0.05612
-0.06093
-0.06527
-0.06854
-0.07073
-0.07168
-0.07136
-0.06984
-0.06832
-0.06775
-0.06744
-0.06662
-0.06543
-0.06427
-0.06328
-0.06226
-0.06088
-0.05797
-0.05383
-0.04948
-0.04531
-0.04119
-0.03733
-0.03317
-0.02743
-0.02088
-0.01507
-0.01127
-0.00897
-0.00767
-0.0077
-0.01006
-0.01438
-0.01921
-0.02305
-0.02556
-0.02714
-0.0279
-0.02785
-0.02642
-0.024
-0.02127
-0.01818
-0.01449
-0.00996
-0.00584
-0.00316
-0.00121
0.00072
0.0025
0.00415
0.00585
0.00718
0.00809
0.00912
0.01038
0.01156
0.01299
0.01508
0.01806
0.02177
0.02616
0.03045
0.03424
0.03735
0.03942
0.03997
0.03952
0.03842
0.03625
0.03399
0.03307
0.03302
0.03295
0.03286
0.03286
0.03281
0.03207
0.0301
0.02622
0.02115
0.01597
0.0112
0.00685
0.00319
0.00061
-0.00061
0.00023
0.0026
0.00622
0.01032
0.01441
0.01913
0.02413
0.02751
0.02957
0.03152
0.03298
0.03347
0.03305
0.03198
0.03037
0.02853
0.02668
0.02477
0.0226
0.02004
0.01753
0.01576
0.01517
0.01571
0.01712
0.01924
0.02142
0.02307
0.02382
0.02399
0.02405
0.02447
0.02559
0.02709
0.02845
0.02898
0.02885
0.02846
0.02693
0.02355
0.01823
0.01139
0.00366
-0.00337
-0.00877
-0.01226
-0.01356
-0.01324
-0.01169
-0.0092
-0.00582
-0.00098
0.00577
0.01413
0.02229
0.02868
0.03285
0.03504
0.03539
0.03402
0.03127
0.02717
0.02199
0.01802
0.01624
0.01716
0.02059
0.02603
0.03228
0.03818
0.04294
0.04667
0.04926
0.05041
0.05029
0.04865
0.04534
0.04043
0.03503
0.02984
0.02463
0.02024
0.01764
0.01719
0.01821
0.02014
0.0221
0.02393
0.02619
0.02906
0.03229
0.0355
0.03846
0.04086
0.04272
0.04393
0.04384
0.04216
0.03904
0.03418
0.02663
0.01878
0.01304
0.00959
0.00733
0.00627
0.00729
0.01045
0.01499
0.02005
0.02542
0.02968
0.03239
0.03374
0.03461
0.03559
0.03604
0.03531
0.03381
0.03191
0.02937
0.02555
0.02037
0.01412
0.00799
0.00265
-0.00235
-0.00653
-0.00871
-0.00936
-0.00921
-0.00839
-0.00722
-0.00613
-0.00532
-0.00488
-0.00531
-0.00629
-0.00721
-0.00799
-0.00886
-0.00985
-0.01051
-0.01028
-0.0089
-0.00675
-0.00445
-0.00176
0.00194
0.00591
0.00937
0.01198
0.01364
0.01417
0.01414
0.01384
0.01299
0.01145
0.00931
0.00703
0.0048
0.00238
-0.00027
-0.00293
-0.00499
-0.00575
-0.00422
-0.00048
0.00473
0.01028
0.0154
0.01967
0.02331
0.02626
0.02806
0.02876
0.02854
0.02744
0.02529
0.02213
0.01827
0.01407
0.0104
0.00786
0.00672
0.00636
0.00647
0.0071
0.00818
0.00863
0.00865
0.00922
0.00965
0.00921
0.00932
0.0108
0.01335
0.01679
0.02116
0.02522
0.0283
0.03029
0.03133
0.03154
0.0309
0.02965
0.0278
0.02501
0.02103
0.01564
0.00944
0.00314
-0.0029
-0.00856
-0.01336
-0.01605
-0.01597
-0.01361
-0.01065
-0.00817
-0.00643
-0.00539
-0.0056
-0.00666
-0.00806
-0.00941
-0.0105
-0.01071
-0.00993
-0.00782
-0.0047
-0.00123
0.00145
0.00326
0.00441
0.00453
0.00347
0.00273
0.00281
0.00312
0.00318
0.00301
0.00255
0.00173
0.00055
-0.00057
-0.00142
-0.00232
-0.00362
-0.00533
-0.00691
-0.00817
-0.00941
-0.01081
-0.01213
-0.01272
-0.01241
-0.0115
-0.01051
-0.00967
-0.00921
-0.00901
-0.00866
-0.0082
-0.00803
-0.00873
-0.01017
-0.01166
-0.01271
-0.01338
-0.0141
-0.01499
-0.01582
-0.01635
-0.01658
-0.01679
-0.01732
-0.01854
-0.01999
-0.0211
-0.02182
-0.02231
-0.02256
-0.0224
-0.02155
-0.01935
-0.01596
-0.01187
-0.00767
-0.00357
-0.00032
0.00185
0.00259
0.00251
0.00231
0.00192
0.00102
-0.00071
-0.00285
-0.00474
-0.00556
-0.00516
-0.00372
-0.00159
0.00118
0.00445
0.00796
0.01155
0.01523
0.01887
0.02172
0.02401
0.02647
0.02868
0.0301
0.03146
0.03313
0.03471
0.03605
0.03743
0.03951
0.04241
0.04582
0.0492
0.05234
0.05531
0.058
0.0599
0.06044
0.0596
0.05813
0.05641
0.05438
0.05143
0.0474
0.04335
0.04034
0.03859
0.03669
0.03413
0.03199
0.03035
0.02851
0.02667
0.02521
0.02409
0.02293
0.0215
0.01966
0.01736
0.01424
0.01059
0.00696
0.004
0.00173
-0.00002
-0.00116
-0.00159
-0.00138
-0.00101
-0.00088
-0.00127
-0.00213
-0.00327
-0.00459
-0.00606
-0.00749
-0.00886
-0.01026
-0.01115
-0.01108
-0.01031
-0.00943
-0.00864
-0.00777
-0.00675
-0.00623
-0.00647
-0.00731
-0.00876
-0.01066
-0.01269
-0.01458
-0.01611
-0.01691
-0.01704
-0.01699
-0.0169
-0.01676
-0.01722
-0.01801
-0.01755
-0.0164
-0.01581
-0.01565
-0.01521
-0.01422
-0.01327
-0.01285
-0.01263
-0.01216
-0.01128
-0.0102
-0.00923
-0.00877
-0.00872
-0.00889
-0.00928
-0.01
-0.01127
-0.0129
-0.01462
-0.01654
-0.01849
-0.01983
-0.02078
-0.02189
-0.02324
-0.02434
-0.02477
-0.02498
-0.02538
-0.02596
-0.02651
-0.02701
-0.0276
-0.02837
-0.02912
-0.02972
-0.03061
-0.0319
-0.03339
-0.03457
-0.03521
-0.03567
-0.03615
-0.03644
-0.03598
-0.03485
-0.03387
-0.03336
-0.03318
-0.03313
-0.03319
-0.03342
-0.0338
-0.03431
-0.03507
-0.03578
-0.03564
-0.03508
-0.03479
-0.03444
-0.03411
-0.03473
-0.03568
-0.03597
-0.03577
-0.0358
-0.03636
-0.03683
-0.03682
-0.03641
-0.03576
-0.03491
-0.03438
-0.03432
-0.03428
-0.03442
-0.035
-0.03541
-0.0356
-0.03651
-0.03799
-0.03925
-0.03958
-0.03946
-0.03967
-0.04021
-0.04071
-0.04088
-0.04056
-0.03967
-0.03878
-0.03826
-0.03804
-0.03808
-0.03852
-0.03871
-0.03841
-0.03801
-0.0381
-0.0387
-0.03905
-0.03885
-0.03827
-0.03771
-0.03731
-0.03673
-0.03582
-0.03475
-0.03381
-0.0331
-0.03248
-0.03196
-0.03163
-0.03096
-0.02965
-0.02783
-0.02588
-0.02385
-0.0212
-0.01824
-0.01632
-0.0149
-0.01276
-0.01055
-0.00891
-0.0072
-0.00525
-0.00347
-0.00226
-0.00143
-0.00048
0.00067
0.00174
0.00251
0.00294
0.00289
0.00232
0.00126
-0.00068
-0.00342
-0.00627
-0.00909
-0.01209
-0.01491
-0.01718
-0.01871
-0.01912
-0.01877
-0.01879
-0.01915
-0.019
-0.01816
-0.01715
-0.01663
-0.01671
-0.01726
-0.01735
-0.01631
-0.01486
-0.01374
-0.01299
-0.01251
-0.01243
-0.01255
-0.0127
-0.01296
-0.01396
-0.0163
-0.01902
-0.02142
-0.02391
-0.02643
-0.02847
-0.02956
-0.02997
-0.0301
-0.03013
-0.02999
-0.02939
-0.0284
-0.02729
-0.02626
-0.02532
-0.02452
-0.02412
-0.0244
-0.02468
-0.02451
-0.02444
-0.02445
-0.02389
-0.02277
-0.02139
-0.02006
-0.01893
-0.01806
-0.01739
-0.01685
-0.01587
-0.01431
-0.01237
-0.01025
-0.00797
-0.00583
-0.00427
-0.00357
-0.00343
-0.00362
-0.0042
-0.00509
-0.00581
-0.00645
-0.00727
-0.00808
-0.00901
-0.01069
-0.01255
-0.01381
-0.01476
-0.01571
-0.01645
-0.01628
-0.0152
-0.01373
-0.01184
-0.00906
-0.0059
-0.00296
-0.00068
0.00083
0.00159
0.00276
0.00487
0.0068
0.0081
0.00932
0.01035
0.01084
0.0111
0.01098
0.0099
0.00817
0.00611
0.00333
0.00056
-0.00098
-0.00139
-0.00146
-0.0013
-0.00087
-0.00031
0.00008
0.00028
0.00042
0.00031
-0.00043
-0.00173
-0.003
-0.00353
-0.00365
-0.00383
-0.00414
-0.00436
-0.00357
-0.00176
0.00003
0.00166
0.00364
0.00601
0.00852
0.01102
0.01307
0.0145
0.016
0.01778
0.0192
0.02007
0.02067
0.02113
0.02137
0.02122
0.02117
0.02161
0.02237
0.02294
0.02275
0.02267
0.02347
0.02438
0.02457
0.02375
0.02306
0.0234
0.02429
0.02499
0.02539
0.02604
0.02724
0.02855
0.02976
0.0312
0.03279
0.03414
0.0347
0.0349
0.03564
0.03679
0.03759
0.03676
0.03512
0.03439
0.03404
0.03261
0.02922
0.02479
0.02046
0.01627
0.01208
0.00848
0.00529
0.00211
-0.00057
-0.00238
-0.00346
-0.00431
-0.00513
-0.00551
-0.00521
-0.00446
-0.00447
-0.00568
-0.00601
-0.0051
-0.00433
-0.00425
-0.0043
-0.00386
-0.0033
-0.00352
-0.00384
-0.00335
-0.00278
-0.0028
-0.00347
-0.00363
-0.00251
-0.00032
0.0021
0.00446
0.00621
0.00712
0.00781
0.00819
0.00707
0.00507
0.00336
0.00174
-0.00005
-0.00165
-0.00292
-0.00402
-0.00511
-0.00648
-0.00834
-0.01049
-0.01273
-0.01509
-0.01741
-0.01936
-0.0205
-0.02096
-0.02103
-0.02089
-0.02051
-0.01986
-0.019
-0.01795
-0.01662
-0.01503
-0.01421
-0.01442
-0.01514
-0.01596
-0.01689
-0.01746
-0.01765
-0.01831
-0.0187
-0.01728
-0.01481
-0.01253
-0.01057
-0.00881
-0.0075
-0.00678
-0.00653
-0.00716
-0.00814
-0.00859
-0.00885
-0.00938
-0.00982
-0.00982
-0.00942
-0.00955
-0.01013
-0.00897
-0.00654
-0.00489
-0.00361
-0.00162
0.00115
0.00367
0.00506
0.00595
0.00714
0.00894
0.01105
0.01313
0.01491
0.01648
0.01842
0.02087
0.02373
0.0262
0.0278
0.02878
0.02965
0.03078
0.03163
0.03172
0.0312
0.03065
0.03068
0.03078
0.03032
0.02982
0.02976
0.02991
0.02974
0.02913
0.02861
0.02832
0.02783
0.02683
0.02551
0.02461
0.02407
0.02295
0.02132
0.01972
0.0176
0.01472
0.0116
0.00826
0.00449
0.00105
-0.00164
-0.00374
-0.00573
-0.00757
-0.00851
-0.00833
-0.00731
-0.00631
-0.0056
-0.0045
-0.0028
-0.00083
0.00066
0.00134
0.00161
0.00175
0.0014
0.00072
0.00004
-0.00092
-0.00239
-0.00453
-0.00683
-0.00887
-0.01096
-0.01283
-0.01381
-0.01438
-0.0151
-0.0161
-0.01711
-0.01797
-0.0187
-0.01929
-0.01935
-0.01832
-0.01583
-0.01208
-0.00738
-0.00275
0.00128
0.00459
0.00732
0.00921
0.00955
0.00861
0.00748
0.00631
0.00451
0.00251
0.00083
-0.00057
-0.00206
-0.00381
-0.00537
-0.00614
-0.00595
-0.00522
-0.00406
-0.00253
-0.0006
0.0022
0.00567
0.00865
0.01062
0.01184
0.01299
0.01416
0.01448
0.01387
0.01347
0.01365
0.01392
0.01421
0.01458
0.01481
0.015
0.01543
0.01582
0.01585
0.01555
0.01503
0.01426
0.01308
0.01127
0.00845
0.00514
0.00211
-0.00037
-0.00273
-0.00594
-0.00943
-0.01194
-0.01322
-0.01389
-0.01381
-0.01279
-0.01079
-0.00822
-0.00553
-0.00308
-0.00115
0.00009
0.00059
0.0004
0.00022
-0.00002
-0.00129
-0.00295
-0.00386
-0.00345
-0.00248
-0.00143
-0.00042
0.0001
0.00044
0.00109
0.00183
0.00209
0.00142
0.0006
0.00046
0.00071
0.00083
0.00107
0.00192
0.00354
0.00539
0.00713
0.0091
0.01101
0.0121
0.01256
0.01277
0.01253
0.0118
0.01064
0.00942
0.0083
0.00665
0.00467
0.00329
0.00293
0.0031
0.00225
0.00041
-0.00141
-0.00292
-0.00448
-0.00618
-0.00793
-0.00961
-0.01144
-0.01349
-0.01526
-0.01636
-0.01672
-0.01605
-0.01417
-0.01186
-0.00945
-0.00632
-0.00322
-0.00111
-0.00003
0.00053
0.00091
0.00142
0.00211
0.00254
0.00258
0.0025
0.00243
0.00229
0.00238
0.00287
0.00361
0.00448
0.00555
0.00684
0.00835
0.00962
0.01043
0.01144
0.01244
0.0126
0.01238
0.01239
0.0123
0.01216
0.01246
0.01254
0.01179
0.01083
0.01019
0.00971
0.0091
0.00835
0.00776
0.00749
0.00755
0.00759
0.00738
0.00736
0.00771
0.0083
0.00835
0.00752
0.00681
0.00671
0.00686
0.00687
0.00664
0.00592
0.00517
0.00519
0.00535
0.00486
0.00445
0.00493
0.00679
0.00894
0.01039
0.01163
0.01293
0.01346
0.0129
0.01128
0.00902
0.00649
0.00347
0.00008
-0.0028
-0.00515
-0.00744
-0.00973
-0.01168
-0.0129
-0.01329
-0.01311
-0.01319
-0.01354
-0.01343
-0.01287
-0.01238
-0.01249
-0.01314
-0.014
-0.0148
-0.01555
-0.01637
-0.01725
-0.01804
-0.01843
-0.01839
-0.0183
-0.01832
-0.0183
-0.018
-0.01736
-0.01682
-0.01655
-0.01627
-0.01575
-0.01513
-0.01527
-0.01617
-0.01655
-0.01632
-0.01637
-0.01677
-0.01715
-0.01734
-0.01763
-0.01835
-0.01909
-0.01966
-0.02069
-0.02177
-0.02179
-0.02054
-0.01878
-0.01727
-0.01603
-0.01477
-0.01313
-0.01114
-0.0092
-0.00751
-0.006
-0.00486
-0.0042
-0.00358
-0.0028
-0.00211
-0.00144
-0.00049
0.00054
0.00153
0.00276
0.00349
0.00271
0.00162
0.00121
0.00075
-0.00007
-0.00078
-0.00118
-0.00151
-0.00217
-0.00287
-0.00313
-0.0036
-0.0048
-0.00693
-0.00933
-0.01126
-0.01254
-0.0135
-0.01414
-0.01432
-0.01391
-0.01316
-0.01237
-0.0118
-0.0115
-0.01149
-0.0118
-0.0123
-0.0125
-0.01237
-0.01218
-0.01196
-0.01156
-0.01098
-0.01025
-0.00925
-0.0079
-0.00633
-0.00509
-0.00421
-0.00346
-0.00287
-0.0026
-0.00273
-0.00329
-0.0044
-0.00604
-0.00803
-0.01012
-0.01218
-0.01413
-0.01545
-0.01588
-0.01606
-0.01615
-0.01547
-0.01453
-0.01409
-0.0139
-0.01342
-0.01245
-0.01137
-0.01066
-0.0109
-0.01252
-0.01471
-0.01694
-0.01949
-0.02205
-0.02392
-0.02532
-0.0267
-0.02811
-0.02901
-0.02885
-0.02808
-0.02718
-0.02627
-0.02513
-0.02342
-0.02177
-0.02074
-0.01969
-0.01836
-0.01745
-0.017
-0.01658
-0.01559
-0.0141
-0.01255
-0.0111
-0.00961
-0.00766
-0.0051
-0.00236
0.00027
0.00289
0.00515
0.00677
0.00834
0.00999
0.01098
0.01136
0.01154
0.01164
0.01163
0.01168
0.01164
0.01119
0.01083
0.01106
0.01188
0.01291
0.01391
0.01483
0.01564
0.01605
0.01614
0.01618
0.01631
0.01644
0.01628
0.01584
0.01546
0.01507
0.01434
0.01346
0.01261
0.01162
0.01011
0.00781
0.0053
0.00305
0.00103
-0.00106
-0.00327
-0.005
-0.00569
-0.00531
-0.00432
-0.00312
-0.00178
-0.00022
0.00167
0.00359
0.00526
0.00662
0.00776
0.00879
0.00954
0.00974
0.00946
0.00909
0.00911
0.00929
0.00926
0.00901
0.00883
0.00937
0.01047
0.01158
0.01232
0.01262
0.01228
0.01165
0.01124
0.0115
0.0123
0.01248
0.012
0.01178
0.01227
0.01327
0.01478
0.01641
0.01763
0.01855
0.01947
0.02014
0.02012
0.0191
0.01811
0.01791
0.01744
0.0162
0.01511
0.01455
0.01416
0.01362
0.01304
0.01275
0.01206
0.01015
0.00835
0.00765
0.00759
0.0073
0.00655
0.00523
0.00355
0.00199
0.00049
-0.0012
-0.00294
-0.00467
-0.00662
-0.00753
-0.00648
-0.00455
-0.00265
-0.00067
0.00167
0.00436
0.00697
0.00919
0.01036
0.01096
0.01181
0.01275
0.01337
0.01414
0.01519
0.01619
0.01686
0.01729
0.01777
0.01832
0.01802
0.01722
0.01669
0.01616
0.01553
0.01489
0.0141
0.01339
0.01314
0.01281
0.012
0.01087
0.01008
0.0101
0.01033
0.01034
0.01083
0.01164
0.01196
0.0116
0.01079
0.00956
0.00805
0.00645
0.00496
0.00354
0.00177
-0.00034
-0.00247
-0.00416
-0.00538
-0.00635
-0.00719
-0.00781
-0.00842
-0.00921
-0.01012
-0.01122
-0.01261
-0.01335
-0.01298
-0.01183
-0.01027
-0.00842
-0.0065
-0.00479
-0.00367
-0.00308
-0.00296
-0.00361
-0.00497
-0.00654
-0.00793
-0.00908
-0.01008
-0.01074
-0.01051
-0.00933
-0.00749
-0.00501
-0.00204
0.00089
0.00352
0.00575
0.00702
0.00757
0.00784
0.00795
0.00782
0.00763
0.00762
0.00796
0.00879
0.01006
0.0115
0.01296
0.01451
0.0161
0.01765
0.01915
0.02044
0.02115
0.02146
0.02162
0.02132
0.02063
0.02022
0.01982
0.01878
0.01786
0.0176
0.01748
0.01658
0.01442
0.01241
0.01146
0.01051
0.00883
0.007
0.00582
0.00532
0.00435
0.00285
0.00219
0.00256
0.00313
0.00306
0.00253
0.00217
0.00189
0.00136
0.00098
0.00101
0.00128
0.00128
0.00086
0.00065
0.00089
0.00138
0.0016
0.00147
0.00171
0.00233
0.00276
0.00354
0.00534
0.00757
0.00987
0.01245
0.01402
0.01419
0.01382
0.01348
0.013
0.01197
0.01025
0.00785
0.0056
0.00402
0.00251
0.00084
-0.00025
-0.00006
0.00104
0.00091
-0.00015
0.00009
0.00122
0.00165
0.00138
0.00113
0.00117
0.00104
0.00049
0.00023
0.00034
0.00023
-0.00014
-0.00047
-0.00042
0.00022
0.00151
0.00257
0.00301
0.00406
0.00572
0.00688
0.00757
0.00823
0.00864
0.00885
0.00931
0.00967
0.00944
0.00903
0.00895
0.00925
0.00962
0.00978
0.0093
0.0084
0.00746
0.00624
0.0044
0.00239
0.00089
0.0002
-0.00026
-0.00075
-0.00078
-0.00034
0.00025
0.00054
0.00047
0.00016
-0.00039
-0.00143
-0.003
-0.00486
-0.00672
-0.00807
-0.00868
-0.00893
-0.0091
-0.00908
-0.00876
-0.00816
-0.00773
-0.00726
-0.00619
-0.00495
-0.00404
-0.00325
-0.00241
-0.00175
-0.00137
-0.00119
-0.00106
-0.00061
0.00076
0.00206
0.00237
0.00283
0.00406
0.0057
0.00711
0.00807
0.00852
0.00863
0.00871
0.00842
0.00744
0.00636
0.00515
0.00289
0.00068
-0.00033
-0.00173
-0.0037
-0.00478
-0.00503
-0.00522
-0.00526
-0.00509
-0.0049
-0.00459
-0.00411
-0.00371
-0.00351
-0.00346
-0.00341
-0.00358
-0.00457
-0.00623
-0.00812
-0.00937
-0.00982
-0.00989
-0.01056
-0.01207
-0.01303
-0.01287
-0.01229
-0.01196
-0.01182
-0.01137
-0.01064
-0.01008
-0.01
-0.01035
-0.01111
-0.01193
-0.01236
-0.01277
-0.01352
-0.01402
-0.0141
-0.01412
-0.01391
-0.01311
-0.01182
-0.01041
-0.00903
-0.00775
-0.00669
-0.00624
-0.0062
-0.00618
-0.0065
-0.00737
-0.00771
-0.00731
-0.00678
-0.00689
-0.00779
-0.00903
-0.01001
-0.01048
-0.01066
-0.01074
-0.01072
-0.01065
-0.01057
-0.01016
-0.00923
-0.0079
-0.00622
-0.00389
-0.00107
0.00144
0.00338
0.00494
0.00623
0.00707
0.00704
0.00642
0.00561
0.00535
0.00575
0.00634
0.00682
0.00735
0.0082
0.00936
0.01068
0.01216
0.01396
0.01567
0.01701
0.01779
0.01831
0.01891
0.01949
0.01981
0.0199
0.0193
0.01732
0.01468
0.01234
0.01074
0.0094
0.00793
0.00635
0.00501
0.00428
0.0037
0.00286
0.00245
0.00256
0.00262
0.00184
0.00041
-0.00008
0.00077
0.00216
0.00295
0.00314
0.00348
0.00418
0.00487
0.00535
0.00581
0.00612
0.00603
0.00536
0.00432
0.00348
0.00249
0.00099
0.00007
0.00002
0.00033
0.00038
0.00019
0.00095
0.00261
0.00416
0.00501
0.00533
0.00562
0.00609
0.0067
0.00677
0.00601
0.00548
0.00561
0.00608
0.00682
0.00797
0.00912
0.01004
0.01083
0.01148
0.0119
0.01223
0.01243
0.01217
0.01149
0.01068
0.01029
0.01029
0.01016
0.0098
0.00946
0.0094
0.00939
0.00886
0.00804
0.00744
0.00691
0.00625
0.00548
0.00489
0.00471
0.00505
0.00563
0.00622
0.00692
0.00781
0.00838
0.00856
0.00861
0.00879
0.0091
0.00904
0.00851
0.0076
0.00667
0.00598
0.00565
0.00553
0.00552
0.00609
0.0075
0.00876
0.00958
0.01048
0.01207
0.01424
0.0157
0.01635
0.01697
0.01786
0.01874
0.01947
0.02006
0.02058
0.02152
0.02311
0.02458
0.02558
0.02635
0.0268
0.02674
0.02626
0.02553
0.02461
0.02328
0.02142
0.01936
0.0177
0.01676
0.01585
0.01449
0.01275
0.01092
0.00906
0.00708
0.00509
0.00341
0.00198
0.00056
-0.00084
-0.00214
-0.0032
-0.00353
-0.00322
-0.00301
-0.00321
-0.00369
-0.00404
-0.0041
-0.0036
-0.00314
-0.00345
-0.00376
-0.00347
-0.00303
-0.0032
-0.00433
-0.00563
-0.00651
-0.00708
-0.00711
-0.00646
-0.00646
-0.00732
-0.00766
-0.00721
-0.00671
-0.00689
-0.00756
-0.00797
-0.00801
-0.00795
-0.00773
-0.00738
-0.00711
-0.00686
-0.00648
-0.00612
-0.00599
-0.00629
-0.00703
-0.00796
-0.00832
-0.00808
-0.00765
-0.00704
-0.00599
-0.00442
-0.00301
-0.00252
-0.00235
-0.00192
-0.00161
-0.00149
-0.00118
-0.00104
-0.00144
-0.00206
-0.00234
-0.00209
-0.00164
-0.00121
-0.00069
0.00045
0.0026
0.00501
0.00703
0.00858
0.00972
0.01029
0.01034
0.0099
0.00909
0.00767
0.00537
0.00341
0.00231
0.00122
0.00016
-0.00026
0.00025
0.00121
0.00162
0.00152
0.00134
0.00071
-0.0003
-0.00115
-0.00153
-0.00158
-0.00172
-0.002
-0.00213
-0.00214
-0.0022
-0.00247
-0.00279
-0.00285
-0.0026
-0.00213
-0.00119
-0.00012
0.0005
0.00085
0.00121
0.00127
0.00104
0.00085
0.00063
0.00023
-0.00024
-0.00069
-0.00112
-0.00174
-0.00266
-0.00394
-0.00486
-0.00503
-0.00549
-0.00626
-0.00648
-0.00658
-0.00724
-0.00826
-0.00914
-0.00971
-0.01001
-0.01032
-0.011
-0.01142
-0.01072
-0.00962
-0.00878
-0.00793
-0.00688
-0.00575
-0.00443
-0.0031
-0.00243
-0.00242
-0.00281
-0.00378
-0.00526
-0.00674
-0.00816
-0.0097
-0.0109
-0.01152
-0.01168
-0.01152
-0.01108
-0.01069
-0.01051
-0.01045
-0.01024
-0.00985
-0.00985
-0.01054
-0.01173
-0.01233
-0.01212
-0.01198
-0.01258
-0.0139
-0.01461
-0.0143
-0.01372
-0.01349
-0.01353
-0.01368
-0.01383
-0.01381
-0.01363
-0.01338
-0.01324
-0.01323
-0.01332
-0.01318
-0.01267
-0.01213
-0.01179
-0.01157
-0.01135
-0.01114
-0.01119
-0.01139
-0.01143
-0.0113
-0.0111
-0.01057
-0.01006
-0.01015
-0.01043
-0.01046
-0.01057
-0.01086
-0.01103
-0.01092
-0.01052
-0.00935
-0.00756
-0.00569
-0.00401
-0.00253
-0.00153
-0.00054
0.00104
0.00169
0.0008
-0.00037
-0.00099
-0.00121
-0.00163
-0.00247
-0.00278
-0.00217
-0.00103
0.00061
0.00307
0.00499
0.00588
0.00706
0.00882
0.0103
0.01162
0.01322
0.01452
0.01507
0.0149
0.01472
0.01472
0.01395
0.01238
0.01073
0.00921
0.00766
0.00613
0.0048
0.0037
0.00226
0.00038
-0.00144
-0.00309
-0.00475
-0.00632
-0.00758
-0.0084
-0.00905
-0.00972
-0.0104
-0.01091
-0.01121
-0.01184
-0.01274
-0.01296
-0.01254
-0.01213
-0.01201
-0.01181
-0.01088
-0.00971
-0.00904
-0.00906
-0.00945
-0.00988
-0.00996
-0.00956
-0.00871
-0.00785
-0.00746
-0.00763
-0.00816
-0.00875
-0.00921
-0.00942
-0.00945
-0.00949
-0.01014
-0.01096
-0.01113
-0.01075
-0.01034
-0.01023
-0.0105
-0.01112
-0.01183
-0.01234
-0.01235
-0.01224
-0.01239
-0.01263
-0.01269
-0.01264
-0.01283
-0.01357
-0.01467
-0.01594
-0.01754
-0.01928
-0.0209
-0.02214
-0.02295
-0.02327
-0.02313
-0.02252
-0.02164
-0.02039
-0.01847
-0.01616
-0.01383
-0.01192
-0.01019
-0.00809
-0.00595
-0.00434
-0.00335
-0.00271
-0.00234
-0.00188
-0.00116
-0.00098
-0.00135
-0.00156
-0.00147
-0.00137
-0.00148
-0.0017
-0.00189
-0.0017
-0.00094
0.00045
0.00193
0.00299
0.00413
0.00585
0.00787
0.00985
0.01189
0.01363
0.01479
0.0157
0.01667
0.01774
0.01868
0.0194
0.02007
0.0206
0.02051
0.02015
0.02008
0.02038
0.0208
0.02124
0.02142
0.02118
0.02095
0.02084
0.02054
0.02028
0.0205
0.02136
0.02199
0.02101
0.01934
0.01832
0.01756
0.01645
0.0151
0.01411
0.01359
0.01304
0.01232
0.01168
0.01119
0.01096
0.0114
0.01182
0.01134
0.01059
0.01008
0.00933
0.00818
0.00697
0.00616
0.00539
0.00381
0.00187
0.00051
0.0003
0.00052
0.00032
-0.00042
-0.00125
-0.00174
-0.0018
-0.00148
-0.00105
-0.00074
-0.00066
-0.00048
0.00015
0.00067
0.00076
0.00089
0.00138
0.00215
0.00295
0.00369
0.00428
0.00482
0.00544
0.00613
0.00669
0.00633
0.00512
0.00371
0.0025
0.00143
0.00034
-0.00041
-0.00039
0.00084
0.00249
0.00265
0.00228
0.00305
0.00432
0.00488
0.00434
0.00357
0.00328
0.00313
0.00275
0.00233
0.00225
0.00265
0.00342
0.00432
0.00521
0.00585
0.00611
0.00632
0.00657
0.0066
0.00644
0.00631
0.00636
0.00647
0.00639
0.00615
0.00594
0.00604
0.00626
0.00621
0.00669
0.0083
0.00977
0.01047
0.01079
0.01067
0.00991
0.00915
0.0084
0.00682
0.00435
0.00163
-0.00064
-0.0025
-0.00392
-0.00496
-0.00561
-0.00603
-0.00636
-0.00626
-0.00571
-0.00526
-0.00504
-0.00479
-0.00428
-0.00348
-0.00222
-0.00063
0.001
0.00269
0.00449
0.00598
0.00713
0.00824
0.00923
0.00993
0.01034
0.0105
0.01015
0.00894
0.00692
0.00494
0.00331
0.00167
-0.00045
-0.00301
-0.00506
-0.00625
-0.00678
-0.00659
-0.00578
-0.00471
-0.00354
-0.00229
-0.00128
-0.00057
0.00014
0.00062
0.0003
-0.00058
-0.00156
-0.00279
-0.00403
-0.00475
-0.00464
-0.00402
-0.00326
-0.00247
-0.00151
-0.00053
0.00034
0.00117
0.00207
0.003
0.00392
0.00482
0.0057
0.00659
0.00749
0.00846
0.0099
0.01165
0.01331
0.0148
0.01627
0.0178
0.01925
0.02012
0.02059
0.02112
0.02149
0.02133
0.02086
0.02035
0.01974
0.01916
0.01865
0.01749
0.01579
0.01428
0.01297
0.01141
0.00957
0.00742
0.0049
0.0027
0.00118
0.00008
-0.00092
-0.00176
-0.00226
-0.00233
-0.00193
-0.00111
0.00014
0.00129
0.00199
0.00212
0.00212
0.00248
0.00279
0.00277
0.00285
0.00307
0.00299
0.00265
0.00221
0.00159
0.00087
0.0003
-0.00026
-0.00094
-0.00154
-0.00181
-0.00161
-0.00112
-0.00059
-0.00007
0.00036
0.0006
0.0007
0.00068
0.00029
-0.00021
-0.00035
-0.0003
-0.00041
-0.00064
-0.00082
-0.00093
-0.00101
-0.00107
-0.00073
-0.00009
0.00048
0.00104
0.00166
0.00159
0.00093
0.00033
-0.00026
-0.00113
-0.00178
-0.00216
-0.00268
-0.0032
-0.00343
-0.00386
-0.00459
-0.00518
-0.00563
-0.00621
-0.00711
-0.00825
-0.00955
-0.01084
-0.01195
-0.0125
-0.01268
-0.01289
-0.01306
-0.01294
-0.01256
-0.0121
-0.01165
-0.01138
-0.01113
-0.01039
-0.0096
-0.00924
-0.00862
-0.00762
-0.00732
-0.00787
-0.00879
-0.00969
-0.01038
-0.01061
-0.0105
-0.01022
-0.00991
-0.00936
-0.00796
-0.00607
-0.00436
-0.0032
-0.00238
-0.00151
-0.0008
-0.00068
-0.00072
-0.00041
0.00031
0.00116
0.00204
0.00281
0.00346
0.00447
0.00585
0.00725
0.0082
0.00864
0.00903
0.00944
0.00931
0.00864
0.00775
0.00696
0.00642
0.00624
0.00576
0.00455
0.00332
0.00264
0.00244
0.00225
0.00177
0.00093
-0.00001
-0.00053
-0.00089
-0.00144
-0.00183
-0.00186
-0.00153
-0.00117
-0.00102
-0.00107
-0.00127
-0.00178
-0.00261
-0.00365
-0.00468
-0.00542
-0.0054
-0.00489
-0.00437
-0.00402
-0.00376
-0.00362
-0.00373
-0.00415
-0.00451
-0.00484
-0.00564
-0.00697
-0.00854
-0.01042
-0.01232
-0.01363
-0.0146
-0.01566
-0.01637
-0.01658
-0.01656
-0.01657
-0.01668
-0.01716
-0.01769
-0.01774
-0.01775
-0.01818
-0.01863
-0.01879
-0.01878
-0.01876
-0.01876
-0.01896
-0.01922
-0.01926
-0.01918
-0.01911
-0.01858
-0.01771
-0.0171
-0.01674
-0.01628
-0.01548
-0.01445
-0.01337
-0.01254
-0.01199
-0.01108
-0.00977
-0.00889
-0.00848
-0.00805
-0.00708
-0.00587
-0.00593
-0.0068
-0.00693
-0.00629
-0.00568
-0.00573
-0.00592
-0.00546
-0.00478
-0.00456
-0.00495
-0.00567
-0.00656
-0.00741
-0.00824
-0.00955
-0.01095
-0.01168
-0.01218
-0.01295
-0.01363
-0.01365
-0.01288
-0.01218
-0.01188
-0.01098
-0.00937
-0.00779
-0.00675
-0.00623
-0.00592
-0.00565
-0.0056
-0.00572
-0.00587
-0.00619
-0.00664
-0.007
-0.00737
-0.00796
-0.00896
-0.00995
-0.0104
-0.0106
-0.0109
-0.01094
-0.01069
-0.0105
-0.01036
-0.01012
-0.00981
-0.00945
-0.00894
-0.0085
-0.00833
-0.00815
-0.008
-0.00843
-0.00901
-0.00922
-0.00961
-0.01042
-0.01127
-0.01202
-0.01271
-0.01283
-0.01247
-0.01213
-0.01175
-0.01112
-0.01048
-0.01006
-0.00996
-0.00989
-0.00961
-0.00895
-0.00819
-0.00793
-0.00761
-0.00663
-0.0058
-0.00575
-0.00629
-0.00667
-0.00657
-0.00649
-0.00673
-0.00698
-0.00724
-0.00788
-0.00869
-0.00937
-0.00959
-0.00943
-0.00921
-0.00885
-0.00812
-0.00731
-0.00662
-0.00541
-0.00396
-0.00337
-0.00334
-0.00301
-0.00218
-0.00134
-0.00097
-0.00089
-0.00075
-0.00022
0.00065
0.0017
0.00284
0.00412
0.0053
0.00622
0.0068
0.00708
0.00707
0.00682
0.00637
0.00601
0.00569
0.00511
0.00449
0.00419
0.00458
0.00533
0.00593
0.00627
0.0065
0.00656
0.00669
0.00735
0.00791
0.00772
0.00724
0.00708
0.00747
0.00799
0.00831
0.00838
0.00861
0.00963
0.01065
0.01052
0.01015
0.01071
0.01125
0.01065
0.00936
0.00828
0.00766
0.00658
0.00451
0.00261
0.00146
0.00064
0.00011
-0.00003
-0.00085
-0.0022
-0.003
-0.0029
-0.00227
-0.00181
-0.00168
-0.00165
-0.00173
-0.00209
-0.00284
-0.00383
-0.00496
-0.00626
-0.00766
-0.00862
-0.00915
-0.00961
-0.01013
-0.01054
-0.01045
-0.00999
-0.00951
-0.00924
-0.00912
-0.00878
-0.00824
-0.00801
-0.00789
-0.00733
-0.0063
-0.00512
-0.004
-0.00296
-0.002
-0.00125
-0.00067
0.00011
0.00081
0.00088
0.00049
0.00012
0.00048
0.0014
0.00239
0.003
0.00325
0.00373
0.00435
0.00412
0.0034
0.00292
0.00212
0.0007
-0.00054
-0.00127
-0.0017
-0.00165
-0.00123
-0.00066
-0.00024
-0.00007
-0.00018
-0.0003
0.00014
0.00097
0.00178
0.00202
0.0019
0.00232
0.00295
0.00288
0.00185
0.00036
-0.001
-0.00224
-0.0036
-0.0049
-0.00585
-0.00631
-0.00668
-0.00728
-0.00751
-0.00732
-0.00765
-0.00828
-0.00839
-0.00808
-0.00771
-0.00693
-0.00578
-0.00466
-0.00364
-0.00264
-0.002
-0.00186
-0.00216
-0.00267
-0.00335
-0.00436
-0.00539
-0.00598
-0.00607
-0.00592
-0.00612
-0.00659
-0.00686
-0.00681
-0.00658
-0.00623
-0.00582
-0.00541
-0.00496
-0.00446
-0.00418
-0.00407
-0.00383
-0.00348
-0.00322
-0.00327
-0.00347
-0.00333
-0.00299
-0.00278
-0.00267
-0.00252
-0.00247
-0.00234
-0.00184
-0.00117
-0.00066
-0.00076
-0.00117
-0.00136
-0.00122
-0.00097
-0.00068
-0.00039
-0.00017
-0.00032
-0.00086
-0.00143
-0.00189
-0.00235
-0.00299
-0.00364
-0.00381
-0.00351
-0.00294
-0.00252
-0.00237
-0.00248
-0.00254
-0.00227
-0.00205
-0.00225
-0.00296
-0.00387
-0.00477
-0.006
-0.00749
-0.00848
-0.00903
-0.00963
-0.01021
-0.01057
-0.0108
-0.0109
-0.01086
-0.01081
-0.01085
-0.01089
-0.01085
-0.01073
-0.01076
-0.01081
-0.01023
-0.00937
-0.00882
-0.00869
-0.00878
-0.00901
-0.00937
-0.00983
-0.01035
-0.01079
-0.01093
-0.01081
-0.01059
-0.01043
-0.01022
-0.00964
-0.00893
-0.00839
-0.00789
-0.00731
-0.00688
-0.00659
-0.00623
-0.00566
-0.00485
-0.0038
-0.0027
-0.0017
-0.001
-0.00048
0.00022
0.00072
0.00031
-0.00038
-0.00073
-0.00081
-0.00097
-0.00125
-0.00109
-0.00042
-0.00017
-0.00029
-0.0001
0.00022
0.00037
0.00096
0.00189
0.0026
0.00331
0.00431
0.00541
0.00631
0.00691
0.0073
0.00761
0.00813
0.00854
0.00834
0.00818
0.00862
0.00914
0.00946
0.00984
0.00988
0.00924
0.0085
0.00813
0.00806
0.0079
0.00751
0.00685
0.00609
0.0054
0.00472
0.00399
0.00328
0.00262
0.002
0.00127
0.00065
0.00076
0.0009
-0.00001
-0.00169
-0.00336
-0.00466
-0.00582
-0.00703
-0.0078
-0.00783
-0.00729
-0.00684
-0.00683
-0.00696
-0.00691
-0.00663
-0.00639
-0.0063
-0.00607
-0.00552
-0.00469
-0.00376
-0.00278
-0.0016
-0.00056
-0.00002
0.00071
0.00202
0.00336
0.00441
0.00532
0.00628
0.00724
0.00776
0.00791
0.0081
0.00813
0.00776
0.00745
0.0074
0.00737
0.00729
0.00731
0.00778
0.00838
0.00854
0.00844
0.00842
0.00824
0.00774
0.00702
0.00635
0.00579
0.00506
0.00401
0.0027
0.0015
0.00066
0.00027
0.00014
0.00018
0.00026
0.00022
-0.00008
-0.00028
0.00005
0.00061
0.00114
0.00182
0.00276
0.00387
0.00485
0.0056
0.00641
0.00744
0.00862
0.00952
0.01006
0.01048
0.01124
0.01259
0.01365
0.01397
0.01394
0.01403
0.01433
0.01465
0.01488
0.01508
0.0152
0.01515
0.015
0.01482
0.01435
0.01389
0.01397
0.01411
0.01383
0.01303
0.01215
0.01156
0.01084
0.00984
0.00909
0.00855
0.0078
0.00704
0.0067
0.007
0.00743
0.0075
0.00737
0.00731
0.00735
0.00726
0.00694
0.00681
0.00687
0.00651
0.0057
0.00486
0.00435
0.00403
0.00348
0.0028
0.00241
0.00288
0.00359
0.00333
0.00292
0.00344
0.00409
0.00424
0.0042
0.00437
0.00477
0.0052
0.00547
0.00551
0.00548
0.00551
0.00546
0.00536
0.00549
0.00592
0.00646
0.00672
0.00668
0.00654
0.00635
0.00605
0.00551
0.00486
0.00431
0.00403
0.00401
0.00405
0.00401
0.00387
0.00366
0.00339
0.00314
0.00304
0.00322
0.00356
0.00388
0.00391
0.0039
0.00424
0.00489
0.0056
0.00616
0.00671
0.00748
0.00821
0.00871
0.00961
0.0106
0.01086
0.01117
0.0123
0.01336
0.01375
0.01362
0.0136
0.0139
0.01391
0.01351
0.01313
0.01319
0.01356
0.0133
0.01252
0.01208
0.01217
0.01243
0.01234
0.01204
0.01193
0.01218
0.01267
0.01306
0.01313
0.01285
0.01241
0.01185
0.01087
0.00979
0.00919
0.00924
0.00956
0.00965
0.00946
0.00919
0.00914
0.00925
0.00902
0.0085
0.00807
0.0078
0.00747
0.00693
0.0063
0.0057
0.00502
0.00432
0.00399
0.00415
0.00456
0.00445
0.00388
0.0037
0.00378
0.00351
0.00274
0.0019
0.00163
0.00179
0.00193
0.00186
0.00164
0.00124
0.00079
0.00033
-0.00036
-0.001
-0.00091
-0.00052
-0.00051
-0.00075
-0.00104
-0.00159
-0.00197
-0.00179
-0.00161
-0.00164
-0.00154
-0.00163
-0.00214
-0.00246
-0.0027
-0.00285
-0.00269
-0.00183
-0.00053
0.00025
0.00022
-0.00027
-0.00112
-0.00235
-0.00371
-0.00483
-0.00551
-0.00557
-0.00512
-0.00404
-0.00285
-0.00208
-0.00173
-0.0014
-0.00075
0.00009
0.00086
0.00146
0.00204
0.00285
0.00364
0.00415
0.00465
0.00536
0.00619
0.00689
0.00738
0.00766
0.00786
0.00812
0.00852
0.00902
0.00941
0.00972
0.01015
0.0106
0.01096
0.01141
0.01187
0.0119
0.0114
0.01069
0.01084
0.01149
0.01141
0.01097
0.01105
0.01131
0.01118
0.01061
0.00988
0.0092
0.00904
0.00911
0.00885
0.00845
0.00819
0.00766
0.00671
0.00555
0.00432
0.00316
0.00231
0.00195
0.00207
0.00263
0.00354
0.00464
0.00538
0.00536
0.00538
0.00568
0.00527
0.00382
0.00187
0.00051
-0.00012
-0.00036
-0.00072
-0.00131
-0.00149
-0.00146
-0.00193
-0.00236
-0.00222
-0.00143
-0.00066
-0.00053
-0.0008
-0.00101
-0.00098
-0.00085
-0.00068
-0.00008
0.00088
0.0012
0.0008
0.00032
0.00023
0.00042
0.00055
0.00052
0.00046
0.00072
0.00112
0.00088
0.00019
-0.00033
-0.00073
-0.0013
-0.0022
-0.00281
-0.00272
-0.00246
-0.00255
-0.00308
-0.00385
-0.00462
-0.00477
-0.00448
-0.0043
-0.00378
-0.00248
-0.00131
-0.00084
-0.00085
-0.00085
-0.00074
-0.00051
-0.00039
-0.00055
-0.00081
-0.00091
-0.00068
-0.0003
0.00002
0.00062
0.00154
0.0021
0.0021
0.00191
0.00226
0.00318
0.00404
0.00421
0.00354
0.003
0.00317
0.00378
0.0042
0.00412
0.0036
0.00297
0.00254
0.00233
0.00217
0.00185
0.00166
0.00233
0.00335
0.00391
0.00379
0.00354
0.0037
0.00423
0.00477
0.00474
0.00446
0.00467
0.00473
0.0039
0.0029
0.00247
0.00266
0.00291
0.00288
0.00244
0.00214
0.00256
0.00325
0.00378
0.00435
0.00467
0.00424
0.00415
0.00478
0.00508
0.00478
0.00441
0.00425
0.00435
0.00489
0.00555
0.00599
0.00647
0.00721
0.00814
0.00897
0.00957
0.01008
0.01058
0.01102
0.01145
0.01191
0.01188
0.01142
0.01137
0.0115
0.01121
0.01086
0.01074
0.01072
0.01077
0.01092
0.01089
0.0107
0.01054
0.01004
0.00892
0.00813
0.00777
0.00722
0.00644
0.00573
0.00523
0.00486
0.00458
0.00439
0.00422
0.00392
0.00371
0.00377
0.00386
0.0038
0.00371
0.00372
0.00378
0.00356
0.003
0.00235
0.0016
0.00072
0.00032
0.00053
0.00107
0.0016
0.00211
0.00268
0.00321
0.00349
0.00361
0.00368
0.00355
0.00325
0.00289
0.00246
0.00188
0.00115
0.00037
-0.00011
-0.00021
-0.00006
0.00018
0.00048
0.00067
0.00075
0.00081
0.00094
0.0011
0.0012
0.0012
0.0011
0.00089
0.00056
0.00011
-0.00061
-0.00166
-0.00216
-0.00192
-0.00182
-0.00196
-0.00174
-0.00109
-0.00042
-0.00008
-0.00009
-0.0003
-0.00008
0.00035
-0.00025
-0.00134
-0.00183
-0.00187
-0.00193
-0.00196
-0.00233
-0.00323
-0.00362
-0.00327
-0.00277
-0.00255
-0.00255
-0.00255
-0.00232
-0.00163
-0.00086
-0.00039
-0.00024
-0.00017
-0.00004
0.00011
0.00018
-0.00009
-0.00044
-0.00042
-0.00019
-0.00019
-0.00116
-0.00275
-0.00419
-0.00519
-0.00592
-0.0064
-0.00654
-0.00621
-0.00618
-0.00664
-0.0068
-0.00656
-0.00637
-0.00641
-0.00651
-0.00654
-0.00663
-0.00688
-0.00688
-0.00648
-0.00587
-0.00506
-0.00404
-0.00358
-0.00359
-0.00284
-0.00158
-0.00072
-0.00038
-0.00022
-0.00001
0.00033
0.00085
0.00157
0.00232
0.00271
0.00303
0.00368
0.00419
0.00419
0.00384
0.00349
0.00324
0.00268
0.00181
0.00131
0.00136
0.00151
0.00097
-0.00006
-0.00085
-0.00126
-0.00153
-0.0017
-0.00176
-0.00175
-0.00198
-0.00245
-0.00268
-0.00277
-0.0032
-0.0042
-0.00528
-0.00554
-0.00527
-0.00513
-0.00504
-0.00472
-0.00431
-0.0039
-0.00348
-0.00297
-0.0024
-0.00188
-0.00145
-0.00109
-0.00062
-0.00028
-0.00078
-0.00172
-0.00244
-0.00304
-0.00364
-0.00371
-0.00312
-0.0022
-0.00166
-0.00154
-0.00152
-0.00147
-0.00146
-0.00161
-0.00174
-0.00155
-0.00128
-0.00125
-0.00123
-0.00092
-0.00025
0.00025
0.00021
-0.00049
-0.00154
-0.00269
-0.00371
-0.00468
-0.00604
-0.00773
-0.00933
-0.01022
-0.01052
-0.01087
-0.0109
-0.01006
-0.00899
-0.00808
-0.00689
-0.0055
-0.0043
-0.00319
-0.00212
-0.00139
-0.00111
-0.00126
-0.0018
-0.00261
-0.00343
-0.00415
-0.00474
-0.0052
-0.00541
-0.00522
-0.00492
-0.00478
-0.00469
-0.00458
-0.00461
-0.00459
-0.00427
-0.00398
-0.00377
-0.00324
-0.00239
-0.00148
-0.00061
-0.00008
-0.00064
-0.00202
-0.0036
-0.00531
-0.00691
-0.00793
-0.00812
-0.00782
-0.00763
-0.00743
-0.00679
-0.00627
-0.00628
-0.00664
-0.00726
-0.00832
-0.00954
-0.01046
-0.01061
-0.01011
-0.00913
-0.00828
-0.00786
-0.00786
-0.00768
-0.00695
-0.00626
-0.00625
-0.00711
-0.00766
-0.00708
-0.00599
-0.00505
-0.00428
-0.0035
-0.00274
-0.00266
-0.00331
-0.00399
-0.00454
-0.00514
-0.00533
-0.00514
-0.00499
-0.00491
-0.00471
-0.00446
-0.00423
-0.004
-0.00363
-0.00313
-0.00283
-0.0027
-0.00239
-0.00212
-0.00224
-0.00257
-0.00287
-0.00316
-0.00355
-0.00407
-0.00474
-0.00535
-0.00567
-0.00605
-0.00677
-0.00764
-0.00827
-0.00849
-0.00864
-0.00903
-0.00958
-0.00992
-0.00976
-0.00929
-0.00873
-0.00817
-0.00778
-0.00768
-0.00782
-0.00806
-0.00807
-0.00827
-0.00934
-0.01042
-0.01081
-0.01067
-0.01064
-0.01107
-0.01136
-0.01122
-0.01124
-0.01124
-0.01046
-0.00914
-0.00773
-0.0062
-0.00493
-0.00447
-0.00426
-0.00372
-0.00306
-0.00268
-0.00285
-0.00319
-0.00328
-0.00283
-0.0023
-0.00236
-0.00257
-0.00229
-0.00186
-0.00154
-0.00108
-0.00062
-0.00045
-0.00044
-0.00025
0.00036
0.00094
0.00104
0.00099
0.00086
0.00007
-0.00126
-0.00268
-0.00409
-0.00528
-0.00598
-0.00625
-0.00617
-0.00567
-0.00506
-0.00476
-0.00435
-0.00356
-0.00344
-0.00399
-0.00434
-0.0044
-0.00458
-0.00493
-0.0052
-0.00518
-0.00474
-0.00383
-0.00256
-0.00146
-0.00131
-0.00118
-0.00011
0.00098
0.00161
0.0024
0.00306
0.00305
0.00286
0.003
0.00352
0.00402
0.00424
0.00406
0.00376
0.00384
0.00425
0.00463
0.00442
0.0038
0.00363
0.00384
0.00388
0.00355
0.00296
0.00213
0.00127
0.00121
0.00183
0.00245
0.00272
0.0028
0.003
0.00344
0.00407
0.00427
0.00377
0.00322
0.00311
0.00351
0.00393
0.00409
0.00414
0.00413
0.00376
0.00344
0.00358
0.0037
0.00343
0.00276
0.00192
0.00111
0.00079
0.00078
0.00058
0.00017
-0.00016
-0.00004
0.00032
0.00051
0.00029
-0.00023
-0.00048
-0.00037
-0.00036
-0.00053
-0.0007
-0.00087
-0.00111
-0.00132
-0.00161
-0.00206
-0.00259
-0.00304
-0.00326
-0.00303
-0.00232
-0.00174
-0.00145
-0.00106
-0.00021
0.0011
0.00211
0.00256
0.00289
0.0033
0.00352
0.00339
0.00307
0.00298
0.00299
0.00271
0.00232
0.00219
0.00235
0.00241
0.00202
0.00188
0.00251
0.00335
0.00362
0.00305
0.00248
0.00248
0.00272
0.00268
0.00223
0.00142
0.00038
-0.00037
-0.00061
-0.0005
-0.00029
-0.00009
-0.00019
-0.00059
-0.00109
-0.00127
-0.001
-0.00074
-0.001
-0.00194
-0.00297
-0.00375
-0.00447
-0.00514
-0.00554
-0.00573
-0.00598
-0.00662
-0.00745
-0.00805
-0.00825
-0.00814
-0.00736
-0.00637
-0.00591
-0.00578
-0.00554
-0.00535
-0.0053
-0.00526
-0.00513
-0.005
-0.00509
-0.00533
-0.00543
-0.00527
-0.0049
-0.00441
-0.00387
-0.00326
-0.00279
-0.00255
-0.00204
-0.00127
-0.00073
-0.00058
-0.0006
-0.00039
0.00003
0.00039
0.00057
0.00067
0.00089
0.00129
0.00178
0.00216
0.00231
0.00244
0.00264
0.00274
0.00305
0.00397
0.00455
0.0044
0.00431
0.00459
0.00483
0.0047
0.00435
0.00435
0.00466
0.00485
0.00483
0.0048
0.00494
0.0052
0.0054
0.00524
0.00483
0.00476
0.00508
0.00538
0.00516
0.00452
0.00394
0.0036
0.00318
0.00242
0.00165
0.0013
0.0012
0.00112
0.00115
0.00113
0.00058
-0.00058
-0.00195
-0.00265
-0.00294
-0.00366
-0.00467
-0.00543
-0.00587
-0.00607
-0.00601
-0.00599
-0.00616
-0.00622
-0.00614
-0.00618
-0.00635
-0.00651
-0.00657
-0.00669
-0.00706
-0.00742
-0.00758
-0.00798
-0.00852
-0.0087
-0.00815
-0.007
-0.00618
-0.00581
-0.00525
-0.00451
-0.00396
-0.00349
-0.00297
-0.00247
-0.0019
-0.00118
-0.00058
-0.00033
-0.00055
-0.00099
-0.00135
-0.00094
0.0001
0.00075
0.0009
0.00104
0.00122
0.00123
0.00102
0.0007
0.0003
0.00002
-0.00015
-0.0005
-0.00091
-0.00104
-0.00054
0.00024
0.00041
0.00026
0.00057
0.00117
0.00158
0.00154
0.00147
0.0019
0.00282
0.00382
0.00429
0.0043
0.00419
0.00392
0.00328
0.00249
0.00154
0.00023
-0.00083
-0.00131
-0.0014
-0.00154
-0.00192
-0.00219
-0.00217
-0.00233
-0.0025
-0.00209
-0.00145
-0.00093
-0.00002
0.00102
0.00144
0.00169
0.00233
0.00291
0.00309
0.00306
0.00352
0.00462
0.00488
0.00403
0.00274
0.00155
0.00054
0.0001
-0.00007
-0.00052
-0.00079
-0.00033
0.00043
0.001
0.00137
0.00194
0.00291
0.00373
0.00407
0.00406
0.00398
0.00385
0.00367
0.0034
0.00296
0.00234
0.00157
0.00084
0.00057
0.00143
0.00243
0.00253
0.00202
0.00164
0.00107
0.00148
0.00185
0.00171
0.00115
0.00076
0.00042
-0.00036
-0.00131
-0.002
-0.00231
-0.00233
-0.0021
-0.00203
-0.00224
-0.00223
-0.00185
-0.00139
-0.00143
-0.00191
-0.00205
-0.00178
-0.00158
-0.00156
-0.00156
-0.00168
-0.0016
-0.00088
0.00003
0.00067
0.0011
0.00137
0.00108
0.00058
0.00036
0.00037
0.00037
0.00042
0.00038
0.00013
0.00007
0.00017
-0.00019
-0.00102
-0.00193
-0.00275
-0.00352
-0.00416
-0.00464
-0.005
-0.00547
-0.00605
-0.0065
-0.00668
-0.00671
-0.00693
-0.00738
-0.00785
-0.00837
-0.00911
-0.0096
-0.0097
-0.00987
-0.01025
-0.01055
-0.01028
-0.00951
-0.00876
-0.00837
-0.00833
-0.00832
-0.00816
-0.008
-0.00782
-0.00746
-0.00709
-0.00688
-0.00674
-0.00658
-0.0064
-0.00622
-0.00605
-0.00587
-0.00568
-0.00548
-0.00529
-0.00511
-0.00492
-0.00473
-0.00453
-0.00436
-0.00442
-0.00479
-0.00487
-0.00446
-0.004
-0.0037
-0.00343
-0.0032
-0.00304
-0.00296
-0.0027
-0.00201
-0.00136
-0.00092
-0.00022
0.00068
0.00143
0.00199
0.00254
0.00311
0.00364
0.00406
0.00429
0.00432
0.00442
0.00446
0.0041
0.00346
0.00279
0.00233
0.00208
0.00193
0.00163
0.00113
0.00093
0.00106
0.00124
0.00128
0.00124
0.0011
0.0009
0.00068
0.00024
-0.00048
-0.00096
-0.00105
-0.00092
-0.0007
-0.00037
0.00009
0.00054
0.00078
0.00082
0.00079
0.00087
0.00104
0.00108
0.00095
0.00075
0.00069
0.00076
0.00083
0.00088
0.00102
0.00125
0.0014
0.0012
0.00091
0.00087
0.00078
0.00038
-0.00018
-0.00075
-0.00131
-0.00159
-0.00155
-0.00154
-0.00171
-0.00192
-0.00183
-0.00144
-0.00124
-0.00118
-0.00082
-0.00006
0.0008
0.00129
0.00168
0.00254
0.00366
0.00464
0.00537
0.00602
0.00674
0.00752
0.00823
0.00863
0.0088
0.00899
0.0093
0.0096
0.00956
0.0094
0.00972
0.00992
0.00939
0.00879
0.00866
0.00889
0.00905
0.00895
0.00876
0.00866
0.00857
0.00842
0.0082
0.00787
0.00743
0.00686
0.00624
0.00568
0.00522
0.00484
0.00454
0.00417
0.00368
0.00366
0.00392
0.00384
0.00351
0.00328
0.00326
0.00332
0.00336
0.00323
0.00289
0.00255
0.00231
0.0021
0.00187
0.00159
0.00132
0.00106
0.00081
0.00056
0.00031
0.00006
-0.00019
-0.00043
-0.00067
-0.0009
-0.00114
-0.00137
-0.0016
-0.00183
-0.00206
-0.0023
-0.00254
-0.00278
-0.003
-0.00323
-0.00346
-0.00368
-0.0039
-0.00412
-0.0043
-0.00436
-0.00434
-0.00435
-0.00442
-0.00455
-0.00465
-0.00472
-0.00479
-0.00452
-0.00391
-0.00344
-0.00319
-0.00295
-0.00249
-0.00194
-0.00172
-0.0017
-0.00156
-0.00152
-0.00171
-0.00182
-0.00182
-0.00191
-0.0021
-0.0023
-0.00245
-0.00254
-0.00243
-0.00218
-0.00198
-0.00189
-0.00188
-0.00163
-0.00106
-0.00092
-0.00122
-0.00138
-0.00112
-0.00065
-0.0004
-0.00046
-0.00071
-0.00084
-0.00068
-0.00035
-0.00006
0.00015
0.00032
0.00052
0.00083
0.00112
0.00115
0.00106
0.00111
0.00146
0.00192
0.00226
0.00259
0.00303
0.00324
0.00323
0.00332
0.00354
0.00372
0.00358
0.00325
0.003
0.00294
0.00296
0.00288
0.00274
0.00279
0.00301
0.00322
0.00332
0.00332
0.00324
0.00319
0.00327
0.00335
0.00337
0.00339
0.00341
0.00342
0.00336
0.00325
0.00315
0.00305
0.00291
0.00277
0.00265
0.00252
0.00213
0.00144
0.0011
0.00109
0.00091
0.00073
0.00077
0.00074
0.0006
0.00056
0.00054
0.00042
0.00029
0.00034
0.00066
0.00101
0.00124
0.00152
0.00187
0.00213
0.00208
0.00181
0.00158
0.00154
0.00172
0.00194
0.00211
0.0022
0.00231
0.0025
0.0027
0.00288
0.00301
0.00312
0.00317
0.00318
0.00316
0.00305
0.00288
0.00272
0.00261
0.00252
0.00228
0.00201
0.00191
0.00195
0.00198
0.00194
0.00186
0.00174
0.00156
0.00135
0.00118
0.00106
0.00095
0.00092
0.00095
0.001
0.00105
0.00116
0.00122
0.00119
0.00113
0.00109
0.00104
0.00104
0.00109
0.00116
0.00129
0.00147
0.00161
0.00166
0.00173
0.00172
0.00157
0.00154
0.00168
0.00171
0.00156
0.00139
0.00139
0.00147
0.0014
0.00127
0.00127
0.00129
0.00125
0.0012
0.00116
0.00114
0.00109
0.00105
0.00106
0.00112
0.00118
0.00128
0.00141
0.00158
0.00168
0.00172
0.0018
0.00196
0.00206
0.00207
0.00204
0.00213
0.0023
0.00246
0.00258
0.00269
0.00277
0.00276
0.00262
0.00248
0.00246
0.0024
0.00227
0.00216
0.00212
0.00208
0.00192
0.00169
0.00156
0.00155
0.00156
0.00156
0.00155
0.00158
0.00158
0.00152
0.0015
0.00155
0.00162
0.00164
0.0016
0.00157
0.00155
0.00151
0.00145
0.00139
0.00134
0.00128
0.00116
0.00101
0.00088
0.0008
0.00075
0.00068
0.00058
0.00048
0.00044
0.00042
0.00036
0.0003
0.00029
0.00026
0.00018
0.00013
0.00012
0.00013
0.00011
0.00006
-0.00002
-0.00009
-0.00013
-0.0002
-0.0003
-0.00038
-0.00044
-0.00048
-0.0005
-0.00052
-0.00055
-0.00056
-0.00054
-0.00056
-0.00061
-0.00065
-0.00064
-0.00061
-0.00057
-0.00054
-0.00051
-0.00048
-0.00045
-0.00041
-0.00039
-0.00038
-0.00037
-0.00036
-0.00035
-0.00034
-0.00035
-0.00036
-0.00037
-0.00039
-0.00043
-0.00044
-0.00043
-0.00042
-0.00042
-0.00042
-0.00042
-0.00041
-0.00038
-0.00036
-0.00037
-0.00039
-0.00042
-0.00044
-0.00046
-0.00049
-0.00051
-0.00053
-0.00053
-0.00053
-0.00054
-0.00055
-0.00056
-0.00056
-0.00058
-0.00061
-0.00063
-0.00064
-0.00065
-0.00066
-0.00067
-0.00069
-0.00071
-0.00073
-0.00074
-0.00076
-0.00078
-0.00079
-0.00079
-0.00079
-0.0008
-0.0008
-0.00081
-0.00081
-0.00082
-0.00082
-0.00083
-0.00084
-0.00084
-0.00084
-0.00084
-0.00084
-0.00084
-0.00084
-0.00084
-0.00084
-0.00084
-0.00083
-0.00082
-0.00082
-0.00082
-0.00081
-0.0008
-0.0008
-0.00079
-0.00079
-0.00079
-0.00078
-0.00078
-0.00078
-0.00077
-0.00077
-0.00076
-0.00076
-0.00075
-0.00075
-0.00074
-0.00074
-0.00074
-0.00073
-0.00073
-0.00073
-0.00073
-0.00072
-0.00072
-0.00071
-0.00071
-0.00071
-0.0007
-0.0007
-0.0007
-0.00069
-0.00069
-0.00068
-0.00068
-0.00067
-0.00067
-0.00066
-0.00066
-0.00065
-0.00065
-0.00064
-0.00064
-0.00063
-0.00063
-0.00063
-0.00062
-0.00062
-0.00061
-0.00061
-0.0006
-0.0006
-0.00059
-0.00059
-0.00058
-0.00058
-0.00057
-0.00057
-0.00056
-0.00056
-0.00055
-0.00055
-0.00054
-0.00054
-0.00053
-0.00052
-0.00052
-0.00051
-0.00051
-0.0005
-0.0005
-0.00049
-0.00049
-0.00048
-0.00048
-0.00047
-0.00047
-0.00046
-0.00046
-0.00045
-0.00044
-0.00044
-0.00043
-0.00043
-0.00042
-0.00042
-0.00041
-0.00041
-0.0004
-0.00039
-0.00039
-0.00038
-0.00038
-0.00037
-0.00037
-0.00036
-0.00035
-0.00035
-0.00034
-0.00034
-0.00033
-0.00033
-0.00032
-0.00031
-0.00031
-0.0003
-0.0003
-0.00029
-0.00028
-0.00028
-0.00027
-0.00027
-0.00026
-0.00026
-0.00025
-0.00024
-0.00024
-0.00023
-0.00023
-0.00022
-0.00021
-0.00021
-0.0002
-0.0002
-0.00019
-0.00018
-0.00018
-0.00017
-0.00017
-0.00016