0.005
-0.0006591183
-0.0006577952
-0.0006564517
-0.0006550812
-0.0006537068
-0.0006523497
-0.0006510875
-0.000649973
-0.0006489022
-0.0006472652
-0.0006445771
-0.0006410152
-0.0006376153
-0.0006359581
-0.00063646
-0.0006380185
-0.0006380055
-0.0006330066
-0.0006249689
-0.0006180045
-0.0006157079
-0.0006279583
-0.0006577506
-0.0006827457
-0.0006782616
-0.0006478695
-0.0006170046
-0.0005960428
-0.0005713809
-0.0005297189
-0.0004756537
-0.000444085
-0.0004818763
-0.0005920049
-0.0007209367
-0.0008251139
-0.0008586362
-0.0008449825
-0.0008526311
-0.0008918371
-0.0008925533
-0.0006917666
-0.0003214304
-9.397783E-05
-0.0002052712
-0.0005011624
-0.0006211082
-0.0003284425
0.000149336
0.0003127544
8.250109E-05
-0.0002410721
-0.0005097341
-0.0008625574
-0.001376767
-0.002089981
-0.002841018
-0.002992008
-0.002315786
-0.001386346
-0.0006544626
1.515283E-05
0.0009899661
0.002319051
0.003433991
0.003579747
0.002258848
-6.321262E-05
-0.00232531
-0.003010362
-0.002215189
-0.001309863
-0.001108197
-0.001244908
-0.001063528
-0.0004689254
-9.874038E-05
-0.0006329424
-0.001616019
-0.001679525
-0.0001516721
0.001645729
0.00198273
0.0005662314
-0.0009592368
-0.0008404644
0.001438459
0.003775427
0.004131529
0.002202782
-0.0008075697
-0.003004115
-0.003573386
-0.003132031
-0.00229656
-0.0007235722
0.001590029
0.00327341
0.002810007
0.001293304
0.0003629905
4.709831E-05
-0.0004481798
-0.001456604
-0.002721367
-0.003730499
-0.003729629
-0.003144592
-0.003041867
-0.003955403
-0.005029161
-0.00460014
-0.00179867
0.001588308
0.003723621
0.003320321
0.00121963
-0.0005468258
-0.00147282
-0.002407016
-0.003804023
-0.005071974
-0.00429231
-0.001198149
0.001530938
0.001798528
0.0008061448
0.0007095796
0.001771978
0.002852391
0.001429611
-0.003224811
-0.00732183
-0.00779161
-0.005342048
-0.00290383
-0.001407958
0.0001917202
0.002130992
0.003482735
0.003113239
0.001642565
0.000409284
-0.0004128779
-0.0004996492
0.001165281
0.00360458
0.005214578
0.004338919
0.000788124
-0.003002309
-0.004193746
-0.0006095129
0.005849385
0.009964637
0.006839561
-0.001877808
-0.009126531
-0.01005217
-0.005200867
0.0009214449
0.004002308
0.002548256
0.0004825239
0.001105052
0.003847144
0.007184357
0.01011483
0.01164137
0.008611805
-0.001140745
-0.0121593
-0.01617562
-0.01064
-0.002934127
0.0003671849
-0.0002853774
-0.001118416
7.671398E-05
0.002308176
0.00387984
0.003596223
-2.674917E-05
-0.00595656
-0.007282951
0.0007754506
0.01240957
0.01669076
0.01003442
-0.007613141
-0.02534806
-0.02576967
-0.008116604
0.01558285
0.02595563
0.01973343
0.009174894
0.002037499
-0.0007864621
-0.002647503
-0.00539514
-0.008280883
-0.009856966
-0.00963163
-0.007937545
-0.005169988
-0.001750538
0.00232541
0.006905807
0.01175433
0.01525823
0.01261169
0.001393523
-0.01110407
-0.01465732
-0.009327138
-0.004614498
-0.004683599
-0.006826061
-0.008148277
-0.009115086
-0.009994997
-0.008469889
-0.001829687
0.006876943
0.01075394
0.006262907
0.0005501598
0.00382309
0.01757116
0.02953167
0.02956256
0.01887041
0.007525467
0.0008950053
-0.004445681
-0.01412851
-0.02512583
-0.02786477
-0.01873066
-0.006526544
0.0003171837
-0.003391676
-0.0124133
-0.01553097
-0.004889921
0.01531811
0.02876356
0.02613169
0.0112064
-0.001689296
-0.001110841
0.008774605
0.01496388
0.009583775
-0.004757318
-0.01593843
-0.0157372
-0.009142331
-0.005137163
-0.005281952
-0.005314159
-0.002758663
-0.0007741999
-0.004573004
-0.01192022
-0.01815702
-0.02181967
-0.02097
-0.01310227
-0.002895241
-0.000673207
-0.01150166
-0.02625187
-0.0288738
-0.01343898
0.01399525
0.03644584
0.04256596
0.03338525
0.01956997
0.009806032
0.005841394
0.004668843
0.001952641
-0.00238782
-0.005833171
-0.004616127
0.002936879
0.01186329
0.01740819
0.01604243
0.009269295
0.001030996
-0.00749788
-0.01113579
0.0001506749
0.02232468
0.03421526
0.02144546
-0.01499121
-0.04774832
-0.04815728
-0.01737599
0.02383044
0.0506788
0.05700808
0.05534952
0.05268381
0.03686586
0.005762438
-0.02064223
-0.02160347
-0.0008098664
0.03056656
0.04966152
0.0487535
0.04071576
0.03720446
0.02456026
-0.01227721
-0.06973733
-0.1373827
-0.1696401
-0.1564154
-0.1033256
-0.01393722
0.05302493
0.05909847
0.04499397
0.05465606
0.08274833
0.09804099
0.07267804
0.007832195
-0.0470712
-0.04938064
-0.0171153
0.02754461
0.04901153
0.03921649
0.02201913
0.01437689
0.01212712
-0.003488227
-0.03804956
-0.06495478
-0.0567675
-0.009653245
0.0354401
0.04008025
0.007348611
-0.04044708
-0.07854461
-0.09019868
-0.08315216
-0.07160962
-0.0554404
-0.03501233
-0.01337602
-0.0005306231
0.001903361
0.004312197
0.01476818
0.04040108
0.07578751
0.1037191
0.1108765
0.1041497
0.08308515
0.0493747
0.01807028
-0.0082559
-0.03540146
-0.06373846
-0.08749972
-0.09711472
-0.09645228
-0.090938
-0.07437731
-0.04120041
-0.003404713
0.02471005
0.02926685
0.01692081
0.007031888
0.01153395
0.02791173
0.04328113
0.05192421
0.05845023
0.06650673
0.06893223
0.0497919
0.006558711
-0.03113165
-0.03529103
-0.01478071
0.01843696
0.05061044
0.06366953
0.05697145
0.04931589
0.05134824
0.05571951
0.04397542
0.01638272
-0.008259307
-0.01243507
0.006631331
0.03694855
0.0455368
0.01071022
-0.03970344
-0.07218607
-0.06510292
-0.0405896
-0.03192412
-0.05109535
-0.07619591
-0.07793982
-0.04075561
0.02185492
0.0522963
0.03046501
-0.0278846
-0.07668618
-0.07799735
-0.05868772
-0.05602055
-0.07151294
-0.0877001
-0.08482376
-0.04153443
0.0292697
0.09852358
0.1182403
0.07977902
0.02809567
-0.01088528
-0.04482046
-0.0680081
-0.07476375
-0.0697472
-0.04557942
0.005536541
0.05849004
0.06973337
0.0429611
0.005464714
-0.04122382
-0.1025075
-0.152872
-0.1631558
-0.10612
0.08210523
0.2635303
0.2757243
0.1732559
0.06036098
-0.04286912
-0.1159539
-0.09716829
-0.002401774
0.1176778
0.1768042
0.1356151
0.06751807
0.03079002
0.02851126
0.0429991
0.05139257
0.04530428
0.02663708
-0.007480784
-0.05823241
-0.1046617
-0.09879863
-0.02773681
0.119032
0.2610988
0.260025
0.1429799
0.006805752
-0.08947933
-0.04656782
0.163535
0.4035258
0.4372387
0.3023548
0.1548848
0.05836063
0.003127539
-0.05732956
-0.17919
-0.3442078
-0.478667
-0.5007426
-0.3871989
-0.1802068
-0.01388593
0.09146783
0.05145089
-0.03403819
-0.04369471
0.01476863
0.08433167
0.1600294
0.2475053
0.2799503
0.2241567
0.117009
0.006912546
-0.08597496
-0.1183273
-0.07565867
0.03256172
0.1397447
0.1442861
0.06381405
-0.01957682
-0.09307389
-0.1639349
-0.1927383
-0.165699
-0.08578733
0.07380142
0.2979882
0.4217728
0.3511952
0.1946084
0.04313026
-0.05843395
-0.03805026
0.1293485
0.3662613
0.4266711
0.3172914
0.2127963
0.1692554
0.1211854
0.04378336
-0.02311664
-0.03105959
0.01382287
0.07646774
0.1298261
0.1528596
0.1274042
0.06185066
-0.006054553
-0.0465161
0.007348321
0.1818873
0.3696528
0.380166
0.2131662
-0.04317201
-0.2419912
-0.3223631
-0.3965473
-0.4669131
-0.4677026
-0.3747475
-0.2288638
-0.1174874
-0.1039377
-0.1156487
-0.03790915
0.1836858
0.3864843
0.3891169
0.2460648
0.03332902
-0.2018079
-0.4155907
-0.5580383
-0.5778856
-0.5024949
-0.2694658
0.1848082
0.4399521
0.2380011
-0.09613018
-0.2262422
-0.09976573
0.07290151
0.1686991
0.1859968
0.1835426
0.1675933
0.08574489
-0.05747938
-0.1956079
-0.2571364
-0.224541
-0.1320137
-0.03633175
-0.01594497
-0.03052606
0.01085677
0.06885467
0.1029965
0.0605245
-0.1224199
-0.2157243
-0.1434817
-0.04710442
-0.04084259
-0.08710781
-0.1025196
-0.04291895
0.07461682
0.168015
0.1860954
0.1518246
0.08039598
-0.04448321
-0.170136
-0.1926995
-0.05014764
0.1203369
0.1570721
0.01434547
-0.1862597
-0.3262459
-0.4206362
-0.4579958
-0.3302729
-0.121519
-0.03841337
-0.08789236
-0.1339927
-0.1219375
-0.1084783
-0.1563679
-0.1939766
-0.053099
0.1851341
0.2549226
0.1620354
0.06415235
0.01804255
-0.02669699
-0.1110265
-0.1715248
-0.1573148
-0.08728041
-0.04472711
-0.08131496
-0.159577
-0.2140617
-0.2022137
-0.1481456
-0.09782769
-0.08544962
-0.09586415
-0.09531787
-0.07714831
-0.05670298
-0.04614972
-0.04641024
-0.05230044
-0.05642977
-0.05113991
-0.01965387
0.02074993
0.02855951
0.002709918
-0.03173544
-0.05078226
-0.04842121
-0.03981754
-0.03897541
-0.04236332
-0.03346758
-0.001611655
0.009053005
-0.03562544
-0.1390567
-0.2679422
-0.3293961
-0.2880134
-0.1915631
-0.1191327
-0.1212935
-0.1596139
-0.1778368
-0.1632943
-0.1299736
-0.07188362
-0.01201085
-0.0009248925
-0.02599614
-0.03686927
0.01615168
0.1080613
0.1525294
0.122954
0.06240779
0.01126644
-0.009629198
-0.02035231
-0.05470038
-0.1067109
-0.1281658
-0.1052031
-0.04546199
0.01680905
0.0404828
0.048966
0.08584091
0.1270672
0.1230298
0.0642568
-0.01092284
-0.02007489
0.03733667
0.1094186
0.1262599
0.09551417
0.07239601
0.05952659
0.03207279
0.01793128
0.0443727
0.1082362
0.1565846
0.1333913
0.05588714
0.002376139
0.020761
0.09306684
0.1573305
0.1498993
0.1021276
0.07797656
0.09304808
0.1157359
0.1184435
0.110444
0.1277393
0.1944134
0.2767475
0.3005402
0.2623463
0.196749
0.1393443
0.1086335
0.09609791
0.08453894
0.07542496
0.092427
0.141022
0.1932818
0.1986938
0.1504734
0.07231251
0.02805779
0.0473075
0.08153143
0.08305306
0.04413735
-0.004835308
-0.0181309
0.0165914
0.06684552
0.09079408
0.07068606
0.0269725
-0.006308485
-0.01478155
-0.01460301
-0.0243666
-0.04335947
-0.05700452
-0.05207152
-0.01087916
0.06543558
0.1161684
0.102172
0.04151224
-0.009316362
-0.002967392
0.03171917
0.04671088
0.0319892
0.008417454
-0.005916072
-0.02086255
-0.05175555
-0.07852491
-0.08044908
-0.07418213
-0.08414199
-0.1197972
-0.1681808
-0.1859229
-0.136954
-0.01107358
0.07436538
0.0500414
-0.01878181
-0.0550514
-0.02712286
0.0438123
0.1196079
0.1321025
0.08918813
0.05229126
0.05644852
0.09530137
0.1353031
0.1343449
0.08905335
0.02807112
-0.007140849
-0.007856182
-0.003403064
-0.0118386
-0.02710983
-0.03773007
-0.04399081
-0.05763271
-0.0930546
-0.1419573
-0.1652829
-0.1393746
-0.0805634
-0.008228634
0.03429756
0.02835823
0.005806651
-0.007586053
-0.0007749857
0.03118592
0.08356715
0.1265959
0.1296325
0.1038147
0.07234658
0.04144694
0.01912605
0.01860357
0.03847603
0.06681081
0.06934488
0.05149019
0.0403716
0.05873989
0.1041945
0.1232717
0.09401499
0.04436654
0.02390872
0.04337867
0.07032235
0.06932686
0.02183146
-0.03111002
-0.04480139
-0.02826081
-0.01174725
-0.005599598
-0.002377948
0.006612403
0.02709042
0.05442586
0.0759438
0.0778095
0.05811937
0.03107397
0.003329599
-0.02010176
-0.02870533
-0.02452024
-0.02230925
-0.02933347
-0.04079281
-0.04075197
-0.01498777
0.02400135
0.04305859
0.03575976
0.0213554
0.006461709
-0.01905713
-0.05454139
-0.0780234
-0.07282963
-0.04351427
-0.008082894
0.0008058016
-0.03240551
-0.09738515
-0.1669991
-0.1864856
-0.1245461
0.005471815
0.09549276
0.07005126
-0.02458796
-0.1030785
-0.1079888
-0.06781619
-0.04412165
-0.05052359
-0.06102091
-0.05738212
-0.04431147
-0.03548671
-0.04388991
-0.08636572
-0.1314908
-0.12087
-0.02489752
0.1111156
0.1332043
0.03237525
-0.08882914
-0.1342926
-0.09962836
-0.05025277
-0.03388516
-0.04872403
-0.06066774
-0.05948192
-0.06546981
-0.1011056
-0.1449924
-0.1493111
-0.1117954
-0.05405852
-0.0121639
-0.01408369
-0.04811362
-0.07585039
-0.07036599
-0.0399322
-0.01132026
-0.006318158
-0.01504436
-0.02050084
-0.02806613
-0.05789213
-0.1104632
-0.1520689
-0.1542167
-0.1205937
-0.04321813
0.060143
0.1176221
0.09701164
0.03915031
-0.01945008
-0.06304075
-0.08781981
-0.08365049
-0.05396688
-0.004984766
0.03345348
0.026039
-0.02289588
-0.08683509
-0.1250332
-0.1125002
-0.06588366
-0.01580878
0.007251864
0.009598924
0.02180443
0.03872831
0.02960932
-0.01621247
-0.06496765
-0.07571043
-0.06022735
-0.05215217
-0.05861344
-0.06140672
-0.04826316
-0.02586671
-0.003584227
0.0367556
0.09896051
0.1449044
0.1412886
0.1036542
0.04868306
-0.006014593
-0.05308042
-0.08763845
-0.10585
-0.102281
-0.07123981
-0.02303474
0.01904368
0.02953542
0.009494897
-0.01257401
-0.01406985
-0.002192702
0.001432911
-0.01038908
-0.02541457
-0.01797755
0.01806743
0.01273765
0.1077148
0.1728509
0.06681378
-0.1185701
-0.1911618
-0.1098882
0.0212744
0.07924956
0.03889996
-0.03155155
-0.08048181
-0.08746339
-0.08104021
-0.08102419
-0.08913949
-0.1005768
-0.1129729
-0.121007
-0.1071131
-0.0602588
0.001858496
0.0408333
0.04143083
0.02414391
-0.009269852
-0.06564303
-0.1098414
-0.1232281
-0.1162087
-0.1045883
-0.08889733
-0.06133748
-0.009532604
0.05939645
0.1052904
0.1195538
0.1182003
0.1113784
0.08682779
0.04241126
0.007587035
-0.001062094
-0.00425682
-0.03425045
-0.0826092
-0.1116545
-0.107815
-0.08517084
-0.04837782
0.02432489
0.1169674
0.1681597
0.1489431
0.09655428
0.03500387
-0.03125252
-0.08310173
-0.08319432
-0.03620807
0.03136415
0.09799797
0.1450827
0.1589922
0.147321
0.1242395
0.08343414
0.02884885
-0.01490686
-0.02737264
-0.008922288
0.03841482
0.09430156
0.1071444
0.07369241
0.03550585
0.04833154
0.1194588
0.192648
0.1887912
0.1116449
-0.01895187
-0.1521274
-0.2168002
-0.1824235
-0.05069807
0.1607927
0.2696275
0.2222103
0.1386526
0.1157042
0.1515957
0.1793265
0.1499822
0.08898139
0.06523198
0.09123415
0.1442687
0.1843369
0.1770516
0.1244176
0.0286263
-0.09437941
-0.1993604
-0.2260463
-0.1746397
-0.01342086
0.1359583
0.1505095
0.1217316
0.1404924
0.1788424
0.1712081
0.08250471
-0.05398769
-0.08313313
-0.02581499
0.01845181
0.01388984
-0.008069903
-0.01058295
0.01062324
0.03864863
0.05674775
0.05843639
0.04590919
0.02963881
0.02049995
0.02940565
0.04374286
0.01982315
-0.04665927
-0.1060264
-0.08960151
0.003052345
0.05941457
0.01533665
-0.08246713
-0.1368803
-0.09378842
0.02872129
0.1435732
0.1621484
0.1079035
0.05812203
0.06722364
0.1316154
0.1971748
0.2105243
0.1860194
0.1645652
0.1478269
0.1306787
0.1234738
0.1232795
0.123117
0.1203302
0.1171474
0.1091238
0.08735135
0.07465626
0.08429816
0.1036083
0.1119816
0.09169868
0.04770324
0.0114852
-0.008280927
-0.01638206
-0.01852253
-0.02177062
-0.0292046
-0.04317877
-0.05794801
-0.05295942
-0.003976899
0.05998249
0.08164044
0.06275007
0.03559313
0.01248762
-0.01751663
-0.04129369
-0.04003272
-0.01319299
0.0182731
0.0274668
0.005874148
-0.01599936
-0.006606746
0.03553345
0.09615199
0.1321289
0.121394
0.09066448
0.07559567
0.08071457
0.08439923
0.07442646
0.06010361
0.05734419
0.06349533
0.06687033
0.05662389
0.02131031
-0.02021515
-0.04167871
-0.03653118
-0.01885354
-0.002435775
0.0102485
0.0111467
-0.03602725
-0.104264
-0.1156925
-0.05521319
0.0525351
0.1210004
0.08141973
-0.0215677
-0.09386517
-0.08861359
-0.02815378
0.04417545
0.07685496
0.05479946
0.01014374
-0.02289919
-0.03286613
-0.031124
-0.02468909
-0.014667
-0.0007286221
0.01251929
0.007167987
-0.02841249
-0.08978222
-0.1427692
-0.1400281
-0.0797449
0.0169685
0.1177728
0.1284855
0.05003682
-0.05865978
-0.1422074
-0.1487397
-0.07265464
0.02629283
0.08638615
0.06786155
0.01596427
-0.008041345
0.01229596
0.0442486
0.05695883
0.046101
0.01826732
-0.01500797
-0.03619982
-0.04014155
-0.03179044
-0.01631617
-0.002555565
-0.0004793538
-0.0171402
-0.03397982
-0.02695585
0.003985043
0.04273364
0.05986338
0.04471068
0.0128468
-0.02822214
-0.06253536
-0.06550162
-0.04886028
-0.03151492
-0.01783361
-0.003525635
0.01573423
0.04020061
0.06617276
0.0720259
0.04520067
-0.003871606
-0.06584979
-0.09808136
-0.09390086
-0.08452543
-0.08796442
-0.09729364
-0.09645057
-0.07679136
-0.03515319
0.01215635
0.01848998
-0.01790193
-0.0570883
-0.06652914
-0.04127744
-0.001469863
0.02431264
0.01690586
-0.01451763
-0.05516085
-0.09443659
-0.1195396
-0.1203174
-0.09297874
-0.05625613
-0.0331063
-0.0335448
-0.04800231
-0.05325296
-0.0288074
0.02765291
0.08202188
0.09652781
0.06734748
0.007686621
-0.04941522
-0.07500524
-0.07120974
-0.05219567
-0.03030589
-0.01378433
-0.01273125
-0.0306188
-0.05949485
-0.08763512
-0.09298228
-0.06514219
-0.02083018
0.02024122
0.04927186
0.06570299
0.0685207
0.05049172
0.009260697
-0.03551781
-0.05826998
-0.04234281
0.002331174
0.04222929
0.05412073
0.04319391
0.0215821
0.001108165
-0.01515521
-0.03432
-0.05826424
-0.07260108
-0.0587018
-0.004961161
0.05528084
0.07302327
0.04228142
-0.001251479
-0.02000056
-0.0145708
-0.00585143
-0.003035041
-0.004117652
-0.006605981
-0.01126083
-0.01527267
-0.01717858
-0.01786221
-0.01450555
0.001596159
0.03154869
0.05450847
0.05825316
0.05352608
0.05379877
0.05876143
0.05764067
0.0349074
-0.009664821
-0.05941632
-0.0808867
-0.06732797
-0.02955939
0.003449997
0.0007819173
-0.02474479
-0.04403145
-0.03914685
-0.01760429
0.00327398
0.006184988
-0.01343878
-0.04674963
-0.07828183
-0.08435472
-0.06527011
-0.03241531
-0.01430574
-0.02303019
-0.03529194
-0.03283736
-0.01982327
-0.00961157
-0.009608801
-0.02489672
-0.06241242
-0.1021331
-0.1148176
-0.09672458
-0.05381344
-0.01873901
-0.01914725
-0.0382809
-0.0474794
-0.04279179
-0.03632074
-0.03673847
-0.04231715
-0.04822151
-0.05306696
-0.0573635
-0.05699734
-0.04215039
-0.009330216
0.01928927
0.0177723
-0.005820403
-0.0285453
-0.03713974
-0.03075369
-0.02325659
-0.02365135
-0.03058819
-0.03781493
-0.04143644
-0.04296026
-0.04428975
-0.04168329
-0.03167052
-0.01898736
-0.0101032
-0.004788159
-0.0004781566
0.003838714
0.004932499
-0.001889021
-0.01337993
-0.02049918
-0.02078804
-0.02033033
-0.0242425
-0.03813574
-0.06052571
-0.07852591
-0.0772632
-0.05876545
-0.03079787
-0.01533861
-0.02023485
-0.02649417
-0.02186769
-0.01151633
-0.003965856
-0.005137482
-0.0114028
-0.0147594
-0.009330191
0.003406609
0.01387554
0.01233325
0.00240483
-0.006693305
-0.009297175
-0.004278098
0.001855492
0.00200739
-0.006267796
-0.01700633
-0.02449009
-0.0310685
-0.04461978
-0.06559888
-0.08248768
-0.08621341
-0.07169915
-0.03553266
0.01625709
0.0615592
0.07664258
0.06135513
0.03748005
0.0305492
0.04194927
0.05219502
0.04871624
0.03747372
0.03006777
0.02983387
0.03224653
0.03336489
0.03195181
0.02904054
0.0252858
0.01995944
0.01113266
-0.002925377
-0.01722904
-0.02176693
-0.01757426
-0.01449538
-0.01577791
-0.01765108
-0.01549687
-0.004753828
0.01438915
0.03256683
0.03848786
0.03040581
0.01995479
0.01509954
0.01491326
0.01697337
0.02055439
0.03512689
0.05969762
0.07450304
0.06148944
0.0235393
-0.01420806
-0.02726802
-0.01624819
0.005351525
0.02412563
0.02530185
0.0085231
-0.01084518
-0.02129453
-0.02272488
-0.01625809
-0.007017786
-0.0005704664
0.0008958651
-0.005142024
-0.0140235
-0.01980891
-0.02094932
-0.01829062
-0.01590918
-0.01593591
-0.01813709
-0.02027778
-0.02103159
-0.02074049
-0.01814825
-0.01169325
0.000376758
0.01291561
0.01498167
0.001242324
-0.02052543
-0.03275675
-0.02670963
-0.01272212
-0.004781931
-0.00500402
-0.007359123
-0.007350399
-0.007304014
-0.01100684
-0.01880007
-0.02689633
-0.02812342
-0.0170256
-0.001456665
0.005309776
-0.005216734
-0.03141649
-0.05183886
-0.05229612
-0.03364106
-0.00852988
0.01113213
0.02509102
0.03285042
0.03477527
0.02909169
0.01042905
-0.0132906
-0.02866015
-0.02629686
-0.01298912
-0.002721501
0.001745937
0.006569564
0.01424844
0.01873411
0.01143124
-0.005287191
-0.01852896
-0.01586185
0.003009811
0.02465192
0.03644092
0.03053762
0.01144894
-0.002407521
0.002032441
0.01510395
0.02059566
0.006443654
-0.02276805
-0.04475011
-0.04239107
-0.01595425
0.01543114
0.03028939
0.01910964
-0.004809166
-0.02295962
-0.03291718
-0.04052908
-0.0479971
-0.05053676
-0.04195294
-0.02297071
-0.004717449
0.002394777
-0.002827711
-0.01566842
-0.02677213
-0.02763976
-0.01301451
0.0107082
0.0299387
0.03742175
0.03566494
0.02834146
0.01290074
-0.00650528
-0.023381
-0.03618336
-0.04180105
-0.03903677
-0.02848904
-0.01619177
-0.006105523
-0.001128172
-0.006547157
-0.01814713
-0.02459222
-0.02011268
-0.01329719
-0.0113197
-0.01277196
-0.01373501
-0.01390975
-0.0154887
-0.0201377
-0.02694459
-0.02998794
-0.02477375
-0.01712829
-0.01232666
-0.008820804
-0.005341361
-0.005856281
-0.01099059
-0.01911358
-0.02427187
-0.01870067
-0.007245848
0.001506232
0.006915087
0.01089814
0.01228952
0.007950583
-0.001262592
-0.009291039
-0.01029648
-0.005307842
-0.000713962
0.001114943
-0.001189236
-0.004688518
-0.00617073
-0.005733534
-0.003250557
-4.679578E-05
0.002744041
0.004899865
0.006517737
0.007500748
0.007574622
0.004688025
-0.00264541
-0.01328807
-0.02373616
-0.03120206
-0.02922069
-0.01766374
-0.005603346
0.001394688
0.0009643262
-0.002490108
-0.003179585
-0.001418141
-0.0003984642
-0.001319425
-0.003055299
-0.005184504
-0.008435171
-0.01207069
-0.01592748
-0.01898718
-0.01773752
-0.01392359
-0.01107486
-0.009301309
-0.006778138
-0.003150329
0.0008839275
0.004440344
0.002792397
-0.005721455
-0.01539627
-0.02165491
-0.02215906
-0.01892909
-0.01471233
-0.01165949
-0.009154893
-0.005798068
-0.001428181
0.003089944
0.006521814
0.005957828
0.0009937958
-0.00429193
-0.006781981
-0.001022703
0.009069277
0.01161783
0.002959896
-0.009684309
-0.01845859
-0.02144129
-0.0147513
0.001235555
0.01596411
0.01833965
0.006097286
-0.009693465
-0.01476926
-0.006366947
0.004552885
0.007260045
-0.0006421446
-0.009980167
-0.01424442
-0.0143706
-0.01328127
-0.013809
-0.01583035
-0.01688193
-0.01073324
0.001854523
0.0125813
0.01591955
0.008411923
-0.005115567
-0.01522235
-0.01454551
-0.00725339
-0.002642255
-0.002402157
-0.004252557
-0.005048408
-0.003918846
-0.002380698
-0.001845488
-0.002898854
-0.005049537
-0.007634651
-0.008931413
-0.008274316
-0.004092991
0.00181844
0.007266379
0.008357604
0.004170484
-0.000140772
0.0002112005
0.009705115
0.02464883
0.03705854
0.03807124
0.025172
0.008309161
-0.004641526
-0.00880572
-0.004354876
-0.0002991024
-0.0007169709
-0.002247338
-0.00143006
0.001466882
0.00389488
0.001993767
-0.002686765
-0.006500094
-0.008550152
-0.009977964
-0.01081829
-0.01088924
-0.01023066
-0.007890405
0.0008055415
0.01463651
0.02726677
0.03230674
0.02788528
0.01406783
0.0007108652
-0.006077875
-0.006551505
-0.001901508
0.002678426
0.003567458
0.002153703
0.002029738
0.003848139
0.005957886
0.006480501
0.0048155
0.003548364
0.006851953
0.01247066
0.01527115
0.01498316
0.01512576
0.01732824
0.02023027
0.0225583
0.02536609
0.02837082
0.02764388
0.02176437
0.01445294
0.009648546
0.008058094
0.007263172
0.005898995
0.00392352
0.001913942
0.000164421
-0.0008067007
0.0001788409
0.005219218
0.01188849
0.0166911
0.01404006
0.001680689
-0.01301444
-0.02173231
-0.0194636
-0.01005732
0.003296673
0.01465327
0.0189779
0.01697934
0.01457837
0.01469454
0.01427055
0.009582964
0.0003517702
-0.009688245
-0.0136589
-0.01143105
-0.00609228
0.0001404809
0.005940017
0.01001632
0.01115351
0.009353871
0.005003188
0.002378923
0.004594189
0.009535724
0.01451477
0.01664328
0.01658979
0.01564417
0.01534418
0.01629695
0.01870949
0.02173486
0.0239321
0.02284187
0.01645393
0.008076447
0.0002478314
-0.007619975
-0.01301149
-0.01138529
-0.002606547
0.005887465
0.00431455
-0.006550839
-0.01645995
-0.01647207
-0.009092028
-0.003417007
-0.005203224
-0.01362619
-0.02367656
-0.02907298
-0.02198788
-0.003015837
0.0194848
0.03288628
0.030222
0.01545805
0.001208573
-0.001783824
0.004634102
0.01041356
0.009181747
0.004321075
0.001716882
0.003398541
0.009590351
0.01703021
0.02239391
0.02422149
0.02237233
0.02051701
0.02018741
0.01794671
0.008202178
-0.006301928
-0.01975493
-0.02717808
-0.02584353
-0.01818936
-0.009138149
-0.003107795
-0.0009094877
-0.0001586092
-0.001024429
-0.002963624
-0.004367318
-0.002462067
0.001871605
0.004030871
0.00277981
-0.001180674
-0.005069706
-0.007227001
-0.007140272
-0.006359571
-0.006278994
-0.00780876
-0.01083671
-0.01437763
-0.01518241
-0.00920513
0.002896251
0.01538665
0.0215284
0.02094892
0.0155268
0.01069053
0.009406052
0.01014392
0.01042282
0.006596769
0.0005562567
-0.003598768
-0.003853465
-0.002208839
-0.002148739
-0.003131133
-0.002501858
0.001562804
0.008357483
0.01255551
0.009389492
0.001519938
-0.003703593
-0.004470395
-0.003351171
-0.002603385
-0.002590595
-0.003393217
-0.004931516
-0.006004358
-0.005731828
-0.004965129
-0.004484084
-0.002916506
0.0005705572
0.006627102
0.01249359
0.01503766
0.01515905
0.01466616
0.01327563
0.00932338
0.001474586
-0.006483461
-0.00839982
-0.002435037
0.004690243
0.005706172
0.001391648
-0.003707029
-0.006365303
-0.004367123
-0.0002987097
0.002880041
0.004259537
0.005034494
0.006256426
0.007763529
0.008753955
0.009033187
0.009229137
0.01097305
0.01342887
0.01436516
0.01100256
0.004079244
-0.003194508
-0.005766767
-0.002448867
0.002557188
0.006301639
0.00765978
0.00781878
0.007799891
0.007990719
0.007924079
0.007144511
0.004556537
-0.0004925363
-0.003830861
-0.003280991
0.002031977
0.008814167
0.01379551
0.01545285
0.01323248
0.009623599
0.006063208
0.003443589
0.00241829
0.003216554
0.005472767
0.008291252
0.01064043
0.0113924
0.01107044
0.01179489
0.01441274
0.01732755
0.01939104
0.02008398
0.01822992
0.01413217
0.009599528
0.009755628
0.01409836
0.01994411
0.02333749
0.02094638
0.01478213
0.00720988
0.002060142
0.003818691
0.008273968
0.01008783
0.00813978
0.004633686
0.003380849
0.004604547
0.006019886
0.006661115
0.007399694
0.008706585
0.01016135
0.0104131
0.009283289
0.007413206
0.006055907
0.005604229
0.00653566
0.008803776
0.01216942
0.01514429
0.01683918
0.01563317
0.0116003
0.005808731
0.002625207
0.006805939
0.01667241
0.02473912
0.02612323
0.02060942
0.01267103
0.008778567
0.01131376
0.01543796
0.01756945
0.01663229
0.01476693
0.01472482
0.01690015
0.02020537
0.0217736
0.02199582
0.02451703
0.02921214
0.0310381
0.02807353
0.02168835
0.0169896
0.01779019
0.0211288
0.0230064
0.0210505
0.0175059
0.01511705
0.01343147
0.01064512
0.005810575
0.001191667
-0.0004157832
0.001270167
0.004137131
0.005674439
0.00684192
0.009898683
0.01518954
0.0183817
0.01592627
0.01128818
0.008687303
0.01134991
0.0161314
0.01863613
0.01800052
0.01614554
0.01616898
0.01849874
0.02185811
0.0239376
0.02360225
0.02225152
0.02111593
0.0192268
0.01558901
0.01041688
0.007123631
0.007287963
0.0100722
0.0131519
0.01560026
0.01699526
0.0174035
0.0152059
0.01046554
0.004685702
0.002469527
0.004618103
0.01025309
0.01599864
0.01927541
0.02015046
0.01974046
0.01939177
0.01894308
0.01746076
0.01425712
0.009417556
0.003252168
-0.002065189
-0.004435007
-0.004137536
-0.002375274
-0.00163253
-0.002519857
-0.004746045
-0.006410555
-0.006282433
-0.00396854
-0.0006704032
0.002960924
0.005926834
0.007845176
0.009586457
0.01236956
0.01744396
0.02281927
0.02370725
0.01573985
0.001722476
-0.008420185
-0.007913768
-0.0007997956
0.004200605
0.004771216
0.002657878
0.0002726022
-0.001357573
-0.00254802
-0.003880423
-0.004969045
-0.005135733
-0.00398186
-0.003441818
-0.00473008
-0.005759146
-0.004731191
-0.001232229
0.003620146
0.008572055
0.01100999
0.01090988
0.00932754
0.007328134
0.005257089
0.003915799
0.003540775
0.003898534
0.00502178
0.007295214
0.0089516
0.008722033
0.004662574
-0.00112894
-0.005451905
-0.005512839
0.0002390458
0.007568369
0.01139557
0.009147673
0.004851745
0.001900701
0.001156944
0.0008094545
-0.001291882
-0.004519339
-0.007071655
-0.007569077
-0.006354803
-0.004406116
-0.002418649
-0.0003787757
0.0009633258
0.001753808
0.003870183
0.007190225
0.01026427
0.01222491
0.01341014
0.01388604
0.01412185
0.01466647
0.01651572
0.01982397
0.02268713
0.02355007
0.02109964
0.01620747
0.01054446
0.006552018
0.004441172
0.003192487
0.001203882
-0.001381219
-0.002277818
-0.0003765246
0.00383997
0.007607059
0.00980075
0.01078376
0.01145571
0.01167533
0.01117269
0.009873752
0.007434819
0.004664392
0.002656594
0.001782506
0.001893076
0.002852964
0.004624758
0.007590045
0.01112304
0.01339923
0.01368654
0.01189631
0.008320882
0.003879028
-0.001563746
-0.009343618
-0.01699081
-0.01787336
-0.01279424
-0.005628578
0.0001534174
0.003513073
0.005875868
0.008041618
0.008918588
0.007643583
0.004597536
0.001582857
-4.771075E-06
0.002504425
0.008554031
0.01475661
0.01799104
0.01712741
0.0138882
0.01031209
0.007343422
0.004699882
0.002158866
0.001005561
0.001316849
0.002810622
0.005424385
0.009180433
0.01418834
0.01882483
0.01955563
0.01680159
0.0119526
0.005359874
-0.001316046
-0.005418632
-0.006975727
-0.00696613
-0.00595125
-0.004954149
-0.005262959
-0.006689276
-0.008948453
-0.01397633
-0.02092284
-0.02539554
-0.02439747
-0.01995675
-0.01561259
-0.01448049
-0.01628584
-0.01952993
-0.02083379
-0.01949174
-0.01579517
-0.011919
-0.009556065
-0.008237668
-0.00727174
-0.007905912
-0.01005339
-0.01257396
-0.01413374
-0.0145925
-0.01342277
-0.01120163
-0.008811055
-0.006939933
-0.005445979
-0.004100524
-0.003156858
-0.003106835
-0.004308533
-0.006903798
-0.01085206
-0.01436435
-0.01554523
-0.01469589
-0.01320756
-0.01139459
-0.009137191
-0.006597646
-0.004943636
-0.00434854
-0.004044947
-0.004901622
-0.00851385
-0.01354433
-0.01746062
-0.01816283
-0.01630058
-0.01281083
-0.01034463
-0.009604573
-0.009991547
-0.01000062
-0.008770783
-0.006846897
-0.00452889
-0.0009561236
0.003430567
0.007395387
0.007475259
0.003776183
-0.001033077
-0.004199648
-0.002356875
0.002096095
0.003905126
0.001973319
-0.002024271
-0.00477537
-0.005236436
-0.004175843
-0.003795857
-0.005220559
-0.007728283
-0.009627518
-0.009250665
-0.006786706
-0.003334746
0.0001552835
0.003168157
0.004822127
0.005907075
0.007284081
0.008459703
0.008651207
0.007540407
0.006138367
0.005473537
0.006427139
0.008191532
0.008786688
0.00759121
0.005357263
0.003013624
0.001508507
0.002319736
0.003357699
0.002253979
-0.002218086
-0.00732521
-0.008925827
-0.006632319
-0.00238145
0.0006992474
0.001228031
-0.001728529
-0.00581989
-0.00856208
-0.007878082
-0.005764356
-0.004924027
-0.005726411
-0.007263498
-0.009858177
-0.01184513
-0.01106491
-0.00845765
-0.005587561
-0.003728326
-0.003241896
-0.00400885
-0.003993406
-0.001933399
0.00278676
0.007923681
0.01113125
0.01189878
0.01061829
0.006822316
0.002822437
0.001382407
0.002477185
0.00484702
0.006673322
0.007808551
0.009071496
0.01020635
0.0102231
0.007636598
0.004058046
0.001891513
0.0008839755
-0.0005294196
-0.003952108
-0.007837508
-0.009704345
-0.008914554
-0.007257614
-0.007113595
-0.008395635
-0.00991721
-0.01032913
-0.009833287
-0.009613125
-0.01026316
-0.01156162
-0.01362596
-0.01561086
-0.01537198
-0.01268235
-0.008878256
-0.006092596
-0.004981429
-0.005903012
-0.008399912
-0.01172427
-0.01433075
-0.01474683
-0.01221137
-0.008242465
-0.004052429
-0.001230581
0.0005202641
0.001855
0.002552062
0.002170161
0.001045439
-5.582584E-05
-0.0005599926
-0.00110581
-0.002354273
-0.004271032
-0.00576617
-0.005941741
-0.005660007
-0.005688572
-0.005536762
-0.005128488
-0.005056163
-0.00608324
-0.008089768
-0.01089052
-0.01305371
-0.01304651
-0.01120987
-0.009335718
-0.00932724
-0.01009136
-0.009943946
-0.009135416
-0.009150187
-0.01136521
-0.01428977
-0.0160486
-0.01530239
-0.01350736
-0.01382317
-0.01510365
-0.01502969
-0.01425767
-0.01427866
-0.01587555
-0.01783003
-0.01862696
-0.01649299
-0.01287311
-0.01002056
-0.008436735
-0.007242523
-0.005297731
-0.002599624
0.0003206148
0.002499054
0.003289428
0.001558247
-0.001539458
-0.004419003
-0.005853241
-0.005879746
-0.005939463
-0.007339283
-0.01031206
-0.0131366
-0.01461739
-0.01355969
-0.01092899
-0.00830839
-0.007659095
-0.008685913
-0.009995306
-0.01066478
-0.0107775
-0.01156894
-0.01329659
-0.01499688
-0.01577098
-0.01539819
-0.014834
-0.01444778
-0.01358293
-0.01245272
-0.01161179
-0.01095061
-0.01031297
-0.009889548
-0.009264217
-0.007985617
-0.005754376
-0.003127891
-0.001306751
-0.001181273
-0.003068861
-0.004628449
-0.004080721
-0.001075684
0.001457236
0.001586277
0.0002228167
-0.0008883528
-0.0007300849
-5.308391E-05
6.461327E-05
-0.001131019
-0.003229037
-0.005908935
-0.008425918
-0.01027361
-0.01112712
-0.01148767
-0.01191276
-0.01302275
-0.01477307
-0.01598136
-0.01611149
-0.01555364
-0.0159119
-0.01745516
-0.01904677
-0.01905524
-0.01657034
-0.01279232
-0.009279544
-0.007459867
-0.0071764
-0.007790452
-0.008230343
-0.008204995
-0.007719245
-0.007230748
-0.007057534
-0.007027607
-0.006875017
-0.006433692
-0.005689529
-0.004923021
-0.004321439
-0.004400221
-0.005323252
-0.006282533
-0.006455776
-0.00519253
-0.003481766
-0.002572855
-0.003784815
-0.005994637
-0.007536108
-0.008205333
-0.007805813
-0.007102162
-0.007036079
-0.007428521
-0.007583068
-0.007217189
-0.006662695
-0.00678712
-0.00719353
-0.006674543
-0.005852238
-0.005978647
-0.007997396
-0.01060797
-0.01214275
-0.01187456
-0.01009585
-0.007668623
-0.005936382
-0.005630433
-0.004824502
-0.002358219
0.0001324512
3.635377E-05
-0.003869344
-0.00857085
-0.01145978
-0.01045921
-0.007885135
-0.006755802
-0.007106285
-0.007188094
-0.00529655
-0.002478765
-0.000702626
-0.0008718235
-0.0015183
-7.490049E-05
0.003325785
0.007230367
0.008790775
0.007545951
0.003354635
-0.0006620428
-0.001922457
-0.001379057
-0.0009010448
-0.001216367
-0.002236565
-0.003534968
-0.004291031
-0.004652259
-0.005392149
-0.006754602
-0.008251741
-0.008534843
-0.007396168
-0.005430192
-0.003940114
-0.003215574
-0.002180326
-0.001118012
-0.001261807
-0.002299675
-0.003092345
-0.001900932
0.0002344805
0.001331733
0.001178974
0.000704357
7.567367E-05
-0.0006594537
-0.001415919
-0.00272589
-0.004601477
-0.006329016
-0.00769332
-0.008877964
-0.009445756
-0.009602219
-0.01047175
-0.01209564
-0.01368364
-0.01407256
-0.01314147
-0.01130254
-0.009000788
-0.006323993
-0.004002363
-0.002368316
-0.001687022
-0.001642147
-0.001689139
-0.0007540401
0.0009962163
0.002785044
0.003610257
0.003292864
0.002396837
0.001410663
0.000296346
-0.001041885
-0.002371396
-0.002516624
-0.001482952
0.001432856
0.005004278
0.00739419
0.007834699
0.006683294
0.005046179
0.004011603
0.003947732
0.00401883
0.003769694
0.004047656
0.005480869
0.00786164
0.009128042
0.00845668
0.005349898
0.001695462
-0.0002245415
0.0009958199
0.004161162
0.006975279
0.008203386
0.008342484
0.008764325
0.00954552
0.009611512
0.008324134
0.006029057
0.003860412
0.002706742
0.002792738
0.003403555
0.004045055
0.004117235
0.003640274
0.002931661
0.00264468
0.002966493
0.003738206
0.004607033
0.0053913
0.005267217
0.004065578
0.002352823
0.001755795
0.00289431
0.004447636
0.005159042
0.004617998
0.003342536
0.002318811
0.004295764
0.007535189
0.008590296
0.007705615
0.00650913
0.004964423
0.003747716
0.004036582
0.005207353
0.006032863
0.005831335
0.005055643
0.004155777
0.003370537
0.002827797
0.002876938
0.004002485
0.006097361
0.007388167
0.006910109
0.004617258
0.001893932
-0.000103743
-0.000225054
0.0001827187
-0.0006738813
-0.002279307
-0.00343357
-0.003605976
-0.003146919
-0.002424642
-0.001546948
-0.0002766663
0.001776301
0.003258882
0.00247166
-0.000630081
-0.004537605
-0.007529839
-0.00879373
-0.008670758
-0.008151753
-0.007971498
-0.008206199
-0.008486446
-0.008380638
-0.006937753
-0.00439744
-0.001665734
-0.0004975612
-0.001162398
-0.00277065
-0.003828112
-0.003658099
-0.00253942
-0.00145722
-0.0015138
-0.002204834
-0.002448814
-0.001202581
0.0005180851
0.0008962086
-0.0007709974
-0.00383272
-0.00669573
-0.007881631
-0.006751563
-0.004582186
-0.002650492
-0.00152144
-0.000801626
-0.0001019446
0.000872368
0.001828135
0.002109636
0.001947442
0.001940349
0.002660924
0.003647068
0.003698275
0.002881855
0.001804804
0.0007507278
-0.0002540512
-0.0009806293
-0.000217926
0.002458665
0.005168716
0.006280519
0.004815933
0.002745093
0.002023018
0.003409285
0.004965177
0.004764477
0.003267377
0.001589781
5.994224E-05
-0.001174556
-0.001882407
-0.002207955
-0.002292542
-0.001991846
-0.0008874863
0.001273247
0.002542696
0.001959765
0.0002279832
-0.0006996218
0.0002249034
0.001660104
0.00219617
0.001506089
0.0008923496
0.001329009
0.002931412
0.005051398
0.006944172
0.008041714
0.008347545
0.008132974
0.006872848
0.003203692
-0.001253727
-0.003968109
-0.001714595
0.0031241
0.00660411
0.006917919
0.005008761
0.00328425
0.003138149
0.004447938
0.005842061
0.006498349
0.005998235
0.004897864
0.003756725
0.002722435
0.001703341
0.0007003585
-0.001403847
-0.004714572
-0.005455676
-0.002825198
0.002172476
0.006188739
0.007473374
0.00634048
0.00408182
0.001705359
-4.156933E-05
-0.0009101304
-0.000323521
0.0008892568
0.001643312
0.001767911
0.001709578
0.002024162
0.002787648
0.003867897
0.005550676
0.007803118
0.01028659
0.01170982
0.01074424
0.007620989
0.004113723
0.0023729
0.002505581
0.003973272
0.005825235
0.00765072
0.009468113
0.0113441
0.01310676
0.01448413
0.01521095
0.0149477
0.01407846
0.0129575
0.01177607
0.0109336
0.01124758
0.01213111
0.01262264
0.01152777
0.009165024
0.006883005
0.005354014
0.004311553
0.00349596
0.003153212
0.004239165
0.005965789
0.006911485
0.005396565
0.002452479
-0.0002704895
-0.0008921239
0.001114643
0.005091653
0.008903991
0.01105992
0.01146516
0.01064459
0.009637455
0.009122493
0.00933363
0.008821607
0.006731528
0.004416357
0.00317763
0.004136902
0.00666321
0.009494173
0.01138648
0.01172948
0.01085724
0.009120957
0.007216779
0.006139036
0.006634583
0.008426223
0.01054451
0.01174236
0.0121408
0.01238154
0.0126371
0.01267453
0.0119933
0.01041778
0.008132653
0.006420789
0.005906859
0.006385418
0.007293533
0.008674294
0.01080875
0.01300491
0.0135851
0.01241385
0.01005587
0.008456421
0.008292847
0.008913567
0.009187098
0.008827528
0.008266216
0.007848257
0.007497844
0.006887349
0.005938992
0.005249554
0.0052418
0.006026105
0.006926571
0.007387389
0.007200561
0.006974005
0.007431677
0.008394382
0.009210735
0.00887989
0.008204219
0.008901012
0.01067867
0.01212795
0.01141462
0.009502104
0.008319643
0.008289293
0.008620382
0.008340716
0.007136032
0.004753649
0.001875335
-0.0006718553
-0.00180977
-0.001831183
-0.001482585
-0.001233008
-0.0008677646
0.0005034645
0.002368336
0.0036094
0.004433643
0.005442093
0.006612202
0.007247928
0.006766835
0.005416152
0.00371941
0.002861359
0.002435405
0.001158058
-0.002073937
-0.006000904
-0.007760388
-0.007145033
-0.005233629
-0.003612457
-0.002734712
-0.002838587
-0.003149253
-0.002802457
-0.001197302
0.00103486
0.002304021
0.002059943
0.0007042333
-0.0002037088
-0.00023468
-0.0001723746
-0.0006547804
-0.001638815
-0.002705715
-0.003462535
-0.00361334
-0.003353581
-0.002865399
-0.002326482
-0.001978883
-0.002221043
-0.003083795
-0.004434807
-0.004999781
-0.004277825
-0.00273296
-0.001612008
-0.001591923
-0.002139095
-0.002013464
0.0001244737
0.003361661
0.006093626
0.006102248
0.003742354
0.001130215
-0.0001800613
-2.4223E-05
0.001069543
0.002068323
0.001679634
0.0003219497
-0.0009773116
-0.001575413
-0.001995635
-0.003251548
-0.005505438
-0.008008345
-0.008900383
-0.008187154
-0.006562089
-0.005389173
-0.005126301
-0.004599061
-0.003360554
-0.002259745
-0.001864762
-0.002009389
-0.002290284
-0.002487999
-0.002641437
-0.002866153
-0.003206453
-0.00373082
-0.00414319
-0.003858168
-0.002464626
-0.0001584672
0.001950431
0.003105876
0.002752861
0.001544865
0.000363277
0.0003941569
0.001756068
0.004011202
0.006031337
0.007177426
0.006661042
0.00436643
0.0005339246
-0.002831362
-0.004597145
-0.005762786
-0.006981381
-0.007580241
-0.007710722
-0.007988548
-0.008724537
-0.009334127
-0.008896447
-0.007249827
-0.004963232
-0.003485177
-0.003254986
-0.003925874
-0.004403183
-0.00421044
-0.003761977
-0.003527522
-0.003581607
-0.003450822
-0.002859189
-0.002220631
-0.001819015
-0.00154121
-0.001224529
-0.0007967384
0.0002256949
0.001759661
0.003098683
0.003712315
0.003410997
0.0023608
0.0009388142
-0.000501799
-0.001485542
-0.001491294
0.0001447323
0.003167541
0.006722426
0.009417185
0.01037422
0.01030647
0.01019061
0.01022426
0.009731897
0.00807028
0.005252301
0.001955192
-0.001017004
-0.002875118
-0.003059483
-0.002196391
-0.0009976919
0.0004190524
0.001644258
0.002165856
0.00229338
0.002581442
0.003670097
0.00511925
0.006209952
0.006971216
0.007699359
0.008101663
0.007665408
0.006144871
0.0050168
0.005188535
0.006027369
0.005883386
0.003813874
0.001509359
0.0004425587
0.001148171
0.002368994
0.002855524
0.001989558
0.0001409219
-0.00108581
-0.0009795924
0.0001251829
0.001237789
0.001991671
0.002210031
0.002555129
0.003706495
0.005209166
0.006394081
0.006748366
0.006759217
0.007114514
0.007541514
0.007445436
0.006412004
0.00534482
0.005663318
0.006567638
0.006715097
0.005662509
0.004499413
0.004496912
0.005378095
0.006187077
0.005747358
0.004361632
0.003359179
0.00377738
0.005428566
0.007014242
0.007587317
0.006504492
0.004239108
0.001610625
-4.577369E-05
-0.0005194234
-0.0002539965
-0.0002253409
-0.0007888202
-0.001065757
-0.0005752429
0.0002901188
0.0008759661
0.000933793
0.0008012798
0.0008944844
0.001448436
0.00229767
0.00326846
0.003985806
0.004474387
0.005250074
0.005837454
0.005375079
0.004543883
0.00412174
0.004265989
0.003910102
0.002121742
0.0003300817
-0.0002298218
0.001274133
0.003676557
0.00552442
0.005724276
0.004295811
0.00218986
0.0004073227
-0.0007665158
-0.001473445
-0.001643999
-0.0005137632
0.001226706
0.002232393
0.002703243
0.003370907
0.004066923
0.004417818
0.00419472
0.003971091
0.004259005
0.005098085
0.005546607
0.003958828
0.001197395
-0.0008166462
0.0003805253
0.003621269
0.006819681
0.007908244
0.006728038
0.005360413
0.005054651
0.005862935
0.006807376
0.007343192
0.007246119
0.006592094
0.00536086
0.004355476
0.004210717
0.00388703
0.002715675
0.001148394
-0.0001384953
-0.001012021
-0.0020308
-0.003224045
-0.003844314
-0.003475554
-0.001980591
0.0004269227
0.003129155
0.004957195
0.005966498
0.006786196
0.007314857
0.007053281
0.005881722
0.004044183
0.001780711
9.709722E-05
-0.000777689
-0.001261731
-0.002022077
-0.00340389
-0.005219919
-0.006991692
-0.007976456
-0.007656265
-0.005826682
-0.003675168
-0.002229726
-0.002799219
-0.004869553
-0.007222831
-0.007937203
-0.007108896
-0.006071738
-0.006032196
-0.007324788
-0.009157796
-0.01063727
-0.01071347
-0.009236021
-0.006474134
-0.003761891
-0.001752533
-0.0007582398
-0.000327912
-5.966834E-05
2.943616E-05
-0.0003212077
-0.001110744
-0.001654184
-0.001279217
-0.0001866259
0.001183228
0.002159976
0.002662311
0.002753494
0.002291252
0.001184035
-0.0002442563
-0.001649667
-0.002894039
-0.003659354
-0.003678756
-0.002712699
-0.001558551
-0.001391441
-0.003124918
-0.006486214
-0.009250132
-0.01041233
-0.009870102
-0.008136134
-0.005745372
-0.003828037
-0.002516938
-0.001550394
-0.001405839
-0.00247654
-0.004115561
-0.005588657
-0.006306772
-0.005901599
-0.004473809
-0.002711572
-0.001166637
-0.0003538582
-0.0001646414
-0.0002218405
-2.424929E-05
0.0003969565
0.0007318328
0.0005190961
-0.0005483043
-0.002258593
-0.003981977
-0.004974668
-0.00513426
-0.004851039
-0.00483541
-0.005268915
-0.006030087
-0.006501771
-0.006295991
-0.006042021
-0.006263152
-0.006909664
-0.007594916
-0.008159159
-0.008698903
-0.008969488
-0.008219334
-0.006766727
-0.005185676
-0.003863323
-0.002846614
-0.002692689
-0.003344634
-0.004287142
-0.004074413
-0.002639564
-0.001085156
-0.0002162316
-4.555685E-05
8.638258E-05
0.0003873468
0.00022411
-0.0005845305
-0.001759503
-0.003357601
-0.005333382
-0.006219442
-0.006105226
-0.006086813
-0.006423844
-0.006572687
-0.005758643
-0.004588367
-0.004408935
-0.006127546
-0.009293484
-0.01143118
-0.01153838
-0.009436003
-0.006395679
-0.003385546
-0.0005122287
0.001750741
0.001635417
-0.0006560002
-0.003675334
-0.005043065
-0.00435375
-0.002388087
-0.001287384
-0.002435451
-0.005750293
-0.009928521
-0.01358626
-0.01583332
-0.01666893
-0.01578535
-0.01354342
-0.01116136
-0.009075583
-0.007159832
-0.00671464
-0.007983182
-0.009738102
-0.0106372
-0.0102179
-0.008880428
-0.007326829
-0.006074738
-0.005241239
-0.004807113
-0.004314775
-0.003725394
-0.003934883
-0.004937214
-0.006057886
-0.00648409
-0.006208142
-0.006412409
-0.00705
-0.007156099
-0.006045866
-0.003931158
-0.00223774
-0.001531629
-0.001743515
-0.002445303
-0.003402722
-0.004530766
-0.005720811
-0.006734205
-0.006808307
-0.005857524
-0.0058939
-0.00715002
-0.008423911
-0.008708078
-0.008035754
-0.006772322
-0.005388175
-0.00446552
-0.004466437
-0.005714989
-0.007436289
-0.008551949
-0.008135802
-0.007078294
-0.006384666
-0.006387435
-0.006608254
-0.006381504
-0.005595203
-0.004470804
-0.003301894
-0.002297118
-0.002013496
-0.002182661
-0.002245077
-0.002446142
-0.003318359
-0.005240665
-0.007256833
-0.008251264
-0.008309192
-0.008011586
-0.008102013
-0.008610777
-0.009256316
-0.00934185
-0.008544807
-0.00678469
-0.004830233
-0.004131278
-0.004613158
-0.005559049
-0.005769881
-0.005087386
-0.004138934
-0.003832525
-0.00451231
-0.005335406
-0.00553422
-0.004296298
-0.002562766
-0.001637231
-0.001421727
-0.001201111
-0.0004412243
0.0004812121
0.0008206169
0.0004497786
-0.0003017503
-0.001142957
-0.001917337
-0.002535194
-0.002768249
-0.002654035
-0.003389746
-0.005008867
-0.006187003
-0.006359457
-0.00605172
-0.006430115
-0.007325333
-0.007410458
-0.006449126
-0.004965406
-0.003819394
-0.003206559
-0.003119933
-0.003474987
-0.004270042
-0.004790816
-0.004642622
-0.004126866
-0.003955839
-0.004525258
-0.005635083
-0.006871953
-0.007171196
-0.006640612
-0.005871995
-0.005477861
-0.005538464
-0.005669194
-0.005432177
-0.004538024
-0.003598521
-0.0031474
-0.003033286
-0.002620753
-0.001186539
0.0007668386
0.002415338
0.002660956
0.001733936
0.0005462663
0.0001947
0.001244988
0.002726845
0.003638024
0.003067926
0.001692059
0.0005364089
0.0001913455
0.0003944109
0.0001838845
-0.0007797968
-0.002213126
-0.003701297
-0.005025891
-0.00535105
-0.004859843
-0.004255409
-0.004253948
-0.00483996
-0.005269676
-0.005263212
-0.005064052
-0.00511442
-0.005567806
-0.00635894
-0.006853432
-0.006105905
-0.004133571
-0.001652017
9.973727E-06
0.0006002734
0.0001777813
-0.0003885165
-0.000523732
-0.0002201372
-6.840382E-05
-0.0008386007
-0.002295648
-0.003749046
-0.004293902
-0.004026437
-0.003680128
-0.003620055
-0.003672864
-0.003601328
-0.003306215
-0.002739557
-0.002342283
-0.00256303
-0.003245696
-0.003882559
-0.004010978
-0.003467744
-0.002149638
-0.0004570347
0.001038611
0.001144434
-0.000182071
-0.002284312
-0.003476914
-0.003319423
-0.001701789
0.000349406
0.001854058
0.002159931
0.001248295
-0.0005290274
-0.002490331
-0.00391324
-0.004818608
-0.005609509
-0.005809892
-0.005726659
-0.005896912
-0.006272523
-0.006262492
-0.005179336
-0.003915987
-0.003508801
-0.00451031
-0.006312279
-0.007736157
-0.007881558
-0.006900405
-0.006015325
-0.005818428
-0.006262288
-0.006854821
-0.007238835
-0.006742788
-0.005710384
-0.0053418
-0.005589095
-0.005729605
-0.005498674
-0.005195353
-0.005360391
-0.005682914
-0.005524916
-0.00500967
-0.004413443
-0.003235962
-0.00152512
0.0002083336
0.0009094364
0.0002460863
-0.0008486293
-0.001256685
-0.0005946978
0.0004798526
0.001257448
0.001108067
0.0002115832
-0.001045845
-0.002199531
-0.003134613
-0.003676189
-0.003527522
-0.002428319
-0.001214486
-0.0004580635
-0.0002796835
-0.0001727715
0.0002758055
0.000920288
0.00148504
0.001933584
0.002470973
0.003269897
0.004155909
0.00498629
0.005914036
0.006458922
0.005953828
0.004928862
0.004038154
0.003784364
0.00386804
0.003810434
0.003262139
0.002291596
0.001321781
0.0005167644
-0.0002343388
-0.0008214602
-0.001201001
-0.001395835
-0.001355525
-0.0009759455
-0.0003840548
0.0002120812
0.0005425037
0.0006655132
0.0007528338
0.0008514515
0.0009648462
0.001315632
0.001470081
0.000799918
-0.0003964867
-0.001485596
-0.002090957
-0.001993837
-0.0009230976
0.0007808324
0.002555513
0.003728077
0.003355002
0.0008566136
-0.000810668
0.0001780011
0.003356212
0.006109014
0.00704017
0.007741823
0.009088821
0.008395051
0.005344617
0.001863652
0.0005585785
0.0009633143
0.0004576997
-0.0004256864
0.0004305959
0.001394319
0.0005713772
-0.002029074
-0.002733499
0.0004312161
0.00500026
0.008596385
0.009977148
0.01004833
0.009696662
0.008280115
0.005875906
0.004075058
0.003613955
0.004339306
0.004693135
0.004088945
0.003164004
0.003158597
0.004585108
0.005679779
0.00516244
0.003047057
0.0006022561
-0.001329798
-0.002277402
-0.002268381
-0.001194665
0.0008655083
0.003644163
0.006271643
0.008061548
0.008358725
0.007494623
0.005837124
0.005088584
0.005909861
0.007754286
0.008931238
0.008654505
0.006936926
0.004659092
0.003079383
0.002997891
0.004253649
0.006044685
0.007521809
0.008221269
0.008417079
0.008474416
0.008502142
0.008309514
0.00775337
0.007509066
0.008019768
0.00860331
0.008525102
0.007322686
0.005713352
0.004634031
0.005299217
0.007120734
0.009141104
0.009514862
0.007541575
0.004493027
0.002802607
0.003825293
0.006360379
0.009011727
0.009913471
0.009087542
0.006785073
0.004746866
0.004269467
0.006045325
0.008126435
0.008473025
0.007283814
0.005614421
0.004267442
0.003701203
0.004142049
0.005199115
0.006301117
0.00684282
0.006263583
0.004230151
0.002303605
0.001545519
0.001866342
0.002362249
0.002689905
0.002963476
0.003420023
0.004158528
0.00524502
0.006597297
0.006714191
0.005166008
0.002852324
0.0005311246
-0.001676089
-0.003221439
-0.004124853
-0.00439758
-0.004240975
-0.003846731
-0.003411973
-0.002884118
-0.002069754
-0.001183585
-0.0005592259
-0.0005021663
-0.0007345762
-0.0009104661
-0.001265836
-0.001859654
-0.001322104
0.000113417
0.001190681
0.0008297019
-0.0007193323
-0.001206916
2.035919E-05
0.002065035
0.003388303
0.003634667
0.003383736
0.003551296
0.004721125
0.006113277
0.006793429
0.006051362
0.004906482
0.004835549
0.00573469
0.006658072
0.00660856
0.005613575
0.003797831
0.002286411
0.001888861
0.002739778
0.003910922
0.004631328
0.004518157
0.003691749
0.00265389
0.00177011
0.001092179
0.00076951
0.0006995939
0.0005598101
0.0007724867
0.001978668
0.003508497
0.00460278
0.004716967
0.004252368
0.003798755
0.003870972
0.004306538
0.004618332
0.004409322
0.003515379
0.002010493
0.0003223483
-0.0009519272
-0.001816623
-0.002427053
-0.002466715
-0.001803533
-0.0006429013
0.0009855056
0.003218406
0.004745925
0.005132106
0.005036175
0.004934047
0.004647785
0.003799444
0.0027493
0.002532593
0.003375385
0.004948885
0.005498509
0.004771688
0.004205135
0.004614879
0.005811158
0.007335937
0.008756377
0.009640393
0.00993085
0.009543876
0.008287343
0.006853268
0.00679079
0.008243537
0.01062736
0.01181825
0.01131805
0.009726451
0.00808094
0.00692214
0.006789075
0.00758621
0.008917106
0.00977049
0.00939807
0.007744048
0.005559486
0.003825418
0.00314082
0.003280445
0.003106776
0.002293004
0.001236588
0.0007348114
0.001118113
0.002389015
0.003866913
0.004935536
0.0050952
0.004365054
0.003522541
0.0032087
0.00374924
0.004595451
0.005144106
0.004865085
0.004205333
0.003792061
0.00380462
0.004037438
0.004229657
0.004265681
0.0040987
0.003390388
0.002103363
0.001306911
0.001769728
0.003495292
0.004736272
0.004656387
0.0042845
0.00437268
0.004572021
0.004381565
0.003787413
0.003228711
0.003123018
0.003597949
0.004237301
0.004713756
0.004671826
0.004266898
0.003844846
0.004345742
0.00598386
0.00728582
0.007471568
0.006513822
0.005042664
0.003634023
0.003205518
0.003482933
0.003715209
0.003350278
0.002510296
0.001765755
0.00127059
0.0007579497
-3.490358E-05
-0.0009121496
-0.0009257098
3.594091E-05
0.001440741
0.002205854
0.002177218
0.001717066
0.001716572
0.002769941
0.004075904
0.004846824
0.004644427
0.004050885
0.003779406
0.004213809
0.004945813
0.005012066
0.004131169
0.002629741
0.001690624
0.001615008
0.002019235
0.002200306
0.001818064
0.001289365
0.00106656
0.001267847
0.001776458
0.00259021
0.003607553
0.004557114
0.004579014
0.003505765
0.001660251
-2.103933E-05
-0.00095924
-0.0009004268
-0.000124823
0.001260826
0.002322921
0.002788693
0.002845333
0.002724735
0.003022671
0.003510721
0.003672101
0.003323402
0.002601223
0.001835246
0.001804903
0.002286912
0.00236896
0.001500178
0.0009040363
0.001570816
0.003018305
0.004235011
0.004446063
0.004252786
0.004435538
0.005192619
0.006049282
0.006381382
0.005947667
0.004936447
0.003599528
0.002251631
0.00142719
0.001106228
0.001066075
0.00154925
0.002562106
0.004055665
0.004877622
0.004197133
0.002151221
0.0003943504
0.0002480221
0.0009373906
0.001352313
0.0005405551
-0.0009061565
-0.001973097
-0.002178207
-0.001941774
-0.001821135
-0.001644668
-0.0008986995
0.0003470042
0.001617611
0.002152111
0.001864386
0.001061716
0.0005127737
0.0004354278
0.0005411456
0.0007782324
0.001492565
0.002874752
0.004344427
0.004780155
0.004420738
0.003958027
0.003931912
0.004428419
0.00549259
0.006431306
0.006606986
0.005933629
0.004977654
0.004453395
0.00428099
0.004029718
0.0034723
0.002694472
0.001809703
0.001237818
0.001151128
0.001091361
0.0005129497
-0.001061087
-0.003001242
-0.004434377
-0.004303001
-0.003170148
-0.002092435
-0.001908432
-0.002465385
-0.002596464
-0.001853107
-0.0006455614
2.030522E-06
-7.623713E-05
-0.0003464923
-0.0003333548
1.385446E-05
0.0004464407
0.0007719799
0.0006998556
0.0001146543
-0.0009967039
-0.002396154
-0.003521399
-0.003552681
-0.002909475
-0.002257686
-0.002162976
-0.002431496
-0.002478506
-0.002218835
-0.001890868
-0.00133701
-0.0007736857
-0.001004321
-0.00147744
-0.001408648
-0.001060973
-0.000831439
-0.0006572063
-0.0006333004
-0.0008582622
-0.001066854
-0.001149629
-0.001222945
-0.001324109
-0.001374895
-0.001213717
-0.001120201
-0.001525406
-0.002525906
-0.003718037
-0.004292137
-0.00405364
-0.003368013
-0.003867842
-0.005661386
-0.007226411
-0.007588311
-0.006757135
-0.005379143
-0.003925885
-0.002497201
-0.001304648
-0.0006705748
-0.0005075926
-0.0002958799
0.0006244942
0.001508166
0.001528863
0.000686847
-0.0002451663
-0.0002938899
0.0003817952
0.001070353
0.001019583
0.000518686
0.0001912858
0.0002840928
0.0005950254
0.0007105971
0.0005481272
0.000277054
0.0001043319
2.755813E-05
-0.0001717996
-0.0005544882
-0.001027743
-0.00147425
-0.001781735
-0.001491067
-0.00088855
-0.0005342422
-0.0003085398
5.589853E-05
0.0005015725
0.0008601126
0.0009997904
0.0006630939
-2.886897E-05
-0.0005957602
-0.0004600864
0.0003998833
0.001133129
0.001274469
0.0008353787
-1.532895E-05
-0.001216184
-0.002767867
-0.00394949
-0.003988509
-0.003507654
-0.003129289
-0.002806903
-0.003043016
-0.004581425
-0.006431388
-0.007677745
-0.008016174
-0.007798948
-0.007299879
-0.006914199
-0.006862543
-0.007300611
-0.007747521
-0.007763377
-0.007352677
-0.006878046
-0.006691391
-0.006496405
-0.005954348
-0.005270929
-0.004593523
-0.003742603
-0.00312051
-0.003015706
-0.002653008
-0.001807527
-0.001161874
-0.001065115
-0.001315658
-0.001693744
-0.00213473
-0.002576946
-0.002619722
-0.002091482
-0.001521134
-0.001110009
-0.0005347405
0.0003230609
0.001270003
0.001928539
0.002355643
0.002788698
0.0030066
0.002757905
0.002204014
0.001544851
0.0008304356
0.0004684409
0.0004357443
3.681003E-05
-0.0006335593
-0.0009513431
-0.0006488954
0.0001667853
0.001485713
0.00309197
0.004730153
0.005171365
0.004339211
0.003153043
0.002243594
0.001629831
0.001409036
0.001404875
0.001140682
0.0004843673
-0.0003864245
-0.001426208
-0.002353235
-0.002471297
-0.002154067
-0.0021974
-0.003463622
-0.005403532
-0.006983575
-0.007205957
-0.006329997
-0.004778717
-0.003420133
-0.00289043
-0.002649416
-0.002132316
-0.001217837
-0.0002144048
0.0005747711
0.0007139649
0.0003733586
0.0002399486
0.0003310988
0.0002167717
-0.0001349031
-0.0004816637
-0.0006474696
-0.0007275317
-0.0008592204
-0.001049474
-0.001236369
-0.001389707
-0.001526092
-0.00166944
-0.001830508
-0.002003534
-0.002173777
-0.002337426
-0.002500117
-0.002644424
-0.002410465
-0.001633332
-0.000794286
-0.0001589703
0.0004237545
0.00113033
0.001502169
0.0009762682
0.0001590418
-0.0003837338
-0.0007404576
-0.001202655
-0.001837806
-0.002521725
-0.003152631
-0.003670257
-0.003645939
-0.003117767
-0.002633784
-0.00260731
-0.003092067
-0.003580217
-0.003815215
-0.003964009
-0.004224876
-0.004599449
-0.004892671
-0.004855366
-0.004656157
-0.004539066
-0.004512825
-0.004468643
-0.004360324
-0.00423592
-0.004229856
-0.004345023
-0.004457966
-0.004520402
-0.004571139
-0.004647309
-0.004744851
-0.004842241
-0.004925511
-0.004927997
-0.004824762
-0.004759467
-0.004829962
-0.004916234
-0.004954711
-0.005188474
-0.005446689
-0.005342657
-0.004902785
-0.004512162
-0.004963272
-0.006054471
-0.007100532
-0.007490721
-0.007269692
-0.006725934
-0.005913254
-0.004580042
-0.003098813
-0.001880511
-0.001432712
-0.001621258
-0.002049262
-0.001949623
-0.001347447
-0.000943843
-0.001045852
-0.001443617
-0.00142609
-0.001054395
-0.0011928
-0.001863288
-0.002559941
-0.003014942
-0.003321148
-0.003597563
-0.003976645
-0.004511989
-0.005262696
-0.006243479
-0.00759709
-0.008771249
-0.009199075
-0.008499811
-0.007121694
-0.005596016
-0.004554685
-0.004201159
-0.004634538
-0.005366992
-0.005842716
-0.005332126
-0.004045906
-0.002720593
-0.002257911
-0.003203898
-0.004995617
-0.006597735
-0.007102547
-0.006838144
-0.006338566
-0.006326032
-0.006843867
-0.007485952
-0.007760579
-0.00751985
-0.007098625
-0.006876709
-0.007056051
-0.007157815
-0.006776734
-0.005947669
-0.005095917
-0.004776669
-0.00521804
-0.006186469
-0.00689229
-0.007071186
-0.0069011
-0.006754493
-0.006826504
-0.00739849
-0.008102166
-0.008311363
-0.008036731
-0.00775782
-0.007729794
-0.007817352
-0.007755442
-0.007476641
-0.007068527
-0.006811258
-0.006812434
-0.006811452
-0.006741955
-0.00683609
-0.006680234
-0.005867832
-0.004480974
-0.003049324
-0.002314715
-0.002484292
-0.003231084
-0.003868429
-0.004143554
-0.00404986
-0.003961343
-0.004111576
-0.004485196
-0.004742419
-0.004398457
-0.00367294
-0.003065807
-0.003101887
-0.003414104
-0.003322266
-0.002612696
-0.001638241
-0.001368286
-0.001990627
-0.003377553
-0.004129395
-0.003465486
-0.002346242
-0.002000941
-0.002752453
-0.003942116
-0.005091522
-0.00591663
-0.006294298
-0.006167163
-0.006089475
-0.006312815
-0.006595042
-0.00673509
-0.006791639
-0.006898049
-0.006883297
-0.006265973
-0.005422376
-0.004927646
-0.004800078
-0.004702279
-0.004332948
-0.00346682
-0.00197887
-0.0003824012
0.0008788028
0.001286101
0.0008412654
-0.0002793252
-0.001547972
-0.00246735
-0.002572547
-0.002262706
-0.001940335
-0.001725022
-0.001509146
-0.001232954
-0.0009966362
-0.0009927699
-0.001430498
-0.002204388
-0.002963669
-0.002906089
-0.001832821
-0.0009623293
-0.001081529
-0.00227907
-0.003999075
-0.005730633
-0.006520058
-0.006133568
-0.004805764
-0.003782648
-0.003692654
-0.003892616
-0.003714674
-0.00302818
-0.002291685
-0.001848887
-0.001735639
-0.001848947
-0.002200775
-0.002462624
-0.00242143
-0.002334913
-0.002556417
-0.003352207
-0.004348449
-0.005107297
-0.005245171
-0.004986976
-0.00491045
-0.005045567
-0.005084252
-0.004815517
-0.004271444
-0.003543013
-0.003025364
-0.002952654
-0.003344563
-0.003848205
-0.003881601
-0.003700541
-0.003764175
-0.003994153
-0.00416254
-0.004260714
-0.004382115
-0.00446784
-0.003955591
-0.003099486
-0.002628168
-0.00271928
-0.003047225
-0.003055286
-0.002692595
-0.002261702
-0.002217743
-0.002655015
-0.003254437
-0.003721833
-0.003862964
-0.003301795
-0.002020278
-0.001089849
-0.000894317
-0.0009686862
-0.0007110497
-1.329044E-05
0.001074101
0.002256041
0.003054741
0.003307392
0.003209325
0.0031689
0.003212443
0.003091688
0.002917369
0.002881378
0.002747093
0.002465848
0.002348544
0.002360912
0.002322456
0.002420205
0.002503468
0.001887696
0.0008018923
-9.847267E-05
-0.0001782068
0.0002959853
0.0009436739
0.001271956
0.001033994
-1.758791E-05
-0.001262299
-0.001965994
-0.001711436
-0.0006716639
0.0001058153
0.0001271375
-0.0006619853
-0.001637522
-0.002258162
-0.001958976
-0.0009952061
0.0004179332
0.001645992
0.002303707
0.002267206
0.001899402
0.001821214
0.002163111
0.002659713
0.003025495
0.003339323
0.003869344
0.004454396
0.004812771
0.004748175
0.004418564
0.004184328
0.004101186
0.004047477
0.00413167
0.004378577
0.004612722
0.005046359
0.006006272
0.00696455
0.007328124
0.006822992
0.006117385
0.005780868
0.00574061
0.005744871
0.005817266
0.005819628
0.00556493
0.005116544
0.004589418
0.003784503
0.002471044
0.0006923228
-0.0001533832
0.0003167981
0.001183145
0.001739747
0.002088187
0.002400726
0.002722502
0.002921281
0.002689642
0.001809365
0.0008244588
0.0001837263
0.0002091973
0.0004540588
0.0003374493
-0.0003513562
-0.001239625
-0.001628992
-0.001243524
-0.0002203945
0.0004299519
0.0003882167
5.076035E-05
-0.0001909617
-0.0002924974
-8.162827E-05
0.0003468165
0.0005590788
0.0003907437
-4.298949E-05
-0.0003072336
-0.0002871797
-0.0004287095
-0.000697814
-0.0006975685
-0.0005303216
-0.0004525019
-0.0005489762
-0.0008638024
-0.001461638
-0.002059284
-0.002500385
-0.002979658
-0.003558528
-0.004101603
-0.004456628
-0.004543433
-0.004183786
-0.00336143
-0.002146225
-0.00103903
-0.0002914612
0.0002223617
0.0007559852
0.00135083
0.001751416
0.001784588
0.001488981
0.001215254
0.001339629
0.001687415
0.001908077
0.001574802
0.0009174173
0.0006723998
0.001313072
0.002640443
0.003758011
0.004188294
0.003820808
0.003231959
0.002914288
0.003341532
0.004184856
0.004603904
0.004615641
0.004681203
0.004767247
0.004729336
0.004670625
0.004408351
0.003678066
0.003012687
0.002737641
0.002613777
0.002317472
0.001809136
0.001416245
0.001172299
0.0007076122
0.000285998
0.0004202822
0.000924308
0.001475617
0.002091087
0.002720631
0.003180741
0.003052897
0.002483534
0.002128206
0.002066785
0.002008991
0.001942503
0.002090648
0.002696605
0.003466156
0.004045253
0.004357613
0.004609651
0.005115358
0.005664611
0.005850526
0.005658984
0.005369268
0.005254357
0.005136357
0.004700347
0.003982257
0.003205206
0.002501787
0.001971339
0.00167209
0.001273337
0.0007571615
0.0009244252
0.001912557
0.003255172
0.004010843
0.004059612
0.003740384
0.003560302
0.003746214
0.004065086
0.004306564
0.004462321
0.004441687
0.004081803
0.003370367
0.002493689
0.002351121
0.002762868
0.00295721
0.002602515
0.001954543
0.001614568
0.001929064
0.002887135
0.003794822
0.004189268
0.003654243
0.002800029
0.002388927
0.002415551
0.002489834
0.002264058
0.001835397
0.001487786
0.001814067
0.002907785
0.003725674
0.003940378
0.003950533
0.004152259
0.004491015
0.004476297
0.004192134
0.00411875
0.00398704
0.003391693
0.002529543
0.001771203
0.001290115
0.001139305
0.001183071
0.0007542625
-8.769371E-06
-0.0004221225
-3.966257E-05
0.0009250885
0.00149089
0.001566636
0.001719519
0.00186356
0.001593804
0.0008077107
-0.000103839
-0.0007410292
-0.001049552
-0.001172905
-0.001239352
-0.001366116
-0.001655604
-0.00185349
-0.001693108
-0.0009557186
0.0001975279
0.001687779
0.002502429
0.002049964
0.001009409
0.0002777175
0.0004958433
0.001135531
0.001553181
0.001752325
0.002014548
0.002383247
0.002847303
0.003382942
0.003906244
0.004259873
0.004208224
0.003945206
0.003755599
0.004011377
0.004639032
0.005251433
0.00542709
0.004983302
0.00434093
0.004070287
0.004644872
0.00550768
0.005960534
0.005305679
0.003831955
0.002418041
0.001554161
0.001185776
0.0009188654
0.0005768353
0.0002653127
-0.0001611814
-0.0009589447
-0.001763381
-0.002313154
-0.002722277
-0.002853784
-0.002554258
-0.002022065
-0.001598507
-0.001662201
-0.001942386
-0.002084069
-0.002075632
-0.002097037
-0.00224833
-0.002451568
-0.002586992
-0.002541313
-0.002255085
-0.001645715
-0.000708729
0.0005482031
0.001472529
0.001762816
0.001186672
0.0005553558
0.0008335964
0.002077438
0.003503608
0.003924932
0.003657984
0.003643385
0.0042166
0.004988062
0.00511137
0.004510027
0.003420166
0.002458946
0.002008679
0.002306102
0.00291481
0.003397976
0.003151398
0.00209476
0.001283974
0.001337666
0.002246771
0.003121178
0.003353896
0.002614332
0.001437927
0.0008568472
0.0009267396
0.001074817
0.0007486836
0.0001591084
-5.98385E-05
5.364007E-05
0.0001687596
0.0006131329
0.001239232
0.001086141
0.0001994062
-0.0008111249
-0.0008264051
0.000116744
0.001161254
0.001599175
0.001306312
0.0008468375
0.0004684426
-0.0002117886
-0.0008064216
-0.0005476906
0.0004434771
0.001686779
0.002392705
0.002521468
0.002258767
0.001846101
0.00144299
0.001502136
0.001907012
0.002355366
0.002654625
0.002862404
0.003284312
0.003867526
0.004175971
0.004093603
0.003690906
0.002950454
0.002162244
0.001976658
0.002404427
0.003205359
0.003914586
0.004347672
0.004259493
0.003444365
0.001851638
0.0008504808
0.0008585412
0.001024056
0.0005442039
-0.000614582
-0.001348969
-0.001062279
0.0007760813
0.002440179
0.001913705
-0.0003691775
-0.002915061
-0.003006117
-0.0008409074
0.001834083
0.002705656
0.001498416
0.0001171
0.0001199139
0.002039092
0.003683556
0.003402062
0.001419249
-0.0005041785
-0.0002444798
0.001659723
0.003631749
0.004594367
0.004845772
0.005005394
0.00517601
0.005020188
0.005049059
0.005287234
0.004867683
0.003588493
0.001819583
0.0008971299
0.001736455
0.004853822
0.008435614
0.01086918
0.01081673
0.008170842
0.004518022
0.00181512
0.0009574855
0.001591919
0.002815699
0.004569334
0.006351371
0.007370644
0.007211972
0.005956836
0.004535334
0.003830611
0.004105174
0.0047525
0.005393158
0.005831412
0.006123905
0.006222596
0.006038384
0.005507966
0.004540609
0.003509808
0.003000601
0.003075772
0.003381336
0.003202142
0.002548177
0.001763865
0.001350791
0.001412782
0.001516344
0.001192199
0.0003945079
0.0002075519
0.0007946719
0.001094897
0.0007767678
0.0002758672
0.0003347966
0.0009609283
0.001660694
0.002445093
0.00368183
0.005005812
0.005918754
0.005566665
0.004148413
0.002399799
0.001792567
0.002577
0.004885529
0.007432582
0.008885366
0.009037884
0.008399156
0.00797957
0.00791223
0.007669285
0.007330997
0.007250044
0.00724757
0.007017018
0.006341495
0.005650887
0.005349655
0.005557081
0.006043912
0.006491441
0.006558856
0.006183197
0.005472856
0.004547252
0.003521106
0.002914186
0.002925418
0.002764373
0.002149313
0.001559194
0.001184916
0.0008022244
-1.868449E-05
-0.00120289
-0.002221146
-0.002664864
-0.002593533
-0.002440824
-0.002419974
-0.002421254
-0.002393161
-0.002408967
-0.002565685
-0.002768075
-0.002834928
-0.002715923
-0.00253978
-0.002736918
-0.003199685
-0.003539682
-0.003805578
-0.004159259
-0.004235116
-0.00419769
-0.004656762
-0.005169029
-0.005192586
-0.005251272
-0.005507142
-0.005574322
-0.005216653
-0.004559542
-0.004192922
-0.004204604
-0.004358802
-0.004396063
-0.004238401
-0.003773601
-0.003345507
-0.003505857
-0.003873338
-0.003926769
-0.003794961
-0.003823355
-0.004177005
-0.004383757
-0.004017249
-0.00297028
-0.001930071
-0.001774992
-0.002507394
-0.003611239
-0.004429261
-0.004566537
-0.003938851
-0.003223786
-0.00279849
-0.002658662
-0.002465956
-0.001999667
-0.001973316
-0.002945495
-0.00459453
-0.005738
-0.005549344
-0.004741645
-0.004076886
-0.00394791
-0.003845655
-0.003196866
-0.002531971
-0.002550474
-0.003674797
-0.004947651
-0.005262147
-0.004447284
-0.003035003
-0.002422132
-0.002840878
-0.00367405
-0.004224714
-0.004466014
-0.004645236
-0.00493286
-0.005278629
-0.005359973
-0.005020692
-0.004534509
-0.004482779
-0.005208954
-0.005813244
-0.005601186
-0.004537784
-0.003421744
-0.002859682
-0.002414675
-0.001666166
-0.001159294
-0.0012369
-0.001963005
-0.002614741
-0.002587329
-0.001589112
-0.0002070754
0.001004502
0.001515541
0.001212535
0.000417708
-0.0003666263
-0.0009002988
-0.0007663327
0.0001411801
0.001043079
0.001531861
0.001697953
0.001371375
0.0004625907
-0.0002783499
-0.0004778721
-0.0003236956
-0.0004012715
-0.001001417
-0.002437948
-0.00379954
-0.004003746
-0.003495403
-0.003179468
-0.003624043
-0.004463847
-0.005207681
-0.005881954
-0.006565648
-0.00664038
-0.006203385
-0.005807076
-0.005842059
-0.006130804
-0.006283754
-0.006302142
-0.006407553
-0.006478149
-0.006423647
-0.006379125
-0.005985311
-0.004846337
-0.004271902
-0.004898193
-0.006055867
-0.006497272
-0.005651072
-0.004425481
-0.003823259
-0.004279588
-0.004960006
-0.005120911
-0.004833271
-0.004527693
-0.00440234
-0.004419494
-0.004452207
-0.004076286
-0.003256771
-0.002247792
-0.001738987
-0.002289313
-0.00337603
-0.004002975
-0.00327122
-0.00193981
-0.0009496302
-0.0006506568
-0.0007286819
-0.001178872
-0.001686273
-0.001833774
-0.001502644
-0.0009535247
-0.000501786
-0.0005612288
-0.001414601
-0.002484918
-0.003153443
-0.003136293
-0.002872734
-0.002686518
-0.002373927
-0.001878475
-0.001580661
-0.001491816
-0.001458702
-0.001735744
-0.002309129
-0.002715874
-0.002927854
-0.003178845
-0.003397671
-0.003477404
-0.003487283
-0.003649094
-0.004011429
-0.004175456
-0.003954823
-0.003461585
-0.002910058
-0.002433612
-0.002457096
-0.003016163
-0.003760381
-0.003975784
-0.003437399
-0.002632145
-0.002050532
-0.001979295
-0.002053587
-0.001959682
-0.002115743
-0.002615026
-0.002868602
-0.002598995
-0.002046433
-0.001875642
-0.002209202
-0.002706918
-0.002882107
-0.002683224
-0.002665946
-0.003032986
-0.003621297
-0.004032421
-0.004063936
-0.003653245
-0.003390063
-0.004136152
-0.005378237
-0.006190907
-0.005838566
-0.00499977
-0.004620149
-0.004910993
-0.005444944
-0.00535322
-0.004255989
-0.00229517
-0.0009178234
-0.0009691419
-0.002545738
-0.004149008
-0.004442628
-0.003527346
-0.002056283
-0.0007604712
0.0001492595
0.0006481177
0.0005207682
-0.0003303447
-0.00142535
-0.001978287
-0.001524457
-0.0003598418
0.001127521
0.002159554
0.002434279
0.001650763
0.0001774034
-0.001451738
-0.002542276
-0.002823995
-0.002336164
-0.002084457
-0.002633066
-0.004068888
-0.005313338
-0.005287109
-0.003884126
-0.002001242
-0.000786251
-0.001010748
-0.002839608
-0.003953739
-0.003287885
-0.001042168
0.001117659
0.001984378
0.002297028
0.002900022
0.003381589
0.002868097
0.001037118
-0.0002793174
-9.153092E-05
0.001891442
0.004051734
0.004785068
0.003860768
0.002095996
0.001728121
0.003308113
0.006053435
0.008863425
0.01135954
0.01227879
0.01173078
0.009950272
0.008034235
0.006867923
0.007292646
0.008558168
0.009630978
0.009963209
0.009632113
0.008438309
0.00660427
0.00460228
0.00402007
0.005040839
0.007083452
0.008472854
0.007909397
0.00634294
0.005153128
0.005168756
0.005576194
0.005308048
0.00403948
0.002460129
0.001506317
0.001281915
0.001492079
0.001726084
0.001651245
0.0008997131
-9.835342E-05
-0.0007663739
-0.0002537905
0.001157084
0.002303054
0.002598035
0.002336947
0.002053074
0.001618522
0.0003600715
-0.00178608
-0.004097627
-0.004436821
-0.002859232
-0.0001722904
0.002286264
0.003870033
0.00394513
0.002558363
8.15229E-05
-0.00219573
-0.003411606
-0.002998138
-0.001911319
-0.001090107
-0.001279486
-0.002405472
-0.003156726
-0.003015646
-0.002234423
-0.001694383
-0.001814644
-0.002390445
-0.002709268
-0.00211881
-0.001224664
-0.0008097474
-0.001150435
-0.00163889
-0.001619251
-0.00128492
-0.001075591
-0.001044461
-0.001064959
-0.001074925
-0.0009584856
-0.0008229896
-0.0007906718
-0.0007882262
-0.0008765066
-0.001145697
-0.001560668
-0.001760357
-0.001354202
-0.0001993707
0.001238421
0.001830078
0.001499442
0.0008058126
0.0003548616
0.0001036829
-0.0005011599
-0.001263467
-0.001522507
-0.001057745
-0.0003289843
-0.0002414675
-0.001143041
-0.002853457
-0.0040681
-0.004271538
-0.003907666
-0.003590264
-0.003375986
-0.002706188
-0.001682955
-0.0012731
-0.001992302
-0.00384375
-0.005479924
-0.00593779
-0.004959586
-0.003619543
-0.002705118
-0.002054397
-0.001428443
-0.001180461
-0.001089197
-0.0007377768
0.0002341661
0.001306802
0.001283395
0.0002452075
-0.0009702466
-0.001483843
-0.001570532
-0.00189159
-0.002089385
-0.001745671
-0.001811891
-0.002661999
-0.003841748
-0.003814002
-0.002035085
0.0001466583
0.0009272919
-0.0003842018
-0.001831563
-0.0020502
-0.00108409
-0.0002252081
-0.0003482826
-0.0009938173
-0.001379273
-0.0006780903
0.0005114907
0.001091644
0.0002868461
-0.001326519
-0.002399228
-0.002339374
-0.00125307
0.0003420739
0.001870819
0.002288032
0.001909666
0.001551513
0.001304103
0.0009299117
0.0004910267
0.0005863013
0.001803968
0.003445173
0.004497597
0.004260104
0.003516239
0.003090086
0.003299881
0.003716102
0.003689236
0.002948739
0.001784761
0.001191538
0.001629642
0.003097607
0.004625422
0.005552522
0.005789393
0.005486298
0.004544775
0.003578855
0.003133606
0.003326557
0.003549902
0.003195206
0.00237075
0.001534091
0.001306486
0.001858523
0.003042913
0.003860269
0.003755865
0.002644696
0.00149138
0.001165053
0.001396219
0.001491319
0.0009286628
0.0001287507
-0.0002208376
0.0003924212
0.001543729
0.002093726
0.001966554
0.001713384
0.001293449
0.0007093151
0.0004497849
0.0008524103
0.001987121
0.002894197
0.002997049
0.002380103
0.001682413
0.001260247
0.001195812
0.001291253
0.001326099
0.001060695
0.0005235635
0.0002319386
0.0004696536
0.00139408
0.002623907
0.003634012
0.003482145
0.002407532
0.0008899497
-0.0001862097
-0.0003405829
0.0006300221
0.001971
0.002910649
0.002999629
0.002309005
0.001684824
0.001559155
0.001718236
0.001743237
0.001387611
0.000861647
0.0004766669
0.0005293281
0.0008566031
0.001226714
0.001479207
0.001554889
0.001215254
0.0003492832
-0.0007620413
-0.00116962
-0.000831911
-0.0002877876
-8.208824E-05
-0.000345811
-0.0009743521
-0.001259607
-0.000813622
0.0001820594
0.001096081
0.001115394
0.0003882396
-0.0004849746
-0.0009294427
-0.0009882908
-0.000926211
-0.00063158
3.166054E-05
0.0003912484
-4.599199E-05
-0.001267794
-0.002325566
-0.002669752
-0.00176319
-0.000281307
0.0007816414
0.0004758988
-0.0008098117
-0.002099621
-0.00283375
-0.003008032
-0.003011291
-0.002944573
-0.00250011
-0.001987645
-0.001805143
-0.001930795
-0.002174976
-0.002462781
-0.002841689
-0.003303662
-0.003525197
-0.003480792
-0.003305849
-0.003335847
-0.003683431
-0.004008821
-0.00407408
-0.003911218
-0.003609909
-0.003175067
-0.002629702
-0.002241095
-0.002252605
-0.002103645
-0.001477879
-0.001110612
-0.001248469
-0.001504899
-0.001420405
-0.001031152
-0.0006376433
-0.0006290376
-0.001174452
-0.001576844
-0.001452979
-0.0007263586
0.0002690414
0.0009321736
0.001144317
0.001107742
0.001161833
0.001331744
0.001334146
0.001011189
0.0003985529
-0.0003361972
-0.001033974
-0.001440668
-0.001448536
-0.001041452
-0.0004279923
0.0001715134
0.0004731242
0.0006051398
0.0008121023
0.001073044
0.001374846
0.001918412
0.002136735
0.001347717
0.0001643274
-0.0005732578
-0.0004738746
0.0003191165
0.001463565
0.002267324
0.002474966
0.002072077
0.001495052
0.0009673778
0.0004766799
-3.211122E-05
-0.0004551469
-0.0002678104
0.0006479231
0.001147689
0.0007499609
-0.0004612143
-0.001581059
-0.002000135
-0.0015538
-0.0007734582
-0.0001093943
0.0001572699
0.0001382221
0.0003977009
0.001066359
0.001871972
0.002269181
0.00215029
0.002118134
0.002446263
0.00294031
0.003322587
0.003613297
0.004212254
0.004747447
0.004532925
0.003697554
0.002804397
0.00310507
0.004475476
0.005988875
0.006370837
0.00574596
0.005082715
0.004859208
0.004884899
0.004776842
0.004438607
0.003979062
0.003849208
0.004348352
0.004507577
0.004010415
0.003676374
0.00373572
0.003759753
0.003232278
0.002420186
0.002162721
0.00246466
0.002788286
0.002442623
0.00164265
0.001266295
0.001876695
0.003189774
0.003814887
0.003615116
0.003715624
0.004182386
0.004436252
0.004560893
0.004775723
0.005105684
0.005421486
0.0056502
0.005836793
0.005932467
0.005721145
0.005483108
0.005550471
0.005966934
0.006343149
0.006254151
0.006069215
0.006245652
0.006766721
0.007174052
0.007155008
0.007178159
0.007625325
0.008268865
0.008918346
0.009641831
0.01010021
0.01007035
0.009865099
0.009831943
0.01001741
0.01011536
0.009884504
0.0090578
0.007863192
0.006703559
0.006226703
0.006330005
0.006337017
0.006003673
0.005547723
0.005294846
0.005375393
0.005827631
0.006114817
0.005694228
0.004468907
0.003098601
0.002613009
0.003101276
0.003985122
0.004430459
0.004277066
0.003696434
0.003167382
0.002921033
0.00293381
0.002955739
0.002852491
0.002771152
0.002856198
0.003045212
0.003178112
0.003110451
0.002728736
0.002104226
0.001736453
0.001724678
0.001830481
0.00174313
0.001452162
0.0012515
0.0009457584
0.0001151542
-0.0008349186
-0.001385625
-0.001334662
-0.001068002
-0.0008675078
-0.0006948407
-0.0005399965
-0.0006412357
-0.000945126
-0.001277931
-0.001335733
-0.001148178
-0.001021944
-0.00120593
-0.001635221
-0.001843411
-0.001523856
-0.0005568954
0.0002609194
0.0003948501
0.0003066751
0.0005009359
0.001051715
0.001462489
0.001408816
0.0009924439
0.0006090683
0.0007062938
0.0009620422
0.0009612262
0.0008482526
0.0009960649
0.00174016
0.002853367
0.003908606
0.004331214
0.004256553
0.00395263
0.003644691
0.003425939
0.003551098
0.003763483
0.003569866
0.00298822
0.002361436
0.002156787
0.002146542
0.001870004
0.001586453
0.001664729
0.001975558
0.002116039
0.00186861
0.00151652
0.001323157
0.001369164
0.001434323
0.001286383
0.0008099462
0.0002058358
-0.0001642763
-3.466013E-05
0.000645593
0.0008950505
0.0003974057
-0.0002093692
-0.0003424896
1.313084E-05
0.0001714262
-0.0001986171
-0.0008996566
-0.001486791
-0.001753587
-0.001594847
-0.00133763
-0.001363846
-0.001791896
-0.002406484
-0.002498489
-0.002199513
-0.002144507
-0.002404709
-0.00261657
-0.002320745
-0.001674629
-0.001061345
-0.0006231613
-0.0002776979
-5.204911E-05
0.0001494674
0.0004460226
0.0006431363
0.000574678
0.0003545423
0.0002515515
0.0004111418
0.0006582748
0.0008820833
0.001284496
0.001928163
0.002705777
0.003374731
0.003807465
0.003877968
0.003881608
0.004148277
0.004443852
0.004468331
0.00394831
0.003333968
0.003233259
0.003706776
0.004263291
0.004026576
0.003387162
0.003193965
0.003172479
0.002753373
0.001798868
0.000759281
-3.431643E-05
-0.0008319046
-0.00156958
-0.001548121
-0.001007079
-0.0005487972
-0.0007438352
-0.001379824
-0.001792975
-0.00197749
-0.002324624
-0.002759941
-0.002866183
-0.002187922
-0.001179783
-0.0004786124
-0.0008058871
-0.001815478
-0.00241079
-0.002364159
-0.002149626
-0.002119695
-0.00215736
-0.001980406
-0.001528036
-0.0009283717
-0.000734253
-0.001121167
-0.001846608
-0.002353778
-0.002410029
-0.002059461
-0.001589898
-0.001390862
-0.001648221
-0.002237492
-0.002759963
-0.002950494
-0.00261367
-0.002176884
-0.002022395
-0.002124967
-0.002349623
-0.002736347
-0.002797882
-0.002236065
-0.001559983
-0.001168566
-0.001081202
-0.001281144
-0.001722821
-0.002001493
-0.001894405
-0.001361838
-0.0008076338
-0.0005713525
-0.0008977896
-0.001547791
-0.002000111
-0.001976719
-0.001661929
-0.001812808
-0.002571982
-0.003463957
-0.003705399
-0.00310528
-0.002163859
-0.00152682
-0.001808212
-0.00244427
-0.002742526
-0.002634843
-0.002516361
-0.002724344
-0.003110088
-0.003398008
-0.003478028
-0.003434735
-0.003362308
-0.003228395
-0.002968333
-0.002557135
-0.002079047
-0.001704784
-0.001559687
-0.001631606
-0.001845091
-0.002152622
-0.002504674
-0.00255475
-0.002118433
-0.001423721
-0.0009304914
-0.001199691
-0.001707388
-0.001829534
-0.001670519
-0.00161133
-0.001815151
-0.002059342
-0.002161363
-0.002342558
-0.002655235
-0.002807192
-0.00294019
-0.003363125
-0.003776847
-0.003829168
-0.003427996
-0.003075369
-0.003195195
-0.003580806
-0.003819282
-0.003668675
-0.003461945
-0.003549919
-0.003770899
-0.003886036
-0.003888201
-0.003672577
-0.003136483
-0.003103157
-0.003753536
-0.004238267
-0.004218423
-0.003999414
-0.003938596
-0.004041097
-0.004098404
-0.004074901
-0.004069143
-0.003934083
-0.00362895
-0.003336061
-0.003223708
-0.003322357
-0.003356928
-0.003184104
-0.002962859
-0.002830652
-0.00276927
-0.00271648
-0.0026469
-0.002533764
-0.002344936
-0.002011927
-0.00180278
-0.001915083
-0.002158163
-0.002251462
-0.002035175
-0.001754527
-0.001657619
-0.001805063
-0.002011799
-0.002128219
-0.002224478
-0.002384688
-0.002416351
-0.002118149
-0.001380516
-0.0007830966
-0.0007520872
-0.001133632
-0.0016037
-0.001974536
-0.002005772
-0.00168834
-0.001619414
-0.00184642
-0.001767759
-0.001426619
-0.001261057
-0.001350617
-0.001542349
-0.001782856
-0.002121147
-0.002583166
-0.002674834
-0.002409657
-0.002452483
-0.002889487
-0.00338519
-0.003598593
-0.003584267
-0.003609016
-0.003726081
-0.003805838
-0.003814656
-0.003813587
-0.003905464
-0.004081235
-0.004315385
-0.004838824
-0.005637353
-0.006175937
-0.006239406
-0.006246303
-0.006251008
-0.00573294
-0.00512016
-0.004990578
-0.005175976
-0.005247644
-0.004950031
-0.004512158
-0.004218017
-0.004229544
-0.004632375
-0.005634358
-0.006746606
-0.007471843
-0.007526692
-0.007190402
-0.006983855
-0.006785882
-0.006250774
-0.005349879
-0.004462218
-0.004150816
-0.004475488
-0.005269585
-0.005686773
-0.0053874
-0.0046237
-0.00409513
-0.004151831
-0.004425816
-0.004524396
-0.004398221
-0.004258993
-0.004232827
-0.004213944
-0.004033354
-0.003568504
-0.002863374
-0.002020479
-0.001718905
-0.002062885
-0.002624296
-0.003044518
-0.003269398
-0.003273287
-0.003088816
-0.002541211
-0.001936909
-0.001755506
-0.002049213
-0.002461398
-0.002497812
-0.002316087
-0.002318929
-0.002491268
-0.002614807
-0.002533103
-0.002482758
-0.00276204
-0.00316356
-0.00349281
-0.003989624
-0.004408259
-0.004237626
-0.003589777
-0.002956548
-0.003032937
-0.003525926
-0.003792129
-0.003647799
-0.003238665
-0.002411988
-0.001562895
-0.001226782
-0.001210437
-0.001149323
-0.0008417466
-0.0005867449
-0.0007531289
-0.001336102
-0.002087739
-0.002404832
-0.002206606
-0.001754338
-0.001213936
-0.0006408833
-0.0007035863
-0.001285389
-0.001885092
-0.002200007
-0.002212974
-0.001692142
-0.0009406892
-0.0004322323
-0.0003619966
-0.0006123388
-0.000924474
-0.001068211
-0.0008841994
-0.0006999134
-0.0008177326
-0.001258549
-0.001697555
-0.001812942
-0.001507882
-0.0009288444
-0.0005244557
-0.0005231717
-0.0009900422
-0.00149417
-0.001749387
-0.001994891
-0.002230904
-0.00194343
-0.001468315
-0.001333587
-0.001569787
-0.001858127
-0.001897438
-0.001562158
-0.0009596305
-0.0004590868
-0.0001272386
0.0002357253
0.0006070048
0.0008553697
0.001005125
0.001130728
0.001269112
0.001353091
0.001283018
0.0009674321
0.0006198579
0.0007016435
0.001143863
0.001658185
0.001807755
0.001476962
0.0007447149
0.0001941401
0.0002656556
0.0007048923
0.001130715
0.001551485
0.002000919
0.002362929
0.002400872
0.002172272
0.001973469
0.001843802
0.00161628
0.001158444
0.0006460507
0.0007588381
0.001317823
0.001706481
0.001738474
0.001708185
0.002074174
0.002550554
0.002592226
0.002375812
0.002213833
0.002074025
0.001881507
0.001683938
0.001535192
0.001245656
0.0008731013
0.0008113198
0.00109854
0.001541895
0.001643532
0.001337151
0.0008538456
0.000486381
0.0003785862
0.0006043058
0.00097044
0.0009922964
0.0006810313
0.0003127885
-4.991853E-05
-0.000454617
-0.0008355905
-0.000762534
-0.0001032499
0.0003678902
0.0003538943
0.0001480301
0.0001017117
0.0001831619
4.338837E-06
-0.0003718362
-0.0005321439
-0.0003604293
-3.070386E-05
0.0002022341
0.0004788218
0.001215018
0.001820745
0.001737063
0.00147663
0.001436019
0.001411721
0.001238212
0.0009732899
0.0007092064
0.0003844581
-5.740301E-05
0.000176081
0.0018627
0.003771123
0.004860576
0.004764069
0.00381124
0.002260353
0.0009111482
0.0001447389
0.0001036317
0.0002425982
8.771015E-05
0.0001277413
0.0007627401
0.001200836
0.0008763986
-0.0004317905
-0.001704484
-0.002072122
-0.001155425
-0.0001964043
-6.884414E-06
-0.0005231586
-0.001229837
-0.001784053
-0.001931226
-0.001233116
-0.0004113106
-0.0001726196
-0.0003669424
-0.0006100417
-0.0008409651
-0.0009092244
-0.0007395967
-0.0005456295
-0.0004999765
-0.0006563443
-0.0009486954
-0.001314861
-0.001318418
-0.000884442
-0.000351585
-1.450548E-05
5.453411E-05
-0.0003512478
-0.000954666
-0.0009990651
-0.0005530141
-3.016314E-05
0.0004244067
0.0009083965
0.001507787
0.001959025
0.001931576
0.001617086
0.001312899
0.001409224
0.001817545
0.002261049
0.002524772
0.002628791
0.002658135
0.002556873
0.002036225
0.001321928
0.0008025291
0.0008150025
0.001103782
0.001333736
0.001347834
0.001213682
0.001118005
0.001056723
0.0008572143
0.0005568115
0.000314193
0.0003878408
0.00063737
0.000578631
0.0001851664
-0.0003440669
-0.0009714526
-0.001591312
-0.001884456
-0.001686444
-0.0009424667
-0.0001540325
0.000363418
0.0004939803
0.000473894
0.0005216507
0.0007076591
0.0009567791
0.001287337
0.00144276
0.001140482
0.0007771167
0.0006454062
0.0005751162
0.0006550505
0.001187953
0.001829103
0.002264273
0.002599019
0.002942152
0.003149375
0.003207647
0.00323994
0.003468946
0.003882934
0.004401403
0.004686274
0.004516228
0.003834499
0.003159859
0.003157087
0.003837266
0.004760701
0.005011096
0.004466936
0.003608226
0.00313503
0.003206346
0.003478252
0.003552929
0.003145046
0.002657153
0.002489006
0.002578143
0.002683691
0.002698464
0.002600625
0.002379438
0.002100651
0.001864038
0.001774046
0.001994071
0.002643427
0.003073709
0.003002958
0.002768914
0.002452959
0.001857528
0.001724626
0.002334142
0.003391658
0.004098766
0.003909968
0.003329992
0.002920096
0.002696905
0.002547741
0.002507517
0.00240973
0.002239349
0.002488859
0.003117948
0.003693758
0.003416868
0.002254461
0.00193696
0.002439632
0.002489642
0.002051855
0.001782288
0.001972275
0.002224936
0.002110378
0.001869795
0.001860839
0.002242237
0.0028159
0.003423223
0.003805327
0.003866692
0.003763937
0.003664615
0.003657435
0.003549558
0.00321682
0.002935523
0.002830668
0.002735328
0.002603047
0.002481581
0.002189666
0.001932389
0.002376118
0.003057127
0.003275765
0.002903792
0.00234848
0.002088065
0.002451334
0.003307916
0.003778896
0.003492194
0.002603475
0.001798044
0.001440466
0.001562564
0.001888098
0.002095492
0.00206991
0.001905867
0.001720795
0.001533344
0.001335213
0.001279875
0.001475269
0.001919286
0.002497824
0.003043759
0.003301559
0.003092347
0.002830669
0.002814995
0.002980726
0.003148706
0.003280576
0.003292817
0.003144386
0.002823459
0.002604287
0.002757965
0.003305856
0.00392834
0.004184815
0.004272173
0.004536643
0.004765924
0.004769113
0.004693032
0.004782276
0.005116167
0.005302283
0.005121705
0.004670982
0.004299561
0.004198404
0.004239809
0.004262423
0.004251001
0.004190179
0.004028097
0.003753552
0.003449568
0.00324802
0.003037902
0.002661647
0.002279304
0.002031546
0.001875475
0.001637347
0.001237128
0.000971965
0.0009002075
0.000714464
0.0004333564
0.0002620127
0.0003157399
0.0003914004
9.194432E-05
-0.0003761849
-0.0006549389
-0.000657488
-0.0005812864
-0.0006706216
-0.001076207
-0.001694679
-0.001911299
-0.001564806
-0.0009708499
-0.0006425247
-0.0007080225
-0.0008923211
-0.0009168562
-0.0006281064
-0.0002003985
0.0001775939
0.0002688201
9.840149E-05
-0.0001381598
-1.420606E-05
0.0007102109
0.001225883
0.00109007
0.0006064838
0.0003748636
0.0006223226
0.0009752609
0.001120988
0.00107167
0.001046874
0.001149231
0.00119424
0.001078969
0.000897951
0.0007558029
0.0006870459
0.0008530815
0.001194876
0.001416878
0.001368445
0.001157175
0.001137867
0.001084071
0.0005244062
0.0001215131
0.0003446907
0.0009404417
0.001426655
0.001618274
0.001328941
0.0007795383
0.0004960508
0.0004355347
0.0003033397
0.0002543962
0.0003413337
0.0002508218
6.164679E-06
-0.000178587
-0.0002217359
-0.0001876574
-0.0001311662
-0.0001248819
-0.0002078565
-0.0003216581
-0.0003796518
-0.0003110931
-0.0001605278
-2.18108E-05
-0.0001063729
-0.000382748
-0.0006115338
-0.0005938904
-0.0003005112
-0.0001295804
-0.0002494585
-0.0004855188
-0.0007170479
-0.0009599885
-0.001139055
-0.001188785
-0.001063001
-0.000832084
-0.0006062699
-0.0006726141
-0.001024468
-0.001401564
-0.001702051
-0.001969747
-0.002081281
-0.002043016
-0.001893535
-0.001671719
-0.00141863
-0.001323431
-0.001454778
-0.001762624
-0.002048246
-0.002204521
-0.002248126
-0.002244248
-0.002161184
-0.002092762
-0.002166968
-0.002555871
-0.002960655
-0.00300283
-0.00285899
-0.002728673
-0.002298943
-0.001719086
-0.001408941
-0.001333158
-0.001327652
-0.00154844
-0.001952312
-0.002345405
-0.002543524
-0.002499735
-0.002180444
-0.001853039
-0.001784647
-0.001818878
-0.001824215
-0.00214726
-0.002684284
-0.003031338
-0.002978312
-0.002704079
-0.002440103
-0.002395539
-0.002654082
-0.002827114
-0.002746546
-0.002646038
-0.002805395
-0.003281498
-0.003670591
-0.003720936
-0.003469453
-0.003193212
-0.003042002
-0.003065557
-0.003116765
-0.002951866
-0.002620957
-0.002294073
-0.002170063
-0.002233011
-0.002339398
-0.002292977
-0.002012862
-0.001732915
-0.001627153
-0.00168996
-0.001726385
-0.001619316
-0.00148974
-0.001398482
-0.001228631
-0.001020565
-0.0008867305
-0.0008003433
-0.0007078367
-0.0006241273
-0.000539184
-0.0004146856
-0.0001965796
-2.833236E-05
-0.0002305755
-0.0005831033
-0.0007500452
-0.000777077
-0.0008208691
-0.0008795907
-0.0009018869
-0.0008680811
-0.0007628999
-0.0006560891
-0.0006980312
-0.0008730064
-0.001074404
-0.001186271
-0.001220005
-0.001246019
-0.001264152
-0.001242542
-0.001211991
-0.001210667
-0.001260695
-0.001323052
-0.001358132
-0.001344565
-0.001322627
-0.001342205
-0.001378446
-0.001383698
-0.00131954
-0.001209099
-0.00107832
-0.001063792
-0.001219597
-0.001375366
-0.001388385
-0.001256751
-0.001173118
-0.001223111
-0.001292818
-0.001317878
-0.001336651
-0.001326966
-0.001255651
-0.001141702
-0.001032768
-0.0009529431
-0.0009166554
-0.0009294972
-0.0009969474
-0.001018855
-0.0008968
-0.0007417615
-0.000675591
-0.0007951413
-0.0009489463
-0.0009563825
-0.0008717597
-0.0008129951
-0.000837527
-0.0008438003
-0.0007224073
-0.0005719057
-0.0005026617
-0.0005430458
-0.0005975139
-0.0005861953
-0.0005861051
-0.0006487421
-0.0006193476
-0.0005305662
-0.0005311434
-0.0005855733
-0.0006082888
-0.0006104385
-0.0006330958
-0.0006871262
-0.0007417382
-0.0007729794
-0.0007685456
-0.0007515819
-0.0007463668
-0.0007625918
-0.0007999534
-0.0008280774
-0.000786907
-0.0007031785
-0.0007119486
-0.0008024199
-0.000875957
-0.0008691021
-0.0008266646
-0.000835977
-0.0008875838
-0.0009230017
-0.0008823033
-0.0008042382
-0.0007902883
-0.0008372671
-0.000889167
-0.0008915829
-0.0008555224
-0.000825078
-0.000794311
-0.0007330789
-0.0006917543
-0.0006866974
-0.0006690109
-0.0006293108
-0.0005939401
-0.0005837234
-0.0005846063
-0.0005652547
-0.0005261476
-0.0004840892
-0.0004630999
-0.0004673387
-0.0004893012
-0.000501128
-0.0004839708
-0.0004414663
-0.0004030906
-0.0004062616
-0.0004337348
-0.0004558456
-0.0004543844
-0.0004354115
-0.0004103243
-0.0003872003
-0.0003649542
-0.0003445718
-0.0003293996
-0.0003241761
-0.0003310687
-0.0003502462
-0.0003581445
-0.0003424745
-0.0003069157
-0.0002663264
-0.0002291996
-0.0002237878
-0.0002494657
-0.0002794387
-0.0002883798
-0.0002760862
-0.0002560953
-0.0002461161
-0.0002647468
-0.0002818597
-0.0002720959
-0.0002546984
-0.0002486667
-0.0002521105
-0.0002546355
-0.0002522566
-0.0002480517
-0.0002416281
-0.0002263748
-0.0002119972
-0.0002067262
-0.0002005749
-0.0001911242
-0.0001896179
-0.000189132
-0.0001796167
-0.0001639585
-0.0001507074
-0.000146375
-0.0001464936
-0.0001440489
-0.000132867
-0.0001156663
-9.549519E-05
-8.181849E-05
-7.81283E-05
-7.627295E-05
-6.994E-05
-5.815229E-05
-4.563718E-05
-3.582796E-05
-3.012299E-05
-2.619587E-05
-2.081792E-05
-1.545327E-05
-1.236536E-05
-1.085549E-05
-7.392803E-06
1.93516E-06
1.272186E-05
1.983284E-05
2.128588E-05
2.102627E-05
2.257323E-05
2.774816E-05
3.588795E-05
4.486714E-05
5.162945E-05
5.342819E-05
5.28613E-05
5.340378E-05
5.751677E-05
6.356482E-05
6.973055E-05
7.518217E-05
8.010545E-05
8.456249E-05
8.902652E-05
9.386354E-05
9.843501E-05
0.0001023626
0.0001064649
0.0001111261
0.0001161986
0.000121031
0.0001252759
0.0001288662
0.0001325431
0.0001371018
0.000142358
0.0001477796
0.0001531284
0.0001580062
0.0001618205
0.000165614
0.0001701726
0.0001747534
0.0001790133
0.0001833858
0.0001877031
0.0001917064
0.0001957388
0.0002000254
0.0002045613
0.0002091659
0.0002136643
0.0002177626
0.0002217007
0.0002258654
0.0002301278
0.0002342094
0.0002379631
0.000241637
0.0002455054
0.0002496
0.0002537677
0.0002577604
0.0002615681
0.0002652717
0.0002691252
0.0002732057
0.0002773391
0.0002813017
0.0002849701
0.0002885622
0.0002922754
0.000296148
0.000300053
0.000303902
0.0003077629
0.0003117042
0.000315731
0.0003197178
0.0003235487
0.0003271908
0.00033072
0.0003342921
0.0003379564
0.0003416785
0.0003454588
0.0003492646
0.0003530629
0.0003567891
0.0003604096
0.0003639692
0.0003675088
0.0003710504
0.0003746011
0.0003781597
0.0003817174
0.000385262
0.0003887903
0.0003922941
0.0003957678
0.0003992157
0.0004026425
0.0004060487
0.000409436
0.0004128057
0.0004161565
0.0004194874
0.0004227979
0.0004260902
0.0004293651
0.000432619
0.0004358505
0.0004390603
0.0004422501
0.0004454202
0.0004485693
0.0004516966
0.0004548019
0.0004578855
0.0004609477
0.0004639885
0.0004670074
0.0004700043
0.0004729791
0.0004759316
0.0004788618
0.0004817695
0.0004846547
0.0004875171
0.0004903566
0.0004931732
0.0004959666
0.0004987369
0.0005014838
0.0005042072
0.0005069071
0.0005095834
0.0005122358
0.0005148644
0.0005174689
0.0005200493