0.005
-0.00005
-0.00005
-0.00005
-0.00004
-0.00004
-0.00004
-0.00003
-0.00003
-0.00002
-0.00002
-0.00001
-0.00001
-0.00002
-0.00001
-0.00001
0
0.00001
0.00001
0.00002
-0.00001
-0.00001
-0.00001
0
0
0
-0.00005
-0.00005
-0.00005
-0.00005
-0.00005
-0.00005
-0.00005
-0.00005
-0.00005
-0.00005
-0.00005
-0.00005
-0.00005
-0.00005
-0.00005
-0.00005
-0.00006
-0.00006
-0.00006
-0.00006
-0.00006
-0.00006
-0.00006
-0.00006
-0.00006
-0.00006
-0.00006
-0.00006
-0.00006
-0.00006
-0.00006
-0.00006
-0.00006
0.00004
0.00004
0.00004
0.00004
0.00004
0.00004
0.00014
0.00014
0.00014
0.00014
0.00014
0.00014
0.00014
0.00024
0.00024
0.00024
0.00024
0.00024
0.00024
0.00024
0.00024
0.00024
0.00024
0.00024
0.00024
0.00024
0.00024
0.00024
0.00024
0.00024
0.00024
0.00024
0.00024
0.00024
0.00014
0.00014
0.00014
0.00014
0.00014
0.00014
0.00014
0.00004
0.00004
0.00004
0.00004
0.00004
0.00004
-0.00006
-0.00006
-0.00006
-0.00006
-0.00006
-0.00006
-0.00006
-0.00016
-0.00016
-0.00016
-0.00016
-0.00016
-0.00016
-0.00026
-0.00026
-0.00026
-0.00026
-0.00026
-0.00026
-0.00026
-0.00016
-0.00017
-0.00017
-0.00016
-0.00017
-0.00017
-0.00007
-0.00007
-0.00007
-0.00007
-0.00007
-0.00007
-0.00007
-0.00007
-0.00007
-0.00007
-0.00007
-0.00007
-0.00007
-0.00017
-0.00017
-0.00017
-0.00017
-0.00017
-0.00017
-0.00027
-0.00027
-0.00027
-0.00027
-0.00027
-0.00017
-0.00017
-0.00017
-0.00007
-0.00007
-0.00007
-0.00007
0.00003
0.00003
0.00003
0.00013
0.00013
0.00013
0.00023
0.00023
0.00023
0.00023
0.00013
0.00013
0.00013
0.00013
0.00013
0.00013
0.00013
0.00003
0.00003
0.00003
0.00003
0.00003
0.00003
-0.00007
-0.00007
-0.00007
-0.00017
-0.00017
-0.00017
-0.00027
-0.00027
-0.00037
-0.00037
-0.00037
-0.00047
-0.00047
-0.00047
-0.00007
0.00023
0.00013
0.00013
0.00003
0.00003
-0.00007
-0.00007
-0.00017
-0.00017
-0.00027
-0.00027
-0.00037
-0.00037
-0.00047
-0.00047
-0.00047
-0.00047
-0.00037
-0.00037
-0.00037
-0.00027
-0.00027
-0.00017
-0.00017
-0.00017
-0.00007
-0.00007
-0.00007
-0.00007
-0.00007
-0.00007
-0.00007
-0.00007
-0.00007
-0.00007
-0.00007
-0.00007
-0.00007
-0.00007
-0.00007
-0.00007
-0.00007
-0.00007
-0.00007
0.00003
0.00003
0.00003
0.00013
0.00013
0.00014
0.00024
0.00024
0.00024
0.00024
0.00034
0.00034
0.00034
0.00044
0.00044
0.00044
0.00044
0.00044
0.00034
0.00034
0.00035
0.00025
0.00025
0.00025
0.00025
0.00015
0.00015
0.00015
0.00005
0.00005
0.00005
-0.00005
-0.00005
-0.00005
-0.00005
-0.00005
-0.00005
-0.00005
-0.00015
-0.00015
-0.00015
-0.00015
-0.00015
-0.00015
-0.00025
-0.00025
-0.00025
-0.00025
-0.00025
-0.00025
-0.00025
-0.00015
-0.00015
-0.00015
-0.00015
-0.00015
-0.00015
-0.00005
-0.00005
-0.00004
-0.00004
-0.00004
-0.00004
-0.00004
-0.00004
-0.00004
-0.00004
-0.00004
-0.00004
-0.00004
-0.00004
-0.00004
-0.00004
-0.00004
-0.00004
-0.00004
-0.00004
-0.00004
-0.00004
-0.00004
-0.00004
-0.00004
-0.00004
-0.00004
-0.00004
-0.00004
-0.00004
-0.00004
-0.00003
-0.00003
-0.00003
-0.00003
-0.00003
0.00007
0.00007
0.00007
0.00007
0.00007
0.00007
0.00017
0.00017
0.00017
0.00017
0.00017
0.00017
0.00017
0.00027
0.00027
0.00028
0.00028
0.00018
0.00018
0.00018
0.00008
0.00008
0.00008
-0.00002
0.00008
0.00008
0.00008
0.00008
0.00008
0.00008
0.00018
0.00018
0.00018
0.00018
0.00019
0.00019
0.00019
0.00029
0.00029
0.00029
0.00029
0.00029
0.00019
0.00019
0.00019
0.00019
0.00019
0.00019
0.00019
0.00009
0.0001
0.0001
0.0001
0.0001
0.0001
0
0
0
0
0
0
0
-0.0001
-0.0001
-0.0001
-0.0001
-0.0001
-0.0001
-0.0002
-0.0002
-0.0002
-0.0002
-0.0002
-0.0002
-0.0002
-0.0002
-0.0002
-0.0002
-0.0002
-0.0002
-0.0002
-0.0002
-0.0002
-0.0002
-0.0002
-0.0002
-0.0002
-0.0002
-0.0002
-0.0002
-0.0002
-0.0001
-0.00009
-0.00009
-0.00009
-0.00009
-0.00009
0.00001
0.00001
0.00001
0.00001
0.00001
0.00001
0.00001
0.00011
0.00011
0.00011
0.00011
0.00011
0.00011
0.00021
0.00021
0.00021
0.00021
0.00021
0.00021
0.00021
0.00031
0.00032
0.00032
0.00032
0.00032
0.00022
0.00022
0.00022
0.00022
0.00022
0.00012
0.00012
0.00012
0.00012
0.00012
0.00002
0.00012
0.00012
0.00012
0.00012
0.00012
0.00012
0.00022
0.00022
0.00022
0.00023
0.00023
0.00023
0.00023
0.00033
0.00033
0.00033
0.00033
0.00033
0.00023
0.00023
0.00023
0.00023
0.00023
0.00023
0.00023
0.00013
0.00013
0.00013
0.00013
0.00013
0.00013
0.00003
0.00003
0.00003
0.00003
0.00003
0.00003
0.00003
0.00003
0.00003
0.00003
0.00003
0.00003
0.00003
0.00003
0.00003
0.00003
0.00003
0.00013
0.00013
0.00013
0.00013
0.00013
0.00014
0.00024
0.00024
0.00024
0.00024
0.00024
0.00024
0.00024
0.00034
0.00034
0.00034
0.00034
0.00034
0.00034
0.00034
0.00034
0.00034
0.00034
0.00034
0.00034
0.00034
0.00034
0.00034
0.00034
0.00034
0.00034
0.00034
0.00034
0.00034
0.00024
0.00024
0.00024
0.00024
0.00024
0.00024
0.00024
0.00014
0.00014
0.00014
0.00014
0.00014
0.00014
0.00004
0.00004
0.00004
0.00004
0.00004
0.00004
0.00004
0.00004
0.00004
0.00004
0.00004
0.00004
0.00004
0.00004
0.00004
0.00004
0.00004
0.00004
0.00004
0.00004
0.00004
0.00003
0.00003
0.00003
0.00003
0.00003
0.00003
0.00003
0.00003
0.00003
0.00003
0.00003
0.00003
0.00003
0.00003
0.00003
0.00003
0.00003
0.00003
0.00003
0.00003
0.00003
0.00003
0.00002
0.00002
0.00002
0.00002
0.00002
0.00002
0.00002
0.00002
0.00002
0.00002
0.00002
0.00002
0.00002
0.00002
0.00002
0.00002
0.00002
0.00001
0.00001
0.00001
0.00001
0.00001
0.00001
0.00001
0.00001
0.00001
0.00001
0.00001
0.00001
0.00001
0.00001
0
0
0
0
0
0
0
0
0
0
0
0
-0.00001
-0.00011
-0.00011
-0.00011
-0.00011
-0.00011
-0.00011
-0.00021
-0.00021
-0.00021
-0.00022
-0.00022
-0.00022
-0.00022
-0.00012
-0.00012
-0.00012
-0.00012
-0.00012
-0.00012
-0.00003
-0.00003
-0.00003
-0.00003
-0.00003
-0.00003
-0.00003
0.00007
0.00007
0.00006
0.00006
0.00006
0.00006
0.00016
0.00016
0.00016
0.00016
0.00016
0.00016
0.00015
0.00025
0.00025
0.00025
0.00025
0.00025
0.00025
0.00025
0.00025
0.00025
0.00025
0.00025
0.00024
0.00024
0.00024
0.00024
0.00024
0.00024
0.00024
0.00024
0.00024
0.00024
0.00013
0.00013
0.00013
0.00013
0.00013
0.00013
0.00013
0.00003
0.00003
0.00002
0.00002
0.00002
0.00002
-0.00008
-0.00008
-0.00008
-0.00008
-0.00009
-0.00009
-0.00009
-0.00019
-0.00019
-0.00019
-0.0002
-0.0002
-0.0002
-0.0003
-0.0003
-0.0003
-0.00031
-0.00031
-0.00031
-0.00031
-0.00021
-0.00021
-0.00022
-0.00022
-0.00022
-0.00022
-0.00012
-0.00012
-0.00013
-0.00013
-0.00013
-0.00013
-0.00013
-0.00003
-0.00004
-0.00004
-0.00004
-0.00004
-0.00004
0.00006
0.00006
0.00006
0.00005
0.00005
0.00005
0.00005
0.00015
0.00015
0.00015
0.00014
0.00014
0.00014
0.00014
0.00014
0.00014
0.00014
0.00013
0.00013
0.00013
0.00013
0.00013
0.00013
0.00013
0.00012
0.00012
0.00012
0.00012
0.00002
0.00002
0.00002
0.00001
0.00001
0.00001
0.00001
-0.00009
-0.00009
-0.0001
-0.0001
-0.0001
-0.0001
-0.0002
-0.0002
-0.00021
-0.00021
-0.00021
-0.00021
-0.00021
-0.00031
-0.00032
-0.00032
-0.00032
-0.00032
-0.00032
-0.00043
-0.00043
-0.00043
-0.00043
-0.00043
-0.00044
-0.00044
-0.00034
-0.00034
-0.00034
-0.00035
-0.00035
-0.00035
-0.00025
-0.00025
-0.00025
-0.00026
-0.00026
-0.00026
-0.00026
-0.00026
-0.00027
-0.00027
-0.00027
-0.00027
-0.00027
-0.00027
-0.00028
-0.00028
-0.00028
-0.00028
-0.00028
-0.00029
-0.00029
-0.00029
-0.00029
-0.00019
-0.00019
-0.0002
-0.0002
-0.0002
-0.0002
-0.0001
-0.0001
-0.0001
-0.00011
-0.00011
-0.00011
-0.00011
-0.00001
-0.00001
-0.00002
-0.00012
-0.00012
-0.00012
-0.00022
-0.00022
-0.00032
-0.00033
-0.00043
-0.00043
-0.00053
-0.00053
-0.00064
-0.00064
-0.00074
-0.00074
-0.00074
-0.00075
-0.00075
-0.00075
-0.00065
-0.00065
-0.00065
-0.00056
-0.00056
-0.00056
-0.00046
-0.00046
-0.00047
-0.00037
-0.00037
-0.00037
-0.00037
-0.00037
-0.00037
-0.00038
-0.00038
-0.00038
-0.00038
-0.00038
-0.00038
-0.00038
-0.00039
-0.00039
-0.00039
-0.00039
-0.00039
-0.00039
-0.00039
-0.0003
-0.0003
-0.0003
-0.0003
-0.0003
-0.0003
-0.0002
-0.0002
-0.0002
-0.00021
-0.00021
-0.00021
-0.00021
-0.00011
-0.00011
-0.00011
-0.00021
-0.00021
-0.00021
-0.00031
-0.00032
-0.00042
-0.00042
-0.00052
-0.00052
-0.00062
-0.00062
-0.00072
-0.00073
-0.00083
-0.00083
-0.00083
-0.00083
-0.00083
-0.00083
-0.00073
-0.00074
-0.00074
-0.00064
-0.00064
-0.00064
-0.00054
-0.00054
-0.00054
-0.00044
-0.00044
-0.00044
-0.00045
-0.00045
-0.00045
-0.00055
-0.00055
-0.00065
-0.00065
-0.00075
-0.00075
-0.00085
-0.00085
-0.00096
-0.00096
-0.00106
-0.00107
-0.00107
-0.00116
-0.00107
-0.00086
-0.00076
-0.00066
-0.00056
-0.00046
-0.00026
-0.00016
-0.00006
0.00004
0.00024
0.00034
0.00044
0.00054
0.00064
0.00084
-0.00066
-0.00216
-0.00216
-0.00146
-0.00086
-0.00026
0.00044
0.00104
-0.00066
-0.00236
-0.00406
-0.00577
-0.00417
-0.00268
-0.00108
0.00052
0.00212
0.00373
0.00243
0.00114
-0.00016
-0.00136
-0.00066
0.00004
0.00064
0.00134
0.00204
0.00275
-0.00035
-0.00345
-0.00655
-0.00536
-0.00426
-0.00307
-0.00277
-0.00237
-0.00207
-0.00167
-0.00137
-0.00097
-0.00067
-0.00037
0.00003
0.00033
0.00074
0.00104
0.00144
0.00175
0.00145
0.00105
0.00065
0.00036
-0.00124
-0.00274
-0.00434
-0.00074
0.00276
0.00626
0.00978
0.01329
0.01
0.00671
0.00342
0.00003
-0.00327
-0.00227
-0.00127
-0.00017
0.00083
0.00183
0.00284
-0.00086
-0.00456
-0.00826
-0.01197
-0.01568
-0.014
-0.01231
-0.01062
-0.00562
-0.00053
0.00448
0.00299
0.00139
-0.0001
-0.00631
-0.01261
-0.01112
-0.00963
-0.00824
-0.00504
-0.00184
0.00136
-0.00014
-0.00153
-0.00293
-0.00433
-0.00123
0.00177
0.00488
0.00789
0.0136
0.01922
0.01494
0.01076
0.00657
0.00318
-0.00032
0.00509
0.0105
0.01592
0.02144
0.02687
0.0247
0.02253
0.01395
0.00537
-0.00323
-0.01183
-0.01164
-0.01145
-0.01136
-0.00967
-0.00807
-0.00638
-0.00478
-0.00748
-0.01018
-0.01289
-0.0155
-0.01322
-0.01082
-0.00853
-0.00623
-0.00383
-0.00203
-0.00023
0.00158
0.00088
0.00019
-0.00051
-0.00111
-0.0018
-0.0025
-0.0031
-0.0038
-0.0049
-0.0059
-0.0069
-0.008
-0.00981
-0.01171
-0.01362
-0.00943
-0.00513
-0.00093
0.00428
0.00949
0.01471
0.01373
0.01274
0.01176
0.01078
0.0098
0.00881
0.00783
0.00684
0.00585
0.00796
0.01008
0.01209
0.01421
0.01633
0.01846
0.02048
0.02261
0.02004
0.01747
0.01489
0.00871
0.00252
-0.00368
-0.00258
-0.00147
-0.00047
0.00114
0.00285
0.00446
0.00117
-0.00223
-0.00553
-0.00883
-0.01213
-0.01554
-0.01885
-0.02217
-0.02839
-0.03462
-0.04085
-0.03438
-0.02791
-0.01833
-0.00863
-0.01224
-0.01575
-0.02436
-0.03288
-0.03241
-0.03194
-0.02126
-0.01057
0.00023
0.00204
0.00385
0.00566
0.00748
0.00929
0.00661
0.00382
0.00103
0.00414
0.00715
0.01027
0.01329
0.01221
0.01113
0.01005
0.00897
0.01869
0.02832
0.03806
0.04771
0.04277
0.03782
0.02976
0.0218
0.01372
0.00574
0.00175
-0.00224
-0.00614
-0.01014
-0.00814
-0.00624
-0.00004
0.00617
0.01239
0.00851
0.00462
-0.00587
-0.01628
-0.02669
-0.03211
-0.03744
-0.03577
-0.0341
-0.03243
-0.03076
-0.02378
-0.01669
-0.0097
-0.00269
0.00441
0.00613
0.00794
0.00976
0.00518
0.00059
-0.0039
-0.0085
-0.0131
-0.01011
-0.00711
-0.00411
-0.0028
-0.00149
-0.00019
0.00452
0.00914
0.00275
-0.00354
-0.01504
-0.02655
-0.02357
-0.02068
-0.00208
0.01663
0.03527
0.04562
0.04037
0.03522
0.02386
0.01259
0.00951
0.00653
0.00884
0.01116
0.01348
0.01581
0.01203
0.00815
0.00427
0.00048
-0.00342
-0.00731
-0.01121
-0.01032
-0.00942
-0.00852
-0.00762
-0.00682
-0.01342
-0.02013
-0.02684
-0.02306
-0.01917
-0.01538
-0.00358
0.00833
0.02015
0.03209
0.03023
0.02847
0.019
0.00943
0.00745
0.00536
0.00988
0.0143
0.01883
0.01215
0.00547
-0.01402
-0.03364
-0.04327
-0.05301
-0.04336
-0.03379
-0.01741
-0.0011
0.00661
0.01433
0.01105
0.00777
0.00439
-0.0024
-0.0093
-0.0161
-0.01961
-0.02303
-0.02654
-0.03006
-0.02438
-0.0186
-0.0004
0.01782
0.03616
0.04491
0.05377
0.04763
0.04149
0.02893
0.01637
0.00368
0.0054
0.00701
0.00863
0.01205
0.01537
0.0188
0.02223
0.03017
0.03821
0.04627
0.05433
0.0565
0.05867
0.04883
0.03898
0.02623
0.01336
0.00047
-0.00742
-0.01533
-0.01343
-0.01144
-0.00954
-0.00754
-0.01854
-0.02946
-0.04039
-0.05143
-0.06238
-0.06144
-0.06059
-0.04734
-0.03407
-0.02089
-0.0144
-0.008
-0.0016
-0.00179
-0.00209
-0.00468
-0.00728
-0.00988
-0.01168
-0.01349
-0.01519
-0.0165
-0.01771
-0.00411
0.0094
0.02633
0.04317
0.04493
0.03118
0.01731
0.00343
-0.01037
-0.01607
-0.02189
-0.0183
-0.01481
-0.00451
0.0058
0.01612
0.02655
0.02849
0.03033
0.03227
0.03421
0.03485
0.0355
0.03624
0.03689
0.03754
0.03818
0.04523
0.05229
0.05936
0.05903
0.0588
0.04756
0.03641
0.01894
0.00146
-0.01614
-0.03366
-0.03979
-0.04593
-0.03936
-0.03279
-0.02622
-0.01513
-0.00394
0.00717
0.00869
0.0102
-0.00299
-0.01619
-0.03431
-0.05235
-0.06
-0.06766
-0.05752
-0.04747
-0.0253
-0.00311
0.0123
0.01653
0.00664
-0.00315
-0.01305
-0.01106
-0.00916
0.00384
0.01676
0.02969
0.03983
0.04988
0.04584
0.04189
0.03794
0.03398
0.04013
0.04627
0.05253
0.05869
0.06497
0.07114
0.07222
0.0733
0.06208
0.05094
0.03299
0.01502
-0.00287
-0.01428
-0.02569
-0.02872
-0.03185
-0.02877
-0.0257
-0.02262
-0.03235
-0.04218
-0.05203
-0.06178
-0.07165
-0.06582
-0.06008
-0.04463
-0.02927
-0.01389
0.00161
0.00342
0.00523
-0.00487
-0.01498
-0.03139
-0.04773
-0.05558
-0.04803
-0.04038
-0.02421
-0.00802
0.00818
0.0125
0.01682
0.01004
0.00334
-0.00345
-0.01016
-0.01687
-0.01308
-0.00939
0.00181
0.01302
0.02414
0.03538
0.03441
0.03355
0.02458
0.01571
0.00672
-0.00298
-0.01268
-0.0223
-0.02542
-0.02855
-0.02267
-0.01679
0.0003
0.01741
0.03464
0.05178
0.06895
0.08623
0.09533
0.09173
0.07411
0.05638
0.03873
0.03117
0.02369
0.02382
0.02404
0.02417
0.02429
0.02452
0.02464
0.02487
0.02499
0.02522
0.02534
0.01487
0.00437
-0.00613
-0.01664
-0.02717
-0.0278
-0.02853
-0.02916
-0.02789
-0.02662
-0.02535
-0.02398
-0.02271
-0.02924
-0.03577
-0.04222
-0.04876
-0.03641
-0.02395
-0.00646
0.01093
0.01855
0.00996
0.00146
-0.01014
-0.02176
-0.02159
-0.02131
-0.02114
-0.02086
-0.02069
-0.02042
-0.01074
-0.00095
0.02906
0.05921
0.08928
0.11939
0.13881
0.14526
0.137
0.12864
0.12026
0.11188
0.11149
0.1111
0.11071
0.11042
0.11233
0.11424
0.10305
0.09175
0.06173
0.03166
0.00148
-0.02865
-0.0588
-0.07038
-0.06926
-0.04692
-0.02457
-0.00219
0.01091
0.01141
-0.00219
-0.01591
-0.03894
-0.06191
-0.08499
-0.0995
-0.11402
-0.12855
-0.1401
-0.15176
-0.16343
-0.16692
-0.1703
-0.17379
-0.17728
-0.18067
-0.17217
-0.15174
-0.1312
-0.11073
-0.09025
-0.06974
-0.05791
-0.04597
-0.04353
-0.04108
-0.03863
-0.03618
-0.03382
-0.02316
-0.01248
-0.0019
0.00009
-0.01433
-0.04846
-0.08254
-0.11675
-0.151
-0.17068
-0.17887
-0.17516
-0.15534
-0.1355
-0.10743
-0.07935
-0.06113
-0.04289
-0.03474
-0.02658
-0.02692
-0.02715
-0.02749
-0.01002
0.00747
0.04218
0.07704
0.12063
0.16428
0.20026
0.21907
0.21539
0.18799
0.14226
0.09646
0.05674
0.02847
0.01188
0.00678
0.01758
0.02849
0.04452
0.06056
0.06962
0.07868
0.07965
0.08053
0.0729
0.06525
0.05761
0.06216
0.06671
0.08188
0.09716
0.11235
0.12147
0.12018
0.10569
0.09127
0.07685
0.0624
0.05595
0.04949
0.04783
0.04616
0.04449
0.02771
0.01102
-0.0058
-0.02192
-0.02636
-0.01881
0.00528
0.02947
0.06341
0.09747
0.12047
0.14359
0.14813
0.13626
0.10707
0.06245
0.01777
-0.01954
-0.03909
-0.04185
-0.03141
-0.02095
-0.00428
0.0125
0.02931
0.03172
0.02103
-0.00547
-0.03191
-0.05848
-0.07757
-0.07927
-0.08097
-0.07107
-0.06116
-0.05123
-0.0413
-0.03836
-0.03552
-0.03267
-0.03232
-0.03207
-0.03183
-0.02467
-0.01751
0.00566
0.04617
0.08662
0.12712
0.15464
0.15599
0.12952
0.07911
0.02855
-0.02197
-0.06333
-0.09003
-0.11676
-0.13441
-0.15208
-0.16977
-0.19177
-0.21391
-0.22846
-0.24303
-0.2436
-0.24427
-0.22794
-0.19087
-0.15377
-0.11673
-0.07426
-0.03172
0.03105
0.09381
0.14571
0.17076
0.16772
0.14347
0.10578
0.06795
0.03019
0.00889
0.00297
-0.00295
-0.00897
-0.019
-0.02905
-0.0333
-0.03745
-0.04172
-0.04588
-0.05015
-0.04202
-0.03388
-0.01322
0.02317
0.05959
0.10177
0.14397
0.17272
0.18509
0.18116
0.15962
0.13815
0.09976
0.06122
0.01695
-0.02739
-0.06045
-0.08084
-0.08595
-0.09116
-0.09638
-0.1015
-0.11833
-0.13519
-0.15206
-0.16895
-0.18585
-0.18536
-0.18478
-0.17099
-0.15708
-0.14315
-0.13512
-0.12717
-0.10362
-0.06391
-0.01218
0.03953
0.09137
0.13197
0.1568
0.16235
0.1479
0.13352
0.11014
0.08672
0.06319
0.04692
0.04085
0.05038
0.05992
0.08768
0.11546
0.14338
0.17122
0.18019
0.17105
0.1433
0.10082
0.05827
0.021
0.00069
-0.01954
-0.02789
-0.03614
-0.0444
-0.05277
-0.06105
-0.06934
-0.07774
-0.07464
-0.07153
-0.06843
-0.06541
-0.0623
-0.05918
-0.05606
-0.05394
-0.05181
-0.04978
-0.04765
-0.05983
-0.07201
-0.08422
-0.09653
-0.10876
-0.12099
-0.13325
-0.14561
-0.15789
-0.15997
-0.16215
-0.15454
-0.14691
-0.12417
-0.1015
-0.07542
-0.04919
-0.03285
-0.01639
-0.00002
0.00817
0.01637
0.02468
0.02249
0.02029
-0.00181
-0.02394
-0.05239
-0.08078
-0.10919
-0.12523
-0.14118
-0.15726
-0.17334
-0.18935
-0.20546
-0.2216
-0.23205
-0.24262
-0.24308
-0.24365
-0.22611
-0.20865
-0.19107
-0.17297
-0.15485
-0.13671
-0.12426
-0.11169
-0.09922
-0.08672
-0.07802
-0.06931
-0.06949
-0.06967
-0.06975
-0.07494
-0.08003
-0.08512
-0.09032
-0.09543
-0.08283
-0.07022
-0.0516
-0.03295
-0.01438
0.00431
0.02301
0.04174
0.05458
0.06754
0.08041
0.10261
0.12481
0.15456
0.18422
0.21393
0.24376
0.24961
0.23006
0.19487
0.15965
0.13589
0.12452
0.12835
0.14908
0.16984
0.19702
0.22424
0.24377
0.25253
0.24578
0.23892
0.21996
0.20096
0.18196
0.17574
0.18251
0.20251
0.22262
0.24266
0.26271
0.26647
0.25814
0.23559
0.21301
0.18301
0.15308
0.13251
0.11203
0.10544
0.09893
0.09232
0.08771
0.08318
0.06345
0.0438
0.01912
-0.00558
-0.0189
-0.03224
-0.02999
-0.02763
-0.02536
-0.0231
-0.02773
-0.03247
-0.03712
-0.05208
-0.06704
-0.09724
-0.12756
-0.15792
-0.18821
-0.20773
-0.21425
-0.20649
-0.1871
-0.15608
-0.11204
-0.05302
0.02005
0.09322
0.15683
0.20512
0.23634
0.26761
0.28319
0.29869
0.29439
0.28999
0.27849
0.26696
0.25533
0.24379
0.24063
0.23759
0.23453
0.23406
0.23369
0.23323
0.23008
0.2269
0.22823
0.22967
0.23101
0.23234
0.23378
0.23512
0.22725
0.21928
0.2114
0.1906
0.16978
0.12812
0.08633
0.04458
0.01681
0.00912
0.00152
-0.0062
-0.01201
-0.01793
-0.03257
-0.04732
-0.07478
-0.10238
-0.14581
-0.1894
-0.23872
-0.28801
-0.33744
-0.37662
-0.39983
-0.42316
-0.42831
-0.43358
-0.42983
-0.41377
-0.3977
-0.3816
-0.3655
-0.34937
-0.35353
-0.3577
-0.36818
-0.37867
-0.38916
-0.39968
-0.41019
-0.40381
-0.37492
-0.31517
-0.24006
-0.18217
-0.15644
-0.13999
-0.12352
-0.10703
-0.12664
-0.14638
-0.15362
-0.16078
-0.15854
-0.12887
-0.11529
-0.11541
-0.08841
-0.04186
0.01233
0.06659
0.10328
0.14003
0.1683
0.1966
0.21893
0.24138
0.26386
0.28626
0.29417
0.30199
0.29652
0.27162
0.24661
0.22166
0.20589
0.19011
0.15811
0.13947
0.12082
0.11855
0.13139
0.15986
0.15143
0.13108
0.12103
0.13727
0.13192
0.12657
0.13671
0.15408
0.17145
0.15623
0.11419
0.10041
0.08662
0.07281
0.03969
0.01863
-0.00245
-0.02356
-0.04468
-0.06583
-0.1089
-0.13714
-0.19018
-0.25262
-0.31499
-0.36565
-0.38853
-0.38622
-0.38391
-0.40111
-0.39251
-0.33187
-0.24717
-0.17727
-0.15463
-0.13196
-0.11347
-0.09506
-0.07654
-0.05809
-0.06203
-0.06598
-0.06474
-0.07409
-0.08346
-0.0482
-0.01292
-0.00731
0.009
0.05206
0.09515
0.12479
0.16755
0.21037
0.21891
0.21376
0.2087
0.21124
0.21378
0.20411
0.19444
0.19116
0.18787
0.16847
0.16286
0.18357
0.20428
0.21842
0.21137
0.2042
0.23064
0.24651
0.24608
0.26146
0.27686
0.30338
0.31292
0.30696
0.30089
0.28982
0.27864
0.25292
0.22719
0.22063
0.21398
0.21692
0.21986
0.23171
0.24358
0.26185
0.29335
0.3248
0.33276
0.34062
0.34859
0.32506
0.19276
-0.04059
-0.23009
-0.28846
-0.28855
-0.28863
-0.29503
-0.28251
-0.26999
-0.25755
-0.245
-0.24676
-0.25989
-0.25095
-0.23159
-0.22622
-0.22084
-0.21545
-0.19685
-0.16722
-0.16478
-0.16243
-0.16548
-0.13732
-0.13544
-0.15488
-0.15603
-0.20089
-0.27332
-0.2895
-0.28508
-0.28066
-0.27613
-0.2782
-0.26647
-0.22149
-0.17659
-0.14643
-0.13266
-0.12977
-0.11598
-0.08326
-0.05051
-0.01762
0.0152
0.07147
0.12769
0.17478
0.20259
0.20843
0.19056
0.17277
0.15487
0.14695
0.14912
0.12198
0.12383
0.14299
0.14877
0.15455
0.18314
0.22188
0.24244
0.25203
0.24991
0.24788
0.24577
0.24363
0.24162
0.23949
0.24316
0.24693
0.24131
0.25038
0.24816
0.1969
0.07328
-0.07443
-0.17652
-0.21822
-0.23354
-0.24897
-0.26432
-0.27979
-0.28397
-0.28815
-0.28643
-0.27081
-0.23646
-0.20197
-0.16745
-0.13638
-0.10519
-0.07005
-0.0348
0.00051
0.03585
0.08834
0.14087
0.19347
0.23181
0.24839
0.24507
0.24164
0.22681
0.18404
0.11833
0.07203
0.05772
0.0535
0.04937
0.04093
0.03259
0.03835
0.04421
0.05838
0.07267
0.08697
0.11249
0.13814
0.16371
0.18942
0.20354
0.20277
0.18649
0.17019
0.15378
0.14655
0.13932
0.13768
0.14914
0.16052
0.15921
0.08954
-0.0429
-0.15491
-0.21218
-0.24661
-0.29477
-0.34299
-0.39135
-0.42017
-0.4491
-0.45636
-0.43341
-0.39162
-0.3499
-0.30641
-0.2629
-0.24224
-0.22167
-0.20107
-0.19206
-0.18303
-0.174
-0.18537
-0.20975
-0.21926
-0.21827
-0.21718
-0.2462
-0.27525
-0.28672
-0.29811
-0.2937
-0.20954
-0.02237
0.12224
0.1464
0.11555
0.09728
0.0888
0.08021
0.06761
0.05499
0.04236
0.02973
0.00966
-0.01051
-0.0081
-0.00569
-0.00337
-0.00406
-0.00474
-0.00553
-0.00622
-0.0069
-0.0172
-0.0274
-0.04372
-0.06005
-0.07641
-0.08727
-0.09815
-0.10904
-0.11994
-0.14065
-0.16139
-0.16394
-0.1664
-0.18066
-0.20794
-0.23525
-0.24909
-0.26283
-0.25908
-0.25533
-0.24227
-0.2292
-0.2101
-0.18049
-0.14293
-0.10535
-0.09413
-0.10521
-0.1043
-0.07108
-0.0378
-0.02352
-0.00921
0.01401
0.05838
0.10278
0.15324
0.20374
0.2355
0.21375
0.14945
0.11182
0.11636
0.13551
0.15478
0.16486
0.17496
0.17576
0.17657
0.17047
0.16446
0.15835
0.15233
0.1462
0.13837
0.13043
0.12257
0.13052
0.13848
0.15985
0.18134
0.20276
0.21339
0.22403
0.21468
0.20541
0.18453
0.16353
0.1425
0.13195
0.1314
0.13075
0.10579
0.08071
0.0769
0.0964
0.11592
0.13536
0.12751
0.10416
0.09356
0.10827
0.12311
0.12496
0.1268
0.12864
0.12608
0.12363
0.11366
0.10378
0.1037
0.10352
0.11174
0.11997
0.12811
0.12635
0.12449
0.11002
0.09543
0.07103
0.0466
0.02214
-0.00234
-0.02685
-0.05139
-0.06814
-0.08492
-0.0889
-0.09289
-0.08038
-0.06794
-0.0465
-0.02503
-0.00354
0.01798
0.03941
0.04046
0.04151
0.04256
0.03931
0.03605
0.01459
-0.0069
-0.01001
-0.01311
-0.01622
-0.02414
-0.03206
-0.02639
-0.02061
-0.01482
-0.01673
-0.01874
-0.02076
-0.02268
-0.02469
-0.02672
-0.02874
-0.03077
-0.0328
-0.04193
-0.05097
-0.06003
-0.06919
-0.09758
-0.13869
-0.17986
-0.22106
-0.2472
-0.25536
-0.26363
-0.2719
-0.28008
-0.28837
-0.29658
-0.30488
-0.3078
-0.30591
-0.29162
-0.27731
-0.26288
-0.24855
-0.2505
-0.26656
-0.26663
-0.2561
-0.25576
-0.25542
-0.24957
-0.24372
-0.24977
-0.25573
-0.24538
-0.23502
-0.23176
-0.254
-0.27627
-0.28775
-0.26873
-0.23139
-0.21371
-0.19592
-0.15728
-0.08321
-0.02515
-0.01416
-0.01737
-0.00687
0.01815
0.04329
0.07597
0.10857
0.1227
0.15555
0.20516
0.2549
0.27519
0.27989
0.26238
0.24496
0.22741
0.22525
0.21279
0.1749
0.16759
0.17427
0.18107
0.17446
0.15583
0.16061
0.17919
0.18689
0.19469
0.2025
0.19001
0.19141
0.21924
0.20917
0.222
0.23484
0.23699
0.25654
0.27613
0.29573
0.31535
0.31518
0.31501
0.30524
0.29536
0.30737
0.3195
0.31003
0.29054
0.27104
0.26992
0.2687
0.25547
0.24213
0.22256
0.18588
0.14904
0.08938
0.00711
-0.10113
-0.22242
-0.30839
-0.32453
-0.30247
-0.26416
-0.24513
-0.24079
-0.23634
-0.21978
-0.20311
-0.1737
-0.14418
-0.13803
-0.17139
-0.16156
-0.12312
-0.11985
-0.13188
-0.15774
-0.18351
-0.22644
-0.25819
-0.26246
-0.26684
-0.28473
-0.29033
-0.28163
-0.24922
-0.23947
-0.29144
-0.32647
-0.22328
-0.10523
-0.21667
-0.37081
-0.29178
-0.21252
-0.27967
-0.29707
-0.11862
0.12213
0.26961
0.30572
0.26063
0.19446
0.16005
0.15632
0.15268
0.14894
0.14529
0.15425
0.16321
0.187
0.2109
0.24865
0.28642
0.31604
0.31727
0.29078
0.25387
0.2168
0.18912
0.16129
0.14735
0.13329
0.13413
0.14757
0.16093
0.1744
0.18778
0.19088
0.19407
0.19717
0.19237
0.18766
0.18285
0.17363
0.1645
0.15526
0.15411
0.15286
0.16152
0.17019
0.17886
0.18754
0.18383
0.18011
0.16449
0.14894
0.12578
0.10258
0.07938
0.05623
0.03297
0.00968
-0.00572
-0.00714
0.00995
0.04527
0.08062
0.11602
0.14153
0.15418
0.15503
0.14519
0.12002
0.09481
0.05729
0.01961
-0.018
-0.05575
-0.08353
-0.11135
-0.13048
-0.14955
-0.16872
-0.18232
-0.19593
-0.20345
-0.21097
-0.21842
-0.22595
-0.24852
-0.2712
-0.25779
-0.20805
-0.17015
-0.16544
-0.16082
-0.15619
-0.15146
-0.14683
-0.1548
-0.16277
-0.18296
-0.20326
-0.23061
-0.25796
-0.28536
-0.31278
-0.34024
-0.34951
-0.35879
-0.35227
-0.33213
-0.29517
-0.25806
-0.26034
-0.27653
-0.28602
-0.29563
-0.29625
-0.28165
-0.28365
-0.30187
-0.32019
-0.33004
-0.32039
-0.23296
-0.01584
0.2015
0.28133
0.2449
0.20834
0.20755
0.20677
0.20588
0.20509
0.23332
0.26147
0.27274
0.26702
0.26129
0.27356
0.28585
0.28464
0.29615
0.30776
0.29266
0.27755
0.28164
0.28572
0.28982
0.29391
0.29801
0.27811
0.25807
0.24433
0.23046
0.22729
0.197
0.17668
0.17966
0.18264
0.20773
0.23285
0.24779
0.26264
0.27631
0.29009
0.31059
0.33121
0.35186
0.35701
0.35077
0.34451
0.33836
0.31879
0.29919
0.25868
0.17587
0.0678
-0.01521
-0.06606
-0.11709
-0.16814
-0.18795
-0.20787
-0.21661
-0.20385
-0.19097
-0.19179
-0.19261
-0.18263
-0.16662
-0.15071
-0.15018
-0.14965
-0.14903
-0.1436
-0.13816
-0.13272
-0.12727
-0.13102
-0.13487
-0.13873
-0.1531
-0.16758
-0.18208
-0.19659
-0.21052
-0.22436
-0.14966
-0.049
-0.01674
-0.02927
-0.04173
-0.02028
0.0011
0.0226
0.04412
0.07006
0.09604
0.10313
0.09982
0.09651
0.1074
0.1182
0.13862
0.15896
0.17943
0.19981
0.20931
0.20101
0.17239
0.12294
0.07351
0.02395
-0.01016
-0.0443
-0.07849
-0.10789
-0.13734
-0.16682
-0.19222
-0.21775
-0.24321
-0.27049
-0.29781
-0.32515
-0.34482
-0.3645
-0.3778
-0.39122
-0.39846
-0.38899
-0.3795
-0.38021
-0.38082
-0.38153
-0.38214
-0.38285
-0.37636
-0.36996
-0.38477
-0.39959
-0.40512
-0.38865
-0.37205
-0.36175
-0.37014
-0.37864
-0.36643
-0.35422
-0.34199
-0.32985
-0.3304
-0.31955
-0.29157
-0.28038
-0.28218
-0.28388
-0.27888
-0.27377
-0.27767
-0.28146
-0.28536
-0.21924
-0.08148
0.00636
0.01587
0.01198
0.03571
0.06986
0.10395
0.13097
0.15792
0.19009
0.22231
0.25455
0.28683
0.30753
0.32817
0.33291
0.32014
0.30736
0.29457
0.28167
0.27575
0.26983
0.2597
0.24956
0.26512
0.2807
0.29629
0.2903
0.28418
0.30188
0.29609
0.27338
0.31028
0.3128
0.2868
0.28168
0.29588
0.28627
0.27665
0.26693
0.2783
0.28978
0.27826
0.26684
0.27391
0.28088
0.28797
0.27435
0.27402
0.27359
0.27326
0.27293
0.28371
0.28379
0.26446
0.23131
0.19801
0.13988
0.05696
-0.05924
-0.14188
-0.13235
-0.08997
-0.07518
-0.09129
-0.1075
-0.12364
-0.1587
-0.19381
-0.20013
-0.15352
-0.08088
-0.04015
-0.0209
0.01008
0.04109
0.04892
0.04056
0.03208
0.01559
-0.00092
-0.01744
-0.03399
-0.05065
-0.06723
-0.07421
-0.08121
-0.08822
-0.09523
-0.10235
-0.10937
-0.11891
-0.12845
-0.13801
-0.14757
-0.15714
-0.16673
-0.18062
-0.19443
-0.20045
-0.20638
-0.20041
-0.19443
-0.18844
-0.19766
-0.20678
-0.21602
-0.20995
-0.19057
-0.16077
-0.12062
-0.06324
-0.00568
0.05182
0.0968
0.128
0.15925
0.19051
0.23964
0.28889
0.32431
0.32563
0.30785
0.24394
0.1255
0.03349
-0.00652
-0.02335
-0.0401
-0.05696
-0.05703
-0.0571
-0.04927
-0.04133
-0.03348
-0.02553
-0.02627
-0.02691
-0.02765
-0.03539
-0.04315
-0.05661
-0.07009
-0.08368
-0.08558
-0.08758
-0.08959
-0.09049
-0.0914
-0.09231
-0.08751
-0.07251
-0.04718
-0.02183
-0.00576
-0.00557
-0.0153
-0.02513
-0.03497
-0.04312
-0.05128
-0.05955
-0.06793
-0.07631
-0.0738
-0.07129
-0.06036
-0.04933
-0.03829
-0.02233
-0.00635
0.00973
0.03045
0.05128
0.07204
0.09291
0.11371
0.13463
0.14136
0.1316
0.12182
0.09773
0.07361
0.04036
0.00707
-0.03615
-0.07943
-0.12273
-0.1507
-0.17857
-0.18878
-0.19899
-0.1917
-0.18451
-0.15629
-0.12795
-0.09687
-0.06567
-0.03453
-0.00816
0.01824
0.04456
0.06581
0.08708
0.10828
0.12339
0.13842
0.15356
0.16863
0.1801
0.19149
0.20288
0.21439
0.22331
0.23234
0.24138
0.24272
0.24407
0.24541
0.24667
0.24801
0.24937
0.25072
0.24517
0.23971
0.23415
0.22858
0.2231
0.23403
0.25998
0.27435
0.26952
0.21235
0.11002
0.04708
0.03731
0.02763
-0.00266
-0.0329
-0.06316
-0.09356
-0.12388
-0.15424
-0.17932
-0.20444
-0.22347
-0.22452
-0.22547
-0.22641
-0.22746
-0.2201
-0.21274
-0.19666
-0.18047
-0.17047
-0.16035
-0.13102
-0.07664
-0.02229
-0.02792
-0.0833
-0.13871
-0.12155
-0.05157
0.00291
0.01411
-0.02251
-0.07536
-0.10316
-0.13099
-0.18297
-0.23488
-0.25005
-0.23551
-0.22105
-0.2346
-0.24815
-0.25243
-0.2568
-0.26118
-0.24875
-0.23631
-0.19403
-0.076
0.10274
0.20348
0.20539
0.1948
0.21652
0.25025
0.27323
0.28402
0.29482
0.29362
0.29242
0.28232
0.2721
0.26198
0.25184
0.23029
0.20881
0.19722
0.18551
0.16179
0.13803
0.11426
0.09036
0.06654
0.04929
0.03192
0.02394
0.01586
0.00786
-0.00134
-0.01055
-0.01978
-0.03201
-0.04426
-0.05652
-0.06879
-0.08118
-0.09347
-0.11169
-0.12992
-0.14817
-0.16654
-0.17383
-0.18102
-0.17461
-0.16809
-0.16157
-0.15414
-0.13629
-0.10333
-0.07032
-0.06629
-0.08798
-0.10968
-0.12602
-0.14236
-0.17033
-0.19822
-0.23606
-0.26261
-0.24968
-0.21583
-0.20626
-0.22698
-0.24773
-0.22358
-0.15807
-0.06701
0.02408
0.06612
0.06209
0.05795
0.07272
0.0874
0.10221
0.11692
0.13395
0.1509
0.16797
0.18495
0.20526
0.22558
0.24593
0.25939
0.26116
0.24672
0.23237
0.2074
0.1823
0.15728
0.13222
0.11705
0.11637
0.11579
0.11521
0.10682
0.09843
0.09012
0.0639
0.03775
0.0511
0.06445
0.06782
0.07119
0.07456
0.07794
0.07772
0.06539
0.03914
0.01296
-0.01534
-0.03467
-0.03501
-0.03525
-0.01968
-0.0041
0.0116
0.01251
-0.0187
-0.06073
-0.09082
-0.10582
-0.12085
-0.13988
-0.15905
-0.15401
-0.10364
0.01429
0.13249
0.17534
0.18583
0.19622
0.21834
0.24038
0.24563
0.25089
0.25605
0.24971
0.24337
0.22391
0.19232
0.1397
0.08691
0.04228
0.0164
-0.0094
-0.02952
-0.04957
-0.06963
-0.08972
-0.10593
-0.12205
-0.13829
-0.15445
-0.16412
-0.17389
-0.18359
-0.18208
-0.18057
-0.16616
-0.15182
-0.14638
-0.15104
-0.1556
-0.16027
-0.16054
-0.16081
-0.16107
-0.15314
-0.14529
-0.13244
-0.11957
-0.10669
-0.09379
-0.08098
-0.06806
-0.07123
-0.07451
-0.07779
-0.08107
-0.09887
-0.11667
-0.14842
-0.18018
-0.18667
-0.16376
-0.11819
-0.0726
-0.05646
-0.04021
-0.02394
0.00695
0.03778
0.07943
0.13716
0.21864
0.2596
0.21786
0.16145
0.15432
0.17059
0.16737
0.13072
0.09415
0.04702
-0.00015
-0.04738
-0.07244
-0.09743
-0.12254
-0.14768
-0.19735
-0.22327
-0.12697
0.00899
0.07153
0.0697
0.06788
0.06605
0.06422
0.04428
0.02432
0.01364
0.00305
-0.00164
-0.00634
-0.01105
-0.01376
-0.01648
-0.02809
-0.03973
-0.05577
-0.07194
-0.08802
-0.10252
-0.11703
-0.13156
-0.1563
-0.18108
-0.20577
-0.21649
-0.20871
-0.1828
-0.14228
-0.10169
-0.06108
-0.03252
-0.02185
-0.01106
-0.00036
0.00675
0.01396
0.02109
0.02822
0.03536
0.04111
0.04676
0.04471
0.04276
0.04081
0.04246
0.04401
0.04016
0.05271
0.08529
0.1178
0.13154
0.14519
0.16946
0.19375
0.21807
0.22611
0.22245
0.20338
0.16827
0.13324
0.11357
0.11379
0.11401
0.09823
0.08232
0.06651
0.06628
0.06615
0.07503
0.08391
0.0792
0.07449
0.06976
0.07544
0.08112
0.08681
0.0828
0.07869
0.07468
0.06855
0.06232
0.05619
0.05004
0.0439
0.03354
0.02317
0.01279
-0.002
-0.01671
-0.03933
-0.06199
-0.08466
-0.10736
-0.11427
-0.1212
-0.11482
-0.10833
-0.09334
-0.07832
-0.06329
-0.04835
-0.04369
-0.03913
-0.04357
-0.04802
-0.05246
-0.06552
-0.07859
-0.09168
-0.11108
-0.13051
-0.14995
-0.16961
-0.18939
-0.19649
-0.20369
-0.1953
-0.18699
-0.17858
-0.16315
-0.11418
-0.04158
0.01823
0.05637
0.07475
0.09314
0.09784
0.10246
0.09296
0.08356
0.06404
0.0444
0.03805
0.03169
0.02533
0.01896
0.01838
0.01781
0.01733
0.02386
0.03039
0.03693
0.04708
0.05724
0.06741
0.07759
0.08779
0.09799
0.1047
0.11142
0.11825
0.12498
0.13182
0.13696
0.14211
0.14007
0.12531
0.08883
0.0522
0.01565
-0.01926
-0.05419
-0.09567
-0.13718
-0.17244
-0.19562
-0.20213
-0.18993
-0.17762
-0.16539
-0.15306
-0.15372
-0.15437
-0.13992
-0.11535
-0.07344
0.01104
0.09549
0.12812
0.12086
0.11348
0.11671
0.11994
0.12317
0.12261
0.12215
0.12158
0.11051
0.08281
0.05509
0.02173
-0.01155
-0.04498
-0.07834
-0.11183
-0.14055
-0.16922
-0.1896
-0.20991
-0.21733
-0.22475
-0.22088
-0.2169
-0.20192
-0.18681
-0.15129
-0.11581
-0.07371
-0.03145
-0.00127
0.00975
0.00076
-0.00823
-0.01724
-0.02625
-0.03528
-0.04431
-0.05335
-0.06241
-0.06326
-0.06422
-0.05798
-0.05163
-0.03637
-0.02119
-0.00049
0.02023
0.04086
0.04932
0.05789
0.05305
0.04821
0.04337
0.03852
0.03277
0.02691
0.02114
0.01527
0.01689
0.01852
0.02015
0.02168
0.02781
0.03385
0.0399
0.04895
0.05812
0.06719
0.07627
0.08546
0.08797
0.09056
0.09307
0.09037
0.08757
0.08487
0.08217
0.07936
0.08765
0.09596
0.11838
0.14092
0.15078
0.14444
0.138
0.14265
0.14741
0.15207
0.14953
0.1471
0.14455
0.14201
0.13186
0.1218
0.11162
0.09574
0.07973
0.06372
0.04768
0.03173
0.01565
0.00847
0.00128
0.00389
0.0065
0.00911
0.01553
0.02195
0.02839
0.03482
0.04127
0.03461
0.02795
0.00888
-0.01012
-0.03423
-0.05838
-0.08265
-0.10684
-0.12496
-0.1432
-0.14944
-0.1557
-0.15125
-0.13219
-0.11312
-0.08301
-0.05288
-0.02261
0.00758
0.03782
0.06817
0.08836
0.10857
0.12089
0.13333
0.13828
0.14334
0.1408
0.13835
0.12859
0.11893
0.10925
0.09946
0.08887
0.07826
0.06754
0.05691
0.04617
0.03552
0.02305
0.01068
-0.00182
-0.01422
-0.02674
-0.03276
-0.0388
-0.04484
-0.04638
-0.04792
-0.04937
-0.05092
-0.05067
-0.05031
-0.05006
-0.04981
-0.04956
-0.0492
-0.04895
-0.04869
-0.04844
-0.05569
-0.06304
-0.07041
-0.07778
-0.08516
-0.09255
-0.08844
-0.08442
-0.0803
-0.07057
-0.06074
-0.05099
-0.03843
-0.02576
-0.01317
-0.00938
-0.00568
-0.01088
-0.01609
-0.0213
-0.02712
-0.03284
-0.03868
-0.04371
-0.04875
-0.0538
-0.05885
-0.06391
-0.06897
-0.07654
-0.08412
-0.0917
-0.0992
-0.1068
-0.108
-0.10921
-0.10141
-0.09351
-0.08099
-0.06846
-0.05592
-0.05087
-0.04591
-0.04095
-0.04208
-0.04322
-0.04436
-0.0455
-0.04674
-0.03657
-0.0265
-0.0072
0.01211
0.03144
0.05169
0.07207
0.09246
0.10757
0.12269
0.13084
0.13898
0.14714
0.15531
0.15959
0.16397
0.16824
0.16243
0.1567
0.13937
0.12211
0.10484
0.08654
0.06823
0.04989
0.03154
0.01317
-0.00112
-0.01542
-0.02974
-0.04407
-0.05602
-0.06808
-0.08015
-0.09213
-0.09673
-0.10143
-0.09422
-0.08711
-0.06859
-0.05004
-0.03148
-0.01289
-0.00519
0.00261
0.01032
0.01174
0.01316
0.01458
0.0117
0.00882
0.00604
0.00315
0.00036
-0.00254
-0.00543
-0.00523
-0.00513
-0.00503
-0.00493
-0.00363
-0.00232
-0.00102
0.00019
0.0015
0.0028
0.00411
0.00533
0.00664
0.01446
0.02228
0.03012
0.03806
0.04151
0.04496
0.03971
0.03446
0.0292
0.01853
0.00785
-0.00284
-0.01355
-0.02416
-0.03648
-0.04872
-0.06097
-0.07324
-0.08551
-0.0978
-0.1101
-0.11411
-0.11813
-0.12216
-0.11898
-0.11579
-0.1015
-0.08719
-0.07286
-0.05972
-0.04657
-0.04171
-0.03675
-0.03187
-0.031
-0.03012
-0.02935
-0.02847
-0.02769
-0.02681
-0.01883
-0.01074
-0.00274
0.00537
0.01419
0.02302
0.03185
0.0407
0.04585
0.05111
0.05638
0.06165
0.06352
0.06539
0.06717
0.06905
0.06593
0.0628
0.05977
0.04863
0.03759
0.02653
0.01546
0.00427
-0.00682
-0.01793
-0.02234
-0.02676
-0.03119
-0.03562
-0.03445
-0.03317
-0.032
-0.02322
-0.01434
-0.00554
0.00336
0.01218
0.0211
0.02994
0.03888
0.03913
0.03947
0.03972
0.03077
0.0217
0.01272
0.00314
-0.00646
-0.01606
-0.01978
-0.02359
-0.02731
-0.02774
-0.02816
-0.02868
-0.02911
-0.02953
-0.02996
-0.02868
-0.0274
-0.02612
-0.02485
-0.01846
-0.01207
-0.00567
0.00073
0.00664
0.01266
0.01858
0.02001
0.02143
0.02286
0.02239
0.02192
0.02155
0.02108
0.02071
0.02023
0.01986
0.01939
0.02632
0.03326
0.0403
0.04985
0.05942
0.06899
0.07857
0.08316
0.08776
0.09235
0.08895
0.08555
0.08214
0.07263
0.0632
0.05377
0.04433
0.04228
0.04022
0.04517
0.05003
0.05499
0.05985
0.06472
0.06969
0.06307
0.05643
0.04179
0.02723
0.01256
-0.00204
-0.01674
-0.02396
-0.03128
-0.03852
-0.03886
-0.03909
-0.03933
-0.03326
-0.02719
-0.02111
-0.01503
-0.00593
0.00317
0.01238
0.0215
0.03073
0.03987
0.04902
0.05068
0.05233
0.04669
0.04104
0.03538
0.02682
0.01815
0.00946
0.00087
-0.00783
-0.01644
-0.02516
-0.03379
-0.04252
-0.05127
-0.05993
-0.06869
-0.07736
-0.08334
-0.08933
-0.09523
-0.09562
-0.09612
-0.09652
-0.09251
-0.0885
-0.08449
-0.08047
-0.07645
-0.07162
-0.06689
-0.06216
-0.05732
-0.05257
-0.05342
-0.05417
-0.05503
-0.05588
-0.05663
-0.05749
-0.05835
-0.0508
-0.04315
-0.03558
-0.02801
-0.02173
-0.01555
-0.00936
-0.00316
0.00154
0.00615
0.01087
0.01548
0.02251
0.02944
0.03758
0.04562
0.05258
0.05964
0.06661
0.06699
0.06736
0.06784
0.0604
0.05307
0.04572
0.03837
0.03091
0.02354
0.01616
0.00878
0.00138
-0.00611
-0.01612
-0.02624
-0.03627
-0.04641
-0.05656
-0.05942
-0.06238
-0.06525
-0.06451
-0.06367
-0.06284
-0.0621
-0.06126
-0.06052
-0.05968
-0.05894
-0.04969
-0.04044
-0.03117
-0.022
-0.01641
-0.01093
-0.00543
-0.00623
-0.00714
-0.00804
-0.00895
-0.00986
-0.00176
0.00635
0.01436
0.02969
0.04493
0.06029
0.07566
0.09095
0.10635
0.11097
0.11569
0.12032
0.11694
0.11356
0.11018
0.1032
0.09611
0.089
0.08189
0.07478
0.06765
0.06052
0.05338
0.04624
0.04348
0.04063
0.03777
0.03501
0.03234
0.02978
0.02721
0.02463
0.02056
0.01658
0.01249
0.0085
0.00441
0.00611
0.00782
0.00953
0.01494
0.02036
0.02589
0.03131
0.03675
0.04219
0.04764
0.04629
0.04493
0.04358
0.03392
0.02425
0.01456
0.00488
-0.00333
-0.01153
-0.01975
-0.02558
-0.03141
-0.03724
-0.04309
-0.04884
-0.05469
-0.05985
-0.06492
-0.07009
-0.07527
-0.07475
-0.07423
-0.07361
-0.07308
-0.07286
-0.07254
-0.07221
-0.07199
-0.07387
-0.07575
-0.07753
-0.07941
-0.08129
-0.08318
-0.08507
-0.08696
-0.08885
-0.08654
-0.08433
-0.08202
-0.0744
-0.06668
-0.05904
-0.044
-0.02884
-0.01376
0.00203
0.01785
0.03367
0.03871
0.04385
0.0489
0.05185
0.05481
0.05777
0.06073
0.06359
0.06656
0.06523
0.0638
0.06236
0.05492
0.04738
0.03982
0.03236
0.02478
0.01721
0.01032
0.00342
-0.00358
-0.01049
-0.01741
-0.02743
-0.03737
-0.04741
-0.05737
-0.06203
-0.0666
-0.06277
-0.05894
-0.0472
-0.03554
-0.02387
-0.01069
0.0026
0.01581
0.02913
0.03887
0.04871
0.05856
0.06123
0.06389
0.06656
0.06442
0.06239
0.06025
0.05821
0.05606
0.06152
0.06699
0.07246
0.08003
0.08772
0.09541
0.09891
0.10241
0.10592
0.10422
0.10253
0.10083
0.09253
0.08412
0.0758
0.06006
0.04441
0.02864
0.01296
-0.00264
-0.01815
-0.03379
-0.04413
-0.05449
-0.06495
-0.06893
-0.07291
-0.07689
-0.08088
-0.08127
-0.08166
-0.08205
-0.08244
-0.08303
-0.08362
-0.08421
-0.0848
-0.0865
-0.08829
-0.09009
-0.09179
-0.09359
-0.09539
-0.0934
-0.0915
-0.0896
-0.07999
-0.07037
-0.06075
-0.0486
-0.03645
-0.02429
-0.01211
-0.00482
0.00237
0.00968
0.01698
0.0206
0.02432
0.02795
0.03167
0.0354
0.03904
0.04278
0.04652
0.05017
0.04601
0.04186
0.03759
0.02962
0.02155
0.01356
0.00547
0.00517
0.00477
0.00447
0.01047
0.01648
0.0225
0.02842
0.02804
0.02767
0.02729
0.02411
0.02103
0.01785
0.01466
0.01487
0.01498
0.01509
0.0153
0.01541
0.01562
0.01573
0.01274
0.00965
0.00665
0.00355
0.00055
-0.00246
-0.00557
-0.00858
-0.0117
-0.01472
-0.01774
-0.01546
-0.01308
-0.0108
-0.00482
0.00108
0.00697
0.01246
0.01836
0.02437
0.03028
0.03619
0.0385
0.04081
0.04321
0.04551
0.0478
0.05009
0.05238
0.05475
0.04964
0.04451
0.03949
0.03435
0.02763
0.021
0.01427
0.00764
0.0045
0.00136
-0.00188
-0.00502
-0.00378
-0.00264
-0.0014
-0.00016
0.00097
0.0022
0.00333
-0.00335
-0.01003
-0.01669
-0.02334
-0.03007
-0.03669
-0.04339
-0.04584
-0.04828
-0.05081
-0.04989
-0.04887
-0.04794
-0.04701
-0.04177
-0.03654
-0.03132
-0.02105
-0.0107
-0.00048
0.00981
0.02035
0.03085
0.04132
0.0472
0.05315
0.05269
0.05233
0.04368
0.03506
0.02647
0.01503
0.00363
-0.00772
-0.01386
-0.01997
-0.02616
-0.02793
-0.02978
-0.03153
-0.03336
-0.03508
-0.03689
-0.03868
-0.03744
-0.0363
-0.03507
-0.03393
-0.03279
-0.03157
-0.03538
-0.03925
-0.04301
-0.04934
-0.05553
-0.06176
-0.06786
-0.06885
-0.06982
-0.07077
-0.06768
-0.06451
-0.06144
-0.05829
-0.05524
-0.0522
-0.04909
-0.04608
-0.043
-0.03669
-0.03042
-0.0242
-0.01801
-0.01267
-0.00737
-0.0022
-0.00247
-0.00282
-0.00317
-0.00352
-0.00368
-0.00385
-0.00401
-0.00417
-0.00284
-0.00153
-0.00023
0.00106
0.00234
0.00361
0.00487
0.0062
0.00744
0.0079
0.00827
0.00872
0.01237
0.01598
0.01947
0.023
0.0265
0.02996
0.0333
0.03668
0.03887
0.04102
0.04315
0.04525
0.04732
0.04927
0.04747
0.04569
0.04383
0.04207
0.03896
0.03589
0.03283
0.02989
0.0269
0.02394
0.02101
0.01811
0.01524
0.0124
0.00604
-0.00025
-0.00645
-0.01258
-0.01863
-0.02459
-0.02426
-0.02392
-0.02359
-0.02176
-0.01994
-0.01807
-0.01629
-0.01638
-0.01639
-0.01647
-0.01655
-0.01989
-0.02318
-0.02648
-0.02966
-0.03279
-0.03579
-0.03873
-0.04163
-0.03974
-0.0378
-0.03595
-0.02973
-0.02367
-0.01762
-0.01139
-0.00525
0.0008
0.00675
0.01065
0.01448
0.01826
0.02196
0.0256
0.02918
0.03269
0.03613
0.03945
0.03795
0.03648
0.03502
0.03192
0.02886
0.02585
0.02635
0.02684
0.02732
0.02908
0.03081
0.03249
0.03407
0.03568
0.035
0.03426
0.03359
0.03292
0.03076
0.02858
0.02649
0.02444
0.02236
0.02037
0.01841
0.01649
0.01454
0.01269
0.01194
0.01114
0.01041
0.00964
0.01037
0.01102
0.01166
0.01227
0.01287
0.01094
0.0091
0.00724
0.00542
0.00363
0.00205
0.00049
-0.00103
-0.00256
-0.00548
-0.00827
-0.01105
-0.01376
-0.01639
-0.01891
-0.01891
-0.01886
-0.0188
-0.01872
-0.01627
-0.01387
-0.01153
-0.00799
-0.00454
-0.00122
0.00205
0.00523
0.00831
0.0091
0.00981
0.01053
0.01123
0.01191
0.01251
0.01258
0.01259
0.0126
0.01264
0.01263
0.01173
0.01084
0.00998
0.00914
0.00832
0.00752
0.00911
0.01068
0.01219
0.01363
0.0153
0.01685
0.01837
0.01981
0.01979
0.01976
0.0197
0.01816
0.01662
0.01512
0.01234
0.00965
0.00705
0.00455
0.00205
-0.00039
-0.00273
-0.00497
-0.00709
-0.00844
-0.00972
-0.01094
-0.01209
-0.01319
-0.01426
-0.01482
-0.01537
-0.01588
-0.01635
-0.01678
-0.01717
-0.01676
-0.01633
-0.01592
-0.01549
-0.01509
-0.01416
-0.01326
-0.01239
-0.01157
-0.01075
-0.00996
-0.00871
-0.0075
-0.00636
-0.00528
-0.00424
-0.0034
-0.0026
-0.00186
-0.00114
-0.00047
0.00015
0.00074
0.0013
0.00149
0.00167
0.00183
0.00198
0.00145
0.00096
0.00049
0.00004
-0.00038
-0.00083
-0.00128
-0.00168
-0.00205
-0.00241
-0.00226
-0.00211
-0.00198
-0.00185
-0.00181
-0.00177
-0.00174
-0.00171
-0.00214
-0.00253
-0.00289
-0.00323
-0.00353
-0.0038
-0.00348
-0.00317
-0.00289
-0.00262
-0.00249
-0.00236
-0.00225
-0.00247
-0.00266
-0.00284
-0.00299
-0.00312
-0.00324
-0.00302
-0.00282
-0.00263
-0.00227
-0.00193
-0.00163
-0.00135
-0.00108
-0.00085
-0.00079
-0.00074
-0.00069
-0.00074
-0.00078
-0.00082
-0.00085
-0.00088
-0.0009
-0.00092
-0.00093
-0.00094
-0.00094
-0.00085
-0.00077
-0.00069
-0.00063
-0.00056
-0.0005
-0.00045
-0.0004
-0.00036
-0.00031
-0.00027
-0.00023
-0.0002
-0.00017
-0.00015
-0.00009
-0.00004
0
0.00003
0.00005
0.00007
0.00003
0
-0.00003
-0.00006
-0.00009
-0.00014
-0.00019
-0.00023
-0.00027
-0.0003
-0.00035
-0.00038
-0.00042
-0.00044
-0.00049
-0.00052
-0.00055
-0.00057
-0.00059
-0.0006
-0.0006
-0.0006
-0.00059
-0.00058
-0.00057
-0.00055
-0.00052
-0.00049
-0.00045
-0.00042
-0.00039
-0.00035
-0.00032
-0.00029
-0.00026
-0.00024
-0.00022
-0.00021
-0.0002
-0.00018
-0.00018
-0.00017
-0.00016
-0.00015
-0.00015
-0.00014
-0.00013
-0.00013
-0.00012
-0.00012
-0.00011
-0.00011
-0.0001
-0.0001
-0.00009
-0.00009
-0.00008
-0.00007
-0.00007
-0.00006
-0.00006
-0.00005
-0.00005
-0.00004
-0.00004
-0.00003
-0.00002
-0.00002
-0.00001
-0.00001
0
0.00001
0.00001
0.00002
0.00002