0.005
0.00002
0.00002
0.00002
0.00002
0.00002
0.00002
0.00002
0.00003
0.00003
0.00003
0.00004
0.00004
0.00005
0.00005
0.00005
0.00006
0.00006
0.00007
0.00008
0.00008
0.00009
0.00009
0.0001
0.0001
0.00011
0.00012
0.00012
0.00013
0.00013
0.00014
0.00014
0.00015
0.00015
0.00016
0.00016
0.00017
0.00017
0.00017
0.00018
0.00018
0.00018
0.00019
0.00019
0.00019
0.00019
0.00019
0.00019
0.00019
0.00019
0.00019
0.00019
0.00019
0.00019
0.00019
0.00019
0.00019
0.00019
0.00019
0.00019
0.00019
0.00019
0.00019
0.00019
0.00019
0.00019
0.00019
0.00019
0.00019
0.00019
0.00019
0.00018
0.00018
0.00018
0.00018
0.00018
0.00018
0.00018
0.00018
0.00018
0.00018
0.00018
0.00018
0.00018
0.00018
0.00018
0.00018
0.00018
0.00018
0.00018
0.00018
0.00018
0.00018
0.00018
0.00018
0.00017
0.00017
0.00017
0.00017
0.00017
0.00017
0.00017
0.00017
0.00017
0.00017
0.00017
0.00017
0.00017
0.00017
0.00017
0.00017
0.00017
0.00007
0.00007
0.00007
0.00007
0.00006
0.00006
-0.00004
-0.00004
-0.00004
-0.00004
-0.00004
-0.00004
-0.00004
0.00006
0.00006
0.00006
0.00006
0.00006
0.00006
0.00016
0.00016
0.00015
0.00015
0.00015
0.00015
0.00015
0.00015
0.00015
0.00015
0.00015
0.00015
0.00015
0.00015
0.00015
0.00015
0.00015
0.00015
0.00015
0.00015
0.00015
0.00015
0.00014
0.00014
0.00014
0.00014
0.00014
0.00014
0.00014
0.00014
0.00014
0.00014
0.00014
0.00014
0.00014
0.00014
0.00014
0.00014
0.00014
0.00014
0.00014
0.00014
0.00013
0.00013
0.00013
0.00013
0.00013
0.00013
0.00013
0.00013
0.00013
0.00013
0.00013
0.00013
0.00013
0.00013
0.00013
0.00013
0.00013
0.00013
0.00012
0.00012
0.00012
0.00012
0.00012
0.00012
0.00012
0.00012
0.00012
0.00012
0.00012
0.00012
0.00012
0.00012
0.00012
0.00012
0.00012
0.00011
0.00011
0.00011
0.00011
0.00011
0.00011
0.00011
0.00011
0.00011
0.00011
0.00011
0.00011
0.00011
0.00011
0.00011
0.0001
0
0
0
0
0
0
-0.0001
-0.0001
-0.0001
-0.0001
-0.0001
-0.00011
-0.00011
-0.00001
-0.00001
-0.00001
-0.00001
-0.00001
-0.00001
0.00009
0.00009
0.00009
0.00009
0.00009
0.00008
0.00008
0.00008
0.00008
0.00008
0.00008
0.00008
0.00008
0.00008
0.00008
0.00008
0.00008
0.00008
0.00007
0.00007
0.00007
0.00007
0.00007
0.00007
0.00007
0.00007
0.00007
0.00007
0.00007
0.00007
0.00007
0.00006
0.00006
0.00006
0.00006
0.00006
0.00006
0.00006
0.00006
0.00006
0.00006
0.00006
0.00006
0.00005
0.00005
0.00005
0.00005
0.00005
0.00005
0.00005
0.00005
0.00005
0.00005
0.00005
0.00004
0.00004
0.00004
0.00004
0.00004
0.00004
0.00004
0.00004
0.00004
0.00004
0.00003
0.00003
0.00003
0.00003
0.00003
0.00003
0.00003
0.00003
0.00003
0.00003
0.00002
0.00002
0.00002
0.00002
0.00002
0.00002
0.00002
0.00002
0.00002
0.00002
0.00001
0.00001
0.00001
0.00001
0.00001
0.00001
0.00001
0.00001
0.00001
0
0
0
0
0
0
0
0
0
-0.00001
-0.00001
-0.00001
-0.00001
-0.00001
-0.00001
-0.00001
-0.00001
-0.00001
-0.00002
-0.00002
-0.00002
-0.00002
-0.00002
-0.00002
-0.00002
-0.00003
-0.00003
-0.00003
-0.00003
-0.00003
-0.00003
-0.00003
-0.00003
-0.00003
-0.00004
-0.00004
-0.00004
-0.00004
-0.00004
-0.00004
-0.00004
-0.00005
-0.00005
-0.00005
-0.00005
-0.00005
-0.00005
-0.00005
-0.00005
-0.00006
-0.00006
-0.00006
-0.00006
-0.00006
-0.00006
-0.00006
-0.00006
-0.00007
-0.00007
-0.00007
-0.00007
-0.00007
-0.00007
-0.00008
-0.00008
-0.00008
-0.00008
-0.00008
-0.00008
-0.00008
-0.00008
-0.00009
-0.00009
-0.00009
-0.00009
-0.00009
-0.00009
-0.0001
-0.0001
-0.0001
-0.0001
-0.0001
-0.0001
-0.0001
-0.0001
-0.00011
-0.00011
-0.00011
-0.00011
-0.00011
-0.00011
-0.00012
-0.00012
-0.00012
-0.00012
-0.00012
-0.00012
-0.00013
-0.00013
-0.00013
-0.00013
-0.00013
-0.00013
-0.00013
-0.00014
-0.00014
-0.00014
-0.00014
-0.00014
-0.00014
-0.00015
-0.00015
-0.00015
-0.00015
-0.00015
-0.00015
-0.00015
-0.00016
-0.00016
-0.00016
-0.00016
-0.00016
-0.00017
-0.00017
-0.00017
-0.00017
-0.00017
-0.00017
-0.00017
-0.00018
-0.00018
-0.00018
-0.00018
-0.00018
-0.00018
-0.00019
-0.00019
-0.00019
-0.00019
-0.00019
-0.00019
-0.0002
-0.0002
-0.0002
-0.0002
-0.0002
-0.0002
-0.00021
-0.00021
-0.00021
-0.00021
-0.00021
-0.00021
-0.00022
-0.00022
-0.00022
-0.00022
-0.00022
-0.00022
-0.00023
-0.00023
-0.00023
-0.00023
-0.00023
-0.00023
-0.00024
-0.00024
-0.00024
-0.00024
-0.00024
-0.00024
-0.00025
-0.00025
-0.00025
-0.00025
-0.00025
-0.00025
-0.00026
-0.00026
-0.00026
-0.00026
-0.00026
-0.00026
-0.00027
-0.00027
-0.00027
-0.00027
-0.00027
-0.00027
-0.00028
-0.00028
-0.00028
-0.00028
-0.00028
-0.00029
-0.00029
-0.00029
-0.00029
-0.00029
-0.00029
-0.00029
-0.0003
-0.0003
-0.0003
-0.0003
-0.0003
-0.00031
-0.00031
-0.00031
-0.00031
-0.00031
-0.00031
-0.00031
-0.00032
-0.00032
-0.00032
-0.00032
-0.00032
-0.00032
-0.00033
-0.00033
-0.00033
-0.00033
-0.00033
-0.00033
-0.00033
-0.00034
-0.00034
-0.00034
-0.00034
-0.00034
-0.00034
-0.00035
-0.00035
-0.00035
-0.00035
-0.00035
-0.00035
-0.00035
-0.00036
-0.00036
-0.00036
-0.00036
-0.00036
-0.00036
-0.00037
-0.00037
-0.00037
-0.00037
-0.00037
-0.00037
-0.00037
-0.00037
-0.00038
-0.00038
-0.00038
-0.00038
-0.00038
-0.00038
-0.00038
-0.00039
-0.00039
-0.00039
-0.00039
-0.00039
-0.00039
-0.00039
-0.00039
-0.0004
-0.0004
-0.0004
-0.0004
-0.0004
-0.0004
-0.0004
-0.00041
-0.00041
-0.00041
-0.00041
-0.00041
-0.00041
-0.00041
-0.00041
-0.00041
-0.00042
-0.00042
-0.00042
-0.00042
-0.00042
-0.00042
-0.00042
-0.00042
-0.00042
-0.00042
-0.00043
-0.00043
-0.00043
-0.00043
-0.00043
-0.00043
-0.00043
-0.00043
-0.00043
-0.00043
-0.00044
-0.00044
-0.00044
-0.00044
-0.00044
-0.00044
-0.00044
-0.00044
-0.00044
-0.00044
-0.00044
-0.00044
-0.00044
-0.00044
-0.00045
-0.00045
-0.00045
-0.00045
-0.00045
-0.00045
-0.00045
-0.00045
-0.00045
-0.00045
-0.00045
-0.00045
-0.00045
-0.00045
-0.00045
-0.00045
-0.00045
-0.00045
-0.00045
-0.00045
-0.00045
-0.00045
-0.00045
-0.00046
-0.00046
-0.00046
-0.00046
-0.00046
-0.00046
-0.00046
-0.00046
-0.00046
-0.00046
-0.00046
-0.00046
-0.00046
-0.00046
-0.00046
-0.00046
-0.00046
-0.00046
-0.00046
-0.00046
-0.00046
-0.00046
-0.00046
-0.00046
-0.00046
-0.00046
-0.00045
-0.00045
-0.00045
-0.00045
-0.00045
-0.00045
-0.00045
-0.00045
-0.00045
-0.00045
-0.00045
-0.00045
-0.00045
-0.00045
-0.00045
-0.00045
-0.00045
-0.00045
-0.00045
-0.00045
-0.00044
-0.00044
-0.00044
-0.00044
-0.00044
-0.00044
-0.00044
-0.00044
-0.00044
-0.00044
-0.00043
-0.00043
-0.00043
-0.00043
-0.00043
-0.00043
-0.00043
-0.00043
-0.00043
-0.00042
-0.00042
-0.00042
-0.00042
-0.00042
-0.00042
-0.00042
-0.00041
-0.00041
-0.00041
-0.00041
-0.00041
-0.00041
-0.0004
-0.0004
-0.0004
-0.0004
-0.0004
-0.0004
-0.00039
-0.00039
-0.00039
-0.00039
-0.00039
-0.00039
-0.00038
-0.00038
-0.00038
-0.00038
-0.00037
-0.00037
-0.00037
-0.00037
-0.00037
-0.00036
-0.00036
-0.00036
-0.00036
-0.00035
-0.00035
-0.00035
-0.00035
-0.00034
-0.00034
-0.00034
-0.00034
-0.00033
-0.00033
-0.00033
-0.00032
-0.00032
-0.00032
-0.00031
-0.00031
-0.00031
-0.00031
-0.0003
-0.0003
-0.0003
-0.00029
-0.00029
-0.00029
-0.00028
-0.00028
-0.00028
-0.00027
-0.00027
-0.00027
-0.00026
-0.00026
-0.00026
-0.00025
-0.00025
-0.00025
-0.00024
-0.00024
-0.00023
-0.00023
-0.00023
-0.00022
-0.00022
-0.00021
-0.00021
-0.00021
-0.0002
-0.0002
-0.00019
-0.00019
-0.00018
-0.00018
-0.00018
-0.00017
-0.00017
-0.00016
-0.00016
-0.00015
-0.00015
-0.00014
-0.00014
-0.00013
-0.00013
-0.00013
-0.00012
-0.00012
-0.00011
-0.00011
-0.0001
-0.00009
-0.00009
-0.00008
-0.00008
-0.00007
-0.00007
-0.00006
-0.00006
-0.00005
-0.00005
-0.00004
-0.00004
-0.00003
-0.00003
-0.00002
-0.00011
-0.00011
-0.0001
-0.0001
-0.00009
-0.00009
-0.00018
-0.00017
-0.00017
-0.00016
-0.00016
-0.00015
-0.00014
-0.00024
-0.00023
-0.00023
-0.00022
-0.00021
-0.00021
-0.0003
-0.0003
-0.00029
-0.00028
-0.00028
-0.00027
-0.00026
-0.00026
-0.00025
-0.00024
-0.00024
-0.00023
-0.00022
-0.00012
-0.00011
-0.0001
-0.0001
-0.00009
-0.00008
0.00002
0.00003
0.00004
0.00005
0.00005
-0.00004
-0.00003
-0.00002
-0.00012
-0.00011
-0.0001
-0.0001
-0.00019
-0.00018
-0.00017
-0.00026
-0.00026
-0.00025
-0.00034
-0.00034
-0.00023
-0.00022
-0.00021
-0.0001
-0.0001
0.00001
0.00002
0.00013
0.00014
0.00025
0.00025
0.00036
0.00037
0.00048
0.00049
0.0005
0.00051
0.00052
0.00052
0.00053
0.00054
0.00055
0.00056
0.00057
0.00058
0.00059
0.0006
0.00061
0.00062
0.00063
0.00064
0.00065
0.00066
0.00067
0.00068
0.00069
0.0007
0.00071
0.00072
0.00073
0.00074
0.00075
0.00076
0.00077
0.00078
0.00079
0.0008
0.00081
0.00082
0.00083
0.00084
0.00085
0.00086
0.00087
0.00088
0.00089
0.00091
0.00092
0.00093
0.00094
0.00095
0.00096
0.00097
0.00098
0.00109
0.00111
0.00122
0.00133
0.00134
0.00145
0.00146
0.00158
0.00159
0.0017
0.00171
0.00182
0.00184
0.00195
0.00316
0.00268
0.00239
0.002
0.00171
0.00133
0.00104
0.00065
0.00036
-0.00023
-0.00082
-0.00141
-0.002
-0.00259
-0.00358
-0.00467
-0.00567
-0.00346
-0.00115
0.00106
0.00337
0.00139
-0.0006
-0.00259
-0.00459
-0.00658
-0.00448
-0.00237
-0.00026
0.00196
0.00407
0.00619
0.0046
0.00312
0.00153
0.00445
0.00727
0.01009
0.01291
0.01084
0.00876
0.00668
0.00459
0.00251
0.00222
0.00194
0.00165
0.00136
0.00108
0.00069
0.0004
0.00012
-0.00017
-0.00046
-0.00075
-0.00104
-0.00133
-0.00162
-0.00191
-0.0022
-0.00209
-0.00198
-0.00197
0.00044
0.00286
0.00517
0.00149
-0.0023
-0.00609
-0.00979
-0.01359
-0.00899
-0.00448
0.00013
-0.00016
-0.00035
-0.00054
-0.00082
-0.00101
-0.0013
-0.00149
-0.00078
-0.00017
0.00055
0.00126
-0.00113
-0.00342
-0.00581
-0.0081
-0.0105
-0.0083
-0.00619
-0.00408
0.00123
0.00654
0.01186
0.01719
0.01632
0.01545
0.01458
0.01371
0.01054
0.00736
0.00428
0.00109
-0.0021
-0.00089
0.00033
0.00164
0.00286
0.00407
0.00579
0.00751
0.00923
0.01096
0.01278
0.01451
0.01624
0.01797
0.0197
0.01643
0.01306
0.00978
0.00371
-0.00238
-0.00847
-0.01457
-0.01888
-0.02319
-0.0275
-0.03182
-0.03614
-0.03557
-0.03499
-0.03452
-0.03394
-0.03336
-0.03128
-0.0292
-0.02722
-0.02513
-0.01854
-0.01194
-0.00534
0.00127
0.00419
0.00721
0.01023
0.01316
0.01618
0.01922
0.02215
0.01928
0.01642
0.01344
0.01057
0.00769
0.00481
0.00183
0.00344
0.00496
0.00648
0.0081
0.00962
0.01115
0.01277
0.0171
0.02143
0.02577
0.03031
0.03486
0.03031
0.02575
0.02109
0.01662
0.01205
0.00757
0.00299
-0.0016
-0.00609
-0.00278
0.00063
0.00404
0.00746
0.01079
0.00881
0.00683
0.00475
0.00697
0.00919
0.01141
0.00893
0.00645
0.00387
0.00139
-0.0011
-0.00359
-0.00609
-0.00868
-0.01118
-0.01878
-0.02649
-0.03412
-0.04174
-0.03897
-0.0362
-0.02982
-0.02354
-0.02515
-0.02687
-0.02848
-0.0302
-0.01811
-0.00612
0.0059
0.00572
0.00553
-0.00235
-0.01015
-0.00755
-0.00494
0.00247
0.00999
0.01751
0.02265
0.02778
0.03293
0.03798
0.04313
0.03579
0.02843
0.02117
0.0138
0.01442
0.01515
0.01578
0.0071
-0.00159
-0.01038
-0.01909
-0.01119
-0.00319
0.00993
0.02306
0.0362
0.04125
0.04631
0.04306
0.03992
0.03667
0.02511
0.01344
0.00176
-0.00993
-0.02154
-0.02486
-0.02807
-0.03139
-0.02501
-0.01853
-0.01213
-0.00733
-0.00263
-0.00982
-0.01713
-0.02434
-0.03266
-0.04099
-0.03532
-0.02954
-0.01455
0.00055
0.01557
0.02359
0.03163
0.03968
0.04774
0.0489
0.05006
0.03962
0.02916
0.0187
0.00902
-0.00077
-0.01057
-0.01327
-0.01608
-0.01889
-0.0261
-0.03332
-0.04056
-0.04779
-0.04233
-0.03686
-0.02259
-0.0082
0.00611
0.02053
0.03507
0.04972
0.06439
0.06677
0.06915
0.05723
0.04539
0.03344
0.02157
0.0185
0.01552
0.01255
0.00956
0.00658
0.00359
-0.003
-0.0096
-0.01621
-0.02282
-0.02944
-0.02566
-0.02188
-0.0181
-0.01431
-0.01051
-0.00682
-0.00141
0.00399
0.00941
0.01472
0.02015
0.01527
0.01029
0.00541
0.00052
-0.00438
-0.00928
-0.00669
-0.00409
-0.00148
0.00412
0.00984
0.01555
0.02128
0.018
0.01473
0.00614
-0.00235
-0.01096
-0.01226
-0.01357
-0.01488
-0.01069
-0.0066
0.00311
0.01272
0.02244
0.03207
0.03081
0.02955
0.02828
0.02221
0.01613
0.01005
-0.00635
-0.02266
-0.04209
-0.06154
-0.07071
-0.06518
-0.04272
-0.02026
0.00624
0.03266
0.05151
0.05547
0.05953
0.052
0.04445
0.03699
0.03603
0.03507
0.03911
0.04326
0.0354
0.02763
0.01025
-0.00714
-0.02456
-0.02999
-0.03542
-0.04076
-0.0473
-0.05396
-0.06052
-0.07018
-0.07986
-0.07794
-0.07592
-0.0672
-0.05846
-0.05792
-0.05738
-0.06724
-0.07722
-0.0871
-0.08519
-0.08318
-0.06946
-0.05563
-0.04188
-0.02811
-0.01433
-0.00044
0.01337
0.02719
0.02922
0.03135
0.03338
0.03102
0.02855
0.02618
0.0183
0.01041
0.00252
0.00522
0.00793
0.02084
0.03387
0.04681
0.04735
0.0479
0.03695
0.02598
0.015
0.00621
-0.0026
0.0024
0.0074
0.02011
0.03284
0.03638
0.0263
0.01622
0.00613
-0.00397
-0.01408
-0.0242
-0.02313
-0.02196
-0.02089
-0.01381
-0.00672
0.00037
0.01418
0.02789
0.04173
0.05557
0.05663
0.05768
0.04903
0.04037
0.03161
0.02293
0.01425
0.00555
-0.00315
-0.01186
-0.02059
-0.02932
-0.03816
-0.04691
-0.05567
-0.05354
-0.0514
-0.04925
-0.04711
-0.04496
-0.05072
-0.05648
-0.06225
-0.06012
-0.05799
-0.04915
-0.04031
-0.03145
-0.02258
-0.00971
0.00308
0.01588
0.0287
0.03443
0.04016
0.0459
0.04384
0.04178
0.03961
0.03755
0.03548
0.0334
0.03123
0.02915
0.02708
0.02499
0.0118
-0.0014
-0.01462
-0.02784
-0.02968
-0.03152
-0.03327
-0.02871
-0.02415
-0.01948
-0.01891
-0.01824
-0.01756
-0.01689
-0.01001
-0.00303
0.00386
0.01086
0.01776
0.02478
0.0318
0.03872
0.04576
0.0527
0.05104
0.04938
0.04773
0.04226
0.03679
0.03132
0.02584
0.01585
0.00585
-0.00416
-0.00698
-0.0098
-0.00332
0.00327
0.00977
0.01627
0.01217
0.00797
-0.01045
-0.02878
-0.04723
-0.0657
-0.07089
-0.05737
-0.04393
-0.01468
0.01471
0.04402
0.07348
0.10285
0.11956
0.12387
0.10838
0.07397
0.0261
-0.02181
-0.06988
-0.11048
-0.14043
-0.1566
-0.17279
-0.17848
-0.18409
-0.17919
-0.16088
-0.12685
-0.09277
-0.05307
-0.01331
0.02647
0.05871
0.09097
0.11257
0.12097
0.11278
0.08558
0.05823
0.03097
0.00357
-0.01085
-0.02538
-0.03993
-0.0504
-0.06087
-0.07145
-0.07004
-0.05572
-0.02499
0.0058
0.0366
0.06744
0.09841
0.11741
0.13652
0.15556
0.16401
0.17247
0.15973
0.14697
0.13411
0.12933
0.13905
0.14868
0.15832
0.15677
0.14051
0.11012
0.07971
0.04925
0.01877
0.00777
-0.00325
-0.00307
-0.00279
-0.00262
-0.00234
-0.00216
0.01202
0.02613
0.04034
0.05457
0.05271
0.05094
0.04017
0.02939
0.01849
0.01599
0.01349
0.01098
0.00837
0.00586
0.00334
-0.00588
-0.01501
-0.03706
-0.07183
-0.10665
-0.1415
-0.17649
-0.21141
-0.22716
-0.24292
-0.25041
-0.2579
-0.26539
-0.27289
-0.27219
-0.2715
-0.25719
-0.23157
-0.1946
-0.15761
-0.12057
-0.09581
-0.07101
-0.04619
-0.02624
-0.00628
0.00591
0.00229
-0.00143
-0.01325
-0.02519
-0.02463
-0.02418
-0.02362
-0.03247
-0.04132
-0.0544
-0.06757
-0.06506
-0.06265
-0.04982
-0.03699
-0.02424
-0.01628
-0.00831
-0.00043
-0.00135
-0.00237
-0.0195
-0.05265
-0.08585
-0.11917
-0.14173
-0.1468
-0.13496
-0.10931
-0.08352
-0.04752
-0.01136
0.02472
0.06086
0.08241
0.08808
0.07896
0.0551
0.03134
0.00743
-0.01558
-0.03874
-0.0544
-0.05968
-0.05266
-0.03022
-0.00786
0.01723
0.04234
0.06738
0.09144
0.11544
0.13945
0.15348
0.16753
0.16258
0.15763
0.14257
0.12749
0.1123
0.1016
0.09087
0.08015
0.0694
0.04324
0.01695
-0.02377
-0.06444
-0.10524
-0.13569
-0.15177
-0.14864
-0.14552
-0.13188
-0.11823
-0.09456
-0.07087
-0.03283
0.01813
0.08547
0.15277
0.21355
0.25157
0.26182
0.24717
0.21448
0.16868
0.1227
0.08229
0.05354
0.03897
0.02428
0.02588
0.02749
0.0416
0.05583
0.07007
0.07233
0.07458
0.06233
0.05007
0.03789
0.0256
0.02021
0.0148
0.00949
0.01859
0.02779
0.0551
0.08256
0.10993
0.12694
0.14385
0.14538
0.14692
0.14845
0.15039
0.15232
0.15436
0.1563
0.14224
0.11234
0.06712
0.02193
-0.02338
-0.06876
-0.11407
-0.14994
-0.18573
-0.21007
-0.23432
-0.24329
-0.25217
-0.24585
-0.23964
-0.2174
-0.18073
-0.13331
-0.08585
-0.03833
0.02343
0.08518
0.14707
0.19803
0.21674
0.18932
0.12308
0.03282
-0.0575
-0.14234
-0.21383
-0.26471
-0.29042
-0.29515
-0.28298
-0.25558
-0.22806
-0.2006
-0.17512
-0.1497
-0.13157
-0.11341
-0.09524
-0.06734
-0.03952
-0.01166
0.01782
0.04744
0.07698
0.10366
0.13036
0.1628
0.19517
0.22147
0.23389
0.23001
0.21493
0.19982
0.19811
0.1963
0.20028
0.20428
0.18787
0.15122
0.11455
0.07792
0.05087
0.0387
0.02641
0.02692
0.02743
0.02793
0.02444
0.02084
0.03195
0.04307
0.0601
0.07715
0.07901
0.08088
0.06694
0.05298
0.0313
0.0096
-0.01212
-0.03387
-0.05563
-0.07742
-0.09923
-0.12108
-0.13763
-0.1419
-0.12966
-0.09579
-0.0618
-0.02786
0.0037
0.03531
0.05444
0.07349
0.08315
0.09282
0.1024
0.1121
0.1175
0.1229
0.12831
0.14884
0.16939
0.19626
0.22316
0.24048
0.25783
0.26227
0.25253
0.24267
0.2221
0.20149
0.18087
0.16023
0.13146
0.10256
0.06393
0.02525
-0.01346
-0.05222
-0.09101
-0.12976
-0.16142
-0.19304
-0.22467
-0.24844
-0.27233
-0.28545
-0.29857
-0.30111
-0.30365
-0.29038
-0.26229
-0.22175
-0.18119
-0.14047
-0.09982
-0.07062
-0.0414
-0.02465
-0.00778
-0.00511
-0.01523
-0.04038
-0.07725
-0.11418
-0.15103
-0.18493
-0.21885
-0.24011
-0.26138
-0.26648
-0.27147
-0.26457
-0.25765
-0.23162
-0.20547
-0.17928
-0.15037
-0.12142
-0.09235
-0.05173
-0.01098
0.02982
0.06985
0.11004
0.13255
0.13758
0.12501
0.09911
0.07329
0.04734
0.02077
-0.00584
-0.03247
-0.04903
-0.0656
-0.06698
-0.06847
-0.05754
-0.04661
-0.03566
-0.02471
-0.01374
-0.00276
0.01453
0.03184
0.04928
0.06662
0.08399
0.10147
0.10557
0.10967
0.10167
0.09356
0.08554
0.07752
0.06938
0.06134
0.06159
0.06194
0.0733
0.08477
0.10396
0.12326
0.14249
0.16184
0.18111
0.18588
0.19077
0.17635
0.16201
0.13386
0.10567
0.06926
0.03289
-0.0036
-0.04365
-0.08382
-0.12395
-0.15281
-0.1817
-0.19461
-0.20753
-0.20526
-0.18767
-0.17008
-0.14425
-0.1183
-0.09242
-0.06902
-0.04568
-0.02233
0.01346
0.04917
0.08494
0.10853
0.11053
0.08793
0.04708
0.00621
-0.01401
-0.03434
-0.0506
-0.06677
-0.08306
-0.09937
-0.11559
-0.11942
-0.12316
-0.1121
-0.08561
-0.04589
-0.00612
0.04668
0.09966
0.15268
0.20566
0.24668
0.27185
0.29703
0.30424
0.31155
0.30016
0.27105
0.2418
0.20123
0.1605
0.13225
0.10406
0.08695
0.06982
0.05267
0.0355
0.02843
0.02134
0.03385
0.0624
0.10877
0.1552
0.21097
0.26692
0.31261
0.35835
0.38783
0.40623
0.40894
0.41176
0.40638
0.40108
0.38979
0.36796
0.33032
0.29262
0.2602
0.24495
0.22969
0.2219
0.21402
0.19831
0.1827
0.15766
0.1327
0.1076
0.07699
0.04623
0.00845
-0.02939
-0.06725
-0.10506
-0.1457
-0.1863
-0.22703
-0.2542
-0.28149
-0.30882
-0.33617
-0.35815
-0.38005
-0.40207
-0.42412
-0.44619
-0.46477
-0.48329
-0.49251
-0.50174
-0.50228
-0.4837
-0.4383
-0.35991
-0.28137
-0.21933
-0.18765
-0.17765
-0.16774
-0.17723
-0.22004
-0.263
-0.306
-0.34896
-0.37794
-0.37564
-0.38654
-0.40796
-0.39909
-0.36989
-0.34058
-0.2971
-0.25361
-0.21015
-0.17226
-0.16192
-0.1638
-0.16568
-0.14264
-0.11958
-0.08939
-0.04415
0.00112
0.03604
0.07099
0.10228
0.1337
0.16506
0.14963
0.12388
0.11059
0.13232
0.15407
0.16544
0.17691
0.20732
0.20953
0.20536
0.20116
0.21067
0.2353
0.27999
0.30379
0.29209
0.28039
0.26877
0.27005
0.27123
0.27631
0.2814
0.2945
0.30761
0.31323
0.31885
0.32449
0.30851
0.29252
0.27651
0.26099
0.24534
0.20268
0.15995
0.1172
0.05507
-0.02041
-0.09589
-0.14951
-0.20311
-0.25685
-0.28885
-0.29286
-0.27726
-0.24955
-0.2368
-0.25856
-0.29586
-0.33329
-0.37067
-0.38176
-0.35086
-0.31981
-0.32746
-0.3351
-0.33105
-0.31559
-0.28801
-0.24799
-0.20793
-0.16773
-0.12758
-0.07909
-0.03054
-0.01597
-0.00147
0.01313
0.02766
0.04229
0.05135
0.08591
0.12063
0.12656
0.11268
0.0988
0.1067
0.14023
0.15388
0.14394
0.14459
0.16385
0.19775
0.21506
0.21759
0.22012
0.23457
0.21771
0.16509
0.13645
0.12618
0.11591
0.10562
0.11594
0.12636
0.12159
0.11682
0.11204
0.10725
0.08466
0.03911
-0.04048
-0.18602
-0.33166
-0.38476
-0.33825
-0.27436
-0.25514
-0.2556
-0.23196
-0.19988
-0.16768
-0.14584
-0.12408
-0.1099
-0.0957
-0.08139
-0.06717
-0.05293
-0.02047
0.01213
0.04466
0.06142
0.07829
0.09509
0.1119
0.12113
0.14977
0.17855
0.17203
0.16551
0.14728
0.12912
0.12996
0.1308
0.13154
0.13238
0.15083
0.18141
0.21201
0.22494
0.20857
0.17827
0.17426
0.19145
0.20866
0.20858
0.2086
0.19631
0.1563
0.09032
0.02439
-0.02302
-0.05695
-0.09104
-0.10524
-0.09604
-0.09794
-0.11586
-0.10287
-0.08987
-0.10127
-0.12729
-0.13812
-0.11795
-0.09787
-0.08626
-0.07454
-0.06291
-0.05127
-0.03961
-0.02795
-0.02047
-0.01308
-0.0289
-0.05554
-0.08231
-0.12361
-0.20239
-0.27072
-0.27981
-0.26019
-0.24055
-0.22779
-0.21491
-0.18312
-0.13667
-0.06749
0.02791
0.12328
0.19937
0.25071
0.28109
0.31161
0.33215
0.34061
0.32396
0.3073
0.29581
0.28432
0.2465
0.18524
0.11319
0.04119
-0.01841
-0.05844
-0.09862
-0.13874
-0.18161
-0.2072
-0.22043
-0.23366
-0.2469
-0.26016
-0.26353
-0.2669
-0.27028
-0.25615
-0.21588
-0.16179
-0.1076
-0.0534
0.0137
0.08085
0.14818
0.21547
0.25164
0.26241
0.25369
0.24486
0.22901
0.21315
0.19727
0.18818
0.17908
0.13806
0.03434
-0.08946
-0.163
-0.17787
-0.16994
-0.16201
-0.15397
-0.14602
-0.12905
-0.11207
-0.09518
-0.07236
-0.04961
-0.02685
-0.00395
0.01386
0.01629
0.00501
-0.00638
-0.01769
-0.0291
-0.04233
-0.05557
-0.06873
-0.0797
-0.09067
-0.10847
-0.12629
-0.12171
-0.11712
-0.11253
-0.10794
-0.07872
-0.00596
0.05118
0.06125
0.05172
0.04208
0.03824
0.03439
0.03053
0.02527
0.02001
0.01474
0.00806
0.00138
0.0131
0.04233
0.07161
0.1119
0.15226
0.19265
0.23319
0.26395
0.28306
0.28726
0.29148
0.28549
0.2796
0.27361
0.26359
0.25368
0.23754
0.20289
0.14747
0.09191
0.06119
0.03896
0.01669
-0.01579
-0.04832
-0.07267
-0.09716
-0.12155
-0.1461
-0.17644
-0.20674
-0.24436
-0.28194
-0.31153
-0.32275
-0.33388
-0.34513
-0.35638
-0.37496
-0.39354
-0.41225
-0.41267
-0.39738
-0.37047
-0.32071
-0.2522
-0.1835
-0.10485
-0.02599
0.03092
0.0722
0.1011
0.13004
0.1522
0.15628
0.13035
0.08027
0.03026
-0.01173
-0.04023
-0.06868
-0.08664
-0.10463
-0.12263
-0.13094
-0.13927
-0.12689
-0.09379
-0.03823
0.01746
0.07324
0.12895
0.16643
0.20384
0.22508
0.24635
0.24992
0.2535
0.24888
0.22205
0.16356
0.10503
0.07253
0.04001
0.00755
-0.02024
-0.03566
-0.03598
-0.0362
-0.03652
-0.02914
-0.02175
-0.01445
-0.00704
0.00037
0.00769
0.00942
0.01124
0.01297
0.0065
0.00002
-0.01407
-0.02817
-0.04229
-0.05643
-0.07057
-0.07193
-0.07319
-0.07445
-0.07151
-0.06856
-0.06562
-0.06266
-0.05021
-0.03763
-0.00985
0.01808
0.06213
0.10635
0.16049
0.21462
0.26888
0.31412
0.33988
0.34035
0.34082
0.33389
0.33916
0.36125
0.35824
0.30339
0.26741
0.26861
0.26991
0.2622
0.25439
0.25467
0.25495
0.24152
0.21178
0.1925
0.19291
0.21034
0.22778
0.24004
0.25231
0.26449
0.26328
0.26197
0.26076
0.26444
0.26813
0.26432
0.2463
0.19864
0.11633
0.00638
-0.10364
-0.15117
-0.14811
-0.13545
-0.12268
-0.11298
-0.10319
-0.08838
-0.07675
-0.06622
-0.05567
-0.04521
-0.03464
-0.04057
-0.0464
-0.05234
-0.05828
-0.08265
-0.10713
-0.13155
-0.15608
-0.18665
-0.21724
-0.23387
-0.25061
-0.28988
-0.32908
-0.36834
-0.40773
-0.44086
-0.44891
-0.45708
-0.46514
-0.4439
-0.39853
-0.3532
-0.34174
-0.35089
-0.36004
-0.3624
-0.34535
-0.32818
-0.3111
-0.31291
-0.32302
-0.33304
-0.31286
-0.27654
-0.24019
-0.19199
-0.11564
-0.03919
-0.01349
-0.0289
-0.04431
-0.03923
-0.01934
0.00058
-0.0023
-0.02009
-0.02049
-0.02079
-0.01218
-0.00357
0.00506
0.00368
0.01932
0.04748
0.04675
0.05953
0.09933
0.13919
0.14896
0.15884
0.19204
0.22539
0.23495
0.24453
0.242
0.23948
0.26746
0.29548
0.30011
0.30465
0.30589
0.30703
0.32978
0.35246
0.36555
0.36245
0.35924
0.36794
0.36394
0.32892
0.25606
0.15228
0.03421
-0.06661
-0.12529
-0.15052
-0.17587
-0.20116
-0.20576
-0.18644
-0.16711
-0.12934
-0.09165
-0.07562
-0.07428
-0.07304
-0.05099
-0.02891
-0.02332
-0.03393
-0.04456
-0.0622
-0.08755
-0.11284
-0.11875
-0.12466
-0.13057
-0.1365
-0.13742
-0.13825
-0.16418
-0.19005
-0.16292
-0.11584
-0.17337
-0.2771
-0.26787
-0.2266
-0.24833
-0.22165
-0.07761
0.08754
0.18288
0.20532
0.19345
0.18156
0.19748
0.22252
0.24748
0.25716
0.26676
0.27636
0.28597
0.29569
0.29622
0.27693
0.25753
0.24881
0.24999
0.23886
0.20681
0.17482
0.16031
0.14579
0.13125
0.11669
0.09822
0.07982
0.06131
0.04698
0.03264
0.01828
0.0039
-0.01029
-0.02439
-0.03861
-0.05875
-0.07891
-0.09908
-0.11178
-0.12449
-0.13722
-0.14395
-0.15069
-0.15744
-0.15449
-0.15153
-0.14857
-0.14551
-0.13915
-0.13268
-0.11869
-0.1048
-0.08148
-0.05814
-0.03487
-0.01148
0.00123
-0.00066
-0.01775
-0.04707
-0.07642
-0.1058
-0.13521
-0.16465
-0.18732
-0.20991
-0.23263
-0.24947
-0.26632
-0.27809
-0.27938
-0.26615
-0.24139
-0.21652
-0.19172
-0.16679
-0.14193
-0.12436
-0.10676
-0.09685
-0.08692
-0.0882
-0.10369
-0.11908
-0.12099
-0.09479
-0.06865
-0.0346
-0.00049
0.04974
0.10015
0.15059
0.2011
0.23674
0.25952
0.26641
0.2618
0.24008
0.21843
0.17896
0.13953
0.09998
0.06048
0.02084
-0.00624
-0.01424
-0.02235
-0.03046
-0.03158
-0.0327
-0.01421
0.0042
0.02693
0.04968
0.06126
0.07284
0.09654
0.13647
0.21248
0.28864
0.28575
0.23475
0.18367
0.16587
0.16435
0.16283
0.15611
0.14948
0.16185
0.16303
0.12979
0.09663
0.08743
0.09174
0.07253
0.0459
0.01914
0.00246
-0.01434
-0.03115
-0.04799
-0.02772
-0.00753
0.00738
0.00779
0.00821
0.00853
0.00895
0.01917
0.0295
0.03234
0.03519
0.05104
0.06691
0.0828
0.0987
0.10041
0.10212
0.10373
0.10545
0.10717
0.12339
0.12033
0.08655
0.03531
-0.01596
-0.08923
-0.16263
-0.22926
-0.28031
-0.33133
-0.36618
-0.36726
-0.34943
-0.33158
-0.31371
-0.29582
-0.28762
-0.2794
-0.26258
-0.24574
-0.24909
-0.25244
-0.2557
-0.24895
-0.2421
-0.24325
-0.24439
-0.24554
-0.24669
-0.23743
-0.22306
-0.20857
-0.21418
-0.2198
-0.22532
-0.24066
-0.2559
-0.25566
-0.23712
-0.21854
-0.14693
0.00413
0.13039
0.16476
0.15034
0.13581
0.13026
0.1246
0.10834
0.09205
0.07565
0.07684
0.07803
0.09453
0.11095
0.13239
0.15375
0.16432
0.17491
0.1711
0.16728
0.16346
0.15964
0.15581
0.15999
0.16416
0.16064
0.15721
0.15368
0.15025
0.14671
0.15087
0.15504
0.15921
0.17078
0.18248
0.19417
0.20759
0.22102
0.22306
0.22509
0.21262
0.18214
0.15151
0.12086
0.09177
0.06266
0.0335
0.00943
-0.01457
-0.03869
-0.06275
-0.07672
-0.0732
-0.05236
-0.0316
-0.01083
0.00998
0.02199
0.02232
0.02274
0.03318
0.04362
0.05407
0.05173
0.04938
0.04693
0.04298
0.03902
0.03516
0.0299
0.02463
0.01935
0.00516
-0.02314
-0.08911
-0.14442
-0.14217
-0.12372
-0.12845
-0.14519
-0.15124
-0.1362
-0.12114
-0.10596
-0.08695
-0.06784
-0.04869
-0.02964
-0.02256
-0.01548
-0.0193
-0.02302
-0.02685
-0.03738
-0.04783
-0.05138
-0.05493
-0.05849
-0.06726
-0.07603
-0.07611
-0.07619
-0.07627
-0.07995
-0.07053
-0.0611
-0.00082
0.03189
0.00701
0.01802
0.04515
0.07231
0.07779
0.06267
0.06864
0.09562
0.11102
0.14045
0.13499
0.14023
0.15389
0.16745
0.17373
0.18001
0.20412
0.22834
0.24498
0.26174
0.28633
0.31094
0.32057
0.3179
0.33224
0.34649
0.29891
0.11896
-0.11839
-0.24546
-0.24132
-0.19937
-0.18347
-0.18657
-0.18968
-0.18479
-0.17988
-0.18538
-0.19098
-0.18098
-0.15926
-0.13762
-0.13767
-0.13772
-0.13777
-0.12561
-0.11344
-0.08675
-0.06013
-0.03348
-0.0067
0.00889
0.02451
0.04023
0.05028
0.04813
0.02736
-0.00883
-0.04507
-0.08133
-0.10674
-0.13217
-0.14943
-0.16659
-0.18388
-0.20119
-0.22322
-0.24516
-0.25613
-0.23929
-0.17801
-0.08706
0.00411
0.09524
0.18009
0.26511
0.34154
0.39661
0.41904
0.41047
0.37677
0.34304
0.30927
0.28148
0.25365
0.2366
0.21943
0.20236
0.16252
0.09107
-0.00542
-0.10206
-0.17102
-0.20032
-0.22977
-0.25913
-0.28853
-0.30094
-0.31337
-0.31381
-0.31424
-0.30407
-0.28098
-0.24127
-0.2016
-0.155
-0.10823
-0.06144
-0.01027
0.04093
0.09221
0.13411
0.17617
0.20466
0.22078
0.21541
0.1846
0.13587
0.08718
0.03844
-0.01516
-0.0688
-0.11282
-0.13935
-0.14481
-0.15017
-0.14113
-0.13208
-0.12301
-0.11385
-0.10927
-0.10469
-0.1001
-0.10031
-0.10052
-0.10074
-0.10105
-0.10356
-0.10608
-0.10869
-0.10621
-0.10383
-0.09314
-0.08253
-0.06101
-0.03947
-0.0069
0.0257
0.06285
0.09992
0.13705
0.16369
0.19038
0.20397
0.20298
0.18338
0.14294
0.10246
0.06194
0.02058
-0.02073
-0.06208
-0.09517
-0.12829
-0.14975
-0.17132
-0.17931
-0.18731
-0.18091
-0.1745
-0.16809
-0.16167
-0.14863
-0.13569
-0.12263
-0.09896
-0.07525
-0.04193
-0.00865
0.02464
0.05799
0.09146
0.12487
0.1461
0.16736
0.17303
0.17861
0.1843
0.18688
0.17477
0.16263
0.14479
0.12702
0.10924
0.09514
0.08092
0.07019
0.05955
0.03469
0.00981
-0.02121
-0.03034
0.00094
0.06025
0.11975
0.17058
0.20668
0.2428
0.26385
0.27072
0.26119
0.23875
0.20186
0.16495
0.12518
0.08539
0.04554
0.00837
-0.02876
-0.06602
-0.09452
-0.10583
-0.09295
-0.06405
-0.035
0.00206
0.02447
0.02229
0.00839
0.01179
0.04151
0.07125
0.07332
0.07538
0.07745
0.07952
0.0816
0.08237
0.08315
0.07222
0.06138
0.03732
0.01323
-0.01088
-0.02731
-0.04366
-0.07473
-0.12884
-0.19244
-0.25607
-0.31979
-0.32184
-0.1924
-0.02215
0.07188
0.10236
0.13288
0.18442
0.23594
0.26579
0.27096
0.25413
0.22066
0.18726
0.15382
0.12036
0.05974
-0.00093
-0.05489
-0.08557
-0.11619
-0.14684
-0.16972
-0.19262
-0.20404
-0.21557
-0.22111
-0.22665
-0.2323
-0.23786
-0.24342
-0.24909
-0.25466
-0.25304
-0.24081
-0.20956
-0.17826
-0.14055
-0.10277
-0.06498
-0.03994
-0.01498
-0.0062
-0.01351
-0.02094
-0.03698
-0.05313
-0.0693
-0.0855
-0.1016
-0.11783
-0.11425
-0.09517
-0.06067
-0.02621
-0.01084
-0.01937
-0.0358
-0.05216
-0.05832
-0.05399
-0.03454
0.01084
0.05626
0.08784
0.10713
0.12635
0.18189
0.26083
0.2835
0.18513
0.05217
-0.02474
-0.04779
-0.07086
-0.09395
-0.11707
-0.1104
-0.0802
-0.03778
0.0047
0.04711
0.08968
0.13229
0.17495
0.20833
0.22636
0.22658
0.2108
0.19501
0.1904
0.18579
0.18117
0.18945
0.20856
0.22767
0.24071
0.25385
0.25841
0.20256
0.06106
-0.09934
-0.18692
-0.20103
-0.20156
-0.22108
-0.25235
-0.28363
-0.30005
-0.30227
-0.29289
-0.2658
-0.23877
-0.19801
-0.14839
-0.09874
-0.04901
-0.00896
0.01134
0.00274
-0.02538
-0.05343
-0.0677
-0.06538
-0.06295
-0.03361
-0.00423
0.00746
0.00226
-0.00305
0.00264
0.00834
0.01405
0.01966
0.03248
0.04531
0.05806
0.07092
0.0885
0.10619
0.12391
0.14384
0.16379
0.17036
0.17704
0.17301
0.16908
0.16505
0.15891
0.15267
0.14651
0.13265
0.11867
0.09739
0.07606
0.05463
0.03326
0.00538
-0.02264
-0.05869
-0.09478
-0.13791
-0.18099
-0.2052
-0.20763
-0.19535
-0.17114
-0.13391
-0.09674
-0.05943
-0.03348
-0.00751
0.00538
-0.00042
-0.00623
-0.01195
-0.01777
-0.0236
-0.02943
-0.03677
-0.04412
-0.05148
-0.06865
-0.10274
-0.15099
-0.19937
-0.24782
-0.26959
-0.26988
-0.27017
-0.27786
-0.28566
-0.28526
-0.28486
-0.28456
-0.28416
-0.25264
-0.15327
-0.01755
0.11838
0.21697
0.28092
0.32104
0.33998
0.33493
0.30867
0.26916
0.22962
0.20514
0.20415
0.21257
0.22099
0.21771
0.19574
0.11778
-0.01835
-0.12074
-0.14629
-0.13835
-0.13029
-0.12233
-0.10345
-0.07034
-0.0201
0.03011
0.08035
0.12967
0.17901
0.21983
0.26077
0.28815
0.30506
0.30598
0.3069
0.2884
0.26989
0.24295
0.21598
0.18898
0.16587
0.14272
0.10625
0.05041
-0.02467
-0.09985
-0.16589
-0.2174
-0.25565
-0.28164
-0.29045
-0.27735
-0.26434
-0.25121
-0.23808
-0.22503
-0.21187
-0.19868
-0.18559
-0.18599
-0.20149
-0.21692
-0.21875
-0.22058
-0.23882
-0.25698
-0.22964
-0.07278
0.12391
0.23862
0.27558
0.29879
0.3221
0.33216
0.3164
0.2781
0.22427
0.17036
0.11632
0.0623
-0.00726
-0.07693
-0.14663
-0.20463
-0.26277
-0.29727
-0.30389
-0.2903
-0.2588
-0.19873
-0.12191
-0.04499
0.01929
0.08375
0.13825
0.18063
0.20433
0.21165
0.20497
0.18387
0.16275
0.1416
0.11974
0.09785
0.07594
0.0541
0.03215
0.01467
-0.00273
-0.00553
-0.00824
-0.01106
-0.00877
-0.00658
-0.00429
0.00481
0.01382
0.02284
0.03426
0.04561
0.05706
0.06842
0.0799
0.09129
0.09578
0.10028
0.09428
0.08828
0.07536
0.06243
0.04949
0.03643
0.02346
0.01047
0.00668
0.00288
0.00748
0.01199
0.0166
0.01642
0.01613
0.01595
0.02086
0.02569
0.03802
0.05036
0.06272
0.08179
0.10089
0.1199
0.13903
0.14618
0.15323
0.14368
0.11592
0.08822
0.0561
0.02393
-0.00815
-0.04039
-0.07264
-0.10495
-0.13037
-0.15583
-0.1813
-0.19941
-0.21742
-0.23546
-0.24672
-0.25798
-0.26196
-0.26603
-0.27001
-0.2697
-0.26938
-0.25965
-0.22301
-0.17241
-0.13677
-0.10109
-0.06538
-0.01612
0.03319
0.08256
0.12246
0.1429
0.14456
0.1367
0.12894
0.13418
0.13953
0.15589
0.17226
0.20176
0.20297
0.12403
0.02843
-0.00847
0.00633
0.02115
0.02787
0.03461
0.05675
0.07903
0.10121
0.11893
0.13666
0.13591
0.13525
0.12329
0.11141
0.09942
0.08752
0.0755
0.06358
0.04873
0.03388
0.019
0.00412
-0.01079
-0.02051
-0.03013
-0.03987
-0.04962
-0.05937
-0.06914
-0.07852
-0.08781
-0.0972
-0.10661
-0.11602
-0.12535
-0.13068
-0.13592
-0.12686
-0.11789
-0.09851
-0.07919
-0.05977
-0.03831
-0.01675
0.00485
0.01837
0.032
0.03033
0.02856
0.00839
-0.01192
-0.04264
-0.0733
-0.10409
-0.13491
-0.16576
-0.19666
-0.21417
-0.21879
-0.20531
-0.174
-0.12997
-0.08597
-0.04184
0.00235
0.04657
0.09085
0.12237
0.15392
0.17519
0.19649
0.20931
0.22204
0.22577
0.21911
0.20053
0.16702
0.13349
0.0953
0.05699
0.01863
-0.01967
-0.05811
-0.09658
-0.1216
-0.12673
-0.13197
-0.1371
-0.13334
-0.12958
-0.1172
-0.10472
-0.09232
-0.07981
-0.06738
-0.05494
-0.04238
-0.02992
-0.01734
-0.00485
0.00776
0.02027
0.03281
0.04545
0.05801
0.07068
0.08196
0.09326
0.10466
0.11598
0.12291
0.12994
0.13688
0.13663
0.13648
0.12502
0.11354
0.09576
0.07805
0.06033
0.04258
0.02482
0.00694
-0.01086
-0.02868
-0.04651
-0.06117
-0.07574
-0.09033
-0.10492
-0.11323
-0.12155
-0.12009
-0.11861
-0.10682
-0.09492
-0.08301
-0.06609
-0.04914
-0.03208
-0.0151
-0.00351
0.0081
0.01971
0.03135
0.03989
0.04854
0.05709
0.06576
0.07434
0.07962
0.08501
0.09031
0.09571
0.09841
0.10112
0.10393
0.10664
0.10185
0.09706
0.08426
0.07134
0.05851
0.04507
0.03161
0.01814
0.00885
-0.00054
-0.00984
-0.01916
-0.02858
-0.03291
-0.03725
-0.04158
-0.03602
-0.03045
-0.01858
-0.00679
0.00511
0.01693
0.02875
0.04069
0.04234
0.04399
0.03493
0.02596
0.01699
0.0069
-0.00319
-0.0133
-0.02332
-0.03004
-0.03688
-0.04362
-0.05036
-0.05191
-0.05357
-0.05512
-0.05678
-0.05834
-0.06
-0.06156
-0.06322
-0.06478
-0.06145
-0.05811
-0.05466
-0.04851
-0.04236
-0.0362
-0.02993
-0.03006
-0.03018
-0.03031
-0.03344
-0.03647
-0.03961
-0.04275
-0.04589
-0.04904
-0.05219
-0.05524
-0.0559
-0.05655
-0.05721
-0.05786
-0.05852
-0.05918
-0.05974
-0.0604
-0.06106
-0.06172
-0.05777
-0.05373
-0.04978
-0.04582
-0.04036
-0.035
-0.02953
-0.02845
-0.02738
-0.0263
-0.02522
-0.02465
-0.02417
-0.02359
-0.023
-0.02242
-0.02184
-0.02126
-0.02888
-0.03641
-0.04405
-0.0552
-0.06646
-0.07762
-0.08881
-0.1001
-0.1049
-0.10981
-0.10462
-0.09952
-0.08251
-0.06548
-0.04243
-0.01946
0.00364
0.02676
0.04991
0.07298
0.08717
0.10127
0.10569
0.1101
0.11453
0.11365
0.11278
0.1118
0.11092
0.11004
0.10906
0.10818
0.10719
0.10951
0.11183
0.11415
0.11648
0.1188
0.12113
0.12347
0.11729
0.11103
0.09653
0.08193
0.06741
0.05208
0.03673
0.02136
0.01058
-0.00021
-0.01102
-0.01783
-0.02455
-0.03127
-0.03811
-0.04484
-0.05169
-0.05845
-0.06521
-0.07208
-0.07885
-0.08274
-0.08662
-0.09051
-0.0944
-0.0958
-0.0972
-0.09859
-0.09749
-0.09639
-0.09529
-0.09428
-0.09318
-0.09277
-0.09236
-0.09195
-0.09154
-0.08373
-0.07581
-0.06788
-0.05604
-0.04409
-0.03212
-0.02025
-0.00825
0.00375
0.01656
0.02939
0.04234
0.05519
0.06806
0.08104
0.09394
0.10435
0.11487
0.1253
0.13094
0.13658
0.13293
0.12927
0.1138
0.09832
0.08281
0.0674
0.05206
0.03671
0.02125
0.00587
-0.00413
-0.01414
-0.02415
-0.02688
-0.0296
-0.02263
-0.01575
0.00335
0.02237
0.0414
0.06236
0.08324
0.10414
0.11986
0.13551
0.13795
0.1404
0.12515
0.10987
0.08518
0.06045
0.03571
0.01093
-0.01386
-0.03209
-0.05043
-0.06869
-0.07656
-0.08445
-0.08173
-0.07901
-0.06659
-0.05415
-0.0417
-0.02913
-0.01965
-0.01016
-0.00067
0.00234
0.00524
0.00815
0.00276
-0.00253
-0.00793
-0.01805
-0.02807
-0.0382
-0.04824
-0.05839
-0.06115
-0.06392
-0.05748
-0.05103
-0.03928
-0.02741
-0.01563
-0.00383
0.00807
0.01989
0.02572
0.03145
0.03719
0.04304
0.04579
0.04864
0.0514
0.05426
0.05061
0.04697
0.04342
0.03826
0.0331
0.02794
0.02277
0.02039
0.01792
0.01554
0.01686
0.01818
0.0194
0.02072
0.02285
0.02508
0.02721
0.02454
0.02186
0.01919
0.01201
0.00482
-0.00238
-0.00958
-0.01749
-0.02531
-0.03324
-0.04118
-0.04442
-0.04756
-0.05081
-0.05406
-0.05412
-0.05417
-0.05423
-0.04848
-0.04272
-0.03706
-0.02769
-0.01831
-0.00902
-0.00473
-0.00043
-0.00393
-0.00743
-0.01094
-0.01705
-0.02306
-0.02909
-0.03512
-0.04115
-0.0473
-0.04704
-0.04689
-0.04664
-0.03838
-0.03011
-0.02183
-0.00845
0.00506
0.01857
0.032
0.04555
0.05911
0.06608
0.07305
0.08003
0.07882
0.07761
0.07639
0.07257
0.06865
0.06472
0.06089
0.05695
0.05301
0.04917
0.04522
0.04127
0.03741
0.03345
0.02949
0.02562
0.02165
0.01767
0.01379
0.0133
0.01292
0.01244
0.01205
0.01167
0.01088
0.01019
0.0091
0.00802
0.00693
0.00583
0.00474
0.00365
0.00255
0.00146
-0.00314
-0.00784
-0.01245
-0.01717
-0.02178
-0.02801
-0.03424
-0.04057
-0.04682
-0.05307
-0.05933
-0.06569
-0.07196
-0.07823
-0.08452
-0.09091
-0.0972
-0.0946
-0.092
-0.07658
-0.06105
-0.04561
-0.02824
-0.01086
0.00655
0.01726
0.02789
0.02912
0.03035
0.03169
0.02802
0.02446
0.02088
0.0173
0.01362
0.01004
0.00775
0.00556
0.00327
0.00487
0.00648
0.00799
0.00961
0.01122
0.01283
0.01445
0.01607
0.00989
0.0037
-0.0025
-0.0087
-0.01491
-0.02113
-0.02735
-0.03358
-0.03982
-0.04606
-0.05231
-0.05856
-0.06483
-0.07109
-0.07737
-0.08485
-0.09224
-0.09964
-0.10704
-0.10915
-0.11117
-0.11328
-0.10819
-0.1031
-0.098
-0.08629
-0.07457
-0.06284
-0.045
-0.02713
-0.00924
0.01237
0.03399
0.05554
0.07721
0.09891
0.12053
0.13066
0.14091
0.13996
0.13902
0.12826
0.11759
0.10691
0.09601
0.08511
0.0742
0.07378
0.07326
0.07274
0.07421
0.0757
0.07718
0.07866
0.08005
0.08153
0.08222
0.08281
0.0834
0.08409
0.08468
0.08527
0.08596
0.08655
0.08714
0.08773
0.08843
0.08301
0.0777
0.07228
0.06215
0.05191
0.04176
0.02569
0.00972
-0.00629
-0.0258
-0.04524
-0.06469
-0.08427
-0.10377
-0.11719
-0.13062
-0.13606
-0.1414
-0.13444
-0.12758
-0.12061
-0.11123
-0.10194
-0.09264
-0.08733
-0.08202
-0.0767
-0.07148
-0.06955
-0.06762
-0.06569
-0.06375
-0.06182
-0.06178
-0.06184
-0.0619
-0.06197
-0.06193
-0.06199
-0.06205
-0.06212
-0.06208
-0.06214
-0.0543
-0.04645
-0.0386
-0.02752
-0.01635
-0.00515
0.00595
0.01416
0.02238
0.03061
0.03885
0.0471
0.05535
0.06362
0.07189
0.08017
0.08116
0.08215
0.08314
0.07812
0.0731
0.06818
0.06315
0.05701
0.05077
0.04462
0.03847
0.03511
0.03174
0.02827
0.0249
0.02153
0.01815
0.01717
0.01619
0.01531
0.01432
0.01334
0.01235
0.01146
0.00828
0.00518
0.00209
-0.00111
-0.00421
-0.00732
-0.00893
-0.01064
-0.01225
-0.01386
-0.01548
-0.01709
-0.01871
-0.02033
-0.02195
-0.02358
-0.0252
-0.02683
-0.02845
-0.03009
-0.03592
-0.04166
-0.0475
-0.05326
-0.05911
-0.06488
-0.07075
-0.07122
-0.0717
-0.07217
-0.06764
-0.06321
-0.05867
-0.05413
-0.04959
-0.04503
-0.04058
-0.03601
-0.03285
-0.02968
-0.02661
-0.02343
-0.01706
-0.01067
-0.00427
0.00213
0.00853
0.01495
0.02137
0.02779
0.03423
0.04167
0.04912
0.05657
0.06404
0.06501
0.06597
0.06695
0.06462
0.06228
0.05995
0.05771
0.05537
0.05303
0.05068
0.05464
0.0586
0.06246
0.06643
0.0703
0.07427
0.07825
0.08214
0.08612
0.09002
0.08911
0.0883
0.08739
0.07988
0.07246
0.06493
0.05379
0.04254
0.03137
0.0202
0.00851
-0.00308
-0.0147
-0.02642
-0.03806
-0.0498
-0.05536
-0.06092
-0.06659
-0.06346
-0.06042
-0.05103
-0.04171
-0.03229
-0.02285
-0.0134
-0.01155
-0.00959
-0.00773
-0.01586
-0.0241
-0.03223
-0.04326
-0.05427
-0.06529
-0.07619
-0.081
-0.0858
-0.08331
-0.08091
-0.07153
-0.06226
-0.05297
-0.0436
-0.03312
-0.02266
-0.0122
-0.00176
0.00243
0.00671
0.00237
-0.00197
-0.0063
-0.01319
-0.02007
-0.02694
-0.03379
-0.04062
-0.04743
-0.05433
-0.05599
-0.05764
-0.05172
-0.04571
-0.0398
-0.03068
-0.02158
-0.0125
-0.00344
0.0056
0.0146
0.02027
0.02592
0.03155
0.03716
0.04274
0.04578
0.04881
0.05182
0.05472
0.05259
0.05046
0.04833
0.04362
0.03882
0.03414
0.02947
0.02854
0.02761
0.02668
0.02575
0.02482
0.02389
0.02296
0.02204
0.02112
0.02019
0.01927
0.01836
0.01744
0.01316
0.00881
0.00457
0.00036
-0.00383
-0.00799
-0.01213
-0.01633
-0.02042
-0.02448
-0.02611
-0.02783
-0.02944
-0.03112
-0.03279
-0.03435
-0.03308
-0.03191
-0.03064
-0.02947
-0.02506
-0.02068
-0.01633
-0.012
-0.00556
0.00083
0.00717
0.01346
0.01962
0.02758
0.03538
0.04312
0.05087
0.05846
0.06598
0.07038
0.07465
0.07894
0.07965
0.08033
0.08091
0.07469
0.0686
0.06246
0.0533
0.04431
0.03539
0.02646
0.02099
0.01548
0.01002
0.00938
0.00865
0.00802
0.01269
0.01739
0.02205
0.02656
0.03111
0.03551
0.03262
0.02983
0.02698
0.02005
0.01318
0.00639
-0.00033
-0.00952
-0.01861
-0.02759
-0.03654
-0.0453
-0.05363
-0.06193
-0.07012
-0.07377
-0.07744
-0.08098
-0.07869
-0.07641
-0.07414
-0.06825
-0.06241
-0.05656
-0.04919
-0.04184
-0.03457
-0.02739
-0.02031
-0.01332
-0.00641
0.00032
0.00294
0.00553
0.00807
0.00553
0.0031
0.0007
-0.00346
-0.00747
-0.0115
-0.01546
-0.01929
-0.01985
-0.02031
-0.02077
-0.02128
-0.01917
-0.01709
-0.01503
-0.013
-0.01107
-0.00916
-0.00735
-0.00557
-0.00382
-0.00209
-0.00039
0.00128
0.00293
0.00454
0.00619
0.00775
0.00928
0.01078
0.01225
0.01085
0.00953
0.00818
0.00691
0.00541
0.00395
0.00256
0.00407
0.00555
0.007
0.00842
0.00927
0.0101
0.01092
0.00953
0.00818
0.00679
0.00548
0.00305
0.00066
-0.00168
-0.00396
-0.0062
-0.00845
-0.00686
-0.00525
-0.00372
-0.00041
0.00287
0.00609
0.00923
0.00984
0.01049
0.01112
0.00963
0.00822
0.00684
0.00543
0.00411
0.00221
0.00039
-0.00143
-0.00315
-0.00285
-0.00255
-0.00226
0.00003
0.00231
0.00448
0.00659
0.00893
0.01116
0.01332
0.01542
0.0175
0.01772
0.01793
0.01812
0.01593
0.0138
0.01175
0.00972
0.00704
0.0044
0.00187
-0.00062
-0.003
-0.0053
-0.00757
-0.00972
-0.01184
-0.01383
-0.01454
-0.01521
-0.01585
-0.01646
-0.01481
-0.0132
-0.01163
-0.00862
-0.00574
-0.00292
-0.00024
0.00238
0.00486
0.00499
0.00507
0.00515
0.00525
0.00414
0.00306
0.00202
0.00106
0.00013
-0.00077
-0.00159
-0.00155
-0.00148
-0.00141
-0.00137
-0.0013
-0.00124
-0.00121
-0.00115
-0.00112
-0.00261
-0.00407
-0.00545
-0.00676
-0.008
-0.00917
-0.01027
-0.01129
-0.01226
-0.01317
-0.01234
-0.01154
-0.01074
-0.0091
-0.00751
-0.00601
-0.00456
-0.00319
-0.00187
-0.00063
-0.00022
0.00015
0.00051
0.00032
0.00017
0.00001
-0.00013
-0.00027
-0.00039
-0.0005
0.00002
0.00053
0.001
0.00143
0.00219
0.00289
0.00355
0.00417
0.00474
0.00527
0.00575
0.0062
0.0066
0.00643
0.00627
0.00609
0.00593
0.00544
0.00497
0.00452
0.00411
0.00371
0.00332
0.00297
0.00222
0.00154
0.0009
0.00031
-0.00025
-0.00075
-0.00121
-0.00109
-0.00097
-0.00086
-0.00056
-0.00029
-0.00003
0.00021
0.00043
0.00063
0.00082
0.00099
0.00114
0.00118
0.00122
0.00124
0.00127
0.00129
0.0013
0.00131
0.00131
0.00131
0.00113
0.00097
0.00082
0.00068
0.00056
0.00045
0.00035
0.00026
0.00031
0.00036
0.00041
0.00045
0.0005
0.00054
0.00058
0.00061
0.00064
0.00066
0.0006
0.00054
0.00049
0.00045
0.00041
0.00037
0.00034
0.00031
0.00033
0.00035
0.00036
0.00037
0.00038
0.00039
0.0004
0.0004
0.00041
0.00041
0.00038
0.00036
0.00034
0.00031
0.00029
0.00026
0.00025
0.00026
0.00028
0.00029
0.00029
0.00031
0.00032
0.00033
0.00033
0.00034
0.00034
0.00033
0.00033
0.00032
0.00031
0.0003
0.0003
0.00029
0.00029
0.00028
0.00027
0.00027
0.00026
0.00025
0.00024
0.00023
0.00022
0.00022
0.0002
0.00019
0.00018
0.00017
0.00017
0.00016
0.00015
0.00014
0.00013
0.00012
0.00012
0.00011
0.0001
0.00009
0.00009
0.00008
0.00007
0.00007
0.00006
0.00005
0.00005
0.00004
0.00003
0.00003
0.00002
0.00001
0.00001
0
-0.00001
-0.00001
-0.00002
-0.00003
-0.00003
-0.00004
-0.00005
-0.00005
-0.00006