0.005
1.697058E-05
1.697577E-05
1.694011E-05
1.691017E-05
1.687197E-05
1.683296E-05
1.681364E-05
1.681296E-05
1.677818E-05
1.678066E-05
1.676091E-05
1.672919E-05
9.293663E-07
-1.444385E-06
-3.96516E-06
-6.57242E-06
-9.335094E-06
-1.21414E-05
-4.6688E-05
-5.298559E-05
-5.911356E-05
-6.532708E-05
-7.165969E-05
-7.846901E-05
-8.490847E-05
-9.134241E-05
-9.776806E-05
-0.0001041246
-4.866413E-05
-5.185824E-05
-5.507365E-05
1.312208E-05
1.289274E-05
1.26719E-05
9.184178E-05
9.408315E-05
9.622518E-05
0.0001846456
0.000189481
0.0001930924
0.0001964236
0.0001993984
0.0002020511
0.0002053085
0.0001096853
0.0001103731
0.0001108849
1.158517E-05
1.13969E-05
1.124415E-05
-8.890646E-05
-8.909204E-05
-8.922988E-05
-0.0001893856
-0.0001905386
-0.0001906916
-0.0001908147
-0.0001909475
-0.0001921043
-0.0001922608
-0.0001924239
-0.0001925776
-0.0001927441
-9.389627E-05
-9.408158E-05
-9.420708E-05
-9.434735E-05
-9.449371E-05
-9.464705E-05
5.222022E-06
5.063407E-06
4.935645E-06
4.817316E-06
4.654401E-06
4.532582E-06
4.382943E-06
4.248323E-06
4.117546E-06
3.990613E-06
3.834926E-06
3.709626E-06
3.566399E-06
3.465664E-06
3.334429E-06
3.224733E-06
3.075339E-06
2.969485E-06
1.804835E-06
1.695839E-06
1.58696E-06
1.466905E-06
1.338818E-06
1.199554E-06
1.093934E-06
9.809808E-07
8.970131E-07
7.367944E-07
6.381574E-07
5.54538E-07
4.351783E-07
3.289139E-07
2.456989E-07
1.53227E-07
6.739022E-08
-3.416461E-08
-1.058016E-07
-2.276159E-07
-3.269635E-07
-4.206087E-07
-5.262475E-07
-6.37359E-07
-6.943404E-07
-8.047578E-07
-8.476582E-07
-9.671359E-07
-1.058961E-06
-1.147038E-06
-1.201474E-06
-1.294447E-06
-1.371939E-06
-1.42557E-06
-1.502836E-06
-1.56928E-06
-1.653072E-06
-1.728837E-06
-1.812637E-06
-1.886546E-06
-1.969657E-06
-2.014471E-06
-2.077799E-06
-2.157779E-06
-2.19667E-06
-2.263388E-06
-2.324406E-06
-2.385313E-06
-2.418168E-06
-2.470471E-06
-2.5208E-06
-2.574743E-06
-2.609949E-06
-0.0001026579
-0.0001027166
-0.0001027685
-0.0001037974
-0.0001038118
-0.0001038516
-0.0002039007
-0.0002039174
-0.0002039524
-0.0002049821
-0.0002050041
-0.000204996
-0.0002050289
-0.0002060125
-0.0002060227
-0.0002060566
-0.0002060768
-0.0002060985
-0.0002071151
-0.0001071353
-0.0001071263
-0.0001071526
-0.0001071284
-0.0001071359
-0.0001071292
-1.513061E-05
-1.511094E-05
-1.512713E-05
-1.509247E-05
-1.507784E-05
-1.506683E-05
-1.50557E-05
-1.505983E-05
-1.503546E-05
-1.504124E-05
-1.502524E-05
-1.498939E-05
-1.499783E-05
-1.492967E-05
-1.490931E-05
-1.486975E-05
-1.480355E-05
-1.475587E-05
-1.471646E-05
-1.469557E-05
-1.465036E-05
-1.460131E-05
-1.454286E-05
-1.451782E-05
-1.444611E-05
-1.44339E-05
-1.436944E-05
-1.430486E-05
-1.421737E-05
-1.419013E-05
-1.4104E-05
-1.405601E-05
-1.397415E-05
-1.390452E-05
-0.0002068039
-1.374366E-05
-1.363694E-05
-1.356009E-05
-1.350177E-05
-1.343152E-05
-1.334604E-05
-1.327069E-05
-1.315148E-05
-1.308059E-05
-1.296769E-05
-1.288448E-05
-1.278441E-05
-1.266188E-05
-1.25467E-05
-1.245378E-05
-1.231977E-05
-1.223409E-05
-1.210546E-05
-1.199723E-05
-1.187399E-05
-1.177859E-05
-1.164117E-05
-1.151948E-05
-1.140841E-05
-1.123682E-05
-1.113241E-05
-1.097493E-05
-1.090117E-05
-1.071555E-05
-1.055405E-05
-1.038313E-05
-1.022142E-05
-1.004844E-05
-9.890258E-06
-9.745016E-06
-9.573594E-06
-9.431872E-06
-9.27515E-06
-9.129508E-06
-8.998407E-06
-8.828146E-06
-8.636102E-06
-8.5031E-06
-8.348576E-06
-8.158564E-06
-7.977767E-06
-7.801528E-06
-7.605631E-06
-7.393803E-06
-7.178152E-06
-6.96799E-06
-6.798708E-06
-6.620015E-06
-6.463575E-06
-6.267921E-06
-6.079621E-06
-5.898673E-06
-5.67665E-06
-5.463841E-06
-5.237898E-06
-5.026292E-06
-4.77431E-06
-4.530611E-06
-4.303814E-06
-4.05643E-06
-3.823384E-06
-3.599555E-06
-3.363523E-06
0.0001028749
0.0001031184
0.0001033203
0.0001035959
0.0001038147
0.000104069
0.000204313
0.0002055537
0.0002058186
0.0002060388
0.0002062834
0.0002065541
0.0002078064
0.0002080532
0.0002083149
0.0002085487
0.0002088282
0.0002100737
0.0002103474
0.0001106148
0.0001108912
0.0001111334
0.0001114308
0.0001117259
0.0001120332
3.326539E-06
3.626606E-06
3.902551E-06
4.203735E-06
4.506875E-06
4.799864E-06
5.096497E-06
-8.562062E-05
-8.530618E-05
-8.499977E-05
-8.467652E-05
-8.436342E-05
-8.404463E-05
-0.0001837228
-0.0001843933
-0.0001840902
-0.0001837504
-0.0001834401
-0.0001841229
-0.0001837643
-0.0001834205
-0.0001831037
-0.0001827551
-0.0001834301
-0.0001830645
-0.0001827038
-8.234089E-05
-8.200391E-05
-8.16017E-05
-8.22695E-05
-8.193975E-05
-8.156987E-05
1.381456E-05
1.415762E-05
1.451845E-05
1.485516E-05
1.522876E-05
1.557403E-05
1.591125E-05
1.627649E-05
1.660341E-05
1.698257E-05
1.734599E-05
1.772067E-05
1.811221E-05
1.849265E-05
1.890858E-05
1.930131E-05
1.969414E-05
2.007308E-05
2.047912E-05
2.082494E-05
2.12152E-05
2.159997E-05
2.195095E-05
2.231598E-05
2.272627E-05
2.307797E-05
2.342698E-05
2.385522E-05
2.423979E-05
2.463468E-05
2.506785E-05
2.547409E-05
2.591396E-05
2.63241E-05
2.677484E-05
2.719774E-05
2.763142E-05
2.80489E-05
2.846553E-05
2.889575E-05
2.92916E-05
2.971361E-05
3.010777E-05
3.050947E-05
3.092987E-05
3.133174E-05
3.175418E-05
3.217671E-05
3.261608E-05
3.303877E-05
3.344107E-05
3.389188E-05
3.435953E-05
3.481516E-05
3.522943E-05
3.568716E-05
3.609968E-05
3.654261E-05
3.696793E-05
3.739054E-05
3.783652E-05
3.826302E-05
3.870358E-05
3.914515E-05
3.957935E-05
4.001784E-05
4.045541E-05
4.088155E-05
4.131655E-05
4.175862E-05
4.218309E-05
4.259738E-05
4.305624E-05
4.350283E-05
4.396371E-05
4.445704E-05
4.489364E-05
4.53401E-05
4.576196E-05
4.62016E-05
4.669393E-05
4.712535E-05
4.759924E-05
4.806761E-05
4.851906E-05
4.896129E-05
4.941175E-05
4.981776E-05
5.025015E-05
5.067265E-05
5.111192E-05
5.151599E-05
5.198766E-05
5.243263E-05
5.28842E-05
5.335913E-05
5.384159E-05
5.427942E-05
5.471921E-05
5.51926E-05
5.564185E-05
5.606698E-05
5.64782E-05
0.0001609163
0.0001613203
0.0001617355
0.0001621373
0.0001625876
0.0001629904
0.0002634318
0.0002638842
0.0002653588
0.0002657979
0.0002662705
0.0002667161
0.0002671601
0.0002685885
0.0002689925
0.0002694358
0.0002698716
0.0002702685
0.0002716879
0.0001720739
0.0001724989
0.0001729054
0.000173322
0.0001737371
0.0001741381
6.7562E-05
6.800608E-05
6.841298E-05
6.881624E-05
6.923448E-05
6.968258E-05
7.003206E-05
7.04263E-05
7.080293E-05
7.121503E-05
7.160764E-05
7.201523E-05
7.243873E-05
7.281853E-05
7.323612E-05
7.361748E-05
7.401614E-05
7.437342E-05
7.474546E-05
7.512828E-05
7.552071E-05
7.586759E-05
7.622572E-05
7.657764E-05
7.694831E-05
7.731197E-05
7.769297E-05
7.801702E-05
7.840168E-05
7.875893E-05
7.911952E-05
7.945178E-05
7.987162E-05
8.021884E-05
8.058495E-05
8.094102E-05
8.131347E-05
8.159866E-05
8.195426E-05
-1.07362E-05
-1.044053E-05
-1.116343E-05
-1.084224E-05
-1.05836E-05
-1.030581E-05
-0.0001100403
-0.0001097843
-0.0001104814
-0.0001101819
-0.0001099009
-0.0001096013
-0.0001092941
-0.0001099973
-0.0001096984
-0.0001094329
-0.0001091799
-0.0001099004
-0.0001097027
-9.505956E-06
-9.251527E-06
-9.004245E-06
-8.746181E-06
-8.501551E-06
-9.283167E-06
8.88967E-05
8.912291E-05
8.933709E-05
8.950757E-05
8.971631E-05
8.98832E-05
9.007717E-05
0.0001922659
0.0001924507
0.000193634
0.0001938189
0.0001939853
0.0001941741
0.0002943386
0.0002944958
0.0002946215
0.0002947995
0.0002959125
0.0002960551
0.00029617
0.000296296
0.00029641
0.0002975419
0.0001976292
0.0001977214
0.0001978156
9.286528E-05
9.296756E-05
9.302382E-05
-1.903116E-06
-1.855567E-06
-1.806088E-06
-0.0001017703
-0.0001027424
-0.0001027132
-0.0001026895
-0.0001026751
-0.0001036888
-0.0001036994
-3.707261E-06
-3.705604E-06
-3.747653E-06
9.323741E-05
9.32104E-05
9.320115E-05
0.0001961571
0.0001961126
0.0001960477
0.0002960321
0.0002959617
0.0002958857
0.0002968026
0.0002966971
0.0002965953
0.0002964545
0.0002962821
0.0002971024
0.0002969683
0.0001968009
0.0001965979
0.0001964188
0.0001962291
0.0001960101
0.0001958379
9.063224E-05
9.048653E-05
9.027756E-05
9.010358E-05
8.987051E-05
8.967849E-05
8.942041E-05
8.915867E-05
8.892494E-05
8.861303E-05
8.831144E-05
8.799872E-05
8.769632E-05
8.736488E-05
8.706027E-05
8.671825E-05
8.638118E-05
8.600297E-05
8.56326E-05
8.526196E-05
8.488312E-05
8.449234E-05
8.408534E-05
8.368584E-05
8.328267E-05
8.28591E-05
8.243254E-05
8.200384E-05
8.158033E-05
8.114022E-05
8.067317E-05
8.016429E-05
7.970108E-05
7.918951E-05
7.86538E-05
7.812186E-05
7.761887E-05
0.000181995
0.0001814343
0.0001808122
0.00028024
0.0002796055
0.0002799997
0.0002793593
0.0003787644
0.0003780906
0.0003784455
0.0004777835
0.0004771085
0.0004774
0.0005766909
0.0005769833
0.0005762191
0.0005764845
0.0005757409
0.0005759552
0.0005751774
0.0005753858
0.0005745851
0.000574766
0.0005739423
0.00057409
0.0005732577
0.0005733736
0.0005725067
0.000572602
0.0005716905
0.0005717919
0.0005708755
0.0005709943
0.0005710167
0.0005700617
0.0005701057
0.0005691167
0.0005691268
0.0005681229
0.0005681013
0.0005670381
0.0005669732
0.000565892
0.0005658176
0.0005646969
0.0005645494
0.0005634467
0.0005633169
0.0005621427
0.0005619405
0.0005607853
0.0005605995
0.0005593623
0.0005591536
0.0005579346
0.0005577032
0.0005564139
0.0005561427
0.0005548331
0.0005545122
0.0005531559
0.0005527944
0.0005514196
0.0004509979
0.0004496269
0.0003492211
0.0003478055
0.0002463688
0.0002449256
0.0001434675
0.0001419646
4.151257E-05
3.99791E-05
-6.251154E-05
-6.404769E-05
-0.0001656302
-0.0001672147
-0.0001687973
-7.039548E-05
-7.302077E-05
2.533892E-05
2.369279E-05
0.0001220404
0.0002203733
0.0002196787
0.0003179353
0.0003162107
0.0004154537
0.0004136599
0.0005128429
0.0005110682
0.0005102286
0.0004084329
0.0004065812
0.0004057473
0.0004038696
0.0004029633
0.0004010055
0.000399059
0.0002981068
0.0002961456
0.0002941773
0.0002931945
0.000291191
0.0002891628
0.0001881393
0.0001860733
0.0001839708
0.0001818598
0.0001797301
0.0001785722
0.0001764177
7.426463E-05
7.20284E-05
6.980926E-05
6.754619E-05
6.527866E-05
6.299969E-05
-3.929449E-05
-4.164004E-05
-4.395539E-05
-4.631656E-05
-4.864601E-05
-5.102243E-05
-5.335597E-05
-5.572206E-05
-5.814817E-05
-6.054E-05
-6.304145E-05
-6.548999E-05
-6.800484E-05
-7.053873E-05
-7.311169E-05
-7.573768E-05
-7.832171E-05
-8.094016E-05
-8.355902E-05
-8.620205E-05
-8.885806E-05
-9.152753E-05
-9.416122E-05
-9.689754E-05
-9.95799E-05
-0.0001022711
-0.0001050465
-0.000107847
-0.0001106695
-0.0001135273
-0.0001164061
-0.000119282
-0.0001222417
-0.0001251262
-0.0001280696
-0.0001309683
-0.0001339361
-0.0001368939
-0.0001398629
-4.284748E-05
-4.588134E-05
-4.894007E-05
-5.197268E-05
-5.406928E-05
-5.719585E-05
3.96388E-05
3.645969E-05
3.327272E-05
3.008066E-05
2.788366E-05
2.466894E-05
2.14063E-05
0.0001181613
0.00011584
0.0001124967
0.000109153
0.0001058206
0.0001034143
0.0001999629
0.0001965154
0.0001940103
0.0001905246
0.0001879513
0.000184422
0.0001818613
0.0002783136
0.0002757776
0.0002721938
0.00026967
0.0002660524
0.000163479
0.0001597928
0.0001561202
0.0001534149
0.0001496779
0.000146917
0.0001431432
3.934729E-05
3.654168E-05
3.272588E-05
2.888201E-05
2.598203E-05
2.211071E-05
-8.177215E-05
-8.574419E-05
-8.870175E-05
-9.268627E-05
-9.664794E-05
-0.000100699
-0.0001047018
-0.0002087476
-0.0002118023
-0.00021586
-0.0002199417
-0.000224049
-0.0002281452
-0.0003323252
-0.0003364854
-0.0003406897
-0.0003448943
-0.000349167
-0.0003534159
-0.0003577272
-0.0003620603
-0.0003664378
-0.0003707935
-0.0003752561
-0.0003796901
-0.0003841182
-0.0003885829
-0.0003930514
-0.0003975243
-0.0004020671
-0.0004065734
-0.0004111488
-0.0004156747
-0.0004202531
-0.0003248651
-0.000329488
-0.0003341502
-0.0002388671
-0.0002435516
-0.0002473068
-0.0002520754
-0.000156851
-0.0001616524
-0.0001654591
-7.028404E-05
-7.412619E-05
-7.901312E-05
1.61157E-05
1.220953E-05
-9.267552E-05
-9.660772E-05
-0.0001015172
-0.0002054241
-0.0002103869
-0.0003153989
-0.0003204117
-0.000425446
-0.0004294998
-0.0005346172
-0.0005397549
-0.0006459119
-0.0006511073
-0.0007563172
-0.0007615416
-0.0007667797
-0.0007720314
-0.0007782885
-0.0007835842
-0.0006888688
-0.0006941669
-0.0006994471
-0.0006047556
-0.0006101114
-0.0006155197
-0.0005209083
-0.0005263606
-0.0005318661
-0.0004373672
-0.0004428667
-0.0004483996
-0.000452948
-0.0004585043
-0.0004640868
-0.0004696761
-0.0004752741
-0.0004798864
-0.0004855166
-0.0005911941
-0.0005968472
-0.0006025903
-0.000608275
-0.0006140011
-0.0006197222
-0.0007244501
-0.0007302279
-0.0007360376
-0.0007419137
-0.0007487448
-0.000754603
-0.0007604588
-0.0007663365
-0.0007722375
-0.0007781443
-0.0007841201
-0.0007901192
-0.000796141
-0.0008021959
-0.0008082734
-0.0008143311
-0.0008204109
-0.0008264918
-0.0008325775
-0.0008386691
-0.0008447923
-0.0008509299
-0.0008570811
-0.0007632592
-0.0007684387
-0.0007746557
-0.0007809469
-0.000787224
-0.0007935415
-0.0006998642
-0.0007062486
-0.0007126287
-0.0007179928
-0.0007243632
-0.0007307011
-0.0007370669
-0.00064243
-0.0006487718
-0.0006552013
-0.0006616403
-0.0006671101
-0.0006735758
-0.0005800925
-0.0005855963
-0.0005921554
-0.0005977074
-0.0006042572
-0.0006108819
-0.0006164822
-0.0005231213
-0.0005287046
-0.0005353424
-0.0004410262
-0.0003466797
-0.0002533433
-0.0001590657
3.523672E-05
0.0001304905
0.0002247633
0.0003189873
0.0004141994
0.0005083899
0.0006036045
0.0006987971
0.0008939949
0.0009891799
0.0009843414
0.001079485
0.001175683
0.001270763
0.001266947
0.001261989
0.001258088
0.002054188
0.002750166
0.003448232
0.0008453248
-0.001761666
-0.004369702
-0.007082807
-0.004894876
-0.002703888
-0.000512
0.001182944
0.002778942
0.004376888
0.006676865
0.009079836
0.00908381
0.008086703
0.007088641
0.006089426
0.003989337
0.001886194
-0.0002179949
-0.003026219
-0.005736481
-0.008550738
-0.01126613
-0.01058326
-0.009800601
-0.009115834
-0.008931039
-0.008646417
-0.008461613
-0.008175901
-0.007990177
-0.007704482
-0.007517724
-0.008332079
-0.009147424
-0.009962888
-0.01077975
-0.01550065
-0.02032373
-0.01654874
-0.01266983
-0.008886141
-0.005000482
-0.00711293
-0.009226278
-0.01144396
-0.008860166
-0.006273565
-0.003685055
0.001509576
0.006707126
0.0118119
0.01701989
0.02213588
0.02735584
0.0324819
0.0377129
0.0345429
0.03147291
0.02409498
0.01661199
0.009218289
0.009021757
0.008825326
0.008627822
0.008431284
0.00823378
0.008036272
0.01274075
0.01735168
0.02196471
0.0198807
0.01769473
0.0156057
0.01341478
0.01132176
0.009126855
-0.003178701
-0.01549214
-0.02782334
-0.03636133
-0.04501146
-0.04496453
-0.04491775
-0.04496983
-0.04492273
-0.04207479
-0.03922287
-0.03626793
-0.03721293
-0.03805709
-0.03149822
-0.02493433
-0.01846124
-0.01188339
-0.005297248
0.00129412
0.007894615
0.01450051
0.0211147
0.02773368
0.02375462
0.01977262
0.0157856
0.02149753
0.02721954
0.03294352
0.03397468
0.03500467
0.03593665
0.03696862
0.03800271
0.03253575
0.02715973
0.02168071
0.02189775
0.02201576
0.02223265
0.02235066
0.02256765
0.02278666
0.02290359
0.02312261
0.02324162
0.02335966
0.01897554
0.01458759
0.01019447
0.01270048
0.01510942
0.01752052
0.01253059
0.007535857
0.002434379
-0.01407525
-0.03060741
-0.04705035
-0.06361755
-0.06288867
-0.06205996
-0.0509261
-0.03967703
-0.02852015
-0.01724715
-0.005966722
0.005330165
0.00633091
0.007332728
0.008335585
0.000934408
-0.006472772
-0.01388904
-0.02131112
-0.01783619
-0.01425823
-0.01077726
-0.007291959
-0.003802049
-0.0003091441
0.003287821
-0.003015175
-0.00932826
-0.01554412
-0.0244714
-0.03350548
-0.04245137
-0.05140348
-0.05276259
-0.05422372
-0.04617872
-0.0381289
-0.02506396
-0.01199005
0.001102246
0.008901393
0.01671309
0.01522614
0.01383619
0.01234616
0.01085323
0.01226116
0.01367113
0.01508205
0.01729505
0.01950994
0.03143491
0.04346692
0.04400918
0.03244732
0.02086921
0.01748622
0.01409723
0.0106062
0.007210982
0.003813599
0.0004109753
-0.006494563
-0.0133099
-0.02013103
-0.01235021
0.01054061
0.03336365
0.05630261
0.0755709
0.09475315
0.09244726
0.06773157
0.04308062
0.01841372
0.009322286
0.000324157
-0.008686168
-0.02940646
-0.05005561
-0.06451672
-0.06558905
-0.0553583
-0.03060345
-0.005830837
0.01897761
0.02859792
0.01511503
0.001522066
-0.01198992
-0.0217089
-0.03154203
-0.04138207
-0.04973451
-0.05809369
-0.05445457
-0.04031087
-0.01353689
0.01335502
0.04018518
0.04932833
0.04247161
0.03561174
0.02874074
0.02186489
0.008275805
-0.005223472
-0.02724701
-0.04928606
-0.06124953
-0.06061578
-0.04747273
-0.03422088
-0.0210499
-0.007770148
-0.002276353
0.00322053
0.002121422
0.001020272
-8.181233E-05
-0.001183986
0.008219005
0.01772908
0.02715217
0.03668132
0.03231471
0.01594087
-0.0004559597
-0.01686414
-0.03329526
-0.04973727
-0.05649641
-0.06326058
-0.05592288
-0.04858109
-0.03032112
-0.01214823
0.006050259
0.01435905
0.005566588
-0.003138835
-0.0119428
-0.02266082
-0.03339285
-0.04403399
-0.04408029
-0.03092349
-0.01774745
-0.004662031
0.002736987
0.01004162
0.02296068
0.03598887
0.0360252
0.01845651
0.0008636599
-0.02164436
-0.04428502
-0.06683923
-0.08432101
-0.0863113
-0.07079142
-0.03885374
-0.006872659
0.02513027
0.04297065
0.04121475
0.03935686
0.02379196
0.008206728
-0.007490671
-0.02310903
-0.02763416
-0.03216734
-0.02709865
-0.01071562
0.01848407
0.04762326
0.07688315
0.1061834
0.1175035
0.1132241
0.09703437
0.08072529
0.05520052
0.02954152
-0.001938719
-0.02265574
-0.02608104
-0.01249828
0.001093517
0.01470359
0.02832443
0.0535715
0.07893751
0.1042337
0.111654
0.1029645
0.07976192
0.05652873
0.02777811
-0.001012855
-0.02982389
-0.05257125
-0.06442918
-0.07630567
-0.08818865
-0.1041955
-0.1202057
-0.119436
-0.1187563
-0.1046664
-0.09057257
-0.06945078
-0.04831477
-0.04135851
-0.03449747
-0.0387354
-0.04307539
-0.05312535
-0.06318249
-0.06614897
-0.05431227
-0.03375286
-0.01307799
-0.01138768
-0.0226008
-0.03393074
-0.03396414
-0.01688424
0.01611138
0.05776051
0.0994384
0.126463
0.1378033
0.1316437
0.110284
0.07417347
0.03814052
0.009862839
0.003073109
-0.003826686
7.356653E-05
0.003978914
0.02189125
0.03972936
0.05757931
0.07205232
0.08653632
0.1043436
0.1221638
0.1207842
0.09821089
0.05768816
0.01713623
-0.02347215
-0.05520531
-0.06847083
-0.05803733
-0.02036955
0.01722425
0.05497258
0.07553994
0.07672208
0.07790642
0.06438078
0.03474212
0.005159132
-0.0244429
-0.0394774
-0.05452059
-0.05877781
-0.0517352
-0.03057153
0.004710957
0.03994425
0.07520127
0.1027039
0.1152144
0.1146446
0.1027653
0.07925565
0.03352626
-0.01216905
-0.05789491
-0.09097623
-0.1022757
-0.0913695
-0.06545283
-0.03949983
-0.01342896
0.005974301
0.02549118
0.04493449
0.04968783
0.03623403
0.002663715
-0.03105369
-0.06909549
-0.1071948
-0.126305
-0.1279359
-0.1132562
-0.09866388
-0.08405819
-0.06612921
-0.04828845
-0.03042131
-0.01244241
-0.00804657
-0.003649392
0.0007550894
0.0180676
0.03540284
0.05285174
0.07022411
0.06880321
0.06727874
0.0658538
0.06102365
0.05619081
0.04064393
0.0250869
0.02161572
0.04304956
0.06451484
0.0806931
0.08078227
0.06386657
0.04692565
0.02997473
0.02020354
0.01042654
0.009240477
0.008054786
0.0132722
0.01859238
0.01071046
0.002824428
-0.005073138
-0.008474542
-0.01188145
-0.00338549
0.005122202
-0.001368713
-0.03748973
-0.07353683
-0.1012243
-0.102025
-0.0762138
-0.04097597
-0.005787789
0.01151754
0.02874789
0.03098505
0.03322529
0.02006154
0.006878641
-0.006313081
-0.01952337
-0.01883645
-0.01825052
-0.01756352
-0.0240795
-0.03060158
-0.03713279
-0.029662
-0.02208188
-0.01089509
0.0004083348
0.01161881
0.03515384
0.05870484
0.08229023
0.1058955
0.1131158
0.1063363
0.09964872
0.08025349
0.03861456
-0.003053369
-0.0446796
-0.07403087
-0.07890602
-0.08378418
-0.0789625
-0.07413662
-0.06930465
-0.05926777
-0.04921486
-0.04375787
-0.0382938
-0.02482285
-0.01123073
0.002268621
-0.00162372
-0.005620241
-0.009521723
-0.002622222
0.004187447
0.005900345
-0.002892746
-0.02959804
-0.05633994
-0.09350368
-0.1308222
-0.1680625
-0.1921527
-0.1991435
-0.1861342
-0.1732149
-0.1449752
-0.104906
-0.05196711
0.00100595
0.04374685
0.06740974
0.09110635
0.1148153
0.1365656
0.1583257
0.1656065
0.1543768
0.1247268
0.09505902
0.07645309
0.05783527
0.04649617
0.03504834
0.02358536
0.0121135
0.0007269087
0.00103542
0.001344789
0.001654508
-0.01064535
-0.0229522
-0.04128031
-0.05962232
-0.07068438
-0.07155058
-0.05410477
-0.03654691
-0.0190658
-0.001570686
0.00554121
0.01265847
0.0196846
0.02431567
0.02885284
0.01758804
0.006206762
-0.005081257
-0.004678409
-0.004174388
-0.003770431
-0.01166853
-0.01947752
-0.03879524
-0.05804128
-0.08510212
-0.1122017
-0.1301219
-0.1480515
-0.1592018
-0.1703721
-0.1749427
-0.1653128
-0.1283638
-0.06323992
0.01262967
0.0770984
0.1146065
0.1242375
0.1185776
0.113008
0.1073379
0.1209689
0.1347091
0.1428587
0.1252192
0.07972441
0.02789974
-0.0239985
-0.05432561
-0.06488112
-0.05323646
-0.02086047
0.01143833
0.04378159
0.06574472
0.07342806
0.06521126
0.05698256
0.04874867
0.04050256
0.03225065
0.02398762
0.02462163
0.02525653
0.03979647
0.05445766
0.06382699
0.05769705
0.05166447
0.03201368
-0.001455288
-0.04798094
-0.09453892
-0.12175
-0.1228705
-0.1090802
-0.09518066
-0.07555678
-0.04311633
0.003480092
0.0597115
0.1159192
0.1554697
0.1702502
0.1579309
0.1212816
0.06829907
0.01524194
-0.02484707
-0.04808165
-0.05712793
-0.050475
-0.04381726
-0.02304037
-0.002348691
0.02477672
0.03971598
0.03446249
0.01039877
-0.01369927
-0.03781335
-0.04635069
-0.03638818
-0.009799393
0.01680877
0.03514837
0.03199277
0.007116258
-0.0177771
-0.0301952
-0.04272312
-0.05516806
-0.08642801
-0.1176284
-0.132349
-0.121779
-0.08868269
-0.03693064
0.01495791
0.06681835
0.1097102
0.1525713
0.1822416
0.1910519
0.1731523
0.1379227
0.1026629
0.08225967
0.08395366
0.08575091
0.08744901
0.08924896
0.07664621
0.06412324
0.05159333
0.03894614
0.04879686
0.08097814
0.1131834
0.1380232
0.1475736
0.1571438
0.1708243
0.1846143
0.1735153
0.131776
0.0711948
0.0105323
-0.04196825
-0.08273697
-0.1060239
-0.1108346
-0.1036444
-0.09634109
-0.09713679
-0.0978327
-0.09862832
-0.1086345
-0.1186441
-0.140974
-0.1748336
-0.2088344
-0.2427545
-0.2768244
-0.3122149
-0.3360561
-0.3324972
-0.2937179
-0.2204892
-0.1298496
-0.03914467
0.03727778
0.08234108
0.08604036
0.05192784
0.005258721
-0.04154376
-0.05939197
-0.05554441
-0.03147721
-0.007492999
0.007617933
-0.0002684157
-0.00826567
-0.01626796
0.002436246
0.02105409
0.03969741
0.04194864
0.02659002
0.01112099
-0.004269905
-0.01967218
-0.02979136
-0.02801503
-0.003118616
0.04590288
0.1161033
0.186363
0.2566139
0.3094146
0.3400674
0.3421288
0.3131782
0.2524898
0.1675001
0.07174816
-0.02403851
-0.1031892
-0.1624306
-0.2019108
-0.2272314
-0.234562
-0.2149932
-0.1679938
-0.1208338
-0.09584355
-0.0974377
-0.1120338
-0.1266535
-0.1292841
-0.1137045
-0.08260421
-0.03785215
0.006930814
0.05597996
0.1049653
0.1371058
0.1692663
0.1897673
0.1911685
0.1647593
0.1136205
0.04189867
-0.02987627
-0.1119597
-0.1940995
-0.2634405
-0.305031
-0.3126515
-0.2892624
-0.2358233
-0.1691338
-0.1128632
-0.06766076
-0.02229236
0.02300825
0.06847286
0.09125885
0.09256475
0.09386853
0.1047775
0.1327072
0.1606778
0.1887576
0.206678
0.2246079
0.2426589
0.2517292
0.2607989
0.2873891
0.31411
0.3293509
0.3202015
0.2753229
0.190354
0.08552261
-0.01945863
-0.1022065
-0.1519478
-0.1643083
-0.138359
-0.09167943
-0.04493973
0.001833367
0.03436261
0.05100895
0.05667022
0.06233554
0.06800971
0.05738141
0.02802453
-0.001453423
-0.02386647
-0.02758929
-0.03121746
-0.03494715
-0.03868322
-0.0540256
-0.08419989
-0.1142966
-0.1537366
-0.1932067
-0.2193276
-0.2234582
-0.2046687
-0.1859691
-0.1671501
-0.1505204
-0.1337595
-0.09237823
-0.03292691
0.0265637
0.08603834
0.1352503
0.1723215
0.192022
0.1908226
0.1626133
0.1111538
0.05966003
0.0296037
0.03133969
0.03317788
0.02221324
-0.009181376
-0.0405986
-0.06505494
-0.0741222
-0.06559038
-0.05695155
-0.04139772
-0.02573078
-0.01014266
0.0004536251
0.01116648
0.02188542
0.04142567
0.06097991
0.07405769
0.06533639
0.03708842
-0.005183078
-0.04741504
-0.08977569
-0.1373039
-0.1849539
-0.2215751
-0.2333058
-0.2161361
-0.1811468
-0.1461071
-0.1109376
-0.06762155
-0.01316906
0.04126063
0.0823229
0.1015234
0.1206437
0.1263844
0.1321249
0.1191556
0.08237216
0.04553643
0.008775048
-0.01302678
-0.02154011
-0.01665542
0.002836898
0.03386634
0.06491644
0.08630355
0.09420114
0.08449593
0.05457859
0.007706766
-0.0391981
-0.07826347
-0.1040525
-0.1158633
-0.1083835
-0.07976959
-0.05114075
-0.02236963
-0.007283244
-0.003784157
-0.0001832773
0.02483804
0.04987753
0.0565379
0.03439375
-0.01219804
-0.05872361
-0.1054107
-0.1521406
-0.1894216
-0.2055222
-0.1922224
-0.1611029
-0.1298529
-0.1172728
-0.1199927
-0.1227229
-0.1254435
-0.1300738
-0.1347032
-0.1323437
-0.1298737
-0.1222045
-0.09980643
-0.05329053
0.01901069
0.1044642
0.1901449
0.2542653
0.2914669
0.3012877
0.2910988
0.2618998
0.2071414
0.127032
0.04681332
-0.02055671
-0.06450654
-0.0775752
-0.06124179
-0.03229221
-0.003201479
0.008103408
0.0195238
0.03885451
0.07402471
0.1093189
0.1341595
0.1399001
0.1269413
0.1139716
0.100991
0.09389634
0.08679243
0.06587988
0.04493772
0.023981
0.01069981
-0.002591465
-0.006893675
-0.01119917
-0.007005894
-0.002907624
-0.007911636
-0.0129188
-0.0332429
-0.05358181
-0.0740478
-0.09442995
-0.09502636
-0.09562252
-0.09621969
-0.09091509
-0.07539651
-0.04626195
-0.01718575
0.01190999
0.04104724
0.07590612
0.1109107
0.145851
0.1687226
0.1791034
0.1700935
0.1311545
0.07265878
0.01411826
-0.03740114
-0.0729491
-0.1085459
-0.1250666
-0.1163871
-0.08089385
-0.03364207
0.01354289
0.04098025
0.0683374
0.08842613
0.1085336
0.1233538
0.1241945
0.1109151
0.08682794
0.05029623
-0.001064889
-0.05259946
-0.1040735
-0.1344942
-0.1490447
-0.1474957
-0.1305362
-0.0963477
-0.06213282
-0.03947797
-0.03681368
-0.04125001
-0.04569099
-0.02692086
0.01116809
0.04931132
0.08207842
0.09958192
0.1035952
0.08839318
0.0731856
0.04614767
0.01909115
-0.02221396
-0.06354753
-0.1050442
-0.134454
-0.1639139
-0.1856837
-0.2074941
-0.2101044
-0.1896043
-0.1511846
-0.1127147
-0.08131176
-0.06638035
-0.05133936
-0.03637615
-0.02930508
-0.02222482
-0.03664647
-0.07040171
-0.1148837
-0.1492234
-0.1588734
-0.1588335
-0.1586936
-0.1650534
-0.1713237
-0.159084
-0.1469444
-0.1253738
-0.1036943
-0.08207405
-0.05784443
-0.03347902
-0.009196726
0.004011192
0.01722792
0.0147544
0.01217606
0.009696432
0.007214492
0.0219411
0.05708427
0.1177959
0.1887555
0.242496
0.2751659
0.3079871
0.3225274
0.3201681
0.3178084
0.3154506
0.321791
0.3282394
0.33459
0.3236402
0.2846712
0.2129209
0.1130222
0.002163461
-0.1088677
-0.2064484
-0.2867782
-0.3520294
-0.3983002
-0.3635911
-0.2428222
-0.1218825
-0.03257658
0.05676008
0.1240482
0.1600191
0.1824996
0.1905001
0.1481911
0.08080952
0.01327811
-0.05424814
-0.1218178
-0.1895885
-0.2385988
-0.2410396
-0.2121804
-0.1525513
-0.07277653
0.00721346
0.0560466
0.05781538
0.02837484
-0.009412914
-0.04732777
-0.0586769
-0.07013274
-0.08901043
-0.1338084
-0.1630587
-0.1924388
-0.239259
-0.2216903
-0.1489709
-0.07628835
-0.0191174
0.01418545
0.04753425
0.0331894
0.03523583
0.01157598
0.005793939
0.0001088323
-0.01939437
-0.07022139
-0.1055088
-0.09020471
-0.06086758
-0.03151032
0.01620121
0.08115199
0.1349904
0.1454402
0.1744307
0.2034305
0.2260708
0.2342206
0.2669014
0.3230114
0.3791913
0.4043119
0.3903327
0.3662436
0.3190037
0.2563245
0.208065
0.1596756
0.09150179
0.02338235
-0.0234193
-0.070151
-0.1015357
-0.1208457
-0.1187667
-0.07646417
0.008723077
0.09397082
0.1427136
0.1353645
0.1023947
0.06939932
0.02555023
-0.01843051
-0.04996388
-0.0639117
-0.06056915
-0.0392159
-0.01793382
-0.04085099
-0.09242127
-0.1550339
-0.2055242
-0.2306342
-0.2254648
-0.2444947
-0.263455
-0.2824251
-0.3044265
-0.3033372
-0.2861264
-0.2690173
-0.2030375
-0.1497178
-0.1479573
-0.1026883
-0.03823989
-0.002354083
0.03358134
0.06954097
0.1119527
0.1545026
0.1918034
0.2174238
0.2137659
0.1939964
0.1460757
0.08321926
0.02027397
-0.02550889
-0.07135629
-0.08362262
-0.07159107
-0.05965033
-0.04759135
-0.01371789
0.04682231
0.08089637
0.0907007
0.1004147
0.1102353
0.1278652
0.145425
0.184205
0.2230355
0.2498961
0.2586765
0.2440476
0.1715686
0.06822209
0.00475862
-0.02693669
-0.03616129
-0.04529124
-0.03462052
-0.05125017
-0.06790575
-0.06746567
-0.08223438
-0.1157222
-0.1493523
-0.2403326
-0.2180535
-0.1958638
-0.1894546
-0.1727355
-0.08544156
-0.01109194
0.04414838
0.1124341
0.1808046
0.2492351
0.2727271
0.2837279
0.2810376
0.2782389
0.2140999
0.08239282
0.02174662
0.02078117
-0.03002191
-0.1137697
-0.1589108
-0.1364612
-0.1139717
-0.1299915
-0.1459223
-0.1010528
-0.05601115
-0.05315655
-0.07961804
-0.1061017
-0.1547317
-0.2033915
-0.2521317
-0.2476817
-0.3019624
-0.356183
-0.3648527
-0.3145041
-0.2092444
-0.08240322
0.02129972
0.08585845
0.1285967
0.1713568
0.1927671
0.1895874
0.1547781
0.1198383
0.07044328
0.04642315
0.02246818
0.007100148
0.03083758
0.06969716
0.1086076
0.1335476
0.158518
0.1625982
0.1587791
0.1549593
0.1511287
0.1490989
0.147069
0.1334293
0.1197792
0.1060094
0.09912753
0.09214077
0.08514445
0.07814276
0.07083167
0.06341507
0.03907588
0.02812495
0.04397677
0.05974026
0.05761309
0.03407769
0.01050752
-0.01297798
-0.03659629
-0.06023083
-0.08199934
-0.103879
-0.1331991
-0.1625389
-0.1919195
-0.2246195
-0.2455502
-0.2529004
-0.2492523
-0.2456026
-0.2368414
-0.2279718
-0.2191918
-0.1907926
-0.1397422
-0.08865983
-0.03750249
0.01369029
0.05064495
0.06951795
0.07370862
0.06179493
0.02184642
-0.03463648
-0.09119882
-0.1409015
-0.1666514
-0.1712125
-0.1476628
-0.09728723
-0.0255251
0.0740956
0.1738558
0.2588853
0.3441257
0.4219256
0.4858276
0.5047583
0.5052995
0.5058403
0.4909733
0.4338746
0.3498827
0.2659338
0.1818633
0.110934
0.03990722
-0.0312663
-0.0920335
-0.1327377
-0.1543786
-0.1386293
-0.08252916
-0.0264864
0.02382965
0.05247379
0.08105706
0.1097604
0.1429101
0.1759808
0.1800714
0.1583626
0.1122026
0.0660135
0.005047897
-0.07056505
-0.1461866
-0.2054469
-0.2322784
-0.230319
-0.2104398
-0.1904401
-0.1705216
-0.1505819
-0.1265109
-0.08752752
-0.0338723
0.01981933
0.07358567
0.1273886
0.1812695
0.2303798
0.2503501
0.2306112
0.1695218
0.07496881
-0.01971258
-0.1030573
-0.1600986
-0.196869
-0.2177891
-0.2232097
-0.2138304
-0.1894411
-0.1505013
-0.09543602
-0.04039105
0.03119944
0.1027879
0.1639278
0.2037288
0.2325591
0.2467199
0.2373806
0.199812
0.1531124
0.1064415
0.07945073
0.05241941
0.03927454
0.02621025
0.01313841
4.721186E-05
-0.005751466
-0.01145718
-0.005963488
-0.0004627289
0.01534617
0.04358606
0.07184515
0.09463963
0.09994517
0.08394208
0.05322159
0.02245831
0.01058043
0.01189511
0.01321034
0.01452716
0.01584544
0.01726532
0.009883761
0.002590262
-0.0174118
-0.03744212
-0.07799357
-0.1184988
-0.1591389
-0.1864188
-0.1934191
-0.1760096
-0.1585797
-0.1515397
-0.1443998
-0.1372403
-0.1301805
-0.1056004
-0.08109862
-0.04625666
-0.01129042
-0.003995241
-0.02940534
-0.07086357
-0.1123496
-0.1226697
-0.1094999
-0.09629901
-0.09739873
-0.1236197
-0.1498497
-0.1762304
-0.1854109
-0.169491
-0.1393612
-0.1209912
-0.130821
-0.159771
-0.1887515
-0.1941529
-0.1796437
-0.148613
-0.1174538
-0.07314262
-0.0287033
0.02480713
0.07835372
0.1320768
0.176427
0.1976377
0.1919384
0.1653192
0.1387895
0.1121196
0.08682393
0.06149817
0.02464935
-0.01235201
-0.04927812
-0.07254677
-0.08042724
-0.07220671
-0.05017512
-0.02811434
-0.00593741
0.01877256
0.04349952
0.06826178
0.09314019
0.09663873
0.07593154
0.0261747
-0.02361749
-0.06807586
-0.08645611
-0.05482747
-0.01017242
-0.03430226
-0.05835046
-0.02008763
-0.02971439
-0.03945545
-0.04910326
-0.05886531
-0.120951
-0.1598113
-0.1986913
-0.2301226
-0.2428731
-0.2211227
-0.1891434
-0.1365034
-0.09763883
-0.05881656
-0.0198678
-0.003979943
-0.004487913
-0.00499656
-0.01460924
-0.02433415
-0.02996537
-0.03560533
-0.02894369
-0.02227367
-0.01559893
-0.008914522
0.001475035
0.01178011
0.02219077
0.04172293
0.06126869
0.07964009
0.09172216
0.08761033
0.05908639
0.03042346
0.007940491
-0.002264268
0.004528435
0.02484063
0.03296339
0.04119634
0.06864199
0.08231636
0.08339606
0.1012852
0.119195
0.1181055
0.1170252
0.110535
0.1319443
0.2068244
0.2817646
0.3327855
0.3314263
0.3073385
0.2983491
0.2584176
0.1887585
0.1190979
0.04168053
-0.03584343
-0.06740435
-0.08059831
-0.09369932
-0.09821486
-0.07312109
-0.04789358
-0.003941806
0.0624871
0.1027558
0.09824533
0.07342605
0.03396163
-0.005630605
-0.06088922
-0.09117804
-0.08838644
-0.1264028
-0.1758839
-0.1975938
-0.2192341
-0.2253738
-0.2837646
-0.3026853
-0.2711959
-0.2697958
-0.2994075
-0.3101381
-0.3208872
-0.3041284
-0.2052884
-0.2072185
-0.2091486
-0.1580694
-0.1306295
-0.07225446
-0.01390178
0.03458758
0.08314633
0.1104301
0.1377507
0.1598908
0.127622
0.09543046
0.129041
0.1627709
0.1684314
0.1740913
0.1874713
0.2262713
0.2288924
0.2315126
0.2342428
0.1948633
0.1762335
0.1395841
0.08877996
0.03793795
0.02034621
0.02815102
0.03596737
0.08190218
0.1154923
0.1297025
0.1440224
0.149063
0.0949605
0.01611297
-0.03932961
-0.08580633
-0.132347
-0.2006371
-0.2179782
-0.1899086
-0.1769196
-0.16392
-0.1208899
-0.06421242
-0.007459886
0.04933282
0.05697024
0.06451263
0.04164511
-0.004247709
-0.03119176
-0.07145834
-0.1461089
-0.1799895
-0.1791002
-0.1782105
-0.2004318
-0.1859628
-0.1204221
-0.08445978
-0.04844364
0.01120566
0.07093919
0.106007
0.1412178
0.1562581
0.1370884
0.1041985
0.08446867
0.07493167
0.06538269
0.0393198
0.01332067
-0.01279667
-0.02604209
-0.01188674
0.02790598
0.07973075
0.1108171
0.1072072
0.1274075
0.1477279
0.1441579
0.1249785
0.1056686
0.08635101
0.04518896
0.004097101
-0.03715162
-0.05672194
-0.07642013
-0.08142652
-0.08633999
-0.07085058
-0.03552478
-0.0001734625
0.04243096
0.08506604
0.1185562
0.1274569
0.1002475
0.037305
-0.02572532
-0.07489547
-0.1021235
-0.111254
-0.1075941
-0.1039346
-0.0855541
-0.04605567
0.003706582
0.0535022
0.08285382
0.09261814
0.08658634
0.08054864
0.06619787
0.03863125
0.01112601
-0.01649783
-0.04416145
-0.05393775
-0.06372782
-0.07352402
-0.07522834
-0.0768345
-0.07854259
-0.08025083
-0.07405816
-0.0677594
-0.05264542
-0.03742158
-0.01857456
0.0002864845
0.007165665
0.003745921
-0.0155887
-0.04934451
-0.08314547
-0.1257753
-0.1684657
-0.2111761
-0.2455465
-0.2800472
-0.2984788
-0.2880103
-0.2420104
-0.1742617
-0.1064216
-0.05374337
-0.00108717
0.0546057
0.1102795
0.1433798
0.1575195
0.1717597
0.1689201
0.1500604
0.1188704
0.08775666
0.05650166
0.03592766
0.01532333
0.02321719
0.03122021
0.01752237
-0.01060573
-0.03875284
-0.06003531
-0.08143162
-0.1156707
-0.1307215
-0.09595912
-0.03386592
0.02841735
0.04132501
0.05435199
0.1362062
0.2181866
0.2593968
0.2664478
0.2735079
0.2918782
0.2972589
0.2658205
0.2089511
0.1461999
0.08340233
0.03612862
0.0002244993
-0.00730905
-0.01474802
-0.009689334
0.007878808
0.003855636
-0.0002700227
-0.03182086
-0.02908312
-0.02624027
-0.04560244
-0.0224632
0.03510498
0.04532124
0.02733458
0.03584049
0.02684827
-0.01368171
-0.06994322
-0.110372
-0.1508318
-0.1819423
-0.212972
-0.2621531
-0.2807634
-0.3304142
-0.3361953
-0.3114577
-0.2867984
-0.2732168
-0.2596276
-0.2298977
-0.2002586
-0.1704683
-0.1228595
-0.06086729
0.001165807
0.06328659
0.1038401
0.1335508
0.1631704
0.1855411
0.1960107
0.229912
0.2638422
0.2669921
0.2453423
0.2237626
0.2244626
0.2251727
0.2057829
0.2057632
0.2264636
0.2063636
0.1547342
0.1029341
0.06509912
0.02731355
0.01631008
0.02520571
0.03410869
0.02921332
0.02441524
0.02221205
0.02000809
0.003089438
-0.03644825
-0.02410611
0.03326161
0.06599283
0.06153406
0.05706987
0.08921371
0.1214009
0.1352116
0.1208123
0.08950313
0.03623282
-0.02567764
-0.08757541
-0.1300074
-0.1723982
-0.2039186
-0.23538
-0.2371612
-0.2066116
-0.1505326
-0.09447678
-0.05448715
-0.01454089
0.02543391
0.06356284
0.08391228
0.08367521
0.06863363
0.0410617
0.005367516
-0.0304772
-0.06204406
-0.09365558
-0.1308917
-0.1457621
-0.1396425
-0.1336029
-0.1348631
-0.1362332
-0.1375035
-0.1345643
-0.1316246
-0.1286843
-0.1257449
-0.1058851
-0.08590668
-0.06140261
-0.03678011
-0.012222
0.01245163
0.03636085
0.06038552
0.08434487
0.1083237
0.1145141
0.1207141
0.1269249
0.133145
0.1220547
0.1109548
0.09974285
0.08862192
0.07158084
0.0545288
0.04345673
0.03237757
0.03018823
0.02799794
0.04381671
0.05954662
0.06769356
0.07574761
0.07060188
0.06535392
0.06019668
0.05493796
0.02225105
-0.01045707
-0.02219743
-0.03404557
-0.04581004
-0.04827953
-0.03724273
-0.02609813
-0.01503832
-0.003969991
0.007214094
0.03240975
0.05764222
0.08289323
0.09887
0.114861
0.1307711
0.1468014
0.1494316
0.1380621
0.1162724
0.09457071
0.07273438
0.05098469
0.02399847
-0.00300466
-0.01913888
-0.03528386
-0.04364543
-0.05201339
-0.0603925
-0.07948139
-0.09869588
-0.1105193
-0.09104267
-0.07144869
-0.06253575
-0.07732244
-0.09213147
-0.1070494
-0.1337993
-0.2081797
-0.2019109
-0.195741
-0.2134724
-0.2313132
-0.1893427
-0.191553
-0.1938732
-0.204894
-0.1654946
-0.09706193
-0.09397355
-0.09098425
-0.06677595
-0.04255066
-0.006382323
-0.01380454
0.005282391
0.04308888
0.0585325
0.07398701
0.1130841
0.1324942
0.1346247
0.1366548
0.1267749
0.1447045
0.1627555
0.1370059
0.1285256
0.1365557
0.1336862
0.1152063
0.09660028
0.09779002
0.09898193
0.1109769
0.1424056
0.1637457
0.1654055
0.1670659
0.1470155
0.1270559
0.09124782
0.05541817
0.007730674
-0.04008908
-0.07286771
-0.1056646
-0.1306052
-0.1555653
-0.1637464
-0.1466169
-0.1062567
-0.05286018
0.0006121738
0.03431396
0.03774321
0.0129644
-0.0118487
-0.03677979
-0.05243892
-0.0681081
-0.07249243
-0.07687876
-0.06846294
-0.06014038
-0.03559466
-0.01113186
0.01346529
0.02907714
0.02789928
0.02671901
0.02553895
0.04166346
0.09193562
0.1421406
0.1741007
0.1690812
0.1321216
0.08633787
0.04048855
0.009312865
-0.009798921
-0.01321838
-0.0007308616
0.03007194
0.06101793
0.09188587
0.11079
0.1138002
0.1004005
0.08689657
0.09168319
0.09637441
0.09276651
0.07415082
0.0555096
0.03685388
0.01236965
-0.0121323
-0.03666862
-0.06532246
-0.09391798
-0.11443
-0.1350703
-0.1556204
-0.1639014
-0.1520718
-0.1169117
-0.08172301
-0.06279895
-0.06807105
-0.07344912
-0.07873134
-0.08412182
-0.06600728
-0.04786612
-0.02110958
0.005784921
0.03269719
0.06164929
0.09072213
0.1198365
0.1489668
0.153827
0.1380774
0.1026977
0.06719086
0.03943951
0.02817449
0.01679437
0.005505639
-0.005798345
-0.01720993
-0.02853717
-0.03987323
-0.04732139
-0.05467546
-0.06824281
-0.08192007
-0.08170732
-0.06278684
-0.02702806
0.008656091
0.03238199
0.04101913
0.03525841
0.02959247
0.0145144
-0.0006757642
-0.0296966
-0.05883786
-0.07821221
-0.07659287
-0.05485737
-0.02010194
0.01480321
0.04973179
0.08461015
0.119613
0.1546636
0.168034
0.1613054
0.1404657
0.1196047
0.09002006
0.06039476
0.03074894
0.009467921
-0.01192841
-0.02064586
-0.02936784
-0.03810416
-0.03864125
-0.03918062
-0.02821492
-0.001624343
0.02498571
0.05953882
0.09411599
0.1287429
0.1445834
0.1347337
0.1028645
0.05264136
0.002382511
-0.05084957
-0.1042155
-0.1353459
-0.1664958
-0.1807767
-0.1951669
-0.2045774
-0.2139876
-0.2234191
-0.2192396
-0.193549
-0.1678393
-0.1497994
-0.1318397
-0.1074597
-0.07715108
-0.04680296
-0.03884303
-0.03077084
-0.02279295
-0.01980787
-0.01691997
-0.01402885
-0.02333881
-0.04416996
-0.06511627
-0.07788533
-0.07115794
-0.0455062
-0.006631709
0.03239748
0.07145322
0.1018589
0.1212791
0.1234192
0.1256594
0.1153898
0.1051099
0.09482605
0.07532724
0.05590132
0.05036624
0.04482276
0.0558818
0.03853671
0.05399048
0.08387559
0.07517002
0.03522919
-0.004838961
-0.01384122
-0.02285122
-0.03197251
-0.0377996
-0.04353378
-0.049373
-0.03860835
-0.0277364
-0.01694736
-0.006152378
0.0047592
0.0008720343
-0.016228
-0.03334188
-0.05047908
-0.07823107
-0.1060213
-0.1254316
-0.1212522
-0.1169624
-0.1127726
-0.108583
-0.1066836
-0.1048841
-0.08436383
-0.06383331
-0.04327532
-0.01069686
0.02192629
0.0649758
0.1198954
0.1748556
0.2077661
0.2064968
0.1807075
0.1547979
0.1288579
0.1028983
0.07689644
0.05087954
0.03153014
0.01206728
-0.007321986
-0.0260239
-0.04475314
-0.06349518
-0.08226372
-0.101043
-0.1006435
-0.08282689
-0.06498816
-0.04713843
-0.03526639
-0.02338761
-0.01159064
-0.001787404
0.008030467
0.01775534
0.02759446
0.04224037
0.05700753
0.05858056
0.06005582
0.05062994
0.04118891
0.01623605
-0.008751839
-0.03375821
-0.04228545
-0.03571585
-0.012023
0.01158488
0.02902294
0.04647283
0.06394699
0.08143309
0.08303325
0.06782843
0.05270153
0.04096559
0.02931348
0.006149146
-0.01704773
-0.02265508
-0.003652262
0.01536353
0.03440666
0.05346179
0.05943467
0.06551387
0.06069196
0.0558672
0.03962714
0.02327626
0.01650909
0.009736579
0.01336298
0.01709122
0.01241925
-0.006060556
-0.04428035
-0.08242613
-0.1206249
-0.1589551
-0.1833252
-0.1913056
-0.1773863
-0.1635467
-0.1428867
-0.1222172
-0.1015175
-0.08070289
-0.0466477
-0.01246993
0.004143813
0.02076921
0.03741751
0.0540785
0.0546512
0.05522304
0.06700491
0.07879277
0.09490197
0.111023
0.1176531
0.1242933
0.1175439
0.09887008
0.0821759
0.06537095
0.05554687
0.04581588
0.03597074
0.02611868
0.02836157
0.03060656
0.04165932
0.05282142
0.06399851
0.06317882
0.06245981
0.05183514
0.04129618
0.02454749
0.007674621
-0.009108742
-0.02221485
-0.03542874
-0.04856101
-0.06170294
-0.07666459
-0.09163568
-0.09752158
-0.1035168
-0.09710201
-0.09058604
-0.08416302
-0.07773301
-0.07990213
-0.0820712
-0.08424496
-0.1001269
-0.1159272
-0.1378375
-0.1481778
-0.1407084
-0.1178291
-0.09502845
-0.07209707
-0.04914849
-0.02616827
-0.003172281
0.02025668
0.0436025
0.06708004
0.07907024
0.0742665
0.06955851
0.06474269
0.07272855
0.08082582
0.0888288
0.09684275
0.09295794
0.0890674
0.08517454
0.08127553
0.07737367
0.07346655
0.0694568
0.05393388
0.03829904
0.02264179
0.006975076
-0.001910343
-0.01080137
-0.01009756
-0.0093942
0.002518464
0.01433934
0.03518324
0.05594152
0.06431984
0.05079649
0.01413859
-0.03024698
-0.07469649
-0.1035666
-0.119877
-0.1223873
-0.1077978
-0.09328798
-0.07636013
-0.05952005
-0.06537115
-0.08933313
-0.1134279
-0.1234382
-0.1333584
-0.1345888
-0.1358088
-0.1297394
-0.1236499
-0.09465987
-0.02349378
0.04782171
0.1058295
0.1459696
0.1737603
0.1893606
0.190772
0.1741826
0.1416525
0.09810297
0.05448991
0.02054781
0.00257038
-0.001114449
0.01090574
0.03533855
0.05980758
0.07478766
0.08979098
0.09550041
0.08550768
0.07540606
0.05398345
0.03264558
0.007374311
-0.0178137
-0.04303709
-0.05827536
-0.05682377
-0.03926519
-0.007070661
0.02514657
0.05180375
0.06427492
0.07666322
0.07615654
0.07564867
0.06503707
0.05450926
0.04387561
0.02491947
0.005851461
-0.01314445
-0.02575035
-0.03827449
-0.05080747
-0.05475187
-0.05859888
-0.06245095
-0.06720596
-0.07196822
-0.07683442
-0.07420061
-0.07156585
-0.05561829
-0.03965827
-0.01857303
0.002526406
0.0111485
-0.0008327387
-0.01292999
-0.02493578
-0.03695784
-0.05309061
-0.08455555
-0.1160467
-0.1334674
-0.1235881
-0.09939239
-0.07517591
-0.04071905
-0.006137392
0.02018734
0.02722353
0.03426889
0.03111621
0.01144742
-0.008236363
-0.02794683
-0.02186246
0.006946576
0.04357732
0.0803609
0.09316252
0.08316414
0.0589546
0.03481078
0.02115366
0.02268729
0.0243223
0.02585926
0.02629829
0.02663722
0.02697527
0.02741329
0.02775333
0.02639124
0.02493032
0.0289683
0.03311042
0.03715743
0.04120973
0.02895388
0.01669015
-0.002495796
-0.02179562
-0.04102279
-0.06186261
-0.08283283
-0.0949138
-0.1069163
-0.1064164
-0.1059163
-0.09921452
-0.09240263
-0.08568785
-0.07896283
-0.06373012
-0.04847524
-0.0332114
-0.0103191
0.01258676
0.03542606
0.04727816
0.04643638
0.04559543
0.04485272
0.04400872
0.04846672
0.05292883
0.04698903
0.04114612
0.0351952
0.02923833
0.01606846
0.00288988
-0.01030754
-0.02341467
-0.01862683
-0.01373597
0.004371303
0.02248991
0.04443814
0.06650028
0.0769864
0.08747864
0.08887996
0.09028131
0.07627448
0.06215784
0.03931407
0.0164552
-0.006336588
-0.02924291
-0.05398416
-0.0786421
-0.09352728
-0.1084243
-0.1119347
-0.1154449
-0.1114547
-0.107365
-0.09425718
-0.08124346
-0.06260742
-0.04405968
-0.02538468
-0.005796301
0.01391837
0.04135124
0.06882057
0.09630978
0.1074252
0.1036457
0.08654916
0.06944148
0.04320247
0.01704566
-0.009949543
-0.03696257
-0.04259895
-0.0339342
-0.02525741
0.001631133
0.02865961
0.06270665
0.08499514
0.08999252
0.08048586
0.07087314
0.06134742
0.04781171
0.03415867
0.01139198
-0.01150814
-0.0389229
-0.06647822
-0.07694634
-0.08732896
-0.08581518
-0.08429799
-0.0827813
-0.06985347
-0.05701677
-0.03135279
-0.005771059
0.02254821
0.05088738
0.06495467
0.07893403
0.07772168
0.05820113
0.03855324
0.0189925
-0.0006974659
-0.01179664
-0.02291268
-0.03403658
-0.0451747
-0.05632166
-0.06748477
-0.06824987
-0.06911811
-0.05968223
-0.05033402
-0.04097914
-0.02770809
-0.01442814
-0.00122911
0.001174734
0.003582788
0.005891449
0.01000534
0.01402126
0.01814241
0.02216738
0.02629747
0.03303145
0.03977468
0.04642278
0.05317982
0.05994201
0.05840726
0.05697154
0.04412571
0.03127088
0.01849793
0.01742091
0.01634083
0.0258638
0.03540091
0.04494409
0.04259233
0.02383358
0.005047662
-0.01755238
-0.04018353
-0.04802675
-0.04106895
-0.03420812
-0.02123212
-0.008347824
0.004655668
0.01756686
0.03159796
0.04563797
0.05969726
0.06936539
0.07914761
0.0808329
0.08252131
0.07640765
0.07028463
0.06415797
0.05532018
0.04647644
0.04312345
0.03966977
0.03630901
0.02424436
0.01216211
-2.919392E-05
-0.01754074
-0.03516448
-0.05281367
-0.0629705
-0.07314378
-0.08332365
-0.09011463
-0.09701058
-0.1039168
-0.1108268
-0.1109471
-0.111157
-0.1113775
-0.1071875
-0.1030972
-0.09890132
-0.09470035
-0.08659552
-0.07857834
-0.07045645
-0.06232345
-0.0573845
-0.05243922
-0.04749231
-0.04263619
-0.03767735
-0.03271223
-0.02774345
-0.01706341
-0.006476869
0.004225817
0.01843641
0.03256767
0.04680768
0.05376303
0.06072307
0.06769257
0.07166574
0.07564492
0.07962708
0.08181248
0.08389963
0.08608984
0.088181
0.09037555
0.08286689
0.07534877
0.06772508
0.06019024
0.05265065
0.03749478
0.02232805
0.007140769
-0.008157552
-0.02337784
-0.03860888
-0.04025122
-0.04189535
-0.03583459
-0.02987161
-0.02389888
-0.02302476
-0.02224953
-0.02137342
-0.0205943
-0.0243181
-0.02804695
-0.0318788
-0.03561582
-0.03265277
-0.02968561
-0.02671659
-0.02384351
-0.02086754
-0.01538644
-0.009901591
-0.004408679
0.001087144
0.006592101
0.01209983
0.02021701
0.02844007
0.03657427
0.03571241
0.03494767
0.02898084
0.02300589
0.01702698
0.01103803
0.005046625
0.006450942
0.007956237
0.009364683
0.01087309
0.0123842
0.005192854
-0.001907805
-0.009114334
-0.01953301
-0.02995885
-0.04049897
-0.04414499
-0.04789595
-0.04214612
-0.0363871
-0.03072517
-0.02365406
-0.01657811
-0.009492183
-0.006203317
-0.002908342
0.0002874299
0.003588371
0.006891093
0.01019863
0.01350967
0.01672388
0.02003999
0.02006012
0.02007826
0.02009747
0.02011651
0.0264397
0.03266681
0.03900421
0.04524441
0.05149341
0.05784862
0.06411089
0.06527518
0.06644239
0.05660573
0.04685496
0.02679432
0.006705522
-0.01339758
-0.03342977
-0.05357371
-0.06353988
-0.07351288
-0.07259335
-0.07167146
-0.06484434
-0.05791344
-0.04436843
-0.03081243
-0.01723819
-0.01165608
-0.006067111
-0.005576192
-0.00518424
-0.004692501
-0.004299701
-0.003806968
-0.003314138
-0.002920524
-0.002425875
0.001669684
0.005872387
0.009976959
0.01638892
0.02280499
0.02923015
0.0356603
0.04209966
0.04854192
0.05139108
0.05424333
0.05719863
0.05325493
0.04940408
0.0454513
0.04149151
0.0369307
0.03236159
0.02769081
0.02311185
0.01873207
0.01434407
0.009953249
0.0008533707
-0.008252261
-0.01747239
-0.0204952
-0.02352323
-0.02655307
-0.0295871
-0.03262298
-0.0356633
-0.03730528
-0.03884903
-0.04049398
-0.04204193
-0.04368987
-0.04524075
-0.04529265
-0.04534363
-0.04539453
-0.04544528
-0.05139819
-0.05726121
-0.06322621
-0.06910019
-0.06667534
-0.06414752
-0.05221373
-0.0403634
-0.02840562
-0.01302743
0.002260746
0.01767073
0.03309069
0.04563119
0.05818029
0.07074657
0.08342172
0.08971021
0.09600241
0.09289679
0.08988898
0.08677767
0.08026189
0.07373768
0.0672079
0.06477202
0.06233528
0.05979335
0.05895161
0.05810886
0.05726413
0.05641808
0.0555733
0.05472537
0.05387763
0.04822467
0.04246798
0.02939812
0.01621936
0.003121176
-0.01008442
-0.02321047
-0.03634423
-0.04279233
-0.04914313
-0.05560541
-0.0527674
-0.04982639
-0.04268134
-0.03542536
-0.0282652
-0.02990108
-0.03163798
-0.03327711
-0.03721803
-0.04116475
-0.04511368
-0.04906869
-0.04642372
-0.04377561
-0.04112569
-0.03086667
-0.02059964
-0.01021834
-0.006532237
-0.002741261
0.001052736
0.00475171
0.008553638
0.01236054
0.01607079
0.01158002
0.006985718
0.002485562
0.002383502
0.00238137
0.00227934
0.002276191
0.002174108
-0.003532009
-0.009142065
-0.01486039
-0.02048229
-0.02621326
-0.02494532
-0.02367433
-0.02240433
-0.01872916
-0.01495219
-0.01126998
-0.01098587
-0.01080264
-0.01051754
-0.01033337
-0.0101493
-0.004059418
0.002133302
0.008236094
0.01434131
0.02045658
0.0174728
0.01438401
0.01139414
0.004596224
-0.002206224
-0.00911777
-0.005031361
-0.0008377923
0.003257681
0.007359372
0.01146358
0.01557484
0.01968701
0.02260632
0.02542542
0.02834968
0.03537676
0.04241455
0.0494568
0.04940341
0.04925066
0.0391897
0.02902197
0.01884097
0.008451329
-0.002052262
-0.01246254
-0.02288849
-0.02681833
-0.03085531
-0.03479415
-0.0332331
-0.03167294
-0.03011095
-0.0285458
-0.03198259
-0.03532246
-0.03876737
-0.0421133
-0.03976016
-0.03740613
-0.02734306
-0.01737301
-0.007288595
0.002702762
0.01280846
0.02282059
0.02554182
0.02826495
0.03099229
0.02741848
0.02383948
0.02035969
0.009968622
-0.0004299434
-0.0108429
-0.0211618
-0.01698578
-0.01270671
-0.001317345
0.01008049
0.0214947
0.02731485
0.03324301
0.03917419
0.03560954
0.03204073
0.02846577
0.020188
0.01189812
0.003603917
-0.004703829
-0.005013501
-0.005324224
-0.005734899
-0.001542563
0.00255277
0.006753133
0.005755514
0.004755831
0.003855252
0.002853545
-0.002450054
-0.00776076
-0.01307573
-0.01849767
-0.02352348
-0.02855639
-0.03359318
-0.03863723
-0.04048206
-0.04232991
-0.04407979
-0.04112874
-0.03817566
-0.03521853
-0.02715547
-0.01908336
-0.01100527
-0.002914818
0.005180517
0.004580955
0.004081299
0.003480691
-0.003121941
-0.009733654
-0.008048394
-0.006360047
0.001932186
0.01023538
0.01854448
0.02686668
0.03519286
0.0352263
0.0352585
0.02778558
0.0202078
0.01261995
0.0006242725
-0.0113887
-0.02350849
-0.03594649
-0.04559142
-0.04784525
-0.05010125
-0.04245122
-0.03489818
-0.02723301
-0.02006395
-0.01278282
-0.005597799
-0.002806268
8.807527E-05
0.002886521
0.005685929
0.008490342
0.01139725
0.01420649
0.01211666
0.01002385
0.008029639
0.005933102
0.01223712
0.01845036
0.02476841
0.03519687
0.04563408
0.05608504
0.05784023
0.05969742
0.05295368
0.04630075
0.03964302
0.03297518
0.0296044
0.02622843
0.02275068
0.01936678
0.01598301
0.008990205
0.001992878
-0.005014648
-0.01212733
-0.0218502
-0.03158098
-0.04132595
-0.05107582
-0.05393576
-0.05679769
-0.04815576
-0.03950667
-0.03084545
-0.02287837
-0.01490123
-0.006917528
0.001076163
0.009076778
0.01698847
0.02500567
0.0271288
0.02925503
0.02337727
0.01759648
0.01170564
0.00581264
1.13344E-05
-0.006394939
-0.0127097
-0.01912961
-0.01545058
-0.01176939
-0.0081824
-0.004493607
-0.000799816
0.002797039
-0.0001051742
-0.003010249
-0.006018423
-0.01513194
-0.02435783
-0.03348961
-0.04273466
-0.04468456
-0.0465354
-0.04848836
-0.04534028
-0.04209026
-0.03883414
-0.03137613
-0.02380707
-0.01623198
-0.008746525
-0.001155652
0.006445409
0.006149382
0.00595249
0.005655428
0.004057543
0.002558591
0.0009576087
-0.0006454254
0.004454603
0.009558689
0.01476928
0.01988338
0.02500468
0.03022983
0.03536195
0.04049814
0.04003741
0.03957659
0.03911479
0.03875294
0.03869021
0.03862743
0.03866552
0.03860377
0.03743994
0.03627526
0.02690343
0.01752573
0.008234044
-0.002763622
-0.01367688
-0.02459862
-0.03563563
-0.04657941
-0.05763936
-0.05830228
-0.05906734
-0.05973229
-0.0546941
-0.04965108
-0.04460303
-0.03324904
-0.02197683
-0.01069885
0.0006956401
0.01199752
0.01661079
0.02132791
0.02004722
0.01886531
0.01768251
0.02209961
0.02652387
0.03105102
0.03548422
0.0399204
0.04436371
0.04890891
0.05336121
0.04801251
0.04275697
0.03739817
0.03132897
0.02535825
0.01927731
0.01329257
0.007200473
-0.001497577
-0.01020804
-0.0189238
-0.02094769
-0.02297346
-0.02510142
-0.0271302
-0.02806113
-0.02909295
-0.03002695
-0.03096179
-0.03199657
-0.03293241
-0.03396929
-0.03540714
-0.03684699
-0.03828786
-0.0398308
-0.04127471
-0.04272053
-0.03746547
-0.03220237
-0.0269363
-0.02016115
-0.01338209
-0.00649161
0.0003026389
0.005605025
0.01101155
0.01632579
0.02164293
0.02706818
0.0323974
0.02772672
0.02305292
0.01827206
0.009687091
0.001089528
-0.007512992
-0.01602828
-0.02464915
-0.02767816
-0.03061011
-0.02493991
-0.01916386
-0.008778304
0.001615283
0.01202262
0.01723678
0.02235706
0.02748131
0.0257085
0.02393373
0.02215693
0.0172782
0.01229036
0.007301518
-0.0008976614
-0.009102821
-0.01741893
-0.02564077
-0.0281697
-0.03060159
-0.03303645
-0.03027039
-0.0274003
-0.02462928
-0.01444807
-0.004260378
0.005941726
0.0161512
0.02397345
0.03180057
0.03963897
0.03808023
0.03651833
0.03485559
0.02848682
0.02201404
0.01553116
0.009145626
0.007352947
0.005559306
0.003763592
0.005467929
0.007274342
0.009081771
0.01079222
0.01260337
0.01561857
0.01873575
0.02185683
0.02498102
0.02810823
0.02543751
0.02286065
0.02028397
0.01289919
0.005410167
-0.001989109
-0.009394249
-0.01691007
-0.0243309
-0.02685784
-0.02928766
-0.03181969
-0.03425459
-0.03719238
-0.04023226
-0.04317618
-0.0461221
-0.04917297
-0.04732395
-0.04547194
-0.04361897
-0.03265574
-0.02158571
-0.01049949
0.001293386
0.01310388
0.02492303
0.02685056
0.02888075
0.03081281
0.02834402
0.0258732
0.02339943
0.01571961
0.008134288
0.0005376277
-0.007164004
-0.009672724
-0.01218267
-0.01469663
-0.01010954
-0.005516075
-0.0009195825
0.003683975
0.008289557
0.01290234
0.01141656
0.01002833
0.008639023
0.007952437
0.006475784
0.005096599
0.004617123
0.004136169
0.003654204
0.003071926
0.002589819
0.002105743
0.001622803
0.001138137
-0.005636488
-0.01231539
-0.0190892
-0.02586225
-0.03253032
-0.03929468
-0.03817529
-0.03705086
-0.02924968
-0.02154557
-0.01374728
-0.006049385
0.000646617
0.007340098
0.0140239
0.01325406
0.01258335
0.01191189
0.01114045
0.01046797
0.009795974
0.01733401
0.02495526
0.03246546
0.04192987
0.05137519
0.0607936
0.0596504
0.05840398
0.05725073
0.05098753
0.04482738
0.03857957
0.03234166
0.0262143
0.02000131
0.01878533
0.01757059
0.01626001
0.01738645
0.0184089
0.01952475
0.02053639
0.02163989
0.02273674
0.02372994
0.02230142
0.02087365
0.01944884
0.01802711
0.01603124
0.01404004
0.012056
0.01007836
0.008107463
0.006142883
0.006286088
0.006427509
0.0065672
0.006705936
0.002289036
-0.002014976
-0.006389994
-0.01065074
-0.01488729
-0.01307468
-0.01117671
-0.009380216
-0.005343208
-0.001326935
0.00275939
0.003000803
0.003239947
0.003569745
0.003804741
0.004129915
0.004359538
0.004587579
0.004905173
0.005128437
0.005439888
0.008222219
0.01098433
0.01372618
0.0165392
0.01924027
0.01883525
0.0185215
0.0182053
0.01509586
0.0120956
0.009114175
0.006064766
0.002409424
-0.001218018
-0.004730006
-0.009810691
-0.01485228
-0.01985207
-0.02119381
-0.02252202
-0.02383749
-0.02513718
-0.02624914
-0.02743356
-0.02860423
-0.02967335
-0.03185478
-0.03392421
-0.0359711
-0.03807821
-0.04007655
-0.04520743
-0.05028542
-0.05522148
-0.05391602
-0.05261636
-0.0449962
-0.03744454
-0.02995832
-0.02254228
-0.0152774
-0.01115955
-0.00716241
-0.003206728
0.0007110421
0.004586251
0.008502942
0.01229437
0.01604449
0.01974878
0.01904016
0.01833554
0.0175548
0.01685949
0.01616949
0.01540432
0.01734565
0.01918136
0.02107102
0.02285649
0.02469394
0.0264248
0.02820899
0.02522999
0.02228167
0.0193649
0.0124068
0.005536068
-0.00125115
-0.00794985
-0.01456231
-0.01602758
-0.01747021
-0.01889007
-0.01685137
-0.01476254
-0.01277334
-0.0108082
-0.008793885
-0.006879339
-0.00491632
-0.002398088
0.0001577634
0.002603691
0.005087392
0.007460087
0.009869967
0.01223993
0.01315817
0.01412785
0.01508082
0.0160141
0.01456223
0.01319845
0.0117828
0.0103863
0.0052419
0.0001800664
-0.004872238
-0.009773297
-0.007597921
-0.005457078
-0.003348966
0.0008476904
0.004975877
0.009030892
0.01301683
0.01692868
0.01155495
0.006271668
0.001074985
-0.003071172
-0.007145207
-0.01120803
-0.01254738
-0.01379649
-0.01508231
-0.0141025
-0.01313697
-0.01218517
-0.01118718
-0.01026475
-0.005172595
-0.0001771686
0.004724301
0.009528445
0.01423778
0.01181814
0.00938165
0.007047748
0.003419332
-8.032217E-05
-0.003511498
-0.006871519
-0.007828355
-0.008706667
-0.009621386
-0.01045716
-0.0113286
-0.01212221
-0.00970244
-0.007276472
-0.004954478
-0.00262773
-0.0004039666
-0.00138467
-0.002396974
-0.003386424
-0.00472161
-0.006024444
-0.007295847
-0.008588007
-0.007846438
-0.007119667
-0.006406719
-0.005708426
-0.004973852
-0.004305101
-0.003650262
-0.003009771
-0.002383248
-0.001771448
-0.001174492
-0.0005925234
-2.562718E-05
0.0005265263
0.001063298
0.001584671
0.001031689
0.0004475909
-0.0001219797
-0.0006305188
-0.001170678
-0.001648638
-0.002157716
-0.002650462
-0.001315235
-2.032829E-05
0.001235382
0.002451335
0.003586291
0.004187253
0.004766103
0.005281132
0.005815469
0.006326891
0.006776514
0.0062709
0.005776115
0.005292251
0.004818943
0.004357389
0.003906415
0.003466906
0.004376625
0.005212019
0.006046334
0.003450164
0.000979389
-0.001435296
-0.004638903
-0.007749861
-0.01070337
-0.01141477
-0.01212124
-0.01094532
-0.009838404
-0.008767503
-0.007701621
-0.006703639
-0.007350684
-0.007992828
-0.008571554
-0.009144908
-0.008526131
-0.007925549
-0.007315073
-0.006750428
-0.006203415
-0.005673929
-0.005161806
-0.004640919
-0.004163557
-0.003703439
-0.003259634
-0.002833013
-0.002398536
-0.002005048
-0.001627679
-0.001288866
-0.000942248
-0.0006330774
-0.0003164727
-3.642193E-05
0.0002507101
0.000502635
0.00076135
0.0009859784
0.0002298727
-0.0005036936
-0.001195697
-0.001828083
-0.002439675
-0.002004372
-0.001606407
-0.001210303
-0.0008334108
-0.0004922338
-0.0006340798
-0.0007649596
-0.0008847864
-0.001009336
-0.001181715
-0.001339316
-0.001482489
-0.001611419
-0.001726723
-0.001481832
-0.001247081
-0.001022197
-7.824008E-06
0.0009419222
0.001841144
0.002806186
0.003701845
0.003549183
0.003390027
0.002502705
0.001683963
0.0009118175
0.0002048705
0.0001970933
0.0001922291
0.0001898022
0.0006637557
0.001094113
0.001500145
0.001865026
0.002207108
0.002518199
0.002792038
0.00304497
0.002916543
0.002791198
0.00266898
0.00223171
0.001818608
0.001436051
0.001064587
0.0007174075
0.0003997036
0.0003711587
0.0003404945
0.0003135226
0.0002900384
0.0002747785
0.0002575025
0.0002203731
0.0001884595
0.0001615114
3.971658E-05
-7.1371E-05
-0.0001641428
-0.0002435312
-0.0001585808
-7.426071E-05
2.321731E-06
7.828243E-05
0.0002499538
0.0004033984
0.0005455264
0.0006737057
0.0007859468
0.0008883214
0.0009786455
0.0009790271
0.0009803042
0.0009799791
0.001017986
0.001051537
0.001078727
0.001098042
0.00108377
0.001068136
0.001052899
0.001034811
0.001015729
0.0009957476
0.0009749511
0.0009534544
0.0008683837
0.0007921403
0.0007230385
0.0006629423
0.0006022102
0.0005495452
0.0005034694
0.0005056215
0.0005068061
0.0005079595
0.0005097524
0.0005106475
0.0005114353
0.00053992
0.0005637928
0.0005822313
0.0006021524
0.0006168772
0.0006264321
0.000632135
0.0006339104
0.0006321347
0.0006062366
0.0005816296
0.0005585892
0.0005304767
0.0005052094
0.0004823483
0.0004621419
0.0004441199
0.0004280768
0.0004136642
0.0004108017
0.0004068388
0.0004020382
0.0003962566
0.0003897659
0.0003826747
0.0003750925
0.0003613212
0.0003490943
0.0003380958
0.0003273816
0.0003180088
0.0003096861
0.0003023074
0.000297343
0.0002923835
0.0002874478
0.0002829785
0.0002783025
0.0002734421
0.0002684182
0.0002632382
0.0002579475
0.0002525459
0.0002470485
0.000241469
0.0002358199
0.0002301123
0.0002243564
0.0002185702
0.0002127445
0.0002068928
0.0002010203
0.0001951337
0.0001892406
0.0001833415
0.0001774419
0.0001715448
0.0001656528
0.0001597678
0.000153891
0.000148023
0.000142164
0.0001363142
0.0001304735
0.0001246418
