0.005
-0.0005987124
-0.0005973434
-0.0005959567
-0.0005945346
-0.0005930847
-0.0005915709
-0.0005900288
-0.000588381
-0.0005866472
-0.0005847127
-0.0005825549
-0.0005800961
-0.0005772808
-0.0005739697
-0.0005701421
-0.000565809
-0.0005610609
-0.0005558467
-0.0005501802
-0.0005441897
-0.0005384307
-0.0005336457
-0.000530327
-0.0005287742
-0.0005293769
-0.0005320753
-0.0005364968
-0.0005431077
-0.000553505
-0.0005683953
-0.0005869627
-0.0006074543
-0.0006287994
-0.0006516737
-0.0006763348
-0.0007014881
-0.0007226233
-0.0007354707
-0.0007406948
-0.0007420777
-0.0007398979
-0.0007306676
-0.0007121897
-0.0006852466
-0.000651983
-0.0006154381
-0.0005845428
-0.0005686937
-0.0005800968
-0.0006207041
-0.0006837119
-0.0007615485
-0.000846541
-0.0009285929
-0.001002708
-0.001070223
-0.001128226
-0.001173586
-0.001209796
-0.001243888
-0.001284007
-0.00133784
-0.001388378
-0.001421338
-0.001429956
-0.001399989
-0.001338915
-0.001263158
-0.001184213
-0.001115687
-0.001051739
-0.001005158
-0.0009932942
-0.001020562
-0.001092399
-0.001193127
-0.001276506
-0.001303673
-0.001270178
-0.0011972
-0.00106165
-0.0008292876
-0.0005079468
-0.0001141089
0.0003568094
0.0009058573
0.001484709
0.002055421
0.002594785
0.003071269
0.003437217
0.003678608
0.003772217
0.003665097
0.00332401
0.002709275
0.001781326
0.0006031149
-0.0007169258
-0.002105464
-0.003576584
-0.005198205
-0.006938849
-0.008682123
-0.01026776
-0.01154727
-0.01246468
-0.01303681
-0.01324302
-0.01305641
-0.01242491
-0.01122639
-0.009354002
-0.006820828
-0.003806928
-0.0005131194
0.00283926
0.006072015
0.009040655
0.01175468
0.0144593
0.01720985
0.01976758
0.02179175
0.02304033
0.02345553
0.02304366
0.02174007
0.01951187
0.01651192
0.01305853
0.009451862
0.005828171
0.002267066
-0.000954945
-0.003476163
-0.005096456
-0.00592802
-0.006338967
-0.006618887
-0.006830566
-0.007008056
-0.00706425
-0.006816964
-0.006251823
-0.005606861
-0.005067614
-0.004465639
-0.003379378
-0.001327471
0.001812501
0.005709422
0.009955754
0.01414818
0.01795963
0.02109956
0.02326729
0.02456235
0.0251708
0.02506114
0.02386396
0.02118722
0.01710187
0.01190731
0.005887537
-0.0008799427
-0.008266537
-0.01603512
-0.02394545
-0.03152201
-0.03833202
-0.04410812
-0.04863011
-0.05173852
-0.05317585
-0.05268287
-0.05051777
-0.04680585
-0.04115872
-0.03353809
-0.02393573
-0.01283701
-0.001529525
0.00900891
0.01820234
0.02566699
0.0314128
0.0349705
0.0354826
0.03291623
0.02823165
0.02270974
0.01719268
0.01193252
0.006642625
0.0008753103
-0.005413251
-0.01175131
-0.01731615
-0.02134893
-0.02375895
-0.02514665
-0.02600849
-0.02624007
-0.02539566
-0.02279261
-0.01747788
-0.008810141
0.002300392
0.01383138
0.0242111
0.03293244
0.04008613
0.04553212
0.04901303
0.05068289
0.05108522
0.0506284
0.04938739
0.0468705
0.042293
0.03593579
0.02978122
0.02597184
0.02470861
0.02424412
0.02263053
0.01899341
0.0136734
0.007667406
0.001778481
-0.003883578
-0.009385429
-0.01464038
-0.01939107
-0.02352503
-0.02698564
-0.02974387
-0.03197298
-0.03361928
-0.03456957
-0.03455061
-0.03327743
-0.03041087
-0.02597269
-0.02011925
-0.01352888
-0.007342337
-0.002503478
0.0007709436
0.002990482
0.005037017
0.007290202
0.009399056
0.01094089
0.01156101
0.01042896
0.007047045
0.00215001
-0.003086537
-0.007516155
-0.01032023
-0.01162479
-0.01241598
-0.01307413
-0.0133344
-0.01240749
-0.009493885
-0.004686212
0.001122024
0.006626908
0.01053149
0.01215618
0.01164367
0.009240959
0.005404894
0.001175118
-0.002340728
-0.004723601
-0.006149461
-0.006855824
-0.007425385
-0.008529519
-0.01042419
-0.01330136
-0.01729738
-0.02241392
-0.02802146
-0.03278982
-0.03556766
-0.03587105
-0.03402545
-0.03094683
-0.02748579
-0.02424042
-0.02137728
-0.01820443
-0.01391825
-0.007808662
0.0004748401
0.01042794
0.02073568
0.02969629
0.03577385
0.03816838
0.03761679
0.03579219
0.03413691
0.03323219
0.03276506
0.03201148
0.03006024
0.02592157
0.01927394
0.0109854
0.002820216
-0.002905863
-0.004541041
-0.001638921
0.004808861
0.01316166
0.02222949
0.03161839
0.04102634
0.05003851
0.0583402
0.06555153
0.07109869
0.07479049
0.07648064
0.07563164
0.07164473
0.06390921
0.05212793
0.03719454
0.02206637
0.01034598
0.003964715
0.002516791
0.00377357
0.005912177
0.009053409
0.01458062
0.02347827
0.03553047
0.04916934
0.0627769
0.07522003
0.08532833
0.09298255
0.09868903
0.1025126
0.103942
0.1025786
0.09840681
0.09117534
0.07969256
0.06382035
0.04498263
0.02558574
0.008292953
-0.004716424
-0.01242381
-0.01540118
-0.01568889
-0.01518134
-0.01453206
-0.01378369
-0.01257111
-0.01046642
-0.007621688
-0.004699359
-0.003136144
-0.005086845
-0.01222236
-0.0245453
-0.04008968
-0.05559024
-0.06799381
-0.07584115
-0.07942154
-0.08036958
-0.0800557
-0.07834381
-0.07324051
-0.06251834
-0.04637699
-0.02730089
-0.008538575
0.00855435
0.02365301
0.03623848
0.04619336
0.05253378
0.05328805
0.04750711
0.03599325
0.02065373
0.00480966
-0.008870421
-0.01947343
-0.027516
-0.03445316
-0.04099108
-0.04590196
-0.04587021
-0.03714326
-0.01797894
0.009008271
0.03869897
0.06587153
0.08803866
0.1061339
0.1213658
0.1339022
0.1434452
0.1495192
0.1515501
0.1489005
0.1413108
0.1295825
0.1152154
0.09989256
0.08544043
0.07262901
0.06085533
0.04830332
0.03461251
0.02241493
0.01402833
0.008933282
0.004302307
-0.00267818
-0.01276935
-0.02482926
-0.03741193
-0.0496936
-0.06061214
-0.07005471
-0.07883313
-0.08750991
-0.0966144
-0.1066255
-0.1174671
-0.1287648
-0.1398604
-0.1498071
-0.1575442
-0.162107
-0.1639142
-0.1638117
-0.1617532
-0.1560812
-0.1442794
-0.1254095
-0.1005049
-0.07209262
-0.04347554
-0.01649388
0.007481892
0.02793362
0.04524731
0.06039332
0.07416456
0.08599121
0.09435851
0.09861301
0.09980486
0.09912594
0.0964317
0.09111734
0.08267046
0.07171229
0.06019379
0.04957981
0.03975225
0.02913236
0.01694112
0.003367694
-0.01163158
-0.02796549
-0.04508262
-0.06132077
-0.07481096
-0.08527793
-0.09416103
-0.1026148
-0.1114952
-0.123666
-0.1413788
-0.1629203
-0.1845684
-0.2041297
-0.2224934
-0.2394108
-0.2509549
-0.2509309
-0.2358654
-0.207097
-0.1719148
-0.1408113
-0.1195396
-0.1063185
-0.09266936
-0.06996486
-0.03271147
0.0228925
0.1005032
0.2041659
0.3198795
0.413276
0.4577904
0.4520222
0.414803
0.3696682
0.3350029
0.3192904
0.3193445
0.3234327
0.3196409
0.3000436
0.2606455
0.2066215
0.1506804
0.1042258
0.07289625
0.05538307
0.04541798
0.0380998
0.03151047
0.02258022
0.006198666
-0.02303064
-0.06436011
-0.108029
-0.1456747
-0.1759062
-0.2012132
-0.2228707
-0.2403909
-0.2529138
-0.2636265
-0.2773129
-0.2919071
-0.2992813
-0.2928306
-0.2702805
-0.2302803
-0.1653903
-0.0691743
0.04611617
0.1586402
0.2496468
0.3071097
0.3309779
0.3289717
0.3066238
0.2651357
0.210302
0.1486515
0.08103762
0.01619568
-0.03363352
-0.06089832
-0.06718608
-0.06411654
-0.06671571
-0.08607084
-0.1224181
-0.1640502
-0.1969342
-0.2135728
-0.2132853
-0.2001086
-0.1811682
-0.1634439
-0.1514338
-0.1472186
-0.151263
-0.161267
-0.172895
-0.181653
-0.1856933
-0.1875005
-0.1879737
-0.1825067
-0.163367
-0.1276929
-0.08278268
-0.03601693
0.01042038
0.05360179
0.0908803
0.1227736
0.1535267
0.1835284
0.203702
0.2057048
0.1927731
0.1742537
0.1549433
0.1320568
0.1029788
0.06841628
0.03192866
0.0005684018
-0.02199142
-0.03864098
-0.05629439
-0.07808165
-0.1009847
-0.1199115
-0.1316594
-0.1337865
-0.1245653
-0.1055022
-0.07832254
-0.04292067
0.0003258022
0.04291949
0.06909962
0.0703589
0.0533289
0.03181582
0.01792162
0.0195617
0.03627708
0.06003515
0.08065155
0.09179404
0.09485126
0.09708714
0.1044373
0.1145953
0.1218038
0.1231397
0.119212
0.1155829
0.1157545
0.1147046
0.1062359
0.09116683
0.0751148
0.06149947
0.04887655
0.03574717
0.02298137
0.01287556
0.007764028
0.00824329
0.01222658
0.01599782
0.01708382
0.01631569
0.01594692
0.01650493
0.0162101
0.01252044
0.003072313
-0.01291572
-0.03161384
-0.04749414
-0.0575045
-0.06153362
-0.061552
-0.06134199
-0.06340492
-0.06637048
-0.06763792
-0.06681649
-0.06401209
-0.05886916
-0.05148643
-0.04240257
-0.03328313
-0.02657091
-0.02276535
-0.01898099
-0.01308481
-0.006307431
-0.000156484
0.004834482
0.008006891
0.009364551
0.009817693
0.009357174
0.007214689
0.003976425
0.001347503
0.0002275779
0.0008867086
0.004586802
0.0111755
0.01593301
0.01427294
0.009120481
0.007991566
0.01283807
0.01752127
0.0173004
0.01394966
0.00862591
-0.0002734834
-0.01172923
-0.02436139
-0.03876717
-0.05410045
-0.06458648
-0.06630961
-0.06080309
-0.05234695
-0.04410267
-0.03701786
-0.03104081
-0.02671373
-0.02386308
-0.02122668
-0.01855677
-0.01666787
-0.01629936
-0.01770234
-0.02038246
-0.0238376
-0.02866767
-0.03677716
-0.04989772
-0.06656396
-0.08310495
-0.09647626
-0.1058278
-0.1115417
-0.114427
-0.1155345
-0.1142588
-0.1096478
-0.1020903
-0.0921502
-0.0782815
-0.0562006
-0.02634733
0.0008464542
0.01316622
0.009536142
-0.001398601
-0.01031917
-0.01334639
-0.01212063
-0.01065365
-0.01206835
-0.0164343
-0.02130325
-0.02323203
-0.02093974
-0.01700889
-0.01492777
-0.0160461
-0.01844894
-0.01905711
-0.01695034
-0.01377025
-0.01169753
-0.01049711
-0.008746216
-0.007340606
-0.008444542
-0.013405
-0.02260503
-0.03518658
-0.0496247
-0.06420676
-0.07737186
-0.08796614
-0.09584217
-0.100013
-0.09954979
-0.09687913
-0.09561742
-0.09685386
-0.09784949
-0.09180451
-0.07101167
-0.03590846
0.003887565
0.03779457
0.06098278
0.0770247
0.09278105
0.1116717
0.1302458
0.1435525
0.1516338
0.1572823
0.1609816
0.1610566
0.1556037
0.1456625
0.138459
0.1418095
0.152335
0.153704
0.1337638
0.09765809
0.06125994
0.03685373
0.02474964
0.01583936
0.002024585
-0.01490085
-0.03107129
-0.05068234
-0.07747464
-0.1059974
-0.1245921
-0.1231237
-0.1017195
-0.06935561
-0.034339
2.731086E-06
0.03412233
0.06738506
0.09300286
0.1062794
0.1093083
0.1058104
0.09871326
0.091993
0.08929837
0.08875889
0.08375426
0.07094541
0.05240967
0.03076856
0.008275294
-0.01370261
-0.03486019
-0.05468229
-0.07149366
-0.08235875
-0.08687975
-0.08810756
-0.08944581
-0.09258596
-0.09740942
-0.1040807
-0.1137097
-0.126964
-0.1426205
-0.1593724
-0.1771373
-0.194469
-0.2075603
-0.2123172
-0.2065773
-0.1887058
-0.1581726
-0.1157523
-0.06636226
-0.02214612
0.005503485
0.01558566
0.01753056
0.0216268
0.03027269
0.03800702
0.03871484
0.03236069
0.02452101
0.02106065
0.02315098
0.02726529
0.03018676
0.03141592
0.0318403
0.03231942
0.03338809
0.0339909
0.03176873
0.0260332
0.01768599
0.008229292
0.0001301723
-0.004189802
-0.004206986
-0.0004364657
0.006244391
0.01478526
0.02394909
0.03161083
0.0351051
0.03339295
0.02880867
0.02513085
0.0232041
0.02023966
0.01456712
0.00739003
0.0002508179
-0.006368015
-0.01532567
-0.03009061
-0.04927779
-0.06725844
-0.08057733
-0.0914563
-0.1039546
-0.1198428
-0.1375839
-0.1530602
-0.1625496
-0.1656574
-0.1641225
-0.1593214
-0.1526676
-0.1459101
-0.1392018
-0.1308332
-0.1191361
-0.1043399
-0.08726918
-0.06711611
-0.0427561
-0.01282291
0.02177185
0.05561077
0.08271449
0.09987631
0.1076194
0.1081195
0.1039334
0.09796712
0.09290998
0.08942169
0.08611368
0.0816775
0.07652516
0.07252951
0.0711812
0.0720328
0.07308287
0.07274346
0.07133288
0.0711322
0.07457827
0.08208713
0.09154785
0.09877852
0.09976915
0.09363323
0.0834643
0.07305926
0.0627063
0.05051493
0.03491247
0.0174226
0.001056682
-0.01245247
-0.02358665
-0.03386523
-0.04345435
-0.04960246
-0.04874228
-0.03973129
-0.02365434
-0.002331605
0.02351665
0.05415128
0.08787692
0.1204765
0.145348
0.1548838
0.1454741
0.1203309
0.08718239
0.05780084
0.04230514
0.04263092
0.05311446
0.06566307
0.07410133
0.07691537
0.07678368
0.07687074
0.07782603
0.07811855
0.07572197
0.0694069
0.05955434
0.04779381
0.03578911
0.02346508
0.00923659
-0.008305812
-0.02842393
-0.04780673
-0.06404855
-0.07685326
-0.08628815
-0.09029055
-0.08555219
-0.07054433
-0.04769518
-0.02194218
0.001268593
0.01912397
0.03207084
0.04268216
0.05356743
0.06485888
0.07408365
0.07893201
0.0791918
0.07699276
0.07422644
0.07134598
0.06822078
0.06406687
0.05785498
0.0491558
0.03812736
0.02540994
0.01216714
-0.0004790987
-0.01155939
-0.02011931
-0.02625983
-0.03122551
-0.03648617
-0.04267854
-0.04956061
-0.05658937
-0.06280989
-0.06778721
-0.07201452
-0.07587908
-0.0787784
-0.07953414
-0.07807197
-0.07590024
-0.07466296
-0.07434109
-0.0734017
-0.06996587
-0.06229892
-0.04972516
-0.03366237
-0.01614553
0.001792714
0.01932941
0.03545651
0.04984628
0.06365695
0.07847289
0.09336208
0.1048297
0.1100023
0.109132
0.1042142
0.09630767
0.08543325
0.07181832
0.05634275
0.04032861
0.02561044
0.0134553
0.00413862
-0.003146777
-0.009832875
-0.01632707
-0.02208996
-0.02677147
-0.02977413
-0.03009573
-0.02709015
-0.02167715
-0.01607775
-0.01142024
-0.007677423
-0.004387814
-0.001269124
0.001187765
0.002567418
0.002923725
0.003216684
0.004666143
0.007769924
0.01231514
0.01765271
0.02293034
0.02693977
0.02869728
0.0281082
0.02644942
0.02522203
0.02423998
0.0226356
0.02065172
0.01867447
0.01592691
0.01156152
0.005204211
-0.00378911
-0.01577308
-0.02968044
-0.04339134
-0.05445039
-0.06166464
-0.06475041
-0.06379044
-0.05947638
-0.05299044
-0.04491331
-0.03546978
-0.02528572
-0.01579339
-0.009307264
-0.008751823
-0.01575619
-0.02973476
-0.04686204
-0.06278549
-0.07657913
-0.08911803
-0.1002894
-0.108609
-0.1133113
-0.1158232
-0.1188832
-0.1234277
-0.1275661
-0.1274447
-0.1199047
-0.1053363
-0.08743113
-0.07080207
-0.05808563
-0.04837577
-0.03863751
-0.02610062
-0.009837917
0.008637106
0.02677474
0.04189902
0.05275726
0.06006822
0.0661503
0.07401829
0.0850453
0.09761656
0.1079357
0.112761
0.1121277
0.1088279
0.103941
0.09562712
0.08214899
0.06454642
0.04581078
0.02777204
0.01021884
-0.008552245
-0.02969497
-0.05334205
-0.07762659
-0.1009999
-0.1240355
-0.1457368
-0.1626239
-0.1716316
-0.172287
-0.165852
-0.1535217
-0.1356432
-0.1130222
-0.08714036
-0.05857116
-0.02775188
0.004361688
0.03516241
0.06149779
0.08297279
0.101171
0.1170607
0.1295352
0.1351347
0.1309572
0.1177648
0.09966541
0.08173125
0.06729882
0.05755705
0.05129758
0.04445265
0.032403
0.01494806
-0.002321089
-0.01331003
-0.01617653
-0.01403249
-0.0116574
-0.01168772
-0.01400194
-0.01744485
-0.0209117
-0.02393299
-0.02627034
-0.0275362
-0.02729565
-0.02473856
-0.01952148
-0.01225876
-0.004079205
0.002985743
0.007331237
0.009173077
0.01017072
0.01210167
0.01539009
0.02009081
0.02583697
0.03114926
0.03483456
0.03694101
0.03793065
0.03810182
0.03719881
0.03473238
0.03058267
0.02529527
0.01979516
0.01473683
0.009890247
0.004941799
-0.0001218862
-0.004366794
-0.006515113
-0.006535191
-0.006119174
-0.006292896
-0.005266492
-0.0007938099
0.007302371
0.01709262
0.02514762
0.02895913
0.02890255
0.02703456
0.02590667
0.02715486
0.03059809
0.03559883
0.04238665
0.05126228
0.06170038
0.07187424
0.07960124
0.08360039
0.08434445
0.08333275
0.08160378
0.07920443
0.07503982
0.06806864
0.05878068
0.04909627
0.04159805
0.03800071
0.03752744
0.03773798
0.03678045
0.03417402
0.03077222
0.02797547
0.02616502
0.02460172
0.02243078
0.01879775
0.01297329
0.004962308
-0.004697102
-0.01537001
-0.02528191
-0.03233212
-0.03586751
-0.03698688
-0.03729847
-0.03789619
-0.03965528
-0.04282925
-0.04734588
-0.05290446
-0.05945512
-0.06768554
-0.07756069
-0.08768573
-0.09582654
-0.1010805
-0.1046419
-0.1077851
-0.1105898
-0.1121693
-0.1111972
-0.1068958
-0.09961504
-0.09034422
-0.080259
-0.06961623
-0.05788403
-0.04518858
-0.03185785
-0.01915859
-0.008548097
-0.0008526826
0.004256829
0.007888266
0.01019866
0.01053147
0.008221744
0.003271945
-0.002947107
-0.008203159
-0.01129107
-0.01246658
-0.0126382
-0.01265034
-0.01271287
-0.01223556
-0.01096569
-0.009679356
-0.009310445
-0.01055091
-0.01377998
-0.01924754
-0.02768977
-0.03930762
-0.05302557
-0.06721064
-0.07965086
-0.08913323
-0.09614696
-0.1011195
-0.1041902
-0.1056645
-0.1056394
-0.1037928
-0.09938479
-0.09199256
-0.08193741
-0.07051209
-0.05925994
-0.04928864
-0.04155809
-0.03611169
-0.03220702
-0.02905002
-0.02607143
-0.02310831
-0.02054919
-0.01892854
-0.01807322
-0.01729335
-0.01585356
-0.01262182
-0.006046669
0.005080405
0.02027166
0.03818334
0.05671499
0.07436909
0.09015949
0.1029196
0.1115242
0.1152068
0.1143361
0.1103743
0.1053245
0.1007996
0.09691575
0.09218187
0.08506714
0.07507915
0.06216017
0.04712871
0.03196236
0.01864316
0.008169439
0.0007653893
-0.003849342
-0.006230846
-0.007453492
-0.007966087
-0.006401572
-0.0009665727
0.008936048
0.02240942
0.03831596
0.05525245
0.07118081
0.08352359
0.09116371
0.09519012
0.09699034
0.09705136
0.0952793
0.09183616
0.08762146
0.08319311
0.07802314
0.07190786
0.06537638
0.05935287
0.05417352
0.04898192
0.04251007
0.03418475
0.02437763
0.01353672
0.002242425
-0.008252303
-0.01720941
-0.0252626
-0.03295192
-0.03952559
-0.04423344
-0.04724226
-0.04881918
-0.04935301
-0.04942139
-0.04921264
-0.04822968
-0.04608477
-0.04285828
-0.03879316
-0.0344131
-0.03074061
-0.02773233
-0.02361246
-0.01676022
-0.007915433
-0.0002327972
0.004054314
0.005371743
0.006083577
0.00803754
0.01143243
0.01562361
0.0196395
0.02274653
0.02450997
0.02455179
0.02337837
0.02247073
0.02228277
0.02152924
0.01891323
0.01441841
0.009572422
0.006285912
0.004447026
0.00204622
-0.002458662
-0.008731881
-0.01605825
-0.02327989
-0.0284678
-0.03055896
-0.0294791
-0.02539856
-0.01848422
-0.008825465
0.002360064
0.0133081
0.0221322
0.02807685
0.03193499
0.03444376
0.03557266
0.0348228
0.03221505
0.02836632
0.02344316
0.01750785
0.01143677
0.006649658
0.003253721
0.0003608868
-0.002225887
-0.004331397
-0.005722012
-0.006034763
-0.004991819
-0.00279698
-0.0002384502
0.002284465
0.005246057
0.009567434
0.01526815
0.02126532
0.02681511
0.03112336
0.03348308
0.03354704
0.03165906
0.02874322
0.0252083
0.02087402
0.01556941
0.009679117
0.00386193
-0.001297634
-0.005205737
-0.008243527
-0.01135618
-0.01494938
-0.01899322
-0.02243715
-0.02377463
-0.02265944
-0.01985531
-0.01642179
-0.0133981
-0.01102298
-0.008443683
-0.005423916
-0.002801271
-0.001469666
-0.001406957
-0.001835581
-0.001689918
-0.000306689
0.002006677
0.004663001
0.007302549
0.01034875
0.01448239
0.01913367
0.02293191
0.02516128
0.02646759
0.02767537
0.0292247
0.0314473
0.0344421
0.03791884
0.04161463
0.04510995
0.04763024
0.04853853
0.04750295
0.04485799
0.04120955
0.03758428
0.03439723
0.03083101
0.02694451
0.0238151
0.02201031
0.02137005
0.02147238
0.0223232
0.02406171
0.02711847
0.031576
0.03649534
0.0405167
0.04264597
0.04244613
0.04038995
0.03711529
0.03330943
0.02926634
0.02548429
0.02235694
0.01950503
0.01626701
0.01280427
0.00953032
0.006579349
0.003386501
8.417688E-06
-0.002720752
-0.003830502
-0.002033331
0.003258304
0.01103053
0.01955999
0.02703687
0.03200911
0.03371456
0.03304008
0.03233517
0.03316984
0.03491973
0.03609662
0.03536502
0.03179934
0.0237995
0.00911195
-0.01245973
-0.03892766
-0.06566029
-0.08661348
-0.0983808
-0.1015485
-0.09936372
-0.09564142
-0.09294324
-0.09107605
-0.08912254
-0.0861111
-0.08032125
-0.06975159
-0.05426244
-0.03609965
-0.01816061
-0.002699549
0.009503456
0.01936855
0.0289762
0.03979241
0.05014557
0.05650226
0.05581301
0.04667137
0.03074078
0.01089491
-0.01068666
-0.03228231
-0.05315386
-0.07261351
-0.08988796
-0.1051922
-0.1197879
-0.1338021
-0.1449541
-0.1513413
-0.1524826
-0.1472215
-0.1342733
-0.1144776
-0.09070175
-0.06737189
-0.04724862
-0.03091199
-0.018022
-0.008469342
-0.002761784
-0.0006170369
-8.441183E-05
0.001071548
0.003835384
0.008187339
0.01344357
0.01843271
0.02259197
0.02632109
0.02989597
0.03323776
0.03645302
0.03969352
0.04286383
0.04594812
0.04864258
0.05078141
0.05276037
0.05446597
0.05542887
0.05544737
0.05411957
0.05129764
0.04800774
0.0455581
0.04426572
0.04366948
0.04375065
0.04470099
0.04726008
0.05128722
0.05589688
0.0608606
0.06590637
0.06994102
0.07223669
0.07300007
0.07219469
0.06920175
0.06359346
0.05586811
0.04717907
0.03906012
0.032583
0.02737524
0.02206713
0.01587526
0.00914415
0.002640797
-0.003097216
-0.008532241
-0.01445462
-0.02137464
-0.02960914
-0.03827716
-0.04552634
-0.05068798
-0.05444677
-0.05778778
-0.06093291
-0.06366962
-0.06595661
-0.06791119
-0.06920538
-0.0681241
-0.06337456
-0.05629252
-0.0498919
-0.04630871
-0.04558989
-0.0465731
-0.04847664
-0.05133025
-0.05464408
-0.05706825
-0.05781201
-0.0571045
-0.05547534
-0.053292
-0.05061768
-0.04752836
-0.04455828
-0.04172273
-0.03814957
-0.03297951
-0.02609168
-0.01827522
-0.01038392
-0.003748641
0.0006325414
0.003378258
0.00554626
0.007634433
0.00979717
0.01163798
0.01254498
0.0122331
0.01090155
0.008810181
0.00641068
0.00465082
0.004094632
0.004397621
0.004810883
0.004871471
0.00478431
0.005443343
0.00741754
0.01035423
0.01346283
0.01633007
0.01908873
0.02149884
0.02293046
0.02307852
0.02192373
0.01974937
0.01701032
0.01440899
0.01229429
0.01067972
0.009364324
0.008473443
0.00869326
0.01034109
0.01359039
0.01861741
0.02514507
0.03262273
0.04049502
0.04815525
0.05531307
0.06229722
0.06922134
0.07556283
0.08008073
0.08202374
0.08118553
0.07774995
0.07166414
0.06319494
0.05329968
0.04311112
0.03301644
0.0230415
0.01378737
0.005476461
-0.002787919
-0.01158357
-0.02066365
-0.02894943
-0.03549137
-0.03984281
-0.04195855
-0.04259782
-0.04244267
-0.0415295
-0.03935826
-0.03488952
-0.02706186
-0.01520173
-0.0002563418
0.01571415
0.03064602
0.04315326
0.05289921
0.05961365
0.06319023
0.06370992
0.06119544
0.05548209
0.04640184
0.03396683
0.01907834
0.003989415
-0.00913701
-0.01887607
-0.02515688
-0.02900636
-0.03072958
-0.02993223
-0.02663242
-0.02111822
-0.01383219
-0.004478929
0.006818598
0.01884309
0.03020939
0.03933175
0.04545036
0.04863223
0.0488729
0.04568565
0.03922098
0.02983639
0.0177314
0.003400259
-0.01246908
-0.02902433
-0.0455436
-0.06108937
-0.07459208
-0.08517548
-0.09208119
-0.09502155
-0.09430597
-0.09033516
-0.08328524
-0.07358414
-0.06237689
-0.0505354
-0.03908201
-0.02926483
-0.02148656
-0.01581408
-0.0121134
-0.01016496
-0.009493048
-0.009913724
-0.0117463
-0.01530768
-0.02077488
-0.02782347
-0.03482406
-0.04000088
-0.04297846
-0.04458553
-0.04554973
-0.04565617
-0.04413884
-0.04116258
-0.03717168
-0.03274398
-0.02810036
-0.02328528
-0.01847789
-0.01426144
-0.01159934
-0.01084713
-0.01152526
-0.01283472
-0.01413596
-0.01521452
-0.0161597
-0.01684162
-0.01671243
-0.01539682
-0.01327498
-0.01079144
-0.007874211
-0.004291218
0.0003046032
0.006155478
0.01247631
0.01852431
0.02401644
0.02862555
0.0317754
0.03317241
0.03340969
0.03328939
0.03249223
0.03023169
0.02598838
0.01968659
0.01260443
0.006141331
0.0009344392
-0.00251078
-0.004182748
-0.004481976
-0.003829767
-0.002342297
0.0002612948
0.004116488
0.009366019
0.01599319
0.02377741
0.03233089
0.04050566
0.04706592
0.05149784
0.05456161
0.05754065
0.06116868
0.06496716
0.06779502
0.06890616
0.06865241
0.06780316
0.06681141
0.06580006
0.06471413
0.06350848
0.06237289
0.06150391
0.06114399
0.06104069
0.06062976
0.06008258
0.05958803
0.058942
0.0581197
0.05690053
0.05491685
0.05205872
0.04856262
0.04514623
0.04254251
0.04085861
0.04011844
0.03996091
0.04019935
0.04090921
0.04205027
0.04332632
0.04433941
0.04503173
0.04541323
0.04527664
0.04438599
0.04314881
0.04210801
0.04161457
0.04162959
0.04180946
0.04152072
0.04040512
0.03877869
0.03674207
0.03396698
0.03012612
0.02545904
0.02018324
0.01478488
0.009843926
0.00532363
0.001521494
-0.001242608
-0.002971557
-0.003901558
-0.004049945
-0.003391298
-0.002187829
-0.001036414
-0.0002442842
0.0004149524
0.0009239631
0.001179175
0.001166661
0.0007571397
-0.0002287941
-0.001822595
-0.003530373
-0.005193773
-0.007453308
-0.01064495
-0.01387583
-0.0162292
-0.01733456
-0.01726316
-0.0161459
-0.01446187
-0.01284203
-0.01165615
-0.01107088
-0.01106788
-0.01155529
-0.01241448
-0.01387044
-0.01620513
-0.0193555
-0.02259957
-0.02517351
-0.02690544
-0.02779839
-0.02816412
-0.0285563
-0.02895763
-0.02911916
-0.02906838
-0.02855933
-0.02731017
-0.02556864
-0.02424523
-0.02369988
-0.02352483
-0.02338249
-0.02321876
-0.02345606
-0.02484479
-0.02751779
-0.03102833
-0.03509825
-0.03952809
-0.04409643
-0.04832362
-0.05102023
-0.0513771
-0.05004287
-0.04766518
-0.04459035
-0.04145917
-0.03869409
-0.036235
-0.03383388
-0.03157178
-0.02969709
-0.02829121
-0.02742263
-0.02709202
-0.02709493
-0.02728426
-0.02798076
-0.02910839
-0.03032848
-0.0315168
-0.03254336
-0.03303669
-0.03316027
-0.03327117
-0.03337741
-0.03318292
-0.03263306
-0.03163453
-0.02996323
-0.02781795
-0.02559136
-0.02383303
-0.02286168
-0.02252383
-0.02282046
-0.02374387
-0.02505313
-0.02629735
-0.0269998
-0.02707119
-0.02666286
-0.02583545
-0.02484543
-0.02399486
-0.02297488
-0.02123109
-0.01871073
-0.01617833
-0.01472235
-0.01475711
-0.01597926
-0.01770006
-0.0195332
-0.02183945
-0.02528163
-0.03010835
-0.03616996
-0.0425792
-0.04781794
-0.05113787
-0.05274135
-0.0530558
-0.0519136
-0.04885153
-0.04402997
-0.03818293
-0.03243552
-0.02728145
-0.02200294
-0.01625638
-0.01016181
-0.003854365
0.002011988
0.006478601
0.008787023
0.008995354
0.007609238
0.005384979
0.003113623
0.000882053
-0.001321665
-0.003740219
-0.00697411
-0.01079724
-0.01435853
-0.01704637
-0.0184787
-0.01866333
-0.01774488
-0.01573773
-0.01252784
-0.007861435
-0.001882122
0.004369905
0.009959441
0.01392826
0.01568002
0.01560234
0.01457302
0.01321789
0.01168319
0.00987133
0.007561017
0.004949336
0.002400339
0.000192083
-0.001551634
-0.002520751
-0.002707861
-0.002532842
-0.002441015
-0.002548977
-0.002383985
-0.001494564
-0.0002375019
0.0006670693
0.0006759482
8.618763E-05
-0.0007814566
-0.001888374
-0.003006376
-0.004091224
-0.005244983
-0.006532042
-0.007917823
-0.009293271
-0.01038324
-0.01090674
-0.01095369
-0.01103772
-0.0114945
-0.01204286
-0.01214508
-0.01186266
-0.01169874
-0.01158264
-0.01088453
-0.008872071
-0.005459615
-0.001655663
0.001022792
0.002129196
0.002488749
0.002970977
0.00423766
0.006486591
0.00915647
0.01180404
0.01385868
0.01472013
0.01417233
0.01207488
0.008478911
0.00407039
-0.0002888498
-0.004285475
-0.008225762
-0.01205163
-0.01532734
-0.01776522
-0.0196748
-0.02150194
-0.02346121
-0.02508628
-0.02558471
-0.02419703
-0.02096226
-0.01634725
-0.01128089
-0.006499924
-0.002407615
0.0008566087
0.003531798
0.005914598
0.007991003
0.009561237
0.01039799
0.01055963
0.01014621
0.009024648
0.007429552
0.00594791
0.004880589
0.004064431
0.003823347
0.004385277
0.005574932
0.007391269
0.009975081
0.01357035
0.01822364
0.02338582
0.02802956
0.03163884
0.034598
0.03719163
0.03930273
0.04073106
0.04153727
0.0420977
0.04289312
0.04418724
0.04557265
0.0467823
0.0477022
0.04798638
0.04734556
0.04586225
0.04341004
0.04008596
0.03683282
0.03436588
0.03260754
0.03101021
0.02918266
0.02727026
0.02558433
0.02445501
0.02407769
0.02444572
0.02546439
0.02702067
0.02863971
0.02965277
0.0302519
0.03092125
0.03130876
0.0304816
0.0279112
0.02416909
0.01996006
0.01575696
0.01212046
0.00942572
0.007139274
0.004527138
0.001496115
-0.001705675
-0.005289386
-0.009367968
-0.01329034
-0.01613353
-0.01747024
-0.01785157
-0.01796142
-0.01764889
-0.01664426
-0.01456606
-0.0110833
-0.006023356
0.0002326582
0.006552596
0.01174264
0.01515633
0.0166861
0.01689046
0.01652335
0.01569955
0.01426733
0.0119454
0.008744548
0.004823803
0.0006860512
-0.003386308
-0.007180563
-0.01083544
-0.01490768
-0.01952281
-0.02413026
-0.02837828
-0.03197841
-0.03475298
-0.03655595
-0.03709469
-0.03590617
-0.03239719
-0.02587649
-0.01690268
-0.007590116
0.0002000302
0.005403671
0.007989057
0.008814839
0.0087774
0.008496654
0.007688566
0.00562678
0.002525822
-0.0007598677
-0.003625813
-0.006068104
-0.008254156
-0.01012604
-0.01147374
-0.01211271
-0.0121776
-0.01184918
-0.01107877
-0.009554568
-0.007172821
-0.004549327
-0.00260121
-0.002096931
-0.002843819
-0.004178489
-0.005354588
-0.005864774
-0.005955526
-0.006101926
-0.006105982
-0.005116594
-0.00291456
-0.0003935342
0.001772419
0.003718349
0.005609237
0.007074817
0.007496156
0.006479245
0.004198198
0.001298301
-0.001766161
-0.004787344
-0.007421826
-0.009543706
-0.01108094
-0.01158879
-0.01086719
-0.009377004
-0.007738246
-0.005986373
-0.003521797
0.0003786934
0.006052262
0.0124665
0.01796171
0.02166051
0.02364692
0.0244484
0.02468074
0.02472101
0.0241516
0.02227687
0.01941399
0.01618607
0.01275822
0.009266482
0.006187699
0.004117203
0.003008593
0.003117565
0.00471253
0.007373036
0.01031549
0.01302076
0.0154498
0.01766113
0.01934429
0.02031276
0.02037038
0.01960836
0.01872338
0.01817732
0.01747425
0.0159186
0.0129351
0.008948639
0.005117981
0.002392036
0.000956748
-3.492606E-05
-0.001321194
-0.0029949
-0.004873006
-0.006865844
-0.008875616
-0.01100001
-0.0132499
-0.01530911
-0.0169367
-0.01835226
-0.01986732
-0.02115005
-0.02175804
-0.02147428
-0.02019353
-0.01808929
-0.01510813
-0.01124012
-0.006944719
-0.002733525
0.0012127
0.004860252
0.008425329
0.01206348
0.01528686
0.01774863
0.01924321
0.01977521
0.01956124
0.01858928
0.01672845
0.01398352
0.01047638
0.006676602
0.002755314
-0.00130507
-0.004991722
-0.008204803
-0.01087548
-0.01269739
-0.01351765
-0.01381414
-0.01416628
-0.01457192
-0.01441786
-0.01341434
-0.01179311
-0.009730937
-0.007743171
-0.006156932
-0.004736292
-0.003297848
-0.00184186
-0.0004137332
0.0009365191
0.002020617
0.002764242
0.003014584
0.002248733
0.0002196992
-0.002833479
-0.006389644
-0.01027663
-0.01426118
-0.01777802
-0.02052135
-0.02229026
-0.02319673
-0.02344586
-0.02341366
-0.02305218
-0.02230506
-0.02138744
-0.02054077
-0.01952339
-0.01807062
-0.01633508
-0.01448238
-0.01290335
-0.01186146
-0.01128076
-0.01073859
-0.00989762
-0.009202644
-0.00912782
-0.009569375
-0.01037417
-0.01146982
-0.01266938
-0.01362728
-0.01437342
-0.01516179
-0.01588819
-0.01613191
-0.01543691
-0.01397326
-0.01187765
-0.009422383
-0.006592449
-0.003187204
0.0008123458
0.00532964
0.009890477
0.01376185
0.016595
0.01841337
0.01923224
0.01908097
0.01823284
0.01685774
0.01487466
0.01192399
0.008258343
0.00434775
0.0004428157
-0.003285869
-0.006457647
-0.00870859
-0.0101546
-0.01114746
-0.01167039
-0.01129549
-0.009809771
-0.007643991
-0.005373445
-0.003244037
-0.001010421
0.001456481
0.004323968
0.007440539
0.01045485
0.0130664
0.01517405
0.0170361
0.01891012
0.02095971
0.0231628
0.02526301
0.026771
0.02776262
0.02853059
0.02905381
0.0289278
0.02792431
0.026233
0.02381753
0.0209471
0.0180556
0.01537002
0.01284177
0.01048517
0.008676565
0.007461388
0.0062389
0.004725179
0.003253331
0.002220169
0.001777418
0.001977789
0.002080041
0.001343627
0.0002670057
0.0001086962
0.001633342
0.004063388
0.006224784
0.007842886
0.009517038
0.01168811
0.01392416
0.01548748
0.01602403
0.0158509
0.01556312
0.01552709
0.01572685
0.01598013
0.01635928
0.01712934
0.01826871
0.019122
0.01889041
0.01732792
0.01478274
0.01190774
0.009184992
0.006757548
0.004845157
0.00354887
0.002579371
0.001840763
0.001713368
0.002467181
0.003918175
0.005839722
0.00808406
0.0102716
0.01196152
0.01277105
0.01232054
0.01097358
0.009303615
0.007618536
0.005839322
0.003684605
0.001095819
-0.001658624
-0.00406643
-0.005798496
-0.006952508
-0.007668171
-0.008013226
-0.008193223
-0.008591989
-0.009032298
-0.008644336
-0.007096557
-0.004871864
-0.002913573
-0.001526214
-0.0007100591
-0.0002439828
0.0006183695
0.002201836
0.004185527
0.00652228
0.009739742
0.01379263
0.0177724
0.02105143
0.02382978
0.02613444
0.02747316
0.02742123
0.0261287
0.02402099
0.02148836
0.01876759
0.01603354
0.01349731
0.01145206
0.01020958
0.009996846
0.01041796
0.01079934
0.01080298
0.01054462
0.01031513
0.01015397
0.009697595
0.008696583
0.007156202
0.005076282
0.00255617
-0.0001682008
-0.002878204
-0.005375418
-0.007450253
-0.009427581
-0.01159918
-0.013301
-0.01395927
-0.01342823
-0.01185935
-0.009762377
-0.007447976
-0.004824279
-0.001417065
0.002926248
0.007434494
0.01112721
0.01347037
0.01468764
0.01523154
0.01467374
0.0127555
0.009770897
0.006306992
0.003061904
0.0001671721
-0.002633971
-0.005499295
-0.008118794
-0.009945822
-0.01108536
-0.01204489
-0.01299843
-0.01368908
-0.0139136
-0.01355938
-0.012608
-0.01125037
-0.009593079
-0.007759636
-0.006075691
-0.004983464
-0.005125145
-0.006830254
-0.009646904
-0.01295573
-0.01645988
-0.01982166
-0.02230267
-0.02335292
-0.02318473
-0.0220673
-0.02012283
-0.017628
-0.01494578
-0.01235904
-0.01022662
-0.00892069
-0.00827144
-0.007887886
-0.007494091
-0.006615857
-0.005350858
-0.004398232
-0.004152735
-0.004522991
-0.005482015
-0.006651095
-0.007458223
-0.007983421
-0.008637733
-0.009366825
-0.009828531
-0.009995378
-0.010348
-0.01119838
-0.01224229
-0.01314762
-0.01368839
-0.01381727
-0.01371712
-0.0136233
-0.0136457
-0.0137459
-0.01382487
-0.01380955
-0.01360076
-0.01308979
-0.01225057
-0.01078226
-0.008664329
-0.006478806
-0.004629724
-0.002835264
-0.0007709609
0.001337605
0.003249139
0.004941156
0.006095137
0.006238752
0.004976963
0.002505791
-0.0007199159
-0.004500931
-0.008501026
-0.01243909
-0.01610396
-0.01927389
-0.02165146
-0.02287706
-0.02309458
-0.02287491
-0.02239129
-0.02133007
-0.01977731
-0.01796342
-0.01586073
-0.01376342
-0.01208129
-0.01077583
-0.009624308
-0.008368005
-0.007341869
-0.006890113
-0.006902297
-0.006832998
-0.006376232
-0.005819284
-0.00551901
-0.005526999
-0.005672508
-0.005783114
-0.005819758
-0.006022723
-0.006544317
-0.007318924
-0.008364526
-0.009875369
-0.01197165
-0.01416515
-0.01611076
-0.01804027
-0.02000707
-0.02174112
-0.02290696
-0.02358364
-0.02401553
-0.02428779
-0.02442549
-0.02437
-0.02373511
-0.02259964
-0.02137738
-0.02022509
-0.01899518
-0.01722399
-0.01470656
-0.01175814
-0.008745927
-0.005504866
-0.00156941
0.002861623
0.007086746
0.01082782
0.01362748
0.0155296
0.01709699
0.01903881
0.02161506
0.02421829
0.02603871
0.02671119
0.02656326
0.02624623
0.02619031
0.02640511
0.02665551
0.02662037
0.02609293
0.02521744
0.02413629
0.02292435
0.02164725
0.02052022
0.01951846
0.01804638
0.01576023
0.01289729
0.009937876
0.007111147
0.004361234
0.00163377
-0.001011979
-0.003184376
-0.00479411
-0.006224991
-0.007494343
-0.008447442
-0.00888125
-0.008683763
-0.007980441
-0.006866212
-0.005443689
-0.00376921
-0.00228006
-0.001504875
-0.001401411
-0.001333057
-0.0008757778
-1.354025E-05
0.0008319362
0.0009988244
0.0004524485
-0.0002862559
-0.0009325622
-0.001278633
-0.001056431
-0.0004720151
6.510716E-05
0.0006140639
0.001379027
0.002139754
0.002640895
0.00317086
0.004287633
0.006182635
0.008213137
0.00957462
0.01030548
0.01101028
0.01200535
0.01307902
0.01412082
0.015221
0.016326
0.01693406
0.01668003
0.01599413
0.01534186
0.01464214
0.01365391
0.01216647
0.01020273
0.008053234
0.005772954
0.003309409
0.0008298903
-0.001267831
-0.002819304
-0.004033719
-0.00520664
-0.006314948
-0.007230214
-0.007905404
-0.008289366
-0.008582547
-0.008718045
-0.008256137
-0.007100557
-0.005525613
-0.003609025
-0.001007521
0.002479848
0.006566402
0.01068873
0.01405056
0.01615971
0.01732614
0.01821406
0.01911838
0.02017514
0.02144935
0.02286256
0.02418293
0.02503613
0.0254066
0.02572601
0.02628346
0.02722459
0.02848519
0.02962346
0.02999047
0.02962091
0.02910591
0.02889359
0.02867924
0.02809478
0.02745498
0.02710272
0.0272917
0.0277243
0.02781673
0.0275567
0.02747051
0.02790695
0.02873855
0.02960878
0.03003366
0.02949638
0.02771814
0.02466559
0.02069756
0.01616394
0.01122902
0.00613105
0.001456727
-0.002815675
-0.007531597
-0.01280719
-0.01721211
-0.01917008
-0.01798055
-0.01380604
-0.007954137
-0.002145184
0.002610654
0.006383698
0.009666598
0.0128388
0.01563063
0.01741719
0.01751671
0.01580126
0.01289793
0.009526354
0.006179974
0.003210985
0.000801446
-0.0008166016
-0.001506257
-0.001363885
-0.0006997673
0.000288046
0.001706397
0.003350971
0.004844005
0.005614036
0.005238932
0.004147299
0.003041021
0.001956068
0.0002116833
-0.002510232
-0.00573985
-0.008889598
-0.01185549
-0.01456813
-0.01722999
-0.01999789
-0.02223971
-0.02328035
-0.02317081
-0.02247563
-0.02204944
-0.02193982
-0.02135903
-0.01951443
-0.01657515
-0.0128672
-0.00869251
-0.004137284
0.0008175872
0.006060159
0.01116059
0.01550087
0.01899194
0.02176811
0.02374773
0.02475182
0.02463181
0.02332418
0.02108297
0.01820159
0.01535237
0.01305343
0.01122228
0.009481435
0.007363049
0.005004351
0.002697911
0.0007027309
-0.0004693725
-0.0006991605
-0.0001997821
0.000791168
0.002007408
0.003233675
0.004498362
0.006347935
0.008775902
0.01080249
0.01187286
0.0121166
0.0116859
0.01071384
0.009282225
0.006913426
0.003547757
-0.0002931902
-0.004427749
-0.008735064
-0.01298956
-0.01705996
-0.02082863
-0.02392
-0.02627994
-0.02811706
-0.02966393
-0.0310309
-0.03200785
-0.03240381
-0.03210306
-0.03080984
-0.02839731
-0.0251359
-0.02147371
-0.01722365
-0.01201626
-0.006073067
-0.0002757717
0.004194528
0.007100405
0.009225765
0.01149769
0.01409845
0.01648952
0.0182471
0.01927861
0.01961953
0.01917057
0.01803032
0.01677132
0.01589952
0.01562961
0.01573542
0.01558958
0.0145011
0.01244417
0.009922314
0.007637737
0.006311355
0.006077811
0.006403056
0.006637722
0.006538478
0.006264861
0.006016014
0.005556629
0.004214812
0.001665807
-0.001886682
-0.005850978
-0.009448677
-0.01214607
-0.0135984
-0.01410147
-0.01487008
-0.01684828
-0.01987682
-0.02298191
-0.02510803
-0.02627153
-0.02677756
-0.02664922
-0.02621174
-0.02580953
-0.02542463
-0.02482409
-0.02348306
-0.02132411
-0.01902929
-0.01712619
-0.01549039
-0.01394864
-0.01259897
-0.01186832
-0.01177347
-0.01139297
-0.01013689
-0.008444727
-0.007104012
-0.006202554
-0.005337888
-0.004192819
-0.00275373
-0.001030714
0.001112054
0.003474806
0.005530969
0.007041126
0.008385773
0.01005312
0.0120842
0.01407634
0.01529637
0.01549798
0.01493717
0.01412252
0.01338703
0.01260741
0.01155254
0.01003459
0.00830342
0.006641295
0.004824253
0.002802706
0.0009065726
-0.0006322273
-0.001859835
-0.002812487
-0.003652787
-0.004643697
-0.005706357
-0.006897172
-0.008191361
-0.009643312
-0.01134065
-0.01336252
-0.0157152
-0.01801251
-0.01983069
-0.02104729
-0.02142482
-0.02074068
-0.01908378
-0.01694603
-0.01446557
-0.01122558
-0.007320458
-0.003080978
0.00103431
0.004983892
0.008653859
0.01189712
0.01491073
0.0175519
0.01943849
0.02035062
0.02056768
0.02078662
0.02127855
0.02178907
0.02194347
0.02150327
0.02052969
0.01891518
0.01674885
0.01458692
0.01275977
0.01095079
0.008742283
0.006070136
0.003180983
0.0003432517
-0.002465821
-0.005500468
-0.009045741
-0.01317276
-0.01730873
-0.02126495
-0.0248036
-0.02756123
-0.02962548
-0.03124014
-0.03267763
-0.03411405
-0.03556277
-0.0366168
-0.03659907
-0.03543138
-0.03335742
-0.03058623
-0.02760323
-0.02473711
-0.02202195
-0.0195916
-0.01750129
-0.01579734
-0.01438006
-0.01314312
-0.01234137
-0.01212027
-0.01249104
-0.01342333
-0.01472091
-0.01608553
-0.01716339
-0.01787528
-0.01838037
-0.01870758
-0.0188567
-0.01888862
-0.01883383
-0.01851427
-0.01788601
-0.01673487
-0.01482167
-0.01248931
-0.01019681
-0.008218368
-0.006430285
-0.004663308
-0.002987952
-0.001488534
-0.0001028672
0.001500851
0.003445117
0.005491009
0.007605085
0.009774036
0.0115164
0.01264859
0.01354649
0.0145607
0.01550214
0.01601605
0.01597711
0.01541246
0.01463386
0.01380274
0.01271172
0.01102034
0.008840186
0.006536311
0.004441488
0.002669516
0.00126748
1.183562E-05
-0.0008425043
-0.0007543736
6.840396E-05
0.0007627675
0.001053142
0.001088228
0.001044988
0.0009183247
0.0005414947
6.524533E-05
-0.0002228752
-0.0002310286
7.956962E-05
0.0008428499
0.002014875
0.003213743
0.004249104
0.005134333
0.00567066
0.006187871
0.006928265
0.007597522
0.007907283
0.007880715
0.007723301
0.007630866
0.007692252
0.008015776
0.008389892
0.00859543
0.008729654
0.008641646
0.008235821
0.007762245
0.007297414
0.006775195
0.006104638
0.005077625
0.003720766
0.002280693
0.001138349
0.0003349546
-0.0004034334
-0.0008120142
-0.0003918502
0.0008513974
0.002391575
0.003548212
0.004189193
0.004525581
0.004638039
0.004294974
0.003404753
0.002380251
0.001458889
0.0004975884
-0.0006662844
-0.00203292
-0.003314602
-0.003864177
-0.003667644
-0.003425152
-0.003425869
-0.003754852
-0.004242709
-0.00443349
-0.004005322
-0.003162496
-0.002276009
-0.001854413
-0.002193109
-0.00289403
-0.003358698
-0.003496919
-0.003804146
-0.004566417
-0.005541417
-0.006444559
-0.007164485
-0.007996752
-0.009329854
-0.01107696
-0.01275929
-0.01415374
-0.01514453
-0.01600764
-0.01689594
-0.01756686
-0.01783095
-0.01775365
-0.01723296
-0.01616724
-0.01469951
-0.01273616
-0.01069091
-0.008945257
-0.007217538
-0.005477401
-0.003867237
-0.00248048
-0.001408255
-0.000435191
0.0006780195
0.001798894
0.00267422
0.002971461
0.002405522
0.001419181
0.000775198
0.0007436382
0.001095396
0.001713952
0.002652036
0.003876735
0.00523688
0.006595563
0.007851334
0.008756453
0.009194234
0.009619651
0.01037354
0.01103879
0.01149918
0.0119824
0.01214262
0.01152048
0.01018954
0.008598599
0.007057167
0.00534818
0.003219859
0.0009714447
-0.001080954
-0.002845097
-0.004135993
-0.004985182
-0.005462281
-0.005772854
-0.006236882
-0.006911054
-0.007449108
-0.007060619
-0.005752604
-0.004348966
-0.00342849
-0.003124432
-0.003053214
-0.002730686
-0.002197372
-0.001585519
-0.0007759725
0.0001623367
0.00100844
0.001699969
0.00210975
0.002214211
0.002155072
0.002092941
0.001924073
0.00148681
0.0009750781
0.0004949987
0.0002019599
0.0001049849
-9.633908E-05
-0.0006504077
-0.001668705
-0.003027782
-0.004475429
-0.005824888
-0.007040335
-0.008034222
-0.008815607
-0.009473089
-0.01020861
-0.01119773
-0.01221867
-0.01308116
-0.013664
-0.01388558
-0.01385281
-0.01376839
-0.01376274
-0.01388511
-0.01427789
-0.01491213
-0.01578068
-0.0169256
-0.01826966
-0.01966305
-0.02101313
-0.02231437
-0.02360942
-0.02467356
-0.02476858
-0.02377921
-0.02187873
-0.0191182
-0.01590961
-0.01288115
-0.01059644
-0.008871212
-0.007028154
-0.005054918
-0.003085367
-0.001287214
0.000215031
0.001356683
0.002138113
0.002761731
0.003120582
0.00293729
0.002428701
0.002051696
0.002010385
0.002198328
0.002738139
0.003969628
0.005675236
0.007341592
0.008703906
0.009848691
0.01082401
0.01162116
0.01232661
0.01282577
0.01305628
0.01327187
0.0134846
0.01342963
0.01313705
0.01258766
0.01147336
0.00994961
0.008605272
0.007810006
0.007607278
0.00777883
0.008209491
0.008815065
0.009826788
0.0113495
0.01299077
0.01412958
0.01447163
0.01428173
0.01393497
0.01326329
0.01223334
0.01105647
0.009827787
0.008548266
0.007232012
0.005996517
0.005231722
0.005231408
0.005484854
0.005364484
0.004553464
0.003260457
0.002209821
0.001999636
0.002656257
0.003650396
0.00452075
0.004957902
0.004819668
0.004166675
0.003211205
0.001883649
-5.529703E-05
-0.003022543
-0.006440199
-0.009479778
-0.01239494
-0.01517413
-0.01756352
-0.01943307
-0.02067288
-0.02142279
-0.02163441
-0.02126976
-0.02030641
-0.01846888
-0.01586357
-0.01296185
-0.01020029
-0.007899517
-0.006248303
-0.005233288
-0.004368877
-0.003283544
-0.002284851
-0.001598653
-0.001328745
-0.00125976
-0.001074391
-0.0007932845
-0.0005850635
-0.0005318278
-0.0005844494
-0.0006462699
-0.0006603143
-0.0006321193
-0.0005981773
-0.0005871629
-0.0006810289
-0.001075192
-0.001806912
-0.003137323
-0.005279067
-0.008002092
-0.01076294
-0.01306493
-0.01495351
-0.01661488
-0.01794992
-0.01847566
-0.01783709
-0.01580601
-0.01281741
-0.009439617
-0.005813605
-0.002293713
0.00087969
0.003661732
0.005804976
0.007537852
0.009175696
0.01045137
0.01099585
0.01096943
0.01057458
0.009997437
0.009174267
0.008034511
0.006498514
0.004755408
0.003175553
0.001812006
0.0007377157
-3.959266E-05
-0.0006720236
-0.00132166
-0.002068106
-0.003021996
-0.00398521
-0.004563268
-0.004589411
-0.003918452
-0.002679176
-0.001110439
0.0006306114
0.002264313
0.003656213
0.004943265
0.006453829
0.008002008
0.009273109
0.01029586
0.01104076
0.01140568
0.01154052
0.01176557
0.01113442
0.007154051
0.001722692
0.004409967
0.01861472
0.03215
0.03102316
0.01467381
-0.002463788
-0.006312506
0.00347369
0.01598508
0.02154394
0.01907377
0.01297891
0.007723771
0.005379904
0.00554991
0.006769022
0.008329243
0.009529223
0.009308785
0.007315919
0.005107174
0.007094043
0.01622379
0.02478797
0.01996996
1.605322E-05
-0.02275568
-0.03322024
-0.02728693
-0.01051632
0.009676216
0.02891365
0.04007442
0.03410305
0.01201564
-0.01298363
-0.02555218
-0.02108817
-0.007083535
0.005753206
0.01127893
0.009454248
0.003947131
-0.001163912
-0.003225767
-0.00153815
0.002102341
0.004659121
0.00401723
0.0008262235
-0.002153779
-0.00252319
-0.0004495716
0.001210696
9.469796E-05
-0.002853468
-0.004830665
-0.003587509
0.0002469702
0.003626508
0.004090185
0.002347919
0.001194816
0.002017942
0.003644357
0.004526275
0.004316716
0.00362775
0.003018444
0.002155608
0.0002616292
-0.002499598
-0.004841391
-0.005576581
-0.004818873
-0.003648823
-0.003274554
-0.003830401
-0.004343734
-0.003563592
-0.001176227
0.002058783
0.004937033
0.006752371
0.008151353
0.009889352
0.0118934
0.0135875
0.01477706
0.01579518
0.01656846
0.01674676
0.01607449
0.01474053
0.01321539
0.01200139
0.01127591
0.01061298
0.009424198
0.007462574
0.004982987
0.002351432
-2.350257E-05
-0.002053617
-0.00412473
-0.006505997
-0.008720469
-0.010003
-0.01038761
-0.01029429
-0.01000338
-0.009770359
-0.009499102
-0.008777524
-0.007267313
-0.005395366
-0.0036943
-0.002533903
-0.002412309
-0.003356299
-0.004671696
-0.005980322
-0.007275329
-0.008340648
-0.009127887
-0.009686214
-0.00999044
-0.01003045
-0.009658762
-0.008700645
-0.007054151
-0.004992825
-0.002985511
-0.001199466
0.0002208251
0.001464699
0.002668743
0.004016528
0.005403134
0.006808029
0.007789439
0.007561265
0.006251113
0.004397765
0.002555731
0.0009983399
-0.0004549478
-0.001752936
-0.00279123
-0.003573746
-0.004234562
-0.004477755
-0.003831537
-0.002479248
-0.0008627994
0.0005726778
0.001932314
0.003367092
0.004728019
0.005877322
0.006903167
0.007445247
0.007264199
0.006520506
0.005462123
0.003905302
0.002026373
0.0002695327
-0.0015219
-0.003346152
-0.004610099
-0.004978872
-0.00439556
-0.003072328
-0.001366206
0.0008836929
0.00344674
0.005831978
0.008043413
0.01019558
0.01211136
0.0134771
0.01407065
0.01388361
0.0130107
0.0117258
0.0100969
0.007918134
0.005251129
0.002404285
-0.0003600888
-0.002942068
-0.005237383
-0.007249799
-0.008911852
-0.01012669
-0.01111061
-0.01195843
-0.01250394
-0.01267757
-0.01262245
-0.01248492
-0.01196259
-0.01071316
-0.009001474
-0.007323241
-0.005837849
-0.004292647
-0.002850033
-0.001898051
-0.001097103
-0.000235118
0.0001866925
-0.0001020395
-0.0009231611
-0.001771914
-0.002176103
-0.002102797
-0.001905792
-0.002141588
-0.00305661
-0.004169186
-0.004813692
-0.004823692
-0.004523123
-0.004306802
-0.004245642
-0.003952855
-0.00316463
-0.002235045
-0.001518256
-0.0007114488
0.0001954575
0.0008157257
0.0009706035
0.0008348244
0.0006923229
0.0006887714
0.0007039354
0.0004895988
0.00024306
-1.489649E-05
-0.0003095825
-0.0004368986
-0.0001002219
0.0005300412
0.001196211
0.002096896
0.003032183
0.003584323
0.003654922
0.003483535
0.003358193
0.003391494
0.003515592
0.003611889
0.003612991
0.003288943
0.002334957
0.0009293805
-0.0008797664
-0.003013211
-0.00504367
-0.006643406
-0.007870098
-0.008896906
-0.009884502
-0.01107809
-0.01203797
-0.01215945
-0.01145541
-0.01042053
-0.009720283
-0.009271891
-0.008527138
-0.007303962
-0.005571239
-0.00336909
-0.0007919895
0.001561597
0.003416543
0.004881892
0.005971504
0.006948964
0.007945282
0.008853812
0.00961224
0.01005632
0.009986105
0.009422586
0.008817022
0.008556423
0.008822554
0.009345117
0.009473799
0.009132778
0.008707099
0.008521955
0.008602128
0.008770867
0.008832148
0.008528299
0.007688949
0.006649442
0.005991324
0.005943586
0.00643696
0.007151266
0.007617489
0.007687412
0.00771583
0.00782871
0.007755035
0.0073099
0.006624388
0.006107041
0.005976467
0.006114269
0.006240501
0.005978212
0.005073748
0.003930206
0.003223242
0.003220492
0.00379578
0.004265226
0.004136074
0.003637934
0.003246607
0.003138943
0.002946828
0.002269304
0.001237844
-0.0001070829
-0.001782237
-0.003737674
-0.005723039
-0.007424479
-0.008850002
-0.01035506
-0.01186565
-0.01302861
-0.01343895
-0.0130232
-0.01188517
-0.01057029
-0.009713377
-0.009050566
-0.008174226
-0.006863321
-0.005359958
-0.004025665
-0.002972491
-0.00232173
-0.002115879
-0.002276717
-0.002764975
-0.003312137
-0.003594765
-0.003563244
-0.003403477
-0.003228942
-0.002801344
-0.001948983
-0.0009660999
4.87093E-05
0.001346006
0.002625486
0.003336629
0.003388047
0.003137324
0.002975321
0.003035121
0.003208575
0.003331236
0.00324739
0.002782041
0.002154538
0.001754482
0.00172801
0.001915633
0.002076357
0.002226224
0.002594407
0.003081721
0.00352981
0.004011175
0.004569065
0.005222643
0.005777426
0.006049187
0.00606399
0.006108499
0.00650654
0.007109397
0.007523556
0.00758239
0.007564969
0.007868902
0.008516931
0.009341927
0.009988107
0.0102282
0.01001538
0.009409354
0.008790664
0.008379091
0.007868513
0.006760921
0.005043409
0.003583165
0.002874205
0.002593501
0.002430195
0.002463784
0.002851429
0.003337391
0.003764266
0.004222169
0.004762455
0.005403406
0.00608258
0.006578284
0.006529512
0.006113917
0.005759603
0.005526086
0.005195001
0.004810909
0.004376597
0.003824212
0.003335555
0.002758082
0.001777745
0.000613516
-0.0003873468
-0.0009097614
-0.001120302
-0.001446637
-0.001892019
-0.002219404
-0.002326728
-0.002295736
-0.002264447
-0.002321236
-0.002644409
-0.003237164
-0.003814349
-0.004511658
-0.005476762
-0.006273401
-0.00632718
-0.005440955
-0.003956442
-0.002368883
-0.0007823716
0.0009139396
0.002765787
0.004503799
0.005781389
0.006718571
0.007460464
0.00788749
0.007756713
0.006902673
0.00531002
0.003205069
0.0006303484
-0.002390955
-0.005486139
-0.008339217
-0.01083856
-0.0127276
-0.01414462
-0.0152523
-0.01592214
-0.01603226
-0.01533875
-0.01405848
-0.01249635
-0.01085126
-0.009379018
-0.008305358
-0.007227101
-0.005570166
-0.003638415
-0.001863947
-0.0005903505
-5.807806E-05
-8.977126E-06
0.0001968389
0.0006457967
0.0007864919
0.0004613048
1.364056E-05
-0.0003720004
-0.001078985
-0.002207912
-0.003675019
-0.004984165
-0.005586064
-0.00548446
-0.004985688
-0.004075167
-0.002984463
-0.001932314
-0.0008752461
0.0003159557
0.001716502
0.003228857
0.004699897
0.006046429
0.007168774
0.007846827
0.008027089
0.007800309
0.00714676
0.006218094
0.005475947
0.004967386
0.004207534
0.003026646
0.001513908
4.771647E-06
-0.001394933
-0.002538076
-0.003549941
-0.004748696
-0.006381587
-0.008417804
-0.01041035
-0.01218858
-0.01392542
-0.01561232
-0.01733193
-0.01920584
-0.02086512
-0.02211329
-0.02321255
-0.02404361
-0.0244032
-0.02437251
-0.02405252
-0.02334892
-0.02240177
-0.02128982
-0.01978188
-0.01784147
-0.01570378
-0.01364343
-0.01197862
-0.01087957
-0.01003313
-0.009187814
-0.008105986
-0.006811997
-0.005832272
-0.00544786
-0.005109547
-0.004309578
-0.00332035
-0.002171293
-0.0006927859
0.0009510602
0.00250269
0.003909136
0.005419087
0.006908661
0.008149006
0.009191077
0.009976949
0.01046789
0.0111477
0.0121636
0.01302571
0.013269
0.01268951
0.01153678
0.01050903
0.01012135
0.01030389
0.01064564
0.01080306
0.01071398
0.01052926
0.01032891
0.009934775
0.009295165
0.008522406
0.007931828
0.007717767
0.007529507
0.006774079
0.005679724
0.004642224
0.003590988
0.002714264
0.002293891
0.002299461
0.002456017
0.002541444
0.002846972
0.003736354
0.004762003
0.00566931
0.006641825
0.007453599
0.008001044
0.008626104
0.009304204
0.009704485
0.009774197
0.0094433
0.008699059
0.007361279
0.005515837
0.003653499
0.00210604
0.0006796058
-0.0007755194
-0.002282598
-0.003925502
-0.005513906
-0.006456977
-0.006456828
-0.005868026
-0.004868921
-0.003786774
-0.003048061
-0.002300245
-0.001062279
0.0005815082
0.002249748
0.003644248
0.004553905
0.005185228
0.005964023
0.006836485
0.007423458
0.007482626
0.006891952
0.005741825
0.004324496
0.002924779
0.001561796
-2.753384E-05
-0.00189813
-0.003994674
-0.006053322
-0.007857777
-0.009637173
-0.0114339
-0.01294868
-0.01405414
-0.01509187
-0.01601639
-0.01654884
-0.01677729
-0.01722253
-0.01797749
-0.01827023
-0.01766333
-0.01654712
-0.01548776
-0.01476174
-0.01389573
-0.01239419
-0.01048705
-0.008514367
-0.006587599
-0.004839192
-0.003307361
-0.001961093
-0.000855895
0.0001850794
0.001296292
0.002166693
0.002757928
0.003430663
0.00424398
0.004859817
0.005063627
0.00496576
0.004870059
0.005152752
0.005822848
0.006680438
0.007443186
0.008110503
0.008934787
0.009772704
0.01033123
0.01050683
0.01060121
0.01126341
0.01235632
0.01317928
0.01350261
0.01383144
0.01455213
0.01535681
0.0157925
0.01565925
0.01503222
0.01435093
0.01368164
0.01237549
0.01027533
0.008040451
0.00610558
0.004372668
0.002621403
0.000865075
-0.0005425143
-0.001645124
-0.002551425
-0.003152944
-0.003558537
-0.003791223
-0.003705569
-0.003446279
-0.00323322
-0.002922059
-0.002165454
-0.001234275
-0.0009553647
-0.001717007
-0.002928448
-0.003709037
-0.003801938
-0.003799323
-0.004355513
-0.005316879
-0.006120757
-0.006680607
-0.006982717
-0.006782738
-0.00614846
-0.005233587
-0.004198259
-0.003334984
-0.002599536
-0.001756771
-0.0007593105
0.0005229645
0.00197558
0.003463283
0.004561659
0.005100306
0.005558358
0.006325289
0.006890925
0.006478677
0.005400582
0.004378025
0.003536112
0.002614103
0.001439111
0.0002104939
-0.0009301054
-0.002269677
-0.003829286
-0.005236957
-0.00625248
-0.007143508
-0.008241795
-0.009575018
-0.01077478
-0.01136905
-0.01109483
-0.01003108
-0.008838756
-0.008180594
-0.007892884
-0.007325845
-0.00621143
-0.005020464
-0.004310761
-0.003957842
-0.003655834
-0.003377301
-0.003203669
-0.003160597
-0.003208706
-0.003272142
-0.003289434
-0.003243023
-0.003173451
-0.00313094
-0.003027829
-0.002516532
-0.001559364
-0.0006784236
-0.0003069913
-0.0001472733
0.000497507
0.001499125
0.002234707
0.002396414
0.002025612
0.001320051
0.0005429768
-0.0005095101
-0.001925749
-0.003267261
-0.004383438
-0.005457938
-0.006666782
-0.007857306
-0.008608674
-0.00878122
-0.008637622
-0.008461719
-0.00799826
-0.007021646
-0.005620825
-0.003923276
-0.002142378
-0.0002712053
0.001609941
0.003323529
0.005031471
0.006842381
0.008571107
0.0100024
0.010957
0.01163991
0.01254547
0.01378919
0.01487903
0.0153576
0.01527559
0.0150113
0.0148679
0.01482348
0.01446796
0.01358209
0.01245943
0.01134221
0.01032694
0.009388501
0.008284943
0.007116449
0.00597492
0.004781408
0.003431785
0.001927994
0.0004197659
-0.0008059595
-0.001452252
-0.0017358
-0.002282319
-0.003264485
-0.004367088
-0.005303485
-0.006009738
-0.006563079
-0.00690734
-0.006992955
-0.006696643
-0.005906796
-0.0049103
-0.004025172
-0.003195403
-0.002383605
-0.001540491
-0.0005649234
0.0003770435
0.001134034
0.001407095
0.001126759
0.0006739073
0.0003290819
-0.0002687005
-0.001204769
-0.00204915
-0.002782413
-0.003643447
-0.004458021
-0.004908883
-0.005055274
-0.005329907
-0.005839704
-0.006302511
-0.006487251
-0.006339412
-0.005729386
-0.004595711
-0.003282137
-0.00227434
-0.001531303
-0.0008085817
-0.0001939085
0.0001177216
0.0001267159
0.0001333337
0.0003539816
0.0004580077
0.0002785806
1.019278E-05
2.769988E-05
0.0003341229
0.000439546
0.000570063
0.001247553
0.002136629
0.002660591
0.002639457
0.002116707
0.001166464
0.0001650019
-0.0004256333
-0.00073892
-0.001319247
-0.002224759
-0.002979098
-0.003250062
-0.003130875
-0.002880152
-0.00245277
-0.001686388
-0.0008404125
-0.0003476666
-0.0002091614
0.0002541368
0.001239539
0.002161558
0.002532074
0.002309365
0.001552616
0.0003892223
-0.0009629555
-0.002390634
-0.00404817
-0.005866183
-0.007468296
-0.008580984
-0.009561699
-0.01059895
-0.01162995
-0.01239275
-0.01256077
-0.01204195
-0.01105146
-0.009633369
-0.007988154
-0.00631233
-0.004674723
-0.003223829
-0.001757816
-0.0001621543
0.00130841
0.002523741
0.003663761
0.004342798
0.004365497
0.004100754
0.00356451
0.002801257
0.002179823
0.001613472
0.0007259019
-0.0002471141
-0.00124871
-0.002315409
-0.003125263
-0.00363523
-0.004066669
-0.004621253
-0.005292287
-0.005795836
-0.005958396
-0.005875641
-0.005770036
-0.005709475
-0.00550386
-0.005337326
-0.005461129
-0.005747786
-0.005947148
-0.005909809
-0.005547979
-0.005244508
-0.00536961
-0.005765629
-0.006010325
-0.005774318
-0.005364568
-0.004890427
-0.004187929
-0.003391861
-0.002541033
-0.00150399
-0.0001508193
0.001627695
0.003660817
0.005673399
0.007331407
0.008705357
0.009816513
0.01057143
0.01072123
0.01041873
0.01008246
0.009711261
0.008932137
0.00798432
0.007250857
0.006599924
0.005828858
0.005142049
0.004804879
0.004796791
0.004904561
0.004962272
0.005102452
0.00569969
0.006678652
0.007469578
0.007705051
0.007350605
0.006619635
0.005825907
0.005087682
0.004211885
0.003129325
0.002216408
0.00139604
0.0004005961
-0.0008813964
-0.002330013
-0.003775851
-0.005066156
-0.005899478
-0.006577701
-0.007425079
-0.007934064
-0.00783277
-0.007646132
-0.007530627
-0.007119942
-0.00644435
-0.005915506
-0.005716011
-0.005457433
-0.004719645
-0.003645356
-0.002415384
-0.001479614
-0.0009100129
-0.0003300038
0.0002952958
0.0008112345
0.001333547
0.001846083
0.002164949
0.002229565
0.002152357
0.002083614
0.002091655
0.002150415
0.002200999
0.00221113
0.002189893
0.002165238
0.002156372
0.002163361
0.002174844
0.002180814
0.00217931
0.002174565
0.002171449
0.002171641
0.002155547
0.001778874
0.0007682504
-0.0003182738
-0.001041769
-0.001658795
-0.002400275
-0.003213489
-0.004173239
-0.005197286
-0.006067227
-0.006743902
-0.007316036
-0.007919318
-0.008374123
-0.008335587
-0.007757544
-0.006908428
-0.006127894
-0.005706096
-0.005469757
-0.005098336
-0.004450309
-0.003630231
-0.002799041
-0.001902983
-0.001017435
-0.0001708891
0.0008407796
0.002112127
0.003595407
0.005289785
0.006848133
0.007961609
0.008619548
0.00911755
0.009631282
0.01004147
0.01024539
0.01022472
0.00978818
0.008817143
0.007697948
0.00670765
0.005828602
0.005010284
0.003947763
0.00279633
0.002060411
0.001925218
0.00223522
0.002912186
0.003855074
0.004790716
0.005692865
0.006591962
0.007259069
0.007519404
0.007468624
0.00722831
0.00690178
0.006613067
0.006062216
0.005339851
0.004831939
0.004454507
0.003702874
0.002718863
0.001687667
0.0003600541
-0.001221259
-0.002609895
-0.003495388
-0.004192995
-0.004982034
-0.00565692
-0.00597471
-0.005947152
-0.005446065
-0.004356566
-0.002908236
-0.001405598
-0.0002073527
0.0007718646
0.00179858
0.002794933
0.003454222
0.003870921
0.004268267
0.004392708
0.003994113
0.003024464
0.001935091
0.001240129
0.0005957833
-0.0006380693
-0.002318678
-0.004053285
-0.005448016
-0.006404948
-0.007232711
-0.007894282
-0.007739554
-0.006771618
-0.005716151
-0.004738892
-0.003751073
-0.002494256
-0.0008160375
0.0009259454
0.002167122
0.002934609
0.003653141
0.004363656
0.004827707
0.004954862
0.004880391
0.004797087
0.004800755
0.004863515
0.004714521
0.003881449
0.002450204
0.0008011072
-0.0003995223
-0.0010321
-0.00169955
-0.002510044
-0.003116145
-0.00331665
-0.00322897
-0.003097608
-0.003065187
-0.002977035
-0.002429301
-0.001237367
0.0003346911
0.001882277
0.003033858
0.003715603
0.004212372
0.004779147
0.00567043
0.006764115
0.007567008
0.007795908
0.007440915
0.006527918
0.005430778
0.004748379
0.004679823
0.004943198
0.005150151
0.005070067
0.004391839
0.00315814
0.001867012
0.000763097
-3.617447E-05
-0.0004716657
-0.001014452
-0.002039896
-0.00337022
-0.004756924
-0.006075975
-0.007338256
-0.008605689
-0.009874231
-0.01087096
-0.01132574
-0.01131691
-0.0111037
-0.01065717
-0.009783324
-0.008450731
-0.006815196
-0.00494875
-0.003080922
-0.001553371
-0.0006066272
4.521298E-05
0.0008459722
0.001699879
0.00232106
0.002799675
0.003204357
0.003450733
0.003415725
0.002977185
0.002391801
0.001915642
0.001594304
0.001518384
0.001551478
0.001752058
0.0020481
0.002116955
0.001824765
0.001632679
0.001657314
0.00151107
0.0009649927
0.0001428152
-0.0005059805
-0.0008791162
-0.00107065
-0.00112333
-0.00149901
-0.002322727
-0.003099511
-0.00325109
-0.002837712
-0.002572329
-0.002739128
-0.003073142
-0.003095425
-0.002793848
-0.002229391
-0.001384776
-0.0006637871
-0.0003947377
-0.0005086392
-0.000677886
-0.0005086863
-0.0001069208
0.0002729289
0.0007866623
0.001224123
0.001238593
0.0009976565
0.00104986
0.001540687
0.002085619
0.002331079
0.002258338
0.002081613
0.002011973
0.002090613
0.002217033
0.002287167
0.002276603
0.002228111
0.002193853
0.00219387
0.002214796
0.0022333
0.002235246
0.002134904
0.001636511
0.0005870905
-0.0008167059
-0.002174564
-0.003127942
-0.003874201
-0.00469699
-0.005428466
-0.005800642
-0.005690813
-0.005134607
-0.004393996
-0.003660127
-0.003166807
-0.003025605
-0.003110949
-0.003205314
-0.003068717
-0.00258053
-0.002528214
-0.003689216
-0.005301113
-0.006255406
-0.006445266
-0.006682237
-0.007422745
-0.008270626
-0.008732595
-0.00891299
-0.009196167
-0.009400986
-0.008990778
-0.007784573
-0.006082216
-0.004194607
-0.00232333
-0.0006582516
0.0009532233
0.002749268
0.004776904
0.006873058
0.008706986
0.01015416
0.01134174
0.01227263
0.01268941
0.01216011
0.01087155
0.009230526
0.007541472
0.006040297
0.00475308
0.003534234
0.002245786
0.0009055746
-0.000156663
-0.0006327458
-0.0006056224
-0.0004177079
-0.0003410124
-0.0002565099
0.000298611
0.001062849
0.001689275
0.002046624
0.002137462
0.002254359
0.00280749
0.003182964
0.003001805
0.002694828
0.002429804
0.00223196
0.002142036
0.002141145
0.002037224
0.001469035
0.0003040473
-0.001213939
-0.00272809
-0.004069626
-0.005177591
-0.006166382
-0.00730586
-0.008293129
-0.008760224
-0.008730875
-0.008348475
-0.007590804
-0.006639864
-0.005625034
-0.004474226
-0.003374355
-0.002300683
-0.0008950811
0.001041376
0.003084105
0.004761791
0.005995338
0.006830431
0.007247142
0.007341243
0.007342316
0.007594969
0.008146571
0.00848109
0.008401902
0.0080673
0.007647909
0.007325469
0.006961603
0.00646401
0.00582043
0.005186905
0.004822066
0.004725911
0.004454231
0.003645028
0.002623701
0.001983778
0.001917069
0.002162105
0.002360415
0.002353498
0.002212723
0.002094122
0.002090242
0.002161363
0.002232123
0.002250611
0.002235641
0.002226601
0.002224165
0.001963087
0.00107942
-2.245817E-05
-0.000685066
-0.0007465736
-0.0006252022
-0.0007331303
-0.0009714331
-0.001324552
-0.001560333
-0.001487834
-0.001603113
-0.002048323
-0.002306442
-0.002350464
-0.002544604
-0.002890017
-0.003161322
-0.003234401
-0.0031748
-0.003275355
-0.003754327
-0.004508797
-0.005329694
-0.005923393
-0.006541437
-0.00744021
-0.008262995
-0.008604144
-0.008256213
-0.007281407
-0.006165571
-0.005278436
-0.004495418
-0.003745546
-0.003221911
-0.003005333
-0.002718924
-0.001953428
-0.0009550793
-0.0002966297
-0.0001962875
-0.0003723878
-0.0002062644
0.0006625742
0.001801766
0.002509349
0.002688809
0.003110756
0.003935908
0.00449653
0.00467199
0.004641753
0.004250992
0.003397416
0.002502676
0.001885832
0.001160637
0.0001879525
-0.0009435768
-0.002110824
-0.002959888
-0.003522282
-0.004308063
-0.005239012
-0.00586081
-0.005991541
-0.00582214
-0.00552024
-0.005052722
-0.004589285
-0.004349467
-0.004203204
-0.003841929
-0.00337075
-0.003055457
-0.002818189
-0.002237727
-0.001293688
-0.0006734544
-0.0007158273
-0.00089085
-0.0008291557
-0.000585549
-0.0003729126
-0.0003114832
-0.0003700795
-0.0004484116
-0.000476826
-0.0004528329
-0.0004143518
-0.0003948883
-0.0003691173
-8.926225E-05
0.0006994811
0.001722237
0.002441444
0.002857122
0.003253072
0.0037966
0.004101682
0.003671646
0.002773639
0.002097216
0.001975756
0.002173174
0.00205194
0.001214927
7.841479E-05
-0.0006452575
-0.0007151397
-0.0004226611
-0.000181695
-0.0001785454
-0.0002454296
9.602042E-05
0.001022176
0.002027529
0.0025403
0.002490928
0.00221516
0.002055467
0.002109237
0.002174685
0.001796872
0.0008396624
-0.000172747
-0.000760267
-0.001011652
-0.001122624
-0.001616426
-0.002338192
-0.002581762
-0.002100974
-0.001159638
-0.0003635243
2.465559E-05
0.0004148439
0.001158218
0.002098915
0.002983429
0.003541152
0.003817669
0.004175815
0.004765423
0.005409134
0.005615979
0.005324538
0.004749859
0.004255528
0.00430689
0.004744678
0.004767402
0.003842397
0.002610324
0.001916184
0.001953607
0.00232099
0.002379662
0.00183154
0.001274138
0.001374371
0.001959116
0.002465111
0.002593544
0.00265086
0.003215302
0.004217255
0.005033384
0.005281182
0.005096153
0.004907819
0.005278128
0.005899749
0.005960101
0.005644328
0.005362017
0.005130542
0.004985731
0.004933598
0.00469089
0.003936786
0.002911634
0.002203269
0.002068042
0.002289738
0.002450572
0.002079933
0.001054796
-7.802365E-05
-0.0006758737
-0.000634682
-0.0003190807
-0.0001233021
-0.0001745168
-0.0003526607
-0.0004837068
-0.0004932062
-0.0004231558
-0.0003558748
-0.0003384601
-0.0003629925
-0.0003944733
-0.0004070921
-0.0003991573
-0.000384531
-0.0003763107
-0.0003776141
-0.0003834097
-0.0003893564
-0.0004820663
-0.000967266
-0.001924889
-0.002871582
-0.003313713
-0.003238819
-0.003065309
-0.003313273
-0.004019996
-0.004949834
-0.005603985
-0.005557189
-0.005165581
-0.004662308
-0.004060195
-0.00369572
-0.003432211
-0.002729704
-0.001423514
5.655213E-05
0.001278959
0.002354563
0.003324944
0.004300218
0.005325237
0.006235698
0.006969796
0.00730962
0.007044264
0.006477469
0.00596368
0.005498215
0.005123574
0.004807293
0.00422638
0.003282522
0.00241351
0.002031564
0.002121278
0.002379467
0.002521228
0.002479415
0.002506075
0.003040759
0.004076616
0.004991764
0.005324447
0.005160379
0.004867873
0.004393498
0.00348778
0.002553415
0.001737668
0.0007915925
-5.190964E-05
-0.0006559321
-0.001345585
-0.002227666
-0.002949892
-0.003400734
-0.003798083
-0.004156075
-0.0045498
-0.005099887
-0.005420072
-0.005135213
-0.004533627
-0.003922643
-0.003369706
-0.003022417
-0.002938863
-0.003007773
-0.003071957
-0.003056656
-0.002988296
-0.002961883
-0.003216534
-0.003822893
-0.004627527
-0.005388405
-0.005809368
-0.005842583
-0.005694953
-0.005597485
-0.005632292
-0.005737184
-0.005814492
-0.005821124
-0.005780731
-0.005741058
-0.005730058
-0.005743771
-0.005761968
-0.005737873
-0.005466352
-0.004876962
-0.004150723
-0.003674336
-0.003504021
-0.003389298
-0.003242885
-0.003111457
-0.003044011
-0.002988187
-0.002693898
-0.002168477
-0.00173505
-0.001602172
-0.001751551
-0.002095466
-0.002120771
-0.002024111
-0.002291065
-0.002788708
-0.003145733
-0.003203707
-0.003025065
-0.00253614
-0.001700662
-0.001044694
-0.0007730803
-0.0006548507
-0.0005490368
-0.0004444988
-0.0003717238
-0.0004325367
-0.0009194169
-0.001890266
-0.002926811
-0.003742125
-0.004295959
-0.004899472
-0.005885012
-0.007181136
-0.008243898
-0.008658286
-0.008533265
-0.008275107
-0.008184079
-0.008119126
-0.007414023
-0.005877368
-0.004027779
-0.00250278
-0.001645065
-0.001108591
-0.0003878071
0.0005238326
0.001470828
0.002179829
0.002455188
0.002386619
0.002098373
0.001587296
0.0009574186
0.0002932617
-0.0001989865
-0.0003780954
-0.0003246573
-0.0002281713
-0.000213115
-0.0002782048
-0.0003531569
-0.000382628
-0.0003639342
-0.0003243423
-0.0001716303
0.0002614657
0.0009221107
0.001687987
0.002269033
0.002476698
0.002521064
0.002688589
0.002900566
0.00335695
0.004016438
0.004142289
0.003427058
0.00248915
0.002008347
0.002080858
0.002025626
0.00120863
8.776813E-05
-0.0005943723
-0.000624926
-0.0003203306
-8.993285E-05
-0.0001020192
-0.0002643111
-0.0003945699
-0.0002374464
0.0003108214
0.0008982515
0.001181119
0.001314416
0.001647735
0.001924458
0.001906164
0.001925501
0.00211851
0.002346024
0.002459372
0.002470661
0.002681035
0.003420119
0.004456551
0.005187369
0.005336276
0.005113838
0.004891731
0.004869939
0.005004148
0.005142866
0.005186396
0.005081238
0.004501721
0.003408087
0.002405431
0.001753938
0.001129315
0.0004009097
-0.0001688285
-0.0003855439
-0.0003294372
-0.0001855327
5.356868E-05
0.0002594855
0.0004390412
0.0009640381
0.001832917
0.002835491
0.003887918
0.004842566
0.005865373
0.006924112
0.007681261
0.008145056
0.008245904
0.007981633
0.007554916
0.00679909
0.00580569
0.004983696
0.00414985
0.003085683
0.001697762
0.0003171125
-0.0005320196
-0.0009382619
-0.001218358
-0.0014601
-0.001572482
-0.001305257
-0.0007313336
-0.0002557563
-0.0001207562
-0.0001635301
-2.689033E-05
0.0001882539
0.000382834
0.0003306589
8.593953E-06
-0.0003157408
-0.0004361027
-0.000367077
-0.0002517363
-0.0002044488
-0.0002388431
-0.0003018346
-0.0004264178
-0.0008225075
-0.001381411
-0.001765908
-0.001831353
-0.001700258
-0.00149151
-0.001170779
-0.0009761437
-0.0009334254
-0.001018105
-0.001037009
-0.00112342
-0.001241198
-0.001042727
-0.0005846924
-0.0002137587
-0.0001247382
-0.0002408489
-0.0003673398
-0.000258406
0.0003710115
0.001302397
0.00189621
0.002115678
0.00218834
0.002246067
0.002317679
0.002384184
0.002423644
0.002432341
0.002417574
0.002263483
0.001791492
0.001089597
0.0003181191
-0.0002412765
-0.0004175434
-0.0005100761
-0.001072667
-0.002086589
-0.002777454
-0.002599262
-0.002085061
-0.001868402
-0.00166063
-0.001121418
-0.0005014315
-0.0001628655
-0.000167836
-0.0003216429
-0.0004157465
-0.0003845871
-0.0002914886
-0.0002430747
-0.0006048362
-0.001615392
-0.002677042
-0.003000856
-0.002443234
-0.001855793
-0.001953293
-0.002545207
-0.003058412
-0.003148063
-0.002746671
-0.002268238
-0.002180886
-0.002077031
-0.001667501
-0.001347858
-0.001372922
-0.001803805
-0.00246254
-0.002945216
-0.003048706
-0.002898384
-0.002773271
-0.003047405
-0.003905442
-0.004804739
-0.005246054
-0.005359754
-0.00537515
-0.005411761
-0.005483797
-0.005451248
-0.004836865
-0.003723974
-0.002735693
-0.001860819
-0.0009499542
1.390926E-05
0.001076971
0.002053309
0.002895707
0.003794715
0.004642337
0.005137071
0.005215751
0.005031686
0.004546279
0.003732775
0.003098687
0.002839779
0.002644761
0.002144973
0.001374497
0.0005204287
-0.0001236609
-0.0003595782
-0.0002809935
-0.0001361108
-9.829346E-05
-0.0001734486
-0.0001873534
0.0002329311
0.001199735
0.002206531
0.002784315
0.003095998
0.003452102
0.003988621
0.004297575
0.004146105
0.003712559
0.003123346
0.002588903
0.002075025
0.00121793
0.0002365618
-0.0005052411
-0.001169873
-0.00196704
-0.002671471
-0.002882272
-0.002435413
-0.001620869
-0.0007770773
-0.0002405996
8.805428E-06
0.0004595752
0.001337938
0.002359319
0.003398745
0.004406341
0.005255438
0.006094432
0.006799057
0.006949708
0.006644685
0.006312465
0.006220755
0.006173
0.005850031
0.005379088
0.004872221
0.004127128
0.003191815
0.002497851
0.002295468
0.002438605
0.00261795
0.002646458
0.002541793
0.002485036
0.002957238
0.004053703
0.00509179
0.00553373
0.005646927
0.006059776
0.006696905
0.007195602
0.007495607
0.007448285
0.007227569
0.007221341
0.007252425
0.007019757
0.006595075
0.006080725
0.005878028
0.006348677
0.006963991
0.007036099
0.006486787
0.006146154
0.00629608
0.006289688
0.005839331
0.005284441
0.004999299
0.005037059
0.005204645
0.005303589
0.005276353
0.005187908
0.005127482
0.005218871
0.005741262
0.006643272
0.007194768
0.007036077
0.006454985
0.005750176
0.005222459
0.005052855
0.00498169
0.004348159
0.003249379
0.002387128
0.001984841
0.001433876
0.0005743198
-0.0001445655
-0.00040225
-0.0002896883
-0.0001022637
-4.612216E-05
-0.0001349179
-0.0003866445
-0.000758186
-0.0008539526
-0.0008437546
-0.00138063
-0.00232569
-0.003043513
-0.003342005
-0.003730099
-0.004538726
-0.00538924
-0.006002263
-0.006648738
-0.007477016
-0.008165204
-0.008439533
-0.008367608
-0.008209263
-0.008148037
-0.008024092
-0.00759245
-0.0068821
-0.006094687
-0.00552562
-0.004914175
-0.003993722
-0.00314037
-0.002722053
-0.002560763
-0.002500211
-0.002630589
-0.002849293
-0.002981452
-0.002973692
-0.002897792
-0.002846525
-0.002854661
-0.002896361
-0.002933236
-0.00300753
-0.003272144
-0.003470465
-0.003332546
-0.003011833
-0.002789021
-0.002774336
-0.002882818
-0.00297556
-0.002984469
-0.0029331
-0.002881425
-0.002866438
-0.002883945
-0.002907944
-0.002918271
-0.002911
-0.002812862
-0.002322443
-0.001345486
-0.0003889079
5.08954E-05
9.960156E-05
0.0004030052
0.00113351
0.00177558
0.002170965
0.00237331
0.002440377
0.002437029
0.002293535
0.001852439
0.001314066
0.000991614
0.0008009422
0.0004407974
-4.159861E-06
-0.000273632
-0.0002927579
-0.0001985346
-0.0001560985
-0.0002050714
-0.0002856934
-0.0003319415
-0.0003267387
-0.000296071
-0.0002731604
-0.0002716589
-0.0002839027
-0.0002952553
-0.000297613
-0.0002926882
-0.0003160533
-0.0005321993
-0.0007975608
-0.0007612007
-0.0005272851
-0.0006038906
-0.001061034
-0.001374308
-0.001577992
-0.001547457
-0.001376865
-0.001639938
-0.002307539
-0.002680857
-0.002599837
-0.00219836
-0.001634297
-0.0009898396
-0.0004558962
-0.0002171873
-0.0002298843
-0.0003223015
-0.0002396167
0.0003808209
0.00148725
0.002458016
0.00281859
0.002653167
0.002365233
0.002262046
0.002372222
0.00254297
0.00263079
0.002588423
0.002136544
0.001075768
-9.6742E-06
-0.0006842384
-0.000905924
-0.0008277464
-0.001090519
-0.001898141
-0.002580955
-0.002702754
-0.002632601
-0.002673
-0.002828103
-0.002974542
-0.003033119
-0.003028426
-0.003022404
-0.003037748
-0.003012315
-0.002714426
-0.002128615
-0.001379725
-0.0007160131
-0.0002944708
0.0003131965
0.001222753
0.001969181
0.002222573
0.002069475
0.001829275
0.001736668
0.001793154
0.001882837
0.001917832
0.001882661
0.0017982
0.001583504
0.00109366
0.0005305942
7.579945E-05
-0.0003870806
-0.0008153204
-0.001067319
-0.001132887
-0.001108497
-0.00109958
-0.001154177
-0.001228304
-0.001090365
-0.0004240372
0.0006071594
0.00141473
0.001988374
0.002757593
0.003562027
0.00420789
0.004951648
0.005853775
0.006500245
0.006449143
0.005762042
0.004842116
0.004074743
0.003740569
0.003747204
0.003557422
0.002753086
0.00166972
0.0009626576
0.0008167357
0.0006904091
7.456846E-05
-0.0006532914
-0.001133563
-0.001384318
-0.001473599
-0.001400107
-0.001108162
-0.0009588971
-0.001162205
-0.001503392
-0.001791177
-0.00216844
-0.002607471
-0.00290423
-0.002958463
-0.002853542
-0.002627049
-0.002434923
-0.002806576
-0.00336396
-0.003154609
-0.002224528
-0.001216112
-0.0003483242
0.0004419913
0.001027431
0.001441218
0.001909621
0.002538818
0.003295257
0.003686106
0.003360168
0.002707289
0.002283546
0.002098711
0.001823987
0.001467681
0.001173411
0.0008395253
0.0003955591
0.000225867
0.0005616557
0.001074433
0.001344601
0.001301037
0.001331805
0.001763819
0.002642327
0.003797219
0.004809713
0.00548289
0.005622819
0.00526926
0.004883272
0.005030438
0.005678385
0.006281132
0.006468952
0.006304378
0.006068316
0.005953856
0.005893356
0.005495578
0.004585372
0.003601764
0.003076001
0.003084257
0.003303913
0.003415655
0.003340107
0.003187439
0.00309023
0.003083132
0.003109285
0.003118011
0.003102076
0.003079126
0.003065967
0.003066244
0.003073196
0.00306916
0.002863995
0.002141549
0.001070129
0.0002578853
-0.0001519891
-0.0006459302
-0.001462981
-0.002231736
-0.002582556
-0.002558707
-0.002650958
-0.0032813
-0.003849622
-0.003593645
-0.002800142
-0.002183518
-0.00205262
-0.002034287
-0.001693132
-0.0009960271
-0.0004118595
-0.0001307342
2.112593E-05
0.0001853366
0.0005302822
0.0007963154
0.0007012286
0.0003953437
0.000169455
0.0001480908
0.0002548564
0.0003466746
0.0003401805
0.0002777849
0.0002363396
0.0002376162
0.000329354
0.000626593
0.0008731183
0.0009884219
0.000834471
0.0005394928
0.0006751207
0.001416883
0.00203684
0.002129421
0.001996504
0.001878526
0.001932894
0.002036537
0.002129722
0.001849675
0.001033454
3.406087E-05
-0.0009305559
-0.001815463
-0.002427306
-0.002783002
-0.00331736
-0.004220457
-0.005088506
-0.005488708
-0.005248355
-0.004691975
-0.004349902
-0.004174324
-0.004060788
-0.003979599
-0.003747648
-0.003207113
-0.002636453
-0.002354903
-0.002391538
-0.00255021
-0.002638219
-0.002603769
-0.002545044
-0.00271952
-0.003003986
-0.00299863
-0.00271936
-0.002447013
-0.002378435
-0.002508172
-0.002850457
-0.003170924
-0.003143328
-0.003026871
-0.00300079
-0.002881892
-0.002716588
-0.002829571
-0.003048016
-0.003017799
-0.002771641
-0.002544027
-0.002478815
-0.002500404
-0.002299033
-0.001832899
-0.001457092
-0.001564388
-0.001915489
-0.00219292
-0.00220804
-0.00218563
-0.002343119
-0.002586593
-0.002744881
-0.002761494
-0.002699376
-0.002647465
-0.002645881
-0.002678194
-0.002707985
-0.002712739
-0.002617983
-0.002329777
-0.0021776
-0.002211598
-0.001940835
-0.001147826
-0.0002749444
0.0004310356
0.001269402
0.002128558
0.00264078
0.002717593
0.002699096
0.003011762
0.003445313
0.003599881
0.003636899
0.003714698
0.003651902
0.003246285
0.002744778
0.002455963
0.002100296
0.001238877
0.0002553938
-0.0002852429
-0.0002866687
-0.0002086989
-0.0003612734
-0.0006162439
-0.0009803266
-0.00128454
-0.001186282
-0.0006436188
-7.918244E-05
0.0001495242
7.704407E-05
9.976156E-05
0.0002758209
0.0002904274
0.0001070562
-6.170189E-05
8.271658E-05
0.0004193621
0.0007026481
0.0009717811
0.001181348
0.001257877
0.001228446
0.001179386
0.00122364
0.001537729
0.001814481
0.001711892
0.001371398
0.001059627
0.0007591478
0.000598344
0.0005033271
0.0002956437
4.494013E-05
-0.0001074628
-0.0001231093
-6.795453E-05
-2.506761E-05
-2.850777E-05
-6.047061E-05
-8.718712E-05
-9.13653E-05
-7.878916E-05
-6.5036E-05
-6.029272E-05
-6.175131E-05
4.143065E-05
0.0004725
0.001054132
0.001289213
0.0008663319
0.0001468456
-0.0003107755
-0.0003186534
-8.874243E-05
-3.841071E-05
-0.0004719471
-0.001247593
-0.001968729
-0.002230743
-0.002132086
-0.001906509
-0.001829524
-0.001751703
-0.001411424
-0.0009234195
-0.0006249624
-0.0004156268
-0.0002305953
-0.0001071618
-6.517539E-05
-7.387807E-05
-8.790212E-05
-8.410047E-05
-6.717469E-05
-5.26946E-05
-4.957189E-05
-2.377057E-05
0.0002364363
0.000785585
0.001326992
0.001777523
0.002210273
0.002530709
0.002655179
0.002632966
0.002550893
0.002325522
0.002071648
0.001875477
0.00140229
0.0006264655
-2.196384E-05
-0.0002432695
-0.0001724095
-0.0003016297
-0.0007850966
-0.00134526
-0.001840512
-0.001956855
-0.001378492
-0.0005020121
-0.0001427097
-0.0003025241
-0.0004574387
-0.0003751525
-0.0001580646
1.013897E-05
0.0001320308
0.0003855267
0.0005040331
0.0003051958
-7.484381E-06
-0.000181674
-0.0001579085
-4.4664E-05
3.000323E-05
2.122382E-05
-3.918566E-05
-0.0002110929
-0.0005136618
-0.0005865846
-0.0002073475
0.0004275296
0.0008056291
0.0008167662
0.0004785824
0.0001744958
0.0005097863
0.001528033
0.002403574
0.00254598
0.00252869
0.002946035
0.003601708
0.003877542
0.003465298
0.002790198
0.002395074
0.002415434
0.002445011
0.001902451
0.0008363508
-0.0002727147
-0.001297765
-0.002167112
-0.002664424
-0.002757431
-0.002650939
-0.002575492
-0.002617634
-0.002721922
-0.0027967
-0.002801989
-0.00273263
-0.002475389
-0.002200882
-0.002253173
-0.002559641
-0.002827281
-0.002889285
-0.002794014
-0.002683986
-0.002652163
-0.002693871
-0.002750668
-0.002775573
-0.002763279
-0.002737467
-0.002722054
-0.002723757
-0.002729599
-0.002710846
-0.002669005
-0.002633283
-0.002622136
-0.002630369
-0.002643517
-0.002735976
-0.003049881
-0.003256003
-0.003199317
-0.003355778
-0.004015436
-0.004677965
-0.004959083
-0.00469623
-0.004044622
-0.003267783
-0.002725674
-0.002594179
-0.002733058
-0.002877264
-0.002750886
-0.002078004
-0.0009800461
-6.138496E-05
0.0002625016
0.000277423
0.0006873921
0.0016447
0.002568134
0.002966849
0.00303125
0.003258036
0.003851145
0.00470299
0.005368716
0.005574945
0.005436485
0.005246882
0.005199074
0.005289373
0.005404812
0.005422737
0.005130565
0.004527567
0.003987685
0.003763889
0.003619256
0.003276571
0.002863912
0.002616709
0.002545437
0.002324491
0.001906579
0.001733935
0.001783555
0.00173876
0.001557832
0.001431062
0.001676629
0.00224476
0.00272971
0.002874095
0.002750394
0.002587558
0.002540845
0.002609124
0.002701675
0.00274335
0.002724827
0.002683859
0.002659202
0.002664368
0.00277783
0.003060869
0.003176029
0.002987472
0.002704949
0.002556597
0.002586902
0.002692427
0.002752837
0.002593755
0.001946023
0.0009048769
3.426823E-05
-0.0002677159
-0.0001066606
0.0001457484
0.0002233379
0.0001227659
0.0001426662
0.0003746291
0.0004338352
0.0002414865
0.0001743727
0.0005610871
0.001307207
0.001987528
0.002245767
0.002052736
0.001374443
0.0006754782
0.0003178036
-2.152046E-05
-0.0003639141
-0.0003921777
-0.0001821157
-0.000169861
-0.0004398351
-0.0009871396
-0.001776089
-0.002178633
-0.001904291
-0.001406478
-0.001396324
-0.001975035
-0.002623491
-0.002899618
-0.00274211
-0.002268324
-0.001967969
-0.002157564
-0.002590101
-0.0028002
-0.002436762
-0.001739008
-0.001233648
-0.001156706
-0.001354089
-0.001543109
-0.001569044
-0.001379379
-0.0008749541
-0.0003918055
-0.0003463165
-0.000575224
-0.000822707
-0.0007246167
-0.0003145094
5.689987E-05
3.601812E-05
-0.0003909038
-0.0007761725
-0.0008889176
-0.0007653586
-0.0006265035
-0.0003856088
-0.0001106745
4.646455E-05
4.867661E-05
-2.148747E-05
-6.698491E-05
-5.372831E-05
-9.240352E-06
2.396984E-05
2.710114E-05
1.013743E-05
-6.491005E-06
-1.082869E-05
-4.601624E-06
3.511792E-06
-2.453164E-05
-0.0002615201
-0.0005808619
-0.0008447581
-0.001327697
-0.001846008
-0.00218914
-0.002430893
-0.002590935
-0.002712658
-0.00298671
-0.003203979
-0.003100057
-0.00281235
-0.002623502
-0.002643372
-0.002774006
-0.002871122
-0.002870489
-0.002638319
-0.001809394
-0.0006698763
8.715683E-05
0.0001988857
3.301934E-05
0.0001237717
0.0003175098
0.0003145318
0.0001430533
-1.898847E-05
-7.212172E-05
-0.0001706576
-0.0005760764
-0.001135237
-0.001626801
-0.002098435
-0.002492701
-0.002696382
-0.002847184
-0.003390732
-0.004402163
-0.005312842
-0.005665071
-0.005523714
-0.005258424
-0.005147692
-0.005056085
-0.004873053
-0.004715477
-0.004277924
-0.003489705
-0.002942927
-0.002918187
-0.002763971
-0.001962998
-0.000979799
-0.0004002326
-0.0001840321
-0.0001400076
-0.000127751
-5.840147E-05
0.00025051
0.000811918
0.001334147
0.001736865
0.001943367
0.002013401
0.001967449
0.002005137
0.002287397
0.002614579
0.00271069
0.002291868
0.001299843
0.0002362976
-0.000298122
-0.0002736729
-0.0003408176
-0.001051345
-0.002114582
-0.002852355
-0.002979736
-0.002732701
-0.002668683
-0.003420823
-0.004685158
-0.005511875
-0.005196904
-0.004004014
-0.003031282
-0.002712144
-0.00278864
-0.002916235
-0.002913954
-0.002795511
-0.002668113
-0.00261273
-0.002632911
-0.002680511
-0.002709149
-0.002705716
-0.00268576
-0.002670404
-0.00266882
-0.002676438
-0.00268389
-0.002685704
-0.002673934
-0.002478504
-0.001793821
-0.0007519411
5.414003E-05
0.0002882604
0.0002883163
0.0005811682
0.001272355
0.002142912
0.002580212
0.002207511
0.001256742
0.000277213
-0.0002133516
-0.0001585616
0.0001143674
0.0002700769
0.0002108441
4.92512E-05
-6.340791E-05
-3.805568E-05
0.0002734276
0.0008752564
0.001629067
0.002342678
0.002749484
0.002846095
0.0030845
0.003816002
0.004515741
0.004615526
0.004198886
0.003513966
0.00288199
0.002592334
0.002590026
0.002371319
0.001559824
0.000507594
-0.0001573443
-0.0002276363
2.891334E-05
0.0002391691
0.0002357174
8.887672E-05
-0.0001246378
-0.0004435453
-0.000561766
-0.0004183612
-0.0003948817
-0.0004885114
-0.0008043664
-0.001512699
-0.002303838
-0.002737659
-0.002729129
-0.002522119
-0.002389376
-0.002423326
-0.002539731
-0.002502269
-0.00221256
-0.002064639
-0.002237196
-0.002533268
-0.002847927
-0.003426485
-0.00432454
-0.005120452
-0.005453871
-0.005512768
-0.005924003
-0.00669848
-0.006960524
-0.006327797
-0.005408781
-0.004900459
-0.004787123
-0.004609539
-0.004112042
-0.003329566
-0.002657549
-0.002395361
-0.00248554
-0.00266536
-0.002732713
-0.002664542
-0.002556189
-0.002499425
-0.002513954
-0.002560534
-0.002592557
-0.002534123
-0.002019326
-0.0009783838
-2.800083E-05
0.000334815
0.000175807
-0.0001108405
-0.0002184629
-0.0001143241
2.346642E-05
-0.000166164
-0.0009486784
-0.002006296
-0.002714405
-0.002885242
-0.00315363
-0.00399451
-0.00496783
-0.005495123
-0.005373457
-0.004464777
-0.003184519
-0.002332225
-0.002175583
-0.002192119
-0.001886259
-0.001126539
-0.0002384544
0.0002945373
0.000337311
0.0001247823
-3.998385E-05
-2.907869E-05
9.255711E-05
0.0001975523
0.0002180783
0.0001735094
0.0001222829
0.0001021314
2.740181E-05
-0.0002613933
-0.00043148
-0.0002529828
7.411006E-05
0.0002734272
0.0002612504
5.212406E-05
-0.0005209551
-0.001479392
-0.002371354
-0.002764178
-0.002670838
-0.002412223
-0.002297127
-0.002391122
-0.002549386
-0.002370129
-0.001461769
-0.0002889988
0.0004116759
0.0004351164
0.0001170205
-0.000116128
-9.365296E-05
8.286127E-05
0.0002301181
0.000254937
0.0001887935
0.0001213149
0.0002375376
0.0008499861
0.001602397
0.001566324
0.0007764472
-6.773864E-06
-0.0002595506
-4.461518E-05
0.000271652
0.0005707942
0.0009543033
0.001132686
0.0008306464
0.0006601312
0.001144072
0.001706992
0.001843876
0.001440811
0.0006845523
7.994237E-05
8.108378E-05
0.0005323623
0.0007579756
0.0005535471
0.0001899828
-2.366301E-05
-5.23084E-06
0.0001279438
0.0002549706
0.0004754055
0.0007106371
0.0008991925
0.001378824
0.002133783
0.002550023
0.00243684
0.002065931
0.001641196
0.001351181
0.001079685
0.0006735358
0.0002839692
9.274014E-05
0.0001028883
0.000133318
-0.0002123298
-0.001132128
-0.002186063
-0.002773786
-0.002754097
-0.00246173
-0.002284951
-0.002345298
-0.002522133
-0.002647589
-0.00265396
-0.002585429
-0.002522011
-0.002457683
-0.0021691
-0.001608286
-0.0008532196
-0.0001459423
0.0002216241
0.000224745
7.590892E-05
-9.362814E-06
3.322456E-05
0.0001352911
0.0002043942
0.0002052579
0.0001685485
0.0003081591
0.001078498
0.002222655
0.003018843
0.003155827
0.002975358
0.003207086
0.004145442
0.005162681
0.005295059
0.004316012
0.003038239
0.002226882
0.001860144
0.001583187
0.001076445
0.0003327159
-0.0006463047
-0.001716675
-0.002473107
-0.002685697
-0.002511503
-0.002301705
-0.002278662
-0.00240029
-0.002519096
-0.002547832
-0.002500092
-0.002439576
-0.002413826
-0.002421178
-0.002308328
-0.001759089
-0.0007949252
5.924925E-05
0.0003889736
0.0002686992
0.0002302723
0.0008471997
0.001985222
0.002918416
0.003197512
0.002972576
0.00267384
0.002589572
0.002717029
0.002879333
0.002773178
0.002251094
0.001647055
0.001155724
0.0006800312
0.0003039935
0.0001489422
0.0003694924
0.001159672
0.00223595
0.002973015
0.003102046
0.002858896
0.002693991
0.003199168
0.004411456
0.005539724
0.005964138
0.005756495
0.005392915
0.005246386
0.005346156
0.0055089
0.005581945
0.005543396
0.005462477
0.005380426
0.005117803
0.0045846
0.003872128
0.003129757
0.002407047
0.001543105
0.0006471401
7.355749E-05
-4.978345E-05
8.616279E-05
0.0002119418
0.0002003537
9.512428E-05
5.22734E-05
0.0003457958
0.0009746479
0.001786331
0.00250277
0.002844769
0.002820205
0.002662369
0.00258571
0.002641124
0.002749194
0.002762138
0.002369561
0.00143309
0.0003982934
-0.0001651106
-0.0002190754
-0.0004054549
-0.001117293
-0.001853198
-0.002312542
-0.002527809
-0.002581935
-0.002571879
-0.00257168
-0.002602683
-0.002644321
-0.002669282
-0.00266903
-0.002654659
-0.002642141
-0.002633397
-0.002616277
-0.002609173
-0.002624088
-0.002638143
-0.002536751
-0.002124649
-0.001570895
-0.0011389
-0.0008062686
-0.0008539126
-0.00142232
-0.001898636
-0.001986204
-0.002048194
-0.002279251
-0.002541132
-0.002667983
-0.002661447
-0.002614875
-0.002840342
-0.003709748
-0.004693595
-0.005056527
-0.00484957
-0.004335945
-0.003746556
-0.003142198
-0.002687536
-0.002516546
-0.002557658
-0.002513522
-0.002091088
-0.001363418
-0.0005374433
6.572443E-05
0.0002619764
0.0001632399
1.951884E-05
-7.598485E-06
7.713802E-05
0.0001778726
0.0002190262
0.0001862414
-6.316432E-05
-0.000781238
-0.001784397
-0.00251237
-0.002682168
-0.002479808
-0.002263309
-0.002244995
-0.00255848
-0.003022769
-0.003102817
-0.002772478
-0.002394279
-0.002247817
-0.002334433
-0.002477044
-0.002357648
-0.001655786
-0.0005772738
0.0002353638
0.0004362711
0.000196637
-9.563994E-05
-0.0001495936
0.0002624735
0.001190457
0.002062698
0.002406056
0.00222658
0.001730843
0.001321825
0.001233022
0.00138426
0.001553342
0.001594441
0.001503091
0.001370103
0.001293288
0.001299162
0.001346565
0.001413458
0.001681264
0.002211437
0.002701816
0.002896379
0.002822659
0.002679101
0.002623397
0.002674965
0.002759631
0.002804791
0.002793982
0.002753616
0.002703859
0.002661797
0.002647217
0.002675111
0.002673747
0.002427575
0.002188047
0.002165712
0.001864237
0.001263902
0.000656561
0.0002625911
0.0003442099
0.0006407333
0.0008736332
0.0008602647
0.0008431544
0.001320514
0.002171514
0.002832831
0.002999489
0.002815458
0.002603825
0.002560181
0.002664536
0.002788028
0.002835192
0.002802736
0.002746035
0.002713898
0.002638226
0.002372364
0.002219915
0.002387223
0.002607676
0.002500209
0.002317652
0.002293582
0.002151897
0.001710782
0.000974508
0.0002598079
-8.875544E-05
-5.438126E-05
0.0001235332
0.0002148447
7.877012E-05
-0.0004889926
-0.00138269
-0.002029148
-0.00230743
-0.002384242
-0.002410344
-0.002580184
-0.003063454
-0.003513417
-0.003424796
-0.003037292
-0.002889863
-0.002878141
-0.002795977
-0.002650539
-0.002407158
-0.001806688
-0.0008366212
2.045693E-05
0.0003631126
0.000249506
1.590342E-05
-7.252911E-05
1.680563E-05
0.0001344257
0.0002115662
0.0001944853
0.0001344503
9.303666E-05
8.412614E-05
-8.593721E-05
-0.0005945897
-0.001315289
-0.002054202
-0.002531889
-0.002641549
-0.002530007
-0.002410329
-0.002221078
-0.001623617
-0.0006614821
0.00012534
0.0003902718
0.0004258262
0.0008852017
0.001868158
0.002767855
0.003107236
0.002968291
0.002718736
0.002629771
0.002735909
0.00305456
0.00338062
0.003354659
0.00304617
0.002762053
0.00268723
0.002781488
0.002898216
0.002906868
0.002589724
0.001770886
0.000745313
8.17374E-05
3.072187E-06
0.0002584214
0.0004731525
0.0004746668
0.0003734865
0.0004779923
0.0007242931
0.0008546233
0.001221732
0.001754955
0.001959471
0.001585539
0.001079466
0.0007524125
0.0005718252
0.0005033922
0.0005015959
0.0005104075
0.0004977541
0.0004676964
0.0004416066
0.0004335457
0.0004447441
0.0004794663
0.0005251167
0.0005550601
0.0004969444
0.0002065571
-7.181188E-05
-0.0002937171
-0.0005164168
-0.0006797804
-0.0007368551
-0.0007155572
-0.0005949167
-0.0001970195
0.0003528214
0.0007287121
0.0008124859
0.0007233404
0.0006362548
0.0006438588
0.0007377088
0.0008405207
0.0008854042
0.0008756952
0.0008653373
0.000882111
0.000921178
0.0009724742
0.001013568
0.001037056
0.001060458
0.001086569
0.001113396
0.001148632
0.001191861
0.001240137
0.001277017
0.001289816
0.001292501
0.00131239
0.001346026
0.001379686
0.001414858
0.001453898
0.001497993
0.001544506
0.00159142
0.001635012
0.001676458
0.001704609
0.001724001
0.001750678
0.001768787
0.001599862
0.0009633171
1.645875E-05
-0.0006783688
-0.0008413848
-0.0008155729
-0.001228193
-0.00214067
-0.002975728
-0.003274877
-0.003092135
-0.002794982
-0.002669603
-0.002732628
-0.00283981
-0.00287788
-0.00283275
-0.002744632
-0.002663179
-0.002623967
-0.002625349
-0.002639765
-0.00264247
-0.002624493
-0.002580459
-0.002524911
-0.002489032
-0.002494984
-0.002513341
-0.002506279
-0.002475139
-0.002442709
-0.002424861
-0.002420639
-0.002419703
-0.00241368
-0.002401425
-0.00238686
-0.002373976
-0.002363758
-0.002349105
-0.002314097
-0.002275028
-0.002267578
-0.002283543
-0.002168797
-0.001634706
-0.0008311942
-0.0002933737
-5.74561E-05
4.721981E-05
0.0001146961
0.0001720704
0.0002186111
0.0002482748
0.0002600823
0.0002597233
0.0002555696
0.0002535881
0.0002551817
0.0002585372
0.0002607687
0.0002497949
0.00021742
0.0001935199
0.0003687963
0.0008444596
0.001331807
0.001573597
0.001729026
0.002022385
0.002382955
0.002779433
0.003073722
0.003176508
0.003128342
0.003041694
0.002935175
0.00272209
0.002509428
0.002403582
0.002397077
0.002380849
0.002072597
0.001302186
0.0004134676
-9.686456E-05
-0.0001115475
0.0001125457
0.0002690534
0.0002430521
0.0001147707
8.842262E-05
0.0004127248
0.0009502004
0.001329305
0.001369333
0.001125565
0.0006549288
0.0001801035
-5.061865E-05
-1.684109E-05
0.00011149
5.906857E-05
-0.0004725974
-0.001389041
-0.002148599
-0.002384324
-0.002204072
-0.001952774
-0.00186971
-0.001961325
-0.001958606
-0.001626261
-0.00130533
-0.001287903
-0.001445952
-0.001604051
-0.001649707
-0.00177023
-0.001967356
-0.002112148
-0.002138
-0.002083411
-0.002024264
-0.002003318
-0.002013672
-0.002028672
-0.002038052
-0.00203038
-0.002014093
-0.002005748
-0.002003867
-0.001998819
-0.001947126
-0.00168487
-0.001187599
-0.0005574734
-4.657788E-05
0.0001383552
5.540676E-05
-1.364615E-05
0.0003171697
0.001110525
0.001906991
0.002250071
0.002133057
0.001869131
0.00173013
0.00176141
0.001860133
0.00191735
0.001891882
0.00180819
0.00171895
0.001658638
0.001637947
0.00164835
0.001783856
0.002218653
0.00250538
0.002200555
0.001885168
0.001939029
0.002213378
0.002388726
0.002197123
0.001679919
0.001195753
0.0009796785
0.0008580903
0.0005666253
2.019904E-05
-0.0005971654
-0.000985176
-0.001088721
-0.001245377
-0.001776378
-0.002491226
-0.002970483
-0.003049833
-0.002886867
-0.002739919
-0.002735568
-0.002836394
-0.002934642
-0.002966898
-0.002935757
-0.002879161
-0.002832513
-0.002644057
-0.002058449
-0.001323911
-0.0008719078
-0.0007475543
-0.0007201012
-0.0007807721
-0.0008272195
-0.0006332536
-0.0001758399
0.0003871479
0.0007656784
0.0008369759
0.0007204707
0.0006097306
0.0006041313
0.0006767378
0.0007482863
0.0007690567
0.0007448868
0.0007114059
0.0007150622
0.0008603363
0.001040673
0.001021955
0.0008364074
0.000665748
0.0006197995
0.0006741406
0.0007109429
0.000505447
-2.602496E-05
-0.0005119943
-0.0007044193
-0.0005607742
-0.0001982117
0.0002180862
0.000443108
0.0004992317
0.0005519488
0.0006367699
0.00070749
0.0007914508
0.001022142
0.001340551
0.001554076
0.001535402
0.00128265
0.001050265
0.0009055465
0.0008079134
0.0006770054
0.0004741308
0.0003283272
0.0001217125
-0.0002630702
-0.0005175255
-0.0003016149
0.0001533555
0.0005629383
0.0007753751
0.0007796646
0.0006821098
0.0006114765
0.0006208015
0.0006782561
0.0007307921
0.0008406856
0.001007085
0.001211493
0.001601177
0.002010292
0.002211546
0.002180311
0.002056551
0.001979708
0.001988337
0.002035901
0.002062375
0.002045665
0.001988116
0.001839339
0.001673742
0.001525453
0.001364068
0.001209904
0.001022358
0.0009509533
0.00117919
0.001487108
0.001683706
0.001775186
0.001795109
0.001780832
0.001764794
0.001760334
0.001758733
0.001740653
0.001705503
0.001669487
0.001644758
0.001630914
0.001620216
0.001608908
0.001660973
0.001921464
0.002368591
0.002750677
0.002883617
0.002802115
0.002659656
0.002576314
0.002579721
0.002617741
0.002627647
0.00258954
0.002525503
0.00246299
0.002338611
0.002082725
0.001741559
0.001392452
0.001164777
0.001104069
0.001138898
0.001168793
0.001146491
0.001084759
0.0009459815
0.0006231937
0.0001930565
-0.0001102496
-0.0001769389
-9.234216E-05
-6.24914E-06
-1.128007E-05
-0.0001567067
-0.0003204354
-0.0003186073
-0.0001798019
-4.737215E-05
-9.677948E-06
-5.087949E-05
-0.0001048653
-0.0001246901
-0.0001088222
-8.313862E-05
-7.044052E-05
-7.491784E-05
-8.664732E-05
-7.713144E-05
4.942443E-05
0.0003514415
0.0006900016
0.0008724097
0.0008590285
0.0007547328
0.0006789243
0.0006737769
0.0007071083
0.0007286165
0.0007156354
0.0006792355
0.0006427737
0.0006200927
0.0006094519
0.0006012321
0.0005880997
0.0005693757
0.0005487441
0.0005297959
0.0005134737
0.0004984913
0.000483199
0.0004663787
0.0004244844
0.0002985668
0.0001280471
3.821251E-05
9.096368E-05
0.0001880723
0.0002791612
0.0003373926
0.0003463688
0.0003205303
0.0002896489
0.0002726167
0.0002684727
0.0002657273
0.0002556653
0.0002380333
0.0002180522
0.0002005243
0.0001865783
0.0001743951
0.0001637707
0.0001897819
0.0002437256
0.0002337986
0.0001569582
7.741737E-05
3.728504E-05
-3.483223E-05
-0.0002195832
-0.0004245684
-0.0005315203
-0.0005246584
-0.0004709772
-0.0004405447
-0.0004852344
-0.000607001
-0.0007223042
-0.0007632243
-0.0007356617
-0.0006898523
-0.0006662377
-0.0006751665
-0.0007285447
-0.0008135038
-0.0008757247
-0.0008836484
-0.0008527275
-0.0008137033
-0.0007647986
-0.000726412
-0.0007351347
-0.0007711996
-0.0007792657
-0.0006828427
-0.0005092243
-0.0003736905
-0.0003390151
-0.0003758874
-0.000418614
-0.0004276994
-0.0004071278
-0.0003824489
-0.0003666164
-0.0003361081
-0.0002922041
-0.0002737375
-0.0002514574
-0.0002258794
-0.0002260751
-0.0002482708
-0.0002706089
-0.0002875962
-0.000321357
-0.0003678672
-0.0003851603
-0.0003373401
-0.0002981145
-0.0003229491
-0.0003811186
-0.0004209649
-0.0004233818
-0.0004039847
-0.000387144
-0.0003840786
-0.0003816446
-0.0003669049
-0.0003621136
-0.0003761175
-0.0003944282
-0.000402756
-0.0003995613
-0.0003922448
-0.0003878976
-0.0003882269
-0.0003906365
-0.0003920018
-0.0003912129
-0.0003891635
-0.0003876758
-0.0003959868
-0.0004132057
-0.0004254723
-0.0004465145
-0.0004816978
-0.0005104465
-0.0005087802
-0.0004746114
-0.0004360985
-0.0004175908
-0.0004195207
-0.000420156
-0.0004085158
-0.0003936721
-0.00037563
-0.0003533038
-0.0003264376
-0.0002979157
-0.0002729248
-0.0002601492
-0.0002586997
-0.0002493804
-0.0002293707
-0.0002180684
-0.0002180849
-0.0002315042
-0.0002596886
-0.000286762
-0.0002992154
-0.0002981154
-0.0002943573
-0.0003002668
-0.0003118618
-0.0003234317
-0.000333391
-0.0003402296
-0.0003471904
-0.0003516773
-0.0003545735
-0.0003589833
-0.0003631991
-0.0003637369
-0.0003564404
-0.0003432252
-0.0003290197
-0.0003225714
-0.0003258783
-0.0003282628
-0.0003240061
-0.0003172477
-0.0003135237
-0.0003154983
-0.0003250635
-0.0003388977
-0.00034718
-0.0003476064
-0.0003429487
-0.0003401229
-0.0003420472
-0.0003455164
-0.0003467908
-0.0003451669
-0.0003447911
-0.0003506595
-0.0003588738
-0.0003626064
-0.0003600297
-0.0003542701
-0.0003491636
-0.0003462123
-0.0003446069
-0.0003436925
-0.000342779
-0.0003396496
-0.0003356902
-0.000332728
-0.000330375
-0.0003280549
-0.0003242151
-0.0003194239
-0.0003152037
-0.0003121982
-0.0003099583
-0.0003077234
-0.0003051077
-0.0003022077
-0.0002993126
-0.0002966021
-0.0002940589
-0.0002916705
-0.0002898754
-0.0002881087
-0.0002852857
-0.0002817329
-0.0002783925
-0.0002757179
-0.0002735009
-0.00027131
-0.000268895
-0.0002661809
-0.0002628869
-0.0002592589
-0.0002560677
-0.0002536446
-0.000251605
-0.0002491279
-0.0002461102
-0.0002431869
-0.0002408019
-0.0002388637
-0.0002370196
-0.0002350182
-0.0002328407
-0.0002306751
-0.0002288683
-0.0002272114
-0.0002252237
-0.000223238
-0.0002214349
-0.0002195289
-0.0002172497
-0.0002145827
-0.0002119678
-0.0002096597
-0.0002075047
-0.0002052662
-0.0002028115
-0.0002001177
-0.0001973314
-0.0001945948
-0.0001920362
-0.000189675
-0.0001874545
-0.0001853124
-0.000183153
-0.0001809345
-0.0001786194
-0.0001761972
-0.0001737083
-0.0001712383
-0.0001688105
-0.0001663417
-0.0001638131
-0.0001612693
-0.0001587455
-0.0001562397
-0.0001537329
-0.0001511942
-0.0001486129
-0.0001460294
-0.0001434761
-0.0001409342
-0.0001383719
-0.0001357986
-0.0001332334
-0.0001306796
-0.0001281259
-0.0001255614
-0.0001229827
-0.0001203925
-0.0001177944
-0.0001151905
-0.0001125798
-0.0001099605
-0.0001073312
-0.0001046927
-0.0001020458
-9.939154E-05
-9.67297E-05
-9.406017E-05
-9.138283E-05
-8.869786E-05
-8.600534E-05
-8.330551E-05
-8.059846E-05
-7.788431E-05
-7.516309E-05
-7.243495E-05
-6.969993E-05
-6.695824E-05
-6.420993E-05
-6.145515E-05
-5.869391E-05
-5.592642E-05
-5.315278E-05
-5.037306E-05
-4.758742E-05
-4.479594E-05
-4.199879E-05
-3.919599E-05
-3.638771E-05
-3.357408E-05
-3.075519E-05
-2.793117E-05
-2.510213E-05
-2.226818E-05
-1.942944E-05
-1.658604E-05
-1.373808E-05
-1.088567E-05
-8.028933E-06
-5.167995E-06
-2.302974E-06
5.660056E-07
3.438845E-06
6.315428E-06
9.195626E-06
1.207932E-05
1.49664E-05
1.785673E-05
2.075021E-05
2.364672E-05
2.654614E-05
2.944833E-05
3.23532E-05
3.526061E-05
3.817045E-05