0.02
0.00046
0.00085
0.00276
0.00479
0.0075
0.00902
0.0076
0.00619
0.00515
0.00299
0.00043
-0.00083
-0.00025
0.00277
0.00312
0.00195
-0.00153
-0.00533
-0.00581
-0.00543
-0.0032
-0.00804
-0.01659
-0.02794
-0.04069
-0.0475
-0.04969
-0.041
-0.03833
-0.0394
-0.04206
-0.0445
-0.05331
-0.06865
-0.07016
-0.06624
-0.04378
-0.00674
0.03488
0.05049
0.05564
0.06836
0.07194
0.05283
0.03347
0.04059
0.04403
0.03521
0.0048
-0.02162
-0.04991
-0.08446
-0.09626
-0.09153
-0.09042
-0.08246
-0.06981
-0.06297
-0.03398
-0.01708
-0.01165
-0.01045
-0.00561
0.01454
0.01724
0.03175
0.08136
0.09844
0.09121
0.10043
0.10988
0.10087
0.07631
0.06745
0.05423
0.02541
-0.03408
-0.09971
-0.11652
-0.08814
-0.01287
0.04401
0.06674
0.07812
0.07285
0.06475
0.06054
0.07143
0.07542
0.0486
0.01696
0.00983
0.01693
0.04443
0.07797
0.10422
0.08498
0.02114
0.00994
-0.00116
-0.03701
-0.01219
0.03251
0.03919
0.05389
0.06892
0.06368
0.06073
0.0614
0.06149
0.04894
0.05194
0.07423
0.08484
0.08173
0.06942
0.06018
0.06347
0.08322
0.0897
0.07842
0.06951
0.06997
0.08142
0.08594
0.07304
0.02897
-0.00711
-0.08744
-0.19516
-0.30087
-0.30514
-0.23448
-0.09121
0.04475
0.13862
0.18722
0.02656
-0.09799
-0.17572
-0.16923
-0.1695
-0.14245
-0.23782
-0.24834
-0.48761
-0.50401
-1.0185
-0.05361
1.03873
0.33019
0.17332
0.07086
-0.1352
-0.29074
-0.13146
-0.01305
0.02581
-0.10465
-0.17717
-0.25091
0.07202
0.23093
0.16139
0.13344
0.02806
-0.01545
-0.01267
0.15186
0.183
-0.03973
-0.04665
-0.02148
-0.11715
-0.1735
0.00502
0.10505
-0.09881
-0.14267
-0.05938
-0.0465
-0.01702
0.09188
0.15972
0.27265
0.3249
0.30225
0.20705
0.00848
-0.08941
-0.05991
-0.06379
-0.11208
-0.21312
-0.24147
-0.13239
-0.01714
0.04193
0.05557
0.08956
0.05191
-0.01736
-0.02212
0.02504
0.11784
0.19887
0.27842
0.24872
0.18184
0.14964
0.03616
0.00771
-0.07765
-0.22543
-0.24707
-0.16792
-0.13801
-0.0628
0.1216
0.08126
0.09158
0.01052
-0.12106
-0.10969
-0.06994
0.02145
0.09304
0.17255
0.17928
0.08918
-0.02533
0.07936
0.21402
0.24913
0.11657
-0.0835
-0.18475
-0.22776
-0.18523
-0.14668
-0.12158
-0.07719
-0.01018
0.0038
0.00183
0.03984
0.07821
0.00082
-0.11139
0.00598
0.09282
0.10579
0.02948
-0.05824
-0.16377
-0.17274
-0.0447
-0.0686
-0.01657
0.0492
0.09391
0.113
-0.00813
-0.13294
-0.14447
-0.06142
0.05453
0.17122
0.21464
0.0887
0.01711
0.01368
-0.00183
-0.05675
-0.14198
-0.18502
-0.18348
-0.09258
0.11266
0.28429
0.19728
-0.01095
-0.06283
-0.04975
-0.05532
-0.05716
-0.02669
0.02092
0.04235
0.02776
0.01561
0.00895
0.02165
-0.01549
-0.20651
-0.17242
-0.01503
0.07096
0.01832
-0.03003
-0.01676
-0.04178
-0.04739
-0.05159
-0.05421
-0.03865
0.00356
0.00399
0.05048
0.07457
0.08158
0.07771
0.0821
0.04591
-0.05746
-0.0713
-0.09086
-0.19157
-0.14668
0.01078
0.09855
-0.00253
-0.10665
-0.08926
-0.0238
0.04087
0.05293
0.04984
0.0453
0.09384
0.06495
-0.02764
-0.02513
0.0692
0.21087
0.19011
0.06024
0.075
-0.01622
-0.11895
0.03042
0.17254
0.26484
0.28664
0.16175
-0.0164
-0.08771
-0.09852
-0.14262
-0.09487
-0.02174
0.03657
0.0709
0.14503
0.16324
0.1326
0.10258
-0.01095
-0.0913
-0.15706
-0.2447
-0.18325
0.04456
0.17312
0.13298
0.01356
0.0254
0.09019
0.13137
0.01227
-0.12293
-0.04304
-0.05238
-0.07751
-0.06997
0.00698
0.05191
0.04876
-0.01098
-0.0216
0.01138
-0.00397
-0.04409
-0.08167
-0.07632
-0.07499
-0.04918
-0.01636
0.06044
0.10424
0.06953
0.0051
-0.0181
-0.03854
-0.08525
-0.08786
-0.08497
-0.05612
0.01647
0.05735
0.06133
0.04955
0.03518
0.02535
0.01626
0.04023
0.06947
0.05121
0.02184
0.00882
0.01052
0.02898
0.03206
0.02314
0.00514
-0.04851
-0.08634
-0.10686
-0.08012
0.00447
0.0778
0.08423
0.03009
-0.05175
-0.1167
-0.14726
-0.15232
-0.08023
-0.00274
0.01948
0.02414
0.03536
0.0246
-0.00682
-0.01491
-0.01806
-0.01335
0.00407
0.03001
0.05944
0.05961
0.0331
0.017
0.01665
0.0056
-0.01507
-0.02124
-0.01211
0.0015
-0.02772
-0.08869
-0.07831
-0.01657
0.02712
0.01837
-0.03003
-0.04224
-0.05141
-0.06975
-0.06913
-0.05891
-0.04849
-0.01278
0.01234
-0.00014
-0.01416
-0.03107
-0.03892
-0.03893
-0.04437
-0.05571
-0.05213
-0.03374
-0.02498
-0.01056
0.02418
0.04013
0.05067
0.04265
-0.00382
-0.02661
-0.02963
-0.0248
0.00115
0.0264
0.04374
0.05398
0.03477
0.00433
-0.02528
-0.04959
-0.05564
-0.02595
0.02128
0.032
0.02993
0.02335
0.01388
0.00226
-0.00714
-0.00728
-0.00196
-0.00152
-0.00129
0.00836
0.01208
0.00324
-0.01764
-0.02994
-0.03222
-0.03386
-0.02837
-0.01254
0.00471
0.01284
0.01589
0.01656
0.01654
0.01494
0.0077
-0.00091
-0.00916
-0.01727
-0.0185
-0.00924
0.00153
0.01126
0.0176
0.01268
0.00461
0.00168
0.00436
0.00593
0.00795
0.0099
0.01188
0.01054
0.00327
-0.0027
-0.00422
0.00352
0.01873
0.03146
0.03183
0.0232
0.01679
0.0126
0.0071
0.00061
-0.00119
0.00547
0.01519
0.01789
0.01347
0.00755
0.00884
0.01388
0.01137
0.0034
-0.00417
-0.0033
0.00446
0.01068
0.01499
0.01749
0.01479
0.01546
0.01693
0.01098
0.00079
-0.01239
-0.02251
-0.02696
-0.02332
-0.01338
-0.00146
0.00859
0.00826
-0.00134
-0.01394
-0.0196
-0.01668
-0.01523
-0.01772
-0.01794
-0.01264
-0.0056
0.00115
0.0087
0.01075
0.00736
0.00622
0.00825
0.01783
0.02778
0.03407
0.0354
0.03136
0.02552
0.01881
0.01108
0.00645
0.00653
0.00742
0.00511
0.00551
0.01562
0.02602
0.02492
0.01621
0.00833
0.00565
0.01332
0.02023
0.01769
0.0071
0.00093
0.00286
0.00792
0.00904
0.00732
0.00863
0.00899
0.0106
0.01802
0.03393
0.04439
0.04205
0.02297
0.00188
-0.00889
0.00218
0.0283
0.03588
0.02949
0.01395
0.00193
-0.00501
-0.00815
-0.00438
0.00075
0.00627
0.01039
0.01458
0.01576
0.0125
0.01049
0.00958
0.00289
-0.00677
-0.01309
-0.0105
-0.0059
0.00054
0.00888
0.00894
0.0033
-0.00349
-0.00342
0.00175
0.00698
0.00739
0.00517
0.00501
0.00154
-0.00376
-0.01016
-0.01527
-0.01285
-0.00888
-0.01103
-0.0168
-0.02252
-0.02208
-0.0161
-0.01263
-0.01254
-0.01201
-0.01033
-0.01015
-0.01622
-0.02319
-0.02014
-0.01403
-0.01217
-0.00962
-0.00233
0.00335
0.00136
-0.00422
-0.01572
-0.02535
-0.02234
-0.01668
-0.01659
-0.01667
-0.01549
-0.0191
-0.02338
-0.01985
-0.01297
-0.00634
0.00112
0.00187
-0.00367
-0.00925
-0.00823
-0.00108
0.00378
0.00171
-0.00325
-0.00111
0.00257
0.00069
-0.00345
-0.00653
-0.00624
-0.00951
-0.01253
-0.00959
-0.00862
-0.01463
-0.02437
-0.02797
-0.02438
-0.01626
-0.00735
0.00138
0.00453
-0.00177
-0.01445
-0.02236
-0.01546
-0.00372
-0.00171
-0.00768
-0.01783
-0.02148
-0.01126
-0.00974
-0.0161
-0.01169
0.00083
0.0027
-0.00217
0.00188
0.02813
0.04866
0.04834
0.02308
-0.00699
-0.01337
-0.01465
-0.014
-0.0128
-0.00878
-0.00143
0.00732
0.01848
0.02622
0.03246
0.03807
0.02849
0.01544
0.00919
0.01178
0.01415
0.00866
0.00753
0.01017
0.00499
0.00984
0.02576
0.03531
0.0254
0.00091
-0.00874
-0.01406
-0.02131
-0.03241
-0.00578
0.02163
0.01625
0.00752
-0.01267
-0.03031
-0.03891
-0.02221
0.02173
0.04342
0.04553
0.03058
-0.01309
-0.03633
-0.03723
-0.00275
0.02025
0.01574
0.0116
0.01022
0.0142
0.01094
-0.00107
-0.02113
-0.02976
-0.0224
-0.0061
0.01311
0.03172
0.04272
0.0497
0.05023
0.04511
0.03809
0.02995
0.01312
-0.00714
-0.02364
-0.03308
-0.03308
-0.04466
-0.05597
-0.05819
-0.0479
-0.04193
-0.01849
0.02059
0.02303
0.01952
0.01642
0.00575
-0.00078
-0.0048
-0.0132
-0.02016
-0.01944
-0.01005
0.00081
0.00167
0.00174
-0.00341
-0.0007
-0.01243
0.00433
0.03271
0.0292
0.02416
0.03244
0.01854
-0.06134
-0.09117
-0.09048
-0.09607
-0.05679
0.00315
0.01172
0.02657
0.04928
0.04424
0.001
-0.03784
-0.03836
-0.02132
0.02077
0.03761
0.01773
0.01082
0.04207
0.04684
0.0084
-0.05784
-0.02729
0.03401
0.01918
0.00404
-0.00288
-0.03045
-0.05532
-0.04862
-0.01302
0.03521
0.04706
0.04503
0.04061
0.01764
0.00103
-0.00629
-0.01049
-0.00612
-0.00324
-0.01405
-0.02676
-0.03558
-0.00581
0.03965
0.04561
0.0433
0.03691
0.03047
0.0262
0.02765
0.03245
0.0266
0.01414
-0.00047
-0.01161
-0.00933
-0.00195
-0.00595
-0.00888
-0.0035
-0.00373
-0.01154
-0.00872
-0.00672
-0.01465
-0.02163
-0.02178
-0.02256
-0.01888
-0.00873
-0.00725
-0.00302
-0.00034
0.00883
0.02693
0.04228
0.04055
0.0357
0.00871
-0.03499
-0.04379
-0.02816
-0.00486
0.00398
-0.00009
-0.01066
-0.03428
-0.06023
-0.06488
-0.07022
-0.04437
-0.00348
-0.00321
-0.01489
-0.00499
0.03687
0.0712
0.04554
0.00169
0.01644
0.05554
0.06134
-0.00939
-0.04483
-0.04884
-0.0488
0.01409
0.0436
0.037
0.02209
0.01056
-0.01136
-0.02903
-0.00565
0.01928
0.03032
-0.01696
-0.07874
-0.08961
-0.01872
0.05635
0.06387
0.06935
0.07839
0.06855
0.02373
-0.04095
-0.07639
-0.05952
-0.00581
0.00208
-0.04907
-0.02203
0.06597
0.11618
0.05974
-0.03612
-0.11778
-0.10448
-0.01857
0.00173
0.00581
0.03961
0.03354
-0.02988
-0.05103
-0.04824
-0.01466
0.03881
0.055
0.02168
-0.01157
-0.02143
-0.03951
-0.01633
0.02445
0.02771
0.00371
-0.0138
-0.01425
-0.00626
0.00488
0.01054
0.01208
0.00774
0.0037
0.00414
0.0053
0.00254
0.00123
0.00495
0.00984
0.01002
0.01037
0.00637
-0.00049
-0.0028
0.00134
0.01495
0.02577
0.02844
0.01926
-0.00227
-0.0212
-0.02513
-0.01583
-0.00811
0.00087
0.01174
0.01783
0.01752
0.01443
0.01452
0.01593
0.00966
-0.00033
-0.0084
-0.00845
0.00252
0.01493
0.02102
0.01758
0.00743
0.00648
0.01012
0.00335
-0.004
-0.00681
-0.0097
-0.01149
-0.00857
-0.00169
0.00266
0.00149
-0.00113
-0.00118
0.00264
0.00637
0.00781
0.00536
0.00283
0.00008
0.0004
0.00157
-0.00033
-0.00046
-0.00083
0.00119
0.00218
-0.00004
-0.00284
-0.00395
-0.00694
-0.01375
-0.01773
-0.01255
-0.00682
-0.01006
-0.01293
-0.0125
-0.00802
-0.0035
0.00083
0.00054
-0.00293
-0.0036
-0.00275
0.00233
0.00721
0.00386
-0.00109
0.00323
0.00748
0.00835
0.0043
-0.00017
-0.00062
-0.00065
-0.0007
-0.00046
0.0016
-0.00012
-0.00256
-0.00766
-0.01043
-0.00937
-0.00468
0.00449
0.01177
0.01435
0.00971
0.00306
-0.00289
-0.00763
-0.00949
-0.00373
0.00712
0.01832
0.0223
0.01792
0.00447
-0.00981
-0.01149
-0.00696
-0.00148
0.00122
-0.00104
-0.00631
-0.00863
-0.00421
0.0001
-0.0003
-0.00188
-0.00113
0.00017
-0.0011
-0.00936
-0.01709
-0.01717
-0.00959
-0.00103
-0.00176
-0.00339
-0.00401
-0.00163
0.00061
-0.00011
0.00407
0.00566
0.00212
-0.00047
-0.00494
-0.00329
-0.0049
-0.00707
-0.00306
0.00235
0.00812
0.0093
0.01013
0.01021
0.00877
0.00784
0.00867
0.01113
0.0126
0.01147
0.00739
0.00267
0.00047
-0.0005
0.0006
-0.00226
-0.00415
-0.00396
-0.0004
0.00379
0.00475
0.0043
-0.00048
-0.00252
-0.00228
-0.00201
-0.00099
-0.00258
-0.0066
-0.00679
-0.01128
-0.01172
-0.00646
-0.00481
-0.00199
-0.00072
-0.00162
-0.00235
-0.00213
-0.00312
-0.00306
-0.00451
-0.00876
-0.00956
-0.00676
-0.00329
0.00471
0.0056
0.0037
0.00257
-0.00174
-0.00004
0.00394
0.00808
0.01125
0.01097
0.00621
0.00244
0.00013
-0.0022
-0.00173
0.0008
0.00273
0.00281
0.00206
0.00271
0.00024
-0.0017
0.00047
0.00332
0.00367
0.00101
0.00301
0.00674
0.0091
0.00751
0.00472
0.00575
0.00479
0.00127
-0.00106
0.00089
0.0034
0.00396
0.00591
0.00842
0.00774
0.00562
0.00224
-0.00048
0.00133
0.00118
-0.00323
-0.00354
0.0025
0.00881
0.01138
0.00847
0.00815
0.00761
0.0034
-0.00683
-0.00509
0.00649
0.00362
0.00368
0.0069
0.01039
0.00789
0.00078
-0.00349
-0.00463
-0.00249
0.0004
0.00765
0.00994
0.00593
0.00129
-0.00221
-0.00503
-0.00577
-0.00536
-0.00512
-0.0028
-0.00157
-0.00217
-0.00176
-0.00355
-0.00651
-0.00851
-0.0078
-0.00546
-0.00327
-0.00324
-0.00575
-0.00515
-0.00708
-0.00882
-0.00894
-0.01041
-0.00789
-0.00584
-0.00715
-0.00825
-0.00807
-0.00842
-0.00926
-0.00892
-0.00586
-0.00247
-0.0014
-0.00464
-0.00726
-0.00683
-0.00808
-0.00786
-0.01038
-0.0134
-0.01716
-0.02396
-0.02889
-0.01974
0.00066
0.01474
0.02424
0.02305
0.01241
-0.00453
-0.02122
-0.02774
-0.01303
0.00186
0.00808
0.01843
0.01862
0.00666
-0.00809
-0.0191
-0.02151
-0.00426
0.01842
0.02388
0.00795
-0.00932
-0.02416
-0.03293
-0.02964
-0.01814
-0.00954
-0.00643
0.00411
0.01518
0.0179
0.01018
-0.00745
-0.01859
-0.01878
-0.01356
-0.00191
0.00541
0.00689
0.00284
-0.00147
-0.00006
0.00277
0.01157
0.01491
0.00878
-0.00408
-0.00977
-0.01198
-0.00498
0.01411
0.02888
0.03344
0.02227
0.00899
-0.00593
-0.01674
-0.01362
-0.00263
0.00881
0.01599
0.01474
0.00856
0.00431
0.0019
0.00178
0.00379
0.00493
0.00687
0.00895
0.00759
0.00636
0.00634
0.00703
0.00681
0.0056
0.00507
0.00501
0.00465
0.00481
0.00579
0.0053
0.0036
0.00141
0.00095
0.00246
0.00367
0.00422
0.00388
0.00221
0.0008
0.00058
0.00155
0.00208
0.00144
0.00165
0.00257
0.00337
0.00382
0.00319
0.0017
0.00059
0.00016
0.00063
0.00108
0.00079
0.001
0.00101
0.00062
0.00065
0.00057
0.00029
-0.00023
-0.00072
-0.00126
-0.00132
-0.00083
-0.00057
-0.00082
-0.00111
-0.00145
-0.0016
-0.00165
-0.0017
-0.00158
-0.00134
-0.00135
-0.00155
-0.00161
-0.00169
-0.00169
-0.00162
-0.00159
-0.00155
-0.00153
-0.00153
-0.00153
-0.00152
-0.00151
-0.00148
-0.00145
-0.00145
-0.00143
-0.00139
-0.00136
-0.00132
-0.00128
-0.00125
-0.00121
-0.00117
-0.00112
-0.00107
-0.00102
-0.00097
-0.00091
-0.00086
-0.00081
-0.00075
-0.0007
-0.00065
-0.0006
-0.00055
-0.0005
-0.00045
-0.00041
-0.00037
-0.00033
-0.00029
-0.00026
-0.00023