0.02
-0.04552991
-0.04462844
-0.04300477
-0.04059968
-0.03960608
-0.04059103
-0.03673268
-0.0303576
-0.02570583
-0.02710211
-0.03452188
-0.03776406
-0.03156129
-0.02490683
-0.01842486
-0.01584749
-0.008050746
-0.008969787
-0.01191335
-0.02443141
0.001340627
0.05358104
0.06987505
0.06092051
0.04352811
0.04781238
0.05243907
0.05932079
0.05491296
0.05664749
0.074038
0.1306761
0.1621947
0.1415732
0.05935823
-0.007797191
-0.02150832
-0.02322789
-0.0479347
-0.0838895
-0.08448538
-0.06447454
-0.04817166
-0.06166624
-0.07088513
-0.05767225
0.01068078
0.06103188
0.1458448
0.1898855
0.1930182
0.1603308
0.1145827
0.1249055
0.1319188
0.1428902
0.106726
-0.001012041
-0.05725261
-0.03784207
0.03087811
0.05467429
-0.02236274
-0.09636428
-0.09932788
0.001835281
0.02718198
0.05167413
0.01709015
-0.04846072
-0.08000952
-0.1224699
-0.1415004
-0.02275486
0.1300154
0.1656361
0.1626874
0.1304663
0.1127892
0.03073671
-0.02304155
-0.03817821
-0.02362982
0.006685754
0.01944415
0.003103097
-0.06037401
-0.07574566
-0.03261797
0.018719
0.06505734
0.09974262
0.0446398
-0.02170697
-0.03869534
0.02595769
0.1009562
0.1445976
0.1221735
0.04643259
-0.01964392
-0.06363856
-0.06245643
-0.02644133
0.0379247
0.04381524
0.03487304
0.02787311
0.01471156
0.007835513
0.01022034
0.05322702
0.07934799
0.06825265
0.04716995
-0.01440827
-0.0293148
-0.007290613
0.02472921
0.03286337
-0.006347087
-0.02198455
-0.01115935
0.0003827589
0.003685183
-0.01063501
0.01750124
0.04672176
0.06795674
0.06457104
0.06277463
0.01771917
-0.02339379
-0.08581942
0.03301638
0.07484251
-0.06515621
-0.06086023
-0.01600046
-0.07273629
-0.1792446
-0.2892784
-0.375611
-0.3517329
-0.4158159
-0.2750945
-0.4021213
0.5305449
0.08418623
-0.6609969
-0.488885
-0.7387616
-0.2534212
0.2901969
0.2386991
0.06753689
0.1253352
0.03069256
-0.124083
-0.1506781
0.1600145
-0.09392189
-0.2742762
-0.1820688
-0.1804412
-0.1026121
-0.021488
-0.02066705
0.01315645
0.04210994
0.0114929
-0.04219396
-0.09038451
-0.1051266
0.02656327
-0.03279328
-0.06432556
-0.06334155
-0.1185955
-0.07773711
-0.004790736
0.02322855
-0.07238344
-0.09512366
-0.08882358
-0.02152752
0.03019413
0.04194606
0.001850411
-0.02434361
0.01250867
-0.06260026
-0.1527021
-0.1104729
-0.05707866
0.03991162
0.1133636
0.05127828
-0.01399426
-0.04012702
0.0332181
0.09769166
0.1088553
0.07829731
0.0436873
0.02342305
0.01410392
0.01800654
-0.0298869
-0.02217549
-0.007583566
0.02768539
0.03665531
0.02183849
-0.004431215
0.002037713
0.02709586
-0.009431804
-0.03143797
-0.06443687
-0.0313971
0.09338946
0.1515557
0.02323503
0.001034128
-0.002856839
0.03592078
0.07626508
0.06725768
0.07509966
0.06947053
0.0798789
-0.03043986
-0.03762838
-0.01001542
-0.01616534
-0.005587135
0.01896422
0.09192701
0.1270857
0.08394437
0.07346876
-0.03644742
-0.0857896
-0.000927026
0.09249572
0.1004173
-0.009867597
-0.03910697
-0.05145477
0.01843126
0.1194073
0.1709342
0.07151073
0.08694175
0.1909674
0.006946618
-0.06242362
-0.04429671
-0.06849925
0.006384648
0.1247058
0.103305
0.003221907
0.001911187
0.02597056
0.07173721
0.05258766
0.05601957
0.03718865
0.007556654
0.06296993
0.06416791
0.08828607
0.05189144
-0.00184136
-0.01335555
0.007983246
-0.06100424
-0.006518863
0.0770282
0.04367497
0.05602067
0.02259783
0.01390989
0.02033927
0.06661386
0.05313883
0.002686694
0.01197286
0.0478504
0.04964565
0.04616238
0.04824731
0.04831878
0.002819736
-0.02897046
0.03066811
0.07575746
0.07793243
0.04996648
0.03249746
0.06931396
0.06031524
0.0159716
-0.002062003
-0.04043835
-0.05113071
-0.005976882
0.0132477
0.02103012
0.03460123
0.002713194
-0.001624425
0.03347138
0.07203542
0.025393
-0.02420922
0.05831249
-0.04098665
-0.08455679
0.002374202
-0.02708772
-0.01382971
-0.01239522
-0.0004217687
-0.01694678
0.0599891
0.009862908
-0.05679202
0.04649662
0.02863309
-0.006985188
-0.01012221
-0.002363198
0.05311997
-0.02610887
-0.07311958
-0.0278107
-0.0279944
-0.01639872
-0.02335741
-0.01233713
-0.01999974
0.03339734
0.07954167
0.01606095
-0.02699481
-0.02868399
-0.04950481
-0.05641235
-0.03729816
0.01469112
0.04889825
0.03160507
0.009423551
0.004723324
0.0157408
0.01907415
0.02664102
-0.006591549
0.1206193
-0.03348515
-0.1850921
-0.05793157
-0.003894225
0.04130234
0.04451016
0.02720433
0.07735679
0.1643788
-0.008261111
-0.01134985
0.0353584
0.03852142
0.05990939
0.02883837
-0.01842862
-0.02295496
-0.02327929
0.0006954412
0.0522414
0.039732
0.03569432
0.01433974
0.004175188
0.004233716
0.01765796
1.263017E-05
-0.009997348
-0.007508612
-0.001273781
0.00162223
0.0410043
0.06000234
0.0495618
0.01346893
-0.03565581
-0.03800473
-0.03984297
-0.02003205
0.003863628
-6.358021E-05
-0.008805528
-0.01352391
-0.01897296
-0.02140926
-0.02376735
-0.031288
-0.03117632
-0.01950734
-0.008879108
-0.01115726
-0.02574918
-0.02813406
-0.03410661
-0.04124433
-0.05531429
-0.03607647
-0.0091951
-0.03496748
-0.04291567
-0.05070506
-0.039228
-0.006310865
0.001840352
0.002126027
0.003590498
0.0004452768
0.008217812
0.0246131
0.02078248
0.01139765
0.004805264
0.008882769
0.02099958
0.01573937
0.003190925
-0.0009204027
-0.0002890543
0.0006816294
0.00273931
0.01432958
0.01827462
0.001165522
-0.01499939
-0.001789648
0.01366886
0.00124432
-0.007087293
-0.0208487
-0.01598524
0.003342503
-0.00171421
-0.008221701
-0.003663552
0.007630339
0.01363416
0.01045255
0.0100103
0.009504481
-0.001415896
-0.009953901
-0.008658437
-0.005481426
-0.004264189
-0.006952889
-0.008938146
-0.008225864
-0.01109312
-0.006931926
-0.008623854
-0.00727859
-0.0002237349
0.00605249
0.009423372
-0.000383492
-0.008798436
-0.007040282
0.001620845
0.0068646
0.006719293
-0.0005806725
-0.01178151
-0.01989011
-0.0177787
-0.009394692
-0.002217746
0.000639097
-0.0005385669
-0.003024281
-0.006260106
-0.009347426
-0.01044208
-0.01251636
-0.01338338
-0.00959045
-0.009966685
-0.01342885
-0.01456075
-0.01425081
-0.01116589
-0.01055899
-0.01156618
-0.01011663
-0.008084102
-0.002859426
-0.001468367
0.006527749
0.009961962
0.003202851
-0.004088159
-0.008231919
-0.005938937
-0.005416135
-0.006071917
-0.01109787
-0.01281849
-0.00419272
0.002595529
-0.004522381
-0.01368284
-0.02096904
-0.01963675
-0.01863444
-0.02031321
-0.02224647
-0.02536551
-0.02194176
-0.01969564
-0.02138929
-0.02902497
-0.03410304
-0.02818708
-0.01702377
-0.01138329
-0.01196027
-0.01444623
-0.01275585
-0.005875263
-0.0002702492
-0.00212099
-0.007270992
-0.008069237
-0.00891805
-0.0111363
-0.01069701
-0.01064593
-0.015978
-0.01724291
-0.01221196
-0.006786898
0.0009733498
0.003866557
-0.002413727
-0.009587138
-0.01072176
-0.009151989
-0.01079382
-0.01376637
-0.01506065
-0.01079455
-0.009336144
-0.01619242
-0.02096551
-0.02379412
-0.02067069
-0.009350197
0.0009139132
0.006665878
0.004690645
0.0008828081
-0.001080551
-0.0007363554
0.003204673
0.009931633
0.01479433
0.01461344
0.009800006
0.001596375
-0.0002503241
-0.0009104775
-0.001372472
0.0009667293
0.004336403
0.008245929
0.008438832
0.003577893
0.0005736134
0.002254444
0.00442716
0.0067011
0.00484224
0.003331432
0.006245613
0.007825868
0.01043348
0.01227835
0.01442025
0.01663683
0.01706758
0.01747202
0.01739114
0.01821723
0.01777769
0.01734139
0.01743669
0.01872047
0.01394563
0.005355124
0.00865901
0.02770165
0.037236
0.02853701
0.01431892
0.003502682
0.003461864
0.0132295
0.01940687
0.009261305
0.001727059
-0.0008019245
-0.002489294
0.007857404
0.0195751
0.01745659
0.01385714
0.006780599
-0.005315268
-0.01411135
-0.01449541
-0.007671044
-0.002563269
0.001001317
-0.001639711
-0.009341917
-0.017092
-0.01264182
-0.00552632
-0.006177055
-0.01114745
-0.01692259
-0.01574128
-0.01304423
-0.0108133
-0.01063661
-0.01148297
-0.01529854
-0.01120297
-0.005522318
-0.009083879
-0.01149998
-0.02263709
-0.02484818
-0.02285994
-0.01595635
-0.0127064
-0.0182703
-0.01275907
-0.007691572
-0.009163323
-0.01624919
-0.01712025
-0.009595721
-0.003506385
-0.007011221
-0.01481745
-0.0187406
-0.02064014
-0.01605152
-0.01122838
-0.01002222
-0.0001859224
0.005828354
0.003199066
-0.002597409
-0.005304397
-0.002986958
0.0004656411
0.001669039
-0.002149127
-0.003570402
-0.005129489
-0.009614054
-0.01352753
-0.01821736
-0.01947296
-0.01544612
-0.001843648
0.008261109
0.009208167
0.001267825
-0.009582719
-0.01122995
-0.006088225
-0.003601705
-0.006198004
-0.008866879
-0.003827784
0.006683447
0.009333368
0.004379018
-0.00739523
-0.01361779
-0.0138205
-0.004505775
0.004873025
0.002179935
-0.002253469
-0.003293529
-0.004722408
-0.0001181901
-3.889661E-05
-0.01186423
-0.02280033
-0.01595397
-0.006873007
-0.008672599
-0.004961353
-0.00149717
0.001870905
0.00901581
0.01015574
0.006714624
0.005273487
0.00676359
0.00556167
0.003322166
0.007566554
0.01561019
0.02265296
0.02541351
0.02516073
0.01298389
-0.00266632
-0.006949911
-0.0002861042
0.01673757
0.02890476
0.01680077
0.002035328
0.004669787
0.01154717
0.01653523
0.01198294
-0.0004776893
-0.001722688
0.009706543
0.01675764
0.01302807
0.0108639
0.01399935
0.01841664
0.01400859
0.01501439
0.02321804
0.0216977
0.008917294
0.0005103278
-0.003642531
-0.0004088649
0.007765366
0.005033438
-0.0006629274
0.01243184
0.02023759
0.02072043
0.01567456
0.001835952
0.0131747
0.01115213
0.001872951
-0.006378405
-0.008322401
0.001790672
0.01203601
0.009472875
0.003283297
-0.008260604
-0.00951916
0.000127773
0.01233252
0.02017847
0.01822696
0.01552031
0.002276714
-0.001800497
0.00183212
0.0003348056
-0.0007671021
0.0009305351
0.0007877366
0.01091394
0.01503199
0.002023881
-0.002941888
-0.003271096
-0.0002611841
0.002659626
0.005074154
0.00446504
0.003605661
0.00977372
0.01297423
0.01896918
0.02114795
0.01791116
0.01111727
0.004356672
0.004309346
0.005589692
0.00427989
0.003452178
0.003673677
0.004680207
0.01235105
0.01780811
0.01901243
0.01682386
0.009297257
-0.0006124371
-0.001325163
0.002655779
0.01025633
0.00518097
-0.01486836
-0.008756089
-0.0007255605
0.008801951
0.01925219
0.0179435
0.0143935
0.00812687
0.008063506
0.01161873
0.01757466
0.01924215
0.01076026
0.00993923
0.008319165
0.005548171
-0.0006452914
-0.00891176
-0.009292985
-0.007681485
-0.0122995
-0.0155113
-0.01108366
0.001617843
0.01315109
0.01091703
-0.002236497
-0.02339534
-0.01764389
-0.006082879
0.001346769
0.004284997
-0.0008086126
0.002527719
0.01274359
0.01881587
0.01921761
0.01415996
0.007260854
0.0008928152
-0.01340505
-0.03118352
-0.03820643
-0.03348745
-0.02221634
-0.006814579
0.001057205
-0.011045
-0.02497845
-0.01774825
0.004896853
0.01792915
0.01477574
0.001681072
-0.01826935
-0.01927564
-0.0211921
-0.02670338
-0.01838073
-0.002214604
0.0002413737
-0.01216131
-0.01288839
-0.02071396
-0.02821651
-0.0285906
-0.03413029
-0.03023427
-0.029012
-0.02866111
-0.03250171
-0.02527868
-0.002066441
0.0139902
0.02482515
0.02204994
0.006723332
-0.005545612
-0.01722427
-0.01968244
-0.02233467
-0.01487902
-0.001775905
0.009041103
0.01351445
-0.003215232
-0.02221061
-0.01621423
0.005091061
0.01157548
0.0173242
0.01378861
0.01073522
0.01438704
0.01593536
0.01108904
0.006114964
0.001865851
0.004202623
0.01484501
0.01615924
0.006093087
-0.003017569
0.002429993
0.01186042
0.01819185
0.01349786
0.00414224
-0.005285006
-0.00604554
0.008182604
0.01414241
0.01427779
0.0106002
0.004739594
0.001084018
0.0005065959
0.0006786666
-0.0008640835
0.001198666
0.01646308
0.01979431
0.01383316
0.009672122
0.007684515
0.01566722
0.01517457
0.008945267
0.004575246
0.009951153
0.01504435
0.009789485
-0.006631484
-0.03391765
-0.02199926
0.01416337
0.01983089
0.01918652
0.01377146
0.02226191
0.00494419
-0.01537552
0.003788825
0.004586928
0.006824125
0.01443864
-0.01314921
-0.04458868
-0.04149006
-0.01020895
0.01664526
0.0360146
0.02767861
0.03687122
0.02373287
-0.04387663
-0.03164469
0.002259099
0.00563013
0.01069938
0.01053393
0.005214335
0.02323738
0.03418359
0.006958294
-0.02334339
-0.0250841
-0.02000514
0.01039119
0.03115663
0.01709516
0.01529202
0.009768894
0.009697642
0.004232605
-0.007184155
-0.005621435
-0.00428721
0.001051522
0.006080166
0.008460886
0.01496852
0.02022054
0.01712387
0.01047862
0.00813269
0.002931793
-0.002494503
-0.004900557
-0.003903863
0.001236101
0.002831599
0.002352455
0.0003637527
0.001275976
-0.001398074
-0.00738707
-0.00824235
-0.003210133
0.005645108
0.007486899
0.006067817
0.00198763
-0.00365104
-0.006091928
-0.006061271
-0.006301846
-0.006673909
-0.007250895
-0.009192543
-0.008064906
-0.006818843
-0.00559205
-0.005750304
-0.002154837
0.0002208296
-0.004646398
-0.009045318
-0.008335945
-0.004537877
-0.0002990281
-0.003460135
-0.007242277
-0.008734367
-0.009493943
-0.006908782
-0.006559298
-0.007513209
-0.006976732
-0.002385582
-0.001710037
-0.002610211
-0.003712163
-0.002961607
-0.002497481
-0.001209001
5.216167E-06
-0.001122285
-0.0008175012
-0.003236929
-0.006473164
-0.01083731
-0.01099577
-0.006320224
-0.004784017
-0.007176619
-0.00897841
-0.007462923
-0.003573655
-0.0004705639
-0.001029026
-0.005419377
-0.006417973
-0.004404254
-0.004753612
-0.003190205
-0.002398671
-0.002423886
-0.002088766
-0.001841088
-0.002268368
-0.001709023
0.0001062292
0.001527034
0.003389792
0.00269061
0.0009523486
-0.0003225282
0.001148743
0.004463467
0.006192405
0.003860019
0.0003916746
0.001664615
0.003815083
0.003966682
0.001565552
-0.0001712195
0.0002996296
0.001459321
0.002610177
0.002529223
-0.001209097
-0.004252444
-0.003513272
0.0001067405
0.0002948168
-0.002499219
-0.003008086
-0.002450679
0.001896403
0.004962746
0.001676906
-0.0001468874
-0.002379314
-0.001754331
-0.0008045953
0.0007779352
0.002713783
0.002058213
0.003095224
0.002326223
0.0002244893
-0.002859094
-0.003541183
-0.003442556
-0.00324865
0.0004605967
0.002340386
0.002323402
0.000203605
-0.00336722
-0.003728692
-0.00422641
-0.002787731
-0.003428391
-0.00578731
-0.007886704
-0.009818372
-0.009725913
-0.007137062
-0.00252918
-0.002183423
-0.004583049
-0.006902657
-0.004489005
0.003182189
0.005151026
0.003876732
0.003563744
4.026611E-05
-0.003237942
-0.006411636
-0.007201116
-0.006984401
-0.007417967
-0.005281675
-0.004462742
-0.002242866
-0.001145528
-0.003309664
-0.004097334
-0.004326577
-0.004165691
-0.002463094
-0.000523367
0.001393393
0.0003669247
-0.001779007
-0.001163304
-0.002129124
-0.003350467
-0.001674512
-0.002196158
-0.004525764
-0.005074969
-0.007475992
-0.008290414
-0.008616773
-0.00594587
-0.006882202
-0.008332109
-0.007962853
-0.008258131
-0.005332764
-0.007470172
-0.008148473
-0.009341368
-0.009417877
-0.00680108
-0.005706636
-0.004652486
-0.00114983
-0.0003812875
-0.005069239
-0.004472065
-0.001424345
8.776018E-05
-0.00127195
-0.002153797
-0.003453338
-0.003716057
-0.002547212
-0.003587187
-0.002732518
-0.002966711
-0.003436023
-0.003764075
-0.00307571
-0.002741808
-0.00292761
-0.0009443978
0.001030128
0.002994947
0.002949837
0.002824637
0.0003620851
-0.00261508
-0.00294384
-0.003159916
-0.00271047
9.463639E-05
0.0008275807
0.0002095024
9.577865E-05
0.0007485475
0.001166167
0.0003469951
0.0002433098
0.0006317288
-0.000962271
-0.002074371
0.0006236866
0.0001285783
-0.001906278
-0.003477606
-0.002372007
-0.0002826849
0.001812179
0.005301819
0.006517294
0.003479803
-0.0008506202
-0.00257452
-0.0006198761
-0.0003029338
-0.002140837
-0.002359589
0.0001832086
0.001113789
-0.0008581497
-0.004822772
-0.006300241
-0.001941901
0.001032683
0.001296487
-0.002275551
-0.003604239
-0.000985158
0.001112044
0.0009686667
0.002502523
0.002286407
-0.001737023
-0.005502056
-0.0009976119
0.008690802
0.007516531
-0.003902288
-0.006829298
0.0008642387
0.003729399
0.004040776
-0.0004272743
-0.00469002
-0.004505285
-0.002118097
0.0006753199
-0.0004916613
-0.001006608
-9.534394E-05
0.001105842
0.001237285
0.0009252582
0.001119374
0.001437127
0.001025789
-0.002227066
-0.004611705
-0.003696456
-0.001551926
0.0001970185
0.001281089
0.001138259
0.00356904
0.004260864
-0.0009499151
-0.003204607
-0.002609299
-0.0005909791
0.001310144
0.002180142
0.0001258875
-0.0006369694
0.004922203
0.006246396
0.001114042
-0.003754089
-0.003289628
0.00201782
0.005364841
0.00357413
-0.0007329249
-0.002475713
0.0006703357
0.001844693
0.001855186
0.001268928
-0.002224393
-0.001581688
0.001266174
0.003496842
0.005307166
0.004568396
0.002765639
0.0006934646
-0.0008555974
0.0004634214
0.005101349
0.005568316
0.01097393
0.01108044
0.009093688
0.00699349
-0.001848129
-0.00141922
0.001100424
0.009850969
0.01101141
0.006425879
0.003653596
0.003708426
0.002994854
-0.001390052
-0.002479704
0.008882484
0.01681269
0.01630883
0.01129666
0.004463948
0.001724071
0.002613569
0.009934141
0.01188176
0.009219204
0.008800754
0.009942624
0.01467416
0.01080961
0.003613205
0.0006726061
0.00783339
0.01583328
0.01497014
0.009556431
0.001666078
0.004454589
0.006843353
0.004715876
0.001534882
0.004133088
0.01187912
0.009207337
0.001946522
-0.002980443
-0.005818481
-0.001383338
0.003226359
0.005021789
0.005511343
0.002689825
0.002276743
0.002135564
0.0001219845
-0.002104399
-0.003354522
-0.00263556
0.003312568
0.005800986
0.00349739
-0.0003884008
-0.003542014
-0.002431555
-0.0009211678
0.0001506655
0.0006728709
0.001799109
0.001506726
0.002358662
0.0007941543
-0.001215341
-0.001243734
-0.001850322
-0.001101834
0.0007166309
0.002693916
0.002065645
0.0009767249
0.0006412222
0.001311218
0.002422671
0.002742761
-0.0006601545
-0.003040981
-0.002570485
-0.0001691521
0.004564107
0.006094001
0.004762124
0.002242386
-0.0002657884
-0.0008341665
0.0003976429
0.00133092
0.001603582
0.0005930369
-9.925971E-06
0.0008129509
0.00125652
0.001327889
0.0006704923
0.0003549138
1.874253E-05
0.0007211935
0.0004998291
0.0001110577
0.0003399544
0.001090561
-0.000170049
-0.002218118
-0.001603578
-0.001108991
-0.001066043
-0.0007071963
-0.001123385
-0.001678258
-0.001055616
-0.0005803757
-0.001097256
-0.001910686
-0.002633794
-0.002675006
-0.002266511
-0.002259059
-0.002452186
-0.002626376
-0.002729499
-0.002628324
-0.002606597
-0.002985379
-0.003354731
-0.003578009
-0.003691668
-0.003679661
-0.0037035
-0.003892203
-0.004031289
-0.004130739
-0.004235387
-0.004262714
-0.00428187
-0.004296367
-0.004306099
-0.004332894
-0.004340282
-0.004327226
-0.004292175
-0.004249011
-0.004198911
-0.004130029
-0.004038699
-0.00392817
-0.00380212
-0.003662644
-0.003507217
-0.003333839
-0.003142328
-0.002933523
-0.002707596
-0.002464457
-0.002204228
-0.00192721
-0.001633761
-0.001324253
-0.0009991284
