0.02
0.0229
0.02315
0.02388
0.02293
0.02065
0.01919
0.01641
0.01477
0.01489
0.01613
0.01807
0.01773
0.01516
0.015
0.01325
0.01389
0.01666
0.01639
0.01501
0.01387
0.01366
0.01997
0.02914
0.03183
0.03428
0.0371
0.0389
0.03263
0.02705
0.01846
0.01862
0.02575
0.03205
0.03383
0.03155
0.04292
0.03658
-0.00379
-0.04843
-0.06833
-0.06021
-0.04534
-0.05076
-0.05808
-0.04125
-0.01262
0.01502
0.02722
0.01948
0.04775
0.08746
0.11719
0.1162
0.08544
0.07176
0.06401
0.04525
0.01607
-0.01995
-0.04879
-0.02786
-0.05042
-0.07724
-0.09246
-0.07743
-0.06701
-0.06685
-0.07458
-0.05799
0.01758
0.0111
-0.00193
0.01051
0.0084
0.00298
0.02771
0.03032
0.03837
0.04583
0.08353
0.09165
0.03204
0.02045
-0.00128
-0.0598
-0.09401
-0.03879
-0.00873
-0.04522
-0.06885
-0.08603
-0.13115
-0.14176
-0.0671
0.06129
0.12801
0.09773
0.08168
0.04427
-0.00726
-0.01215
0.03663
0.07407
0.09029
0.07389
0.03495
0.00784
-0.01255
-0.01017
-0.0082
0.00274
0.03432
0.06512
0.06272
0.03117
0.00682
-0.01004
-0.00144
0.01881
0.01703
0.017
0.00349
-0.00431
-0.00803
-0.03151
-0.10578
-0.19356
-0.25933
-0.30197
-0.33807
-0.37991
-0.45027
-0.49784
-0.45135
-0.27403
-0.0028
-0.03546
-0.16473
-0.29172
-0.33141
-0.46598
-0.44509
-0.47565
-0.41693
-0.49159
-0.40357
-0.49741
-0.05361
1.44047
1.4095
1.49357
1.28381
0.54401
-0.19902
-0.43288
-0.25154
-0.29608
-0.3282
-0.35338
-0.33896
0.10783
0.41944
0.20582
0.32301
0.01637
-0.12927
-0.1747
-0.18212
-0.05689
0.03265
0.07494
-0.05166
-0.09786
-0.13101
-0.02143
0.21522
0.12602
-0.053
-0.02641
0.05561
0.11223
0.10385
0.07591
0.05278
0.00223
-0.0755
-0.17745
-0.21627
-0.15236
-0.00904
0.11924
0.1889
0.25118
0.19217
0.14368
0.15609
0.07811
-0.01387
-0.02564
0.0365
0.07647
0.05341
-0.00226
0.01494
0.0825
0.13209
0.10487
-0.04199
-0.17185
-0.18578
0.0335
0.15408
0.1071
0.0699
0.12807
0.17734
0.24687
0.21972
0.00182
-0.13296
-0.23113
-0.0459
0.22738
0.39179
0.27382
0.06969
-0.03523
-0.16536
-0.20974
-0.19065
-0.11529
0.00037
0.10333
0.14367
0.11949
0.0324
-0.00021
-0.05493
-0.13734
-0.18265
-0.05166
0.05193
0.12449
0.06505
-0.02033
0.06679
0.21273
0.29722
0.187
0.08999
0.03105
-0.07336
-0.20577
-0.31853
-0.19874
0.28063
0.39468
0.2927
0.14291
0.04243
0.04925
0.03833
0.02708
-0.04238
-0.10674
-0.11669
0.03184
0.10064
0.09756
0.00531
-0.05396
-0.06698
-0.1032
-0.15021
-0.16455
-0.12458
-0.10965
0.03113
0.19492
0.25104
0.13008
0.01083
-0.02332
-0.03427
0.03229
0.03113
-0.07237
-0.08532
0.05774
0.033
-0.06586
-0.14189
-0.21133
-0.23799
-0.02776
0.16015
0.13281
0.08614
-0.0798
-0.25509
-0.3396
-0.27692
-0.05955
0.03706
-0.00324
-0.05829
-0.09956
-0.04379
-0.02673
0.03144
0.02897
-0.04129
-0.11258
-0.11083
-0.08051
-0.11622
-0.15809
-0.09656
0.12007
0.26851
0.30723
0.06905
-0.12674
-0.17429
-0.15207
-0.17258
-0.16047
0.00153
0.24416
0.3093
0.00508
-0.18453
-0.27083
-0.22696
-0.12007
0.06283
0.29561
0.41393
0.22127
0.00033
-0.04105
-0.08767
-0.11425
-0.15062
-0.07645
0.10729
0.30148
0.32
0.11189
-0.05499
-0.1136
-0.01931
0.08897
0.03505
-0.05133
-0.11965
-0.11489
-0.10726
-0.16239
-0.22482
-0.2091
0.16474
0.33288
0.44261
0.25287
-0.1209
-0.30323
-0.40511
-0.38614
-0.20365
0.18982
0.28783
0.19557
-0.02634
-0.12814
-0.0665
0.10437
0.22126
0.11446
-0.01343
-0.03538
-0.05122
-0.02087
-0.00618
-0.0176
-0.01577
-0.01401
0.03945
0.13201
0.17827
0.08185
-0.05152
-0.13647
-0.15998
-0.06695
0.02549
0.07136
0.09156
0.08093
0.07197
0.03778
0.00319
-0.01699
-0.0477
-0.02551
0.03029
0.04263
0.02345
-0.00469
0.01354
0.0194
-0.03074
-0.07984
-0.11861
-0.15895
-0.18933
-0.20655
-0.17591
-0.08351
-0.0183
0.01658
0.05849
0.07492
0.06657
0.01998
-0.02419
-0.01366
0.00494
0.00867
0.00379
0.0057
0.00295
0.02404
0.07302
0.08914
0.03585
-0.01825
-0.02633
-0.02908
-0.05089
-0.07706
-0.09714
-0.07686
-0.04898
-0.05792
-0.0645
-0.04002
0.03104
0.1063
0.11298
0.04405
0.00438
-0.01071
-0.04607
-0.04957
0.00746
0.02805
0.01586
0.03475
0.04122
0.02023
0.01704
0.02242
0.03125
0.00862
-0.03398
0.01155
0.06866
0.07106
0.06416
0.02713
0.00103
-0.00719
0.00367
0.02202
0.01106
0.00777
0.02518
0.04782
0.03769
0.02191
0.01741
0.01341
0.01682
0.02805
0.03227
0.00849
-0.00996
-0.02089
-0.00413
0.03577
0.05695
0.06284
0.03367
0.01121
0.01327
0.01634
0.00889
0.00253
0.02233
0.04916
0.06413
0.04948
0.02281
0.0093
-0.00037
-0.01105
-0.00369
0.01012
0.00512
-0.00165
-0.00792
0.00222
0.02395
0.0367
0.02365
-0.00876
-0.0276
-0.03557
-0.03951
-0.02244
-0.0053
-0.00506
-0.01713
-0.03515
-0.04397
-0.04556
-0.03989
-0.02814
-0.0167
-0.01594
-0.01976
-0.02406
-0.03413
-0.03714
-0.02692
-0.01907
-0.01507
-0.01292
-0.01252
-0.01811
-0.02027
-0.01567
-0.01775
-0.02589
-0.02374
-0.01043
-0.00511
-0.01057
-0.01632
-0.01099
-0.00754
-0.01842
-0.03097
-0.02777
-0.00424
0.00968
0.00911
0.00423
0.00284
0.00681
0.00973
0.0091
0.00247
-0.00662
-0.01708
-0.02647
-0.02639
-0.00713
0.01311
0.01974
0.01755
0.00997
0.0038
0.0028
0.00136
0.00965
0.02244
0.02431
0.02466
0.02229
0.01881
0.01563
0.01418
0.02043
0.02288
0.01695
0.01476
0.01895
0.02042
0.01459
0.00549
0.00557
0.01435
0.01709
0.01726
0.01737
0.01451
0.00025
-0.01482
-0.01856
-0.008
0.00025
-0.00324
-0.01013
-0.005
0.01928
0.02824
0.02323
0.02007
0.01561
0.00474
-0.00699
-0.01397
-0.01572
-0.00736
0.01797
0.03045
0.01855
0.0061
0.00597
0.01492
0.01948
0.00726
-0.01227
-0.01846
-0.012
-0.00237
0.00218
-0.00051
-0.01081
-0.01805
-0.01806
-0.01851
-0.02379
-0.00978
0.00738
0.006
0.00537
0.01309
0.00732
-0.01234
-0.01614
-0.0102
-0.00927
-0.0132
-0.01504
-0.02226
-0.02999
-0.04152
-0.02193
0.006
0.00926
0.01317
0.00611
-0.01762
-0.03953
-0.04232
-0.03558
-0.01009
0.00246
0.00081
0.00204
-0.00326
-0.00752
-0.0165
-0.02724
-0.02236
-0.00855
-0.00036
0.00216
0.00067
-0.00183
0.00107
0.00616
0.00739
0.01419
0.0256
0.0279
0.00092
-0.02856
-0.01228
0.02189
0.02817
0.0193
0.01211
0.00971
0.00675
-0.00142
-0.01078
-0.01692
-0.0035
0.01941
0.02083
0.00816
-0.00101
-0.00039
0.00323
0.00143
-0.00379
0.00485
0.02236
0.02133
-0.00147
-0.01417
-0.00839
0.00233
0.02387
0.02902
0.02402
0.02494
0.01838
0.00957
0.00233
0.00789
0.01785
0.00484
-0.01139
-0.02823
-0.01922
0.01109
0.01035
-0.01818
-0.0389
-0.04351
-0.03678
0.00147
0.04627
0.04723
-0.00065
-0.04421
-0.03269
0.01877
0.05625
0.04717
-0.00715
-0.05012
-0.02869
-0.0034
-0.02686
-0.04919
-0.01993
0.03648
0.03746
-0.00379
-0.01623
0.01036
0.02456
0.00524
-0.00653
0.01387
0.01292
-0.01488
-0.02554
-0.01194
0.00021
-0.00039
0.00957
0.01972
0.02696
0.03714
0.02148
-0.00752
-0.03061
-0.04101
-0.03577
-0.02361
0.00579
0.0219
0.00585
-0.0068
-0.00087
0.05024
0.07285
0.00838
-0.05749
-0.06168
-0.02104
-0.00438
-0.00821
-0.0146
-0.00588
0.02273
0.04815
0.03436
-0.00146
-0.03719
-0.05554
-0.03982
-0.00994
0.02126
0.029
0.01641
0.00787
0.02395
0.03234
0.01031
-0.02145
-0.03627
-0.03899
-0.01449
0.00966
0.00785
0.00456
0.00306
0.01642
0.02118
0.03122
0.04945
0.06383
0.07642
0.07419
0.04589
0.02361
0.01042
-0.02605
-0.06458
-0.0597
-0.01675
-0.01596
-0.05494
-0.05859
-0.01219
0.02556
0.06511
0.08713
0.04659
-0.00018
-0.03045
-0.05563
-0.04973
-0.0041
0.02613
0.02148
0.00586
-0.01151
-0.03495
-0.04632
-0.01021
0.07468
0.07101
-0.02996
-0.05537
0.0091
0.03009
-0.00918
-0.06068
-0.10364
-0.11056
-0.06613
-0.00689
0.02662
0.0496
0.03746
0.01501
-0.003
-0.01443
-0.0119
-0.00548
0.00212
-0.00179
-0.02134
-0.02919
-0.04677
-0.02283
0.03999
0.06302
0.04812
-0.01968
-0.08537
-0.05621
0.02523
0.02253
-0.00825
-0.01507
-0.01834
-0.01568
0.02165
0.06274
0.08773
0.06002
-0.0125
-0.0444
-0.02282
0.02203
0.01812
-0.01145
-0.01961
0.0009
0.00543
0.01506
0.04848
0.06724
0.05717
0.01884
-0.03266
-0.0704
-0.06346
-0.04287
-0.03783
-0.03412
-0.00314
0.04511
0.0796
0.08454
0.07131
0.06377
0.03849
0.0075
-0.02048
-0.04742
-0.05296
-0.03349
0.00415
0.03681
0.02344
-0.00184
-0.01075
-0.00917
0.01346
0.02207
0.02254
0.02422
0.03758
0.05692
0.04532
0.00897
-0.02575
-0.04387
-0.04612
-0.02585
-0.00677
-0.01322
-0.03235
-0.04458
-0.04321
-0.0203
-0.00484
-0.01505
-0.03149
-0.03491
-0.01856
-0.01737
-0.04282
-0.07532
-0.03109
0.06969
0.10496
0.04682
0.01832
0.07417
0.1298
0.09445
-0.00874
-0.08048
-0.09816
-0.0609
0.00341
0.06234
0.05679
-0.00871
-0.05393
-0.07899
-0.09105
-0.02983
0.10371
0.12714
0.00373
-0.07466
-0.02057
0.05827
0.08042
0.06595
0.0188
-0.03181
-0.08668
-0.14159
-0.1539
-0.0507
0.13006
0.25329
0.19566
0.02967
-0.05468
-0.03294
-0.02046
-0.0514
-0.11423
-0.04906
0.11473
0.07346
-0.06565
-0.13311
-0.07745
0.04625
0.07113
-0.02477
-0.09909
-0.07625
0.00536
0.05328
0.02971
-0.01159
-0.04345
-0.0415
0.00048
0.02845
0.019
-0.01097
-0.0249
-0.02426
-0.02095
-0.0057
0.0032
-0.00567
-0.01213
-0.01555
-0.00819
0.01135
0.0159
0.01092
0.00021
-0.01288
-0.02493
-0.02874
-0.01511
0.00493
0.01881
0.03268
0.03869
0.03021
0.00824
-0.01665
-0.03361
-0.02751
0.00046
0.01122
0.01012
0.00937
0.0076
0.00394
-0.00371
-0.00174
0.01453
0.01442
-0.00858
-0.02176
-0.02366
-0.01861
-0.00325
0.00479
0.00059
-0.01313
-0.01001
0.00366
0.00509
0.00239
-0.00316
-0.01247
-0.02372
-0.02881
-0.02854
-0.02036
-0.00763
0.00525
0.01169
0.01056
0.00774
0.00677
0.0078
0.00552
0.00053
-0.00661
-0.01449
-0.01781
-0.01926
-0.01458
-0.00012
0.00905
0.01229
0.01699
0.02251
0.02492
0.01504
0.00191
-0.00345
-0.00603
-0.00406
0.00002
0.00429
0.00915
0.01237
0.0164
0.02013
0.01368
-0.00102
-0.01187
-0.00177
0.02041
0.02149
0.00271
-0.00827
-0.0068
-0.00854
-0.01284
-0.00433
0.01017
0.01605
0.01283
0.00743
0.00565
0.00694
0.00821
0.0047
0.00112
-0.00705
-0.01421
-0.00809
0.0041
0.01104
0.01079
0.0087
0.00174
-0.00797
-0.01605
-0.01818
-0.01183
-0.00641
-0.00231
0.00522
0.00906
0.00948
0.01121
0.01256
0.01007
-0.00384
-0.02024
-0.03108
-0.0347
-0.01814
-0.00206
0.0038
0.00307
0.00011
0.00531
0.00878
0.00817
0.00571
0.00325
0.01432
0.02223
0.00882
-0.00275
-0.00595
0.00199
0.00969
0.01709
0.01844
0.00824
-0.00165
-0.00977
-0.01232
-0.00741
0.00436
0.01011
0.00866
0.0084
0.00505
0.00849
0.01759
0.01535
0.00566
0.00212
0.00039
-0.00048
0.00301
0.00952
0.01882
0.0217
0.0151
0.00529
-0.0012
-0.00064
0.00055
-0.00352
-0.00288
0.0017
0.00666
0.00445
0.00228
0.00169
0.00279
0.0075
0.00653
0.00184
-0.00069
0.00142
-0.00247
-0.00772
0.00073
0.00677
0.00249
0.00237
0.00081
0.00048
0.00235
-0.00035
-0.00206
-0.00075
-0.00099
-0.00277
-0.00185
0.00033
0.00111
0.001
-0.00084
-0.00094
-0.00531
-0.00574
-0.00321
-0.00233
-0.00049
-0.00066
-0.00393
-0.00286
0.00529
0.00378
-0.00046
-0.00341
-0.00348
-0.00183
0.00063
0.00476
0.00602
0.00401
0.00292
0.00553
0.00354
-0.00043
0.00038
0.00235
-0.00096
-0.00345
-0.00392
-0.00218
0.00255
-0.00114
-0.0048
-0.00624
-0.01233
-0.01567
-0.00965
-0.0013
0.0022
-0.00227
-0.00899
-0.0071
-0.00318
0.00583
0.0032
-0.00723
-0.00405
0.00094
0.00175
0.00562
0.00641
0.00187
-0.00438
-0.01706
-0.01349
0.00008
-0.00145
-0.00601
-0.00374
-0.00141
-0.00175
-0.00187
-0.00092
0.00404
0.0044
0.00083
0.00095
0.00049
-0.00096
0.00003
-0.00188
-0.00416
-0.00097
0.00211
0.00383
0.00372
0.00328
0.00335
0.00487
0.00747
0.00832
0.00289
-0.00058
0.00251
0.00231
0.00035
0.00165
0.00585
0.0085
0.009
0.00963
0.00946
0.00813
0.00544
0.0005
-0.00493
-0.00524
-0.00382
-0.00078
-0.00093
-0.00268
-0.00257
-0.00247
-0.00512
-0.01023
-0.01141
-0.00936
-0.00395
-0.00162
0.00646
0.01867
0.01458
0.00385
-0.0041
-0.0155
-0.02341
-0.01938
-0.01978
-0.01191
-0.00087
0.00294
0.00864
0.00279
0.00611
-0.00144
-0.01751
-0.02532
-0.03043
-0.01303
0.00196
-0.00196
-0.01367
-0.01646
-0.00917
-0.00249
-0.00828
-0.00483
0.00538
0.00794
0.0056
0.00191
-0.00114
-0.008
-0.01661
-0.01362
-0.0047
-0.00751
-0.00703
0.00324
0.00694
-0.00762
-0.02069
-0.00947
0.00838
0.02138
0.01644
-0.00574
-0.01621
-0.00916
-0.0021
-0.00301
0.00867
0.0239
0.01623
0.00249
-0.01075
-0.02321
-0.02102
-0.00103
0.02099
0.0236
0.01244
0.00041
-0.00048
0.00577
0.00601
0.00433
-0.00147
-0.00309
0.00333
0.00977
0.00946
0.0054
0.00678
0.0092
0.00464
-0.00017
0.00156
0.00442
0.00717
0.00948
0.01022
0.00513
0.00115
0.00331
0.00557
0.00545
0.00055
-0.00132
0.0018
0.00446
0.00664
0.0069
0.00548
0.00288
0.00088
-0.00005
0.00053
0.00184
0.0034
0.00417
0.00337
0.00192
0.00017
-0.00092
-0.0001
0.00181
0.00302
0.0026
0.00142
0.00036
-0.0006
-0.00083
-0.00087
-0.00054
-0.00045
-0.00022
0.00018
0.00093
0.00059
-0.00046
-0.00046
-0.00115
-0.00234
-0.00238
-0.00161
-0.0014
-0.00153
-0.00125
-0.00106
-0.00109
-0.00114
-0.00129
-0.00157
-0.00169
-0.00155
-0.00145
-0.00151
-0.00151
-0.00142
-0.00143
-0.00137
-0.00131
-0.0013
-0.00128
-0.00123
-0.00123
-0.00119
-0.00106
-0.00095
-0.00086
-0.00078
-0.0007
-0.00062
-0.00056
-0.00049
-0.00042
-0.00036
-0.00028
-0.00021
-0.00015
-0.0001
-0.00004
0
0.00004
0.00008
0.0001
0.00013
0.00014
0.00015
0.00016
0.00015
0.00014
0.00012
0.00009