0.005
0.00065
0.00065
0.00065
0.00065
0.00065
0.00065
0.00065
0.00065
0.00065
0.00066
0.00066
0.00066
0.00066
0.00066
0.00066
0.00066
0.00065
0.00065
0.00065
0.00065
0.00064
0.00064
0.00064
0.00064
0.00065
0.00066
0.00066
0.00068
0.00069
0.0007
0.00072
0.00073
0.00074
0.00076
0.00077
0.00078
0.00079
0.00081
0.00084
0.00086
0.00087
0.00089
0.0009
0.00089
0.00085
0.0008
0.00073
0.00065
0.00062
0.00066
0.00075
0.00088
0.00101
0.00115
0.00129
0.0014
0.00143
0.00136
0.00121
0.00099
0.0007
0.00046
0.00035
0.00039
0.00053
0.00063
0.00065
0.00059
0.00048
0.0004
0.0004
0.00052
0.00069
0.00083
0.00095
0.00097
0.00087
0.00086
0.00104
0.00123
0.0012
0.00098
0.00072
0.00047
0.00027
0.00019
0.00019
0.00021
0.00029
0.00054
0.00098
0.00154
0.00202
0.00216
0.00183
0.0013
0.00085
0.00056
0.00051
0.00073
0.00089
0.00061
0.00003
-0.0003
-0.00012
0.00055
0.00137
0.00212
0.00247
0.0022
0.00176
0.0016
0.00186
0.00239
0.00287
0.00294
0.00252
0.00161
0.00018
-0.0015
-0.00268
-0.00265
-0.0015
0.00022
0.00172
0.00232
0.00192
0.00086
-0.00025
-0.00133
-0.0024
-0.00331
-0.00366
-0.00278
-0.00077
0.00152
0.00306
0.00267
0.00021
-0.00351
-0.00701
-0.00878
-0.00849
-0.00662
-0.00436
-0.00265
-0.00253
-0.00369
-0.00472
-0.00477
-0.00376
-0.00233
-0.00119
-0.00048
-0.00061
-0.00158
-0.00233
-0.00224
-0.00144
-0.00036
0.00096
0.00297
0.00563
0.00871
0.01135
0.01254
0.01135
0.00792
0.00361
0.00004
-0.00143
-0.00016
0.00258
0.00498
0.00534
0.00311
0.0004
-0.00191
-0.00386
-0.00527
-0.00578
-0.00499
-0.00322
-0.00108
0.00134
0.00328
0.00394
0.00261
-0.0003
-0.00392
-0.0074
-0.00935
-0.00919
-0.00726
-0.00542
-0.00525
-0.00709
-0.00899
-0.00912
-0.0067
-0.00294
0.00074
0.00339
0.0044
0.00306
0.00062
-0.00197
-0.00453
-0.00653
-0.00715
-0.00573
-0.0033
-0.00126
0.00047
0.00198
0.00264
0.00238
0.00134
-0.00009
-0.00111
-0.00057
0.00186
0.00399
0.00486
0.00504
0.00527
0.00597
0.00713
0.00851
0.00983
0.01078
0.0107
0.00993
0.00945
0.00896
0.00819
0.00717
0.00576
0.0042
0.00303
0.00318
0.00454
0.00598
0.00752
0.00907
0.0111
0.0132
0.01362
0.01177
0.00953
0.00744
0.00511
0.00303
0.00171
0.00224
0.00459
0.00708
0.00947
0.01137
0.01165
0.0094
0.00501
-0.00055
-0.00664
-0.01226
-0.01709
-0.02135
-0.02454
-0.0266
-0.02715
-0.02672
-0.02681
-0.02688
-0.02577
-0.02346
-0.02088
-0.01847
-0.01551
-0.01216
-0.0094
-0.00739
-0.00598
-0.00496
-0.00419
-0.0031
-0.0005
0.0046
0.01167
0.01824
0.02141
0.01858
0.00953
-0.00293
-0.01565
-0.02671
-0.03431
-0.03878
-0.03848
-0.03161
-0.01986
-0.00542
0.00991
0.02367
0.0323
0.0333
0.02755
0.01856
0.00872
-0.00041
-0.0083
-0.01366
-0.01715
-0.01834
-0.0157
-0.01101
-0.00614
-0.00096
0.00476
0.01184
0.02027
0.02852
0.03414
0.03553
0.03367
0.03055
0.02718
0.02395
0.02082
0.01701
0.01232
0.00721
0.00306
-0.00022
-0.00294
-0.00551
-0.00815
-0.00957
-0.00915
-0.00819
-0.00905
-0.01276
-0.01825
-0.02466
-0.0318
-0.03867
-0.04456
-0.04713
-0.04406
-0.03736
-0.03135
-0.02827
-0.02942
-0.03459
-0.04005
-0.04221
-0.03791
-0.02795
-0.01504
-0.00092
0.0114
0.02083
0.02629
0.02983
0.03359
0.03857
0.04446
0.04974
0.05122
0.0457
0.03416
0.01943
0.00487
-0.00748
-0.0162
-0.01964
-0.01593
-0.00675
0.00567
0.01857
0.02845
0.03343
0.03333
0.02855
0.02188
0.0144
0.00667
-0.00077
-0.00762
-0.01345
-0.01866
-0.02335
-0.02485
-0.02014
-0.00801
0.01011
0.0301
0.04653
0.05676
0.05846
0.05398
0.04764
0.0413
0.03592
0.03247
0.03351
0.03883
0.04181
0.03766
0.02566
0.00656
-0.01589
-0.03594
-0.05124
-0.06054
-0.06706
-0.07355
-0.07957
-0.08442
-0.0886
-0.09325
-0.1
-0.10981
-0.12055
-0.12796
-0.12933
-0.12687
-0.12345
-0.12008
-0.11613
-0.10986
-0.09999
-0.08641
-0.07035
-0.05289
-0.03487
-0.01833
-0.00612
-0.00076
-0.00256
-0.00555
-0.00181
0.01018
0.02644
0.04202
0.05072
0.04869
0.03616
0.01784
-0.00146
-0.0189
-0.03149
-0.03605
-0.03556
-0.0321
-0.0276
-0.02363
-0.01949
-0.01434
-0.00715
0.00241
0.01484
0.03002
0.04667
0.06343
0.07852
0.09052
0.09809
0.09943
0.09452
0.08324
0.06516
0.04462
0.02537
0.01139
0.00573
0.00937
0.02094
0.03616
0.05186
0.06215
0.06651
0.0675
0.06498
0.06144
0.05719
0.05093
0.04213
0.03031
0.01601
-0.00075
-0.02089
-0.04046
-0.05577
-0.06646
-0.07326
-0.07633
-0.07595
-0.07026
-0.05797
-0.0386
-0.0166
0.00267
0.0165
0.02416
0.02668
0.02177
0.00915
-0.00839
-0.02677
-0.04288
-0.054
-0.05985
-0.06167
-0.05853
-0.04985
-0.0348
-0.01464
0.00731
0.02797
0.04312
0.05017
0.04985
0.04265
0.03146
0.01572
-0.0048
-0.02807
-0.05206
-0.07694
-0.1009
-0.11901
-0.12679
-0.12651
-0.12112
-0.11246
-0.10133
-0.08842
-0.07587
-0.06607
-0.05821
-0.05042
-0.04172
-0.03285
-0.02625
-0.02507
-0.02971
-0.03648
-0.04046
-0.03813
-0.02887
-0.01734
-0.00658
-0.00052
0.00057
-0.00164
-0.00827
-0.01879
-0.0319
-0.04543
-0.05763
-0.06751
-0.07394
-0.07716
-0.07707
-0.07461
-0.07188
-0.06957
-0.06587
-0.05816
-0.04523
-0.02808
-0.01087
0.00202
0.00692
0.00061
-0.01918
-0.04825
-0.0746
-0.09647
-0.11719
-0.14061
-0.16311
-0.17821
-0.18296
-0.1836
-0.18484
-0.18616
-0.18661
-0.18652
-0.18632
-0.18753
-0.19203
-0.2002
-0.21021
-0.2179
-0.22177
-0.22323
-0.22101
-0.21221
-0.19267
-0.16271
-0.12816
-0.0918
-0.04933
-0.00619
0.03232
0.06475
0.0922
0.10772
0.11452
0.11781
0.11894
0.11919
0.11543
0.10439
0.08555
0.06213
0.03348
0.00271
-0.0225
-0.0375
-0.03891
-0.02816
-0.00748
0.01897
0.04555
0.06881
0.08844
0.10428
0.11362
0.12072
0.12658
0.13026
0.13048
0.12551
0.11525
0.09864
0.07581
0.05121
0.03202
0.02266
0.02295
0.03144
0.04506
0.06338
0.08559
0.11038
0.1382
0.16644
0.19346
0.21811
0.24009
0.26155
0.28319
0.30287
0.32144
0.33841
0.35398
0.36815
0.37894
0.38346
0.38144
0.37279
0.35736
0.3369
0.31289
0.28124
0.23628
0.18171
0.13037
0.09226
0.0787
0.08992
0.10628
0.11972
0.1289
0.13261
0.13088
0.12238
0.10695
0.08733
0.0679
0.0504
0.03594
0.02333
0.0112
0.00068
-0.0083
-0.01781
-0.02877
-0.03944
-0.05085
-0.06613
-0.08801
-0.1151
-0.14368
-0.17428
-0.20317
-0.23726
-0.27044
-0.30102
-0.32876
-0.35263
-0.37657
-0.3985
-0.4143
-0.42728
-0.43865
-0.44667
-0.45305
-0.45731
-0.45788
-0.45213
-0.43155
-0.38427
-0.31087
-0.2372
-0.15832
-0.08445
-0.01715
0.05785
0.14342
0.22526
0.29485
0.3478
0.39053
0.42872
0.46065
0.48911
0.51582
0.54217
0.56779
0.58587
0.59366
0.58783
0.55565
0.4835
0.38589
0.30326
0.27358
0.27931
0.28871
0.28918
0.27222
0.23715
0.18021
0.0985
-0.01721
-0.1621
-0.28527
-0.34181
-0.35024
-0.3471
-0.34784
-0.36548
-0.394
-0.40647
-0.39993
-0.38785
-0.3829
-0.37983
-0.3677
-0.33438
-0.27629
-0.20991
-0.14458
-0.08955
-0.03775
0.01937
0.08268
0.14528
0.19866
0.24229
0.28306
0.32213
0.35198
0.37107
0.38374
0.39044
0.38906
0.38126
0.37247
0.3665
0.35881
0.33536
0.28859
0.23246
0.18071
0.13043
0.07727
0.01993
-0.0406
-0.09733
-0.13813
-0.1598
-0.1783
-0.19453
-0.21122
-0.22778
-0.24466
-0.26389
-0.28351
-0.29287
-0.2856
-0.25763
-0.21002
-0.1488
-0.08189
-0.0038
0.0695
0.14046
0.20942
0.27021
0.31666
0.34315
0.345
0.33815
0.33505
0.33636
0.33879
0.33593
0.32837
0.32113
0.31494
0.30833
0.30026
0.29096
0.28344
0.27301
0.25527
0.23237
0.21269
0.20009
0.18669
0.16963
0.15207
0.13457
0.11369
0.08781
0.05945
0.03035
0.00541
-0.01205
-0.02437
-0.04277
-0.07224
-0.10537
-0.13193
-0.14585
-0.14558
-0.13748
-0.12921
-0.12787
-0.13423
-0.1436
-0.15156
-0.15655
-0.15438
-0.14361
-0.1255
-0.09751
-0.06218
-0.02054
0.02635
0.07252
0.11047
0.13988
0.15643
0.15992
0.14998
0.1245
0.08353
0.03859
-0.00575
-0.04989
-0.0891
-0.11802
-0.13954
-0.15869
-0.17519
-0.1871
-0.19689
-0.20445
-0.20599
-0.19719
-0.17633
-0.13881
-0.09079
-0.04518
-0.00134
0.04201
0.08471
0.12383
0.15827
0.19176
0.22236
0.24786
0.26396
0.27103
0.26868
0.25919
0.24585
0.22993
0.2123
0.18867
0.15364
0.10886
0.06292
0.02417
-0.00457
-0.02448
-0.04053
-0.05505
-0.0697
-0.08358
-0.09544
-0.10601
-0.11869
-0.13353
-0.14816
-0.16357
-0.18191
-0.2014
-0.21839
-0.23055
-0.23885
-0.24576
-0.25518
-0.27115
-0.29187
-0.31059
-0.32245
-0.33109
-0.3424
-0.35788
-0.37792
-0.40549
-0.43927
-0.47316
-0.50266
-0.52845
-0.53883
-0.52196
-0.4764
-0.40615
-0.32519
-0.2418
-0.16367
-0.10309
-0.04368
0.0119
0.06504
0.11716
0.16559
0.2149
0.25904
0.29527
0.32525
0.35047
0.37068
0.38773
0.39928
0.39689
0.37791
0.34009
0.28245
0.21279
0.14196
0.07417
0.01318
-0.03541
-0.06943
-0.08315
-0.08378
-0.08695
-0.10483
-0.12691
-0.1343
-0.11771
-0.08326
-0.03913
0.00771
0.05051
0.0844
0.11188
0.13481
0.14562
0.12885
0.0851
0.02635
-0.03596
-0.09054
-0.12737
-0.15094
-0.16932
-0.19053
-0.21031
-0.22142
-0.21862
-0.19887
-0.1679
-0.13332
-0.10337
-0.0783
-0.05606
-0.03326
-0.00907
0.01552
0.03883
0.06057
0.0799
0.0949
0.09955
0.08602
0.0532
0.00665
-0.04135
-0.08492
-0.12386
-0.16097
-0.19559
-0.2277
-0.25182
-0.26236
-0.25958
-0.24595
-0.22543
-0.2005
-0.17457
-0.14407
-0.10515
-0.05896
-0.01246
0.02823
0.07008
0.10764
0.14046
0.16918
0.19251
0.21031
0.22195
0.22716
0.22405
0.21227
0.18934
0.15523
0.11838
0.08662
0.0638
0.04567
0.02553
-0.00393
-0.03515
-0.04449
-0.01617
0.03793
0.09596
0.14647
0.1814
0.18115
0.15134
0.11169
0.07147
0.02973
-0.00639
-0.03291
-0.04845
-0.05299
-0.0482
-0.03883
-0.02957
-0.0163
0.00466
0.03204
0.0589
0.0785
0.08984
0.10003
0.11631
0.14007
0.16715
0.18975
0.20178
0.20113
0.19245
0.19039
0.20512
0.22835
0.24302
0.24134
0.22143
0.1822
0.11861
0.03982
-0.03833
-0.11048
-0.18346
-0.2498
-0.3003
-0.32983
-0.34813
-0.35586
-0.35516
-0.36016
-0.37847
-0.40653
-0.43641
-0.45956
-0.47508
-0.48389
-0.4901
-0.49451
-0.49441
-0.48874
-0.47553
-0.4537
-0.42396
-0.38875
-0.3464
-0.30246
-0.24955
-0.19744
-0.16381
-0.15416
-0.16737
-0.17889
-0.16697
-0.12797
-0.07782
-0.03558
-0.01063
-0.00131
0.00493
0.00554
-0.00837
-0.02783
-0.04372
-0.05792
-0.07642
-0.10207
-0.12405
-0.12872
-0.12421
-0.11715
-0.11298
-0.11315
-0.11719
-0.12337
-0.13116
-0.13974
-0.14823
-0.15586
-0.16176
-0.16268
-0.15506
-0.13844
-0.11431
-0.08549
-0.05497
-0.02539
0.00255
0.0296
0.05528
0.07776
0.10132
0.12723
0.15307
0.17682
0.19774
0.21365
0.22088
0.21982
0.21057
0.18707
0.14547
0.0917
0.04086
-0.00519
-0.04979
-0.07892
-0.08816
-0.08469
-0.07331
-0.05611
-0.03282
-0.00513
0.0277
0.06558
0.10505
0.14159
0.17605
0.20889
0.24139
0.27099
0.29488
0.31098
0.31973
0.32486
0.32729
0.32812
0.32751
0.32175
0.30528
0.27754
0.24863
0.22138
0.19306
0.16321
0.13401
0.11007
0.09486
0.08553
0.08134
0.0841
0.09258
0.10646
0.12454
0.13927
0.14454
0.13914
0.12793
0.11522
0.10367
0.09281
0.08347
0.07639
0.07096
0.06488
0.05542
0.04138
0.02408
0.00724
-0.00971
-0.02744
-0.04447
-0.05743
-0.06368
-0.0659
-0.06498
-0.05942
-0.04971
-0.03516
-0.0187
-0.00283
0.01283
0.02747
0.03823
0.042
0.03965
0.03777
0.04291
0.05366
0.06607
0.07788
0.08398
0.08278
0.07475
0.06193
0.04588
0.03025
0.0151
-0.00147
-0.0191
-0.03606
-0.0494
-0.05686
-0.06066
-0.06377
-0.06665
-0.06906
-0.07173
-0.0762
-0.08368
-0.09457
-0.1088
-0.12551
-0.141
-0.15322
-0.16055
-0.16235
-0.16045
-0.15754
-0.15541
-0.15244
-0.14797
-0.14252
-0.13746
-0.1337
-0.13027
-0.12547
-0.1196
-0.11497
-0.11494
-0.12107
-0.13023
-0.14069
-0.15236
-0.16408
-0.17593
-0.18794
-0.19919
-0.20718
-0.20721
-0.19609
-0.1752
-0.14934
-0.12347
-0.09794
-0.07113
-0.04258
-0.01293
0.01527
0.03764
0.05096
0.05971
0.0684
0.0763
0.08268
0.08945
0.09826
0.11026
0.12794
0.15003
0.17154
0.19289
0.21244
0.23642
0.25926
0.28108
0.30007
0.31505
0.32571
0.33223
0.33499
0.33485
0.33235
0.32669
0.31607
0.29931
0.27474
0.24114
0.2021
0.1582
0.11506
0.08451
0.06804
0.06041
0.05942
0.06858
0.09163
0.12713
0.16713
0.20668
0.24383
0.27798
0.30894
0.3355
0.35965
0.38341
0.40602
0.42294
0.43353
0.44283
0.45527
0.47049
0.4829
0.47809
0.43953
0.36099
0.25333
0.12776
0.00625
-0.10258
-0.18995
-0.25692
-0.31162
-0.35138
-0.38783
-0.42298
-0.43394
-0.41038
-0.36337
-0.32412
-0.31324
-0.31587
-0.30238
-0.26894
-0.22475
-0.18252
-0.13349
-0.0693
0.00364
0.07939
0.14906
0.2108
0.26738
0.31895
0.36078
0.39171
0.41588
0.42513
0.42026
0.41815
0.42947
0.44903
0.46058
0.44937
0.40715
0.33976
0.26837
0.18857
0.10594
0.03396
-0.01037
-0.03979
-0.06636
-0.07918
-0.07898
-0.07767
-0.09353
-0.12727
-0.16454
-0.18836
-0.19558
-0.20336
-0.2112
-0.20904
-0.19169
-0.16395
-0.13509
-0.10841
-0.0856
-0.0723
-0.06984
-0.07231
-0.0755
-0.07459
-0.0664
-0.05521
-0.04944
-0.05127
-0.05713
-0.06129
-0.06609
-0.07654
-0.09507
-0.11918
-0.14336
-0.16474
-0.17939
-0.18414
-0.18216
-0.17452
-0.1617
-0.14276
-0.12062
-0.10233
-0.09181
-0.09069
-0.09998
-0.11638
-0.1346
-0.15139
-0.16614
-0.18331
-0.20771
-0.23691
-0.26472
-0.28948
-0.30931
-0.32425
-0.34036
-0.35677
-0.36905
-0.37272
-0.36961
-0.3618
-0.35145
-0.33841
-0.32083
-0.29758
-0.27182
-0.24798
-0.2275
-0.21167
-0.20044
-0.18885
-0.17086
-0.14742
-0.1311
-0.1381
-0.16611
-0.1882
-0.18058
-0.14661
-0.1077
-0.07502
-0.0543
-0.04297
-0.03323
-0.02194
-0.00553
0.02004
0.05564
0.09423
0.13123
0.16605
0.2027
0.23985
0.2754
0.3122
0.34934
0.38498
0.41809
0.44663
0.47062
0.49101
0.50609
0.51989
0.5388
0.55826
0.58072
0.60808
0.62963
0.64556
0.65686
0.66427
0.66663
0.66361
0.65255
0.63115
0.60932
0.60984
0.63832
0.66821
0.67864
0.66786
0.63872
0.59767
0.55904
0.52939
0.47957
0.39716
0.28238
0.11493
-0.08816
-0.29954
-0.48178
-0.62985
-0.7185
-0.75365
-0.7655
-0.75332
-0.73394
-0.74429
-0.79293
-0.85674
-0.90829
-0.93201
-0.92807
-0.89198
-0.83045
-0.76228
-0.69649
-0.63264
-0.55608
-0.46606
-0.36409
-0.24309
-0.14211
-0.09074
-0.06341
-0.03605
-0.01729
-0.01287
-0.00708
0.0188
0.06006
0.10222
0.12489
0.12851
0.11861
0.09863
0.0709
0.0441
0.03101
0.0261
0.02151
0.01183
-0.00444
-0.0156
-0.01006
0.00513
0.00434
-0.01043
-0.02676
-0.04618
-0.07541
-0.12053
-0.17716
-0.23198
-0.26982
-0.2918
-0.31447
-0.35349
-0.39597
-0.42873
-0.45387
-0.47186
-0.49512
-0.53422
-0.57898
-0.61822
-0.63541
-0.62307
-0.59054
-0.55101
-0.51574
-0.48423
-0.45733
-0.42253
-0.37939
-0.32946
-0.27993
-0.22537
-0.17285
-0.12425
-0.07303
-0.02042
0.03709
0.09403
0.14712
0.19667
0.2461
0.29875
0.3495
0.39064
0.4243
0.44829
0.45987
0.45167
0.42777
0.40113
0.3847
0.37504
0.36229
0.3438
0.32076
0.29591
0.2717
0.24663
0.22189
0.20051
0.18228
0.16686
0.15481
0.14465
0.13223
0.11518
0.09252
0.06411
0.03022
-0.00534
-0.03771
-0.06621
-0.09547
-0.12763
-0.15911
-0.18734
-0.21239
-0.23515
-0.24924
-0.25203
-0.24471
-0.23215
-0.21783
-0.20121
-0.18146
-0.15456
-0.12272
-0.09327
-0.06654
-0.04097
-0.01809
0.00122
0.01748
0.03155
0.0408
0.04613
0.05155
0.05683
0.05832
0.05245
0.04029
0.02387
0.00489
-0.01457
-0.03002
-0.04358
-0.05237
-0.05598
-0.0563
-0.05505
-0.05295
-0.04868
-0.04164
-0.03261
-0.02151
-0.0062
0.01325
0.03492
0.0579
0.08025
0.0997
0.11338
0.11923
0.11755
0.11305
0.10971
0.10718
0.10568
0.10565
0.1068
0.10954
0.11422
0.12008
0.126
0.13028
0.13251
0.13475
0.13489
0.12902
0.11928
0.10835
0.10091
0.09977
0.10407
0.11296
0.1238
0.13621
0.15102
0.16783
0.18699
0.20694
0.22519
0.24069
0.25081
0.25699
0.26211
0.26862
0.27902
0.29639
0.31845
0.33537
0.33708
0.31684
0.27658
0.22119
0.16044
0.1021
0.04705
-0.00191
-0.05621
-0.11038
-0.14617
-0.15989
-0.16166
-0.1545
-0.13906
-0.1148
-0.08182
-0.04109
-0.0006
0.02847
0.04409
0.05017
0.04818
0.04639
0.05
0.05653
0.06025
0.05894
0.05435
0.04869
0.04239
0.03457
0.02501
0.01256
-0.00162
-0.01486
-0.02868
-0.04408
-0.05927
-0.06994
-0.07314
-0.06787
-0.0549
-0.03724
-0.01802
0.00134
0.023
0.04408
0.0625
0.0803
0.09794
0.11613
0.1333
0.14779
0.15787
0.16451
0.16969
0.17285
0.1729
0.17015
0.16198
0.14136
0.10889
0.07584
0.04478
0.0128
-0.02127
-0.05704
-0.09154
-0.11938
-0.13583
-0.14479
-0.15161
-0.15467
-0.15076
-0.13963
-0.12257
-0.10172
-0.07926
-0.05475
-0.02987
-0.00457
0.02199
0.04934
0.07539
0.09588
0.10773
0.11594
0.12827
0.13767
0.14065
0.13817
0.12984
0.11486
0.09414
0.07576
0.05939
0.0407
0.01719
-0.01222
-0.04606
-0.0747
-0.09044
-0.10579
-0.12332
-0.13667
-0.14354
-0.14612
-0.14457
-0.13884
-0.13102
-0.12331
-0.11798
-0.11509
-0.11453
-0.11633
-0.11931
-0.12194
-0.12235
-0.11819
-0.10951
-0.09853
-0.08732
-0.07837
-0.07299
-0.07301
-0.07836
-0.08641
-0.09498
-0.09999
-0.09595
-0.07995
-0.05561
-0.0302
-0.00596
0.01898
0.04514
0.07201
0.09907
0.12613
0.15326
0.18032
0.20637
0.22935
0.24738
0.25868
0.25696
0.23854
0.20736
0.17417
0.1377
0.09114
0.03466
-0.02914
-0.09403
-0.15056
-0.19431
-0.22772
-0.25216
-0.26717
-0.27011
-0.26938
-0.2689
-0.26486
-0.25201
-0.22701
-0.1923
-0.14356
-0.0897
-0.03979
0.00487
0.04741
0.08682
0.12046
0.15165
0.17564
0.19208
0.20126
0.20411
0.19735
0.1792
0.15485
0.13306
0.11688
0.10641
0.09472
0.07428
0.04992
0.02881
0.01398
0.00765
0.00833
0.01477
0.02653
0.04121
0.05621
0.06773
0.07587
0.08264
0.09083
0.10059
0.1081
0.11059
0.10842
0.10481
0.10254
0.10165
0.10166
0.10296
0.10567
0.10994
0.11533
0.12048
0.12389
0.12416
0.11854
0.10458
0.08275
0.06035
0.039
0.01669
-0.00715
-0.0315
-0.05366
-0.07026
-0.08136
-0.09277
-0.10487
-0.11512
-0.12325
-0.12218
-0.10308
-0.07189
-0.04111
-0.01519
0.01129
0.04365
0.06266
0.07701
0.09092
0.09504
0.09516
0.0917
0.08015
0.06085
0.03134
0.00202
-0.02275
-0.04277
-0.05837
-0.0737
-0.08796
-0.10259
-0.11807
-0.13035
-0.13226
-0.12185
-0.10234
-0.07455
-0.0422
-0.0088
0.02459
0.05474
0.07682
0.09091
0.10082
0.10687
0.1094
0.10995
0.11147
0.11233
0.10785
0.09814
0.08604
0.07497
0.0672
0.06055
0.05079
0.0352
0.01454
-0.00711
-0.02834
-0.04962
-0.06919
-0.0839
-0.09336
-0.10201
-0.11178
-0.12418
-0.13905
-0.15234
-0.16366
-0.17338
-0.18013
-0.18371
-0.1854
-0.18518
-0.18359
-0.18226
-0.18291
-0.18609
-0.19216
-0.20115
-0.21139
-0.21906
-0.22144
-0.21892
-0.21227
-0.2025
-0.18872
-0.17187
-0.1542
-0.13765
-0.12093
-0.10529
-0.09024
-0.0763
-0.06291
-0.0491
-0.03486
-0.02215
-0.01035
0.00228
0.01629
0.03112
0.04529
0.05785
0.06613
0.06742
0.06157
0.05125
0.03848
0.02368
0.00646
-0.0122
-0.02844
-0.03975
-0.04674
-0.04963
-0.04793
-0.04307
-0.03645
-0.02808
-0.01904
-0.01079
-0.00487
-0.00109
0.00045
-0.00031
-0.001
0.00237
0.00705
0.01023
0.01265
0.01525
0.01795
0.01966
0.01761
0.01085
0.0007
-0.01108
-0.02205
-0.03185
-0.03891
-0.04245
-0.04583
-0.05086
-0.05665
-0.06142
-0.06545
-0.06925
-0.07284
-0.07508
-0.07502
-0.07323
-0.07119
-0.07095
-0.07287
-0.07497
-0.07542
-0.07437
-0.07189
-0.06819
-0.06393
-0.05881
-0.05318
-0.04802
-0.04394
-0.03986
-0.03375
-0.02577
-0.01736
-0.00927
-0.00232
0.00495
0.01353
0.0234
0.03467
0.04712
0.05907
0.07007
0.07864
0.08618
0.09324
0.09972
0.10546
0.11056
0.11465
0.1174
0.11845
0.11629
0.10844
0.09305
0.07112
0.04637
0.02381
0.0047
-0.01086
-0.02342
-0.03177
-0.03654
-0.03803
-0.0362
-0.03027
-0.01979
-0.00558
0.01219
0.02976
0.04844
0.06739
0.08436
0.10017
0.11526
0.12906
0.13938
0.14326
0.14249
0.13649
0.12317
0.10327
0.07888
0.0518
0.02627
0.003
-0.01667
-0.0325
-0.04554
-0.05611
-0.06338
-0.06625
-0.06437
-0.05678
-0.04319
-0.02553
-0.00636
0.01319
0.03384
0.05554
0.07761
0.09898
0.11864
0.13649
0.15086
0.15963
0.16484
0.167
0.16629
0.16102
0.15026
0.13548
0.11876
0.10295
0.08494
0.06708
0.05237
0.03819
0.02493
0.01655
0.01384
0.01437
0.01745
0.02281
0.02979
0.03788
0.04635
0.05402
0.06025
0.06523
0.06876
0.07042
0.06926
0.06422
0.05474
0.04094
0.02271
-0.00039
-0.02772
-0.05802
-0.08907
-0.11795
-0.14469
-0.16825
-0.18945
-0.20645
-0.22044
-0.23035
-0.23204
-0.22473
-0.20812
-0.18386
-0.15193
-0.117
-0.0815
-0.04834
-0.01735
0.01088
0.03633
0.05901
0.07994
0.09775
0.11065
0.11695
0.11671
0.11135
0.10176
0.091
0.08037
0.06912
0.05711
0.04503
0.03407
0.02539
0.01849
0.01265
0.0083
0.00606
0.00624
0.00822
0.01076
0.01369
0.01713
0.02002
0.02061
0.01846
0.0145
0.00893
0.00071
-0.00961
-0.02053
-0.03272
-0.04695
-0.06242
-0.07691
-0.0915
-0.10827
-0.12674
-0.14372
-0.15795
-0.1701
-0.18092
-0.19048
-0.19883
-0.20501
-0.20863
-0.20934
-0.20736
-0.20262
-0.19502
-0.18437
-0.17119
-0.15779
-0.14316
-0.12713
-0.11071
-0.09522
-0.08075
-0.06908
-0.06111
-0.05654
-0.05382
-0.05247
-0.05299
-0.0552
-0.05935
-0.06535
-0.07258
-0.08103
-0.08981
-0.09897
-0.10855
-0.11801
-0.12594
-0.13253
-0.13687
-0.13794
-0.13515
-0.1303
-0.12529
-0.11935
-0.11215
-0.1039
-0.09548
-0.08807
-0.08128
-0.0738
-0.06504
-0.0546
-0.04225
-0.02909
-0.01538
-0.00148
0.01128
0.02265
0.03306
0.04234
0.04958
0.05568
0.06175
0.06748
0.07205
0.0753
0.07808
0.08108
0.08364
0.08411
0.08063
0.07161
0.05772
0.04087
0.02357
0.00621
-0.00947
-0.02226
-0.03265
-0.04057
-0.04533
-0.046
-0.04227
-0.03371
-0.02155
-0.00831
0.00364
0.01705
0.03202
0.04815
0.06464
0.08072
0.09623
0.1101
0.12354
0.13674
0.14996
0.16391
0.17727
0.18872
0.19743
0.20497
0.2131
0.22339
0.23595
0.24912
0.26168
0.27244
0.28057
0.28599
0.28853
0.28748
0.28143
0.2689
0.25069
0.22777
0.2017
0.1746
0.14623
0.11913
0.09089
0.05963
0.02771
-0.0038
-0.03138
-0.05722
-0.07952
-0.09624
-0.10952
-0.12158
-0.13108
-0.1371
-0.13825
-0.13149
-0.1159
-0.09498
-0.07212
-0.04811
-0.02248
0.00513
0.03281
0.05826
0.07977
0.09989
0.12072
0.13923
0.15392
0.164
0.16884
0.16838
0.16322
0.15307
0.13988
0.12682
0.11378
0.10037
0.08673
0.07327
0.06231
0.05295
0.04371
0.03576
0.03054
0.02753
0.02515
0.0228
0.02094
0.01926
0.0167
0.01316
0.00809
0.00103
-0.00709
-0.01602
-0.02584
-0.03662
-0.04734
-0.0572
-0.06592
-0.07291
-0.07845
-0.08325
-0.08702
-0.08946
-0.09001
-0.08823
-0.08368
-0.07592
-0.06395
-0.0495
-0.03432
-0.01865
-0.00116
0.01744
0.03286
0.04346
0.05222
0.0611
0.06856
0.07416
0.07641
0.07425
0.06711
0.05543
0.04025
0.02162
0.00138
-0.02011
-0.04043
-0.05745
-0.07147
-0.08408
-0.09729
-0.10964
-0.11856
-0.12291
-0.12488
-0.12556
-0.12525
-0.12417
-0.12213
-0.11917
-0.11471
-0.10764
-0.09751
-0.08568
-0.07336
-0.06143
-0.0508
-0.04223
-0.03581
-0.03197
-0.03097
-0.03203
-0.03388
-0.03547
-0.03649
-0.036
-0.03376
-0.0305
-0.02735
-0.02378
-0.01879
-0.01279
-0.00698
-0.0018
0.00335
0.00887
0.01465
0.02044
0.02588
0.03038
0.0336
0.03491
0.03388
0.03002
0.02319
0.01485
0.00616
-0.00259
-0.01212
-0.02295
-0.03486
-0.04699
-0.05806
-0.06719
-0.07446
-0.07862
-0.08005
-0.07843
-0.07498
-0.07145
-0.06776
-0.06279
-0.05698
-0.04998
-0.04136
-0.03216
-0.023
-0.01424
-0.00575
0.00151
0.00768
0.01396
0.02009
0.02441
0.02553
0.02311
0.01769
0.01048
0.00243
-0.00589
-0.01495
-0.02447
-0.03375
-0.04278
-0.0498
-0.05414
-0.05622
-0.05653
-0.05549
-0.05298
-0.04951
-0.04613
-0.04366
-0.04149
-0.03951
-0.03738
-0.03438
-0.0298
-0.0244
-0.01958
-0.01544
-0.01135
-0.00723
-0.00354
-0.00001
0.00328
0.00627
0.00954
0.01331
0.01709
0.02077
0.02419
0.02773
0.03206
0.03712
0.04214
0.04627
0.0493
0.0508
0.05063
0.04864
0.04483
0.03964
0.03422
0.02953
0.02558
0.02163
0.01727
0.01327
0.00984
0.00739
0.00659
0.00784
0.01169
0.01874
0.02832
0.0394
0.05008
0.06012
0.07017
0.08049
0.09081
0.10096
0.11058
0.11937
0.1265
0.13142
0.13469
0.13653
0.13608
0.13279
0.12646
0.11764
0.10692
0.09608
0.08616
0.07764
0.07163
0.06683
0.06153
0.05632
0.05092
0.04524
0.03991
0.03539
0.03151
0.02774
0.02363
0.01885
0.01324
0.00699
0.00004
-0.0071
-0.01422
-0.0212
-0.02739
-0.03221
-0.03604
-0.03857
-0.03811
-0.03538
-0.03198
-0.02866
-0.02462
-0.02004
-0.01565
-0.01179
-0.00897
-0.00836
-0.01011
-0.01288
-0.01623
-0.02056
-0.0265
-0.03359
-0.04116
-0.04922
-0.05834
-0.06863
-0.07882
-0.08736
-0.09316
-0.09506
-0.09401
-0.08988
-0.08204
-0.07133
-0.05986
-0.04986
-0.04306
-0.03816
-0.03386
-0.03085
-0.02969
-0.03056
-0.03261
-0.0349
-0.0377
-0.04134
-0.04505
-0.04841
-0.05125
-0.05344
-0.0535
-0.05021
-0.04381
-0.03458
-0.02196
-0.00765
0.00792
0.02391
0.04066
0.05687
0.07114
0.08276
0.09253
0.09972
0.1038
0.10557
0.1054
0.10308
0.09837
0.09183
0.08415
0.07463
0.06347
0.05174
0.04043
0.03027
0.02187
0.01585
0.01274
0.01177
0.0129
0.01682
0.02395
0.03409
0.04567
0.05681
0.0671
0.07707
0.08556
0.09186
0.09566
0.09723
0.09669
0.09391
0.08899
0.08158
0.07263
0.06365
0.05559
0.04729
0.03907
0.03166
0.02558
0.02167
0.01939
0.01787
0.01663
0.01576
0.01524
0.01463
0.01347
0.01156
0.00878
0.00446
-0.00129
-0.0079
-0.01495
-0.02171
-0.02834
-0.03548
-0.04374
-0.05225
-0.06005
-0.06553
-0.06805
-0.06907
-0.0686
-0.06634
-0.06193
-0.05587
-0.04936
-0.04256
-0.035
-0.02686
-0.01795
-0.00828
0.0011
0.01028
0.01914
0.0273
0.03425
0.04017
0.04513
0.04764
0.0476
0.04529
0.04232
0.03909
0.03568
0.03216
0.0291
0.02763
0.02867
0.03068
0.03104
0.02872
0.02466
0.02033
0.01527
0.00903
0.00209
-0.00493
-0.01212
-0.01943
-0.0264
-0.03228
-0.03667
-0.03993
-0.04213
-0.04384
-0.04555
-0.04743
-0.04971
-0.05185
-0.05408
-0.05623
-0.05833
-0.06041
-0.06193
-0.06202
-0.0611
-0.05976
-0.05826
-0.05682
-0.05552
-0.05424
-0.05349
-0.05275
-0.05146
-0.04952
-0.0462
-0.04097
-0.03335
-0.02448
-0.01641
-0.01028
-0.00566
-0.00262
-0.00069
0.0001
-0.00104
-0.00447
-0.01013
-0.01792
-0.02635
-0.03438
-0.04223
-0.04945
-0.05543
-0.05887
-0.06026
-0.06019
-0.05848
-0.05504
-0.04951
-0.04212
-0.03376
-0.02483
-0.01551
-0.00605
0.00366
0.01323
0.02128
0.0273
0.03211
0.03634
0.03945
0.04148
0.04273
0.04339
0.04349
0.04285
0.0413
0.03925
0.03669
0.03363
0.03015
0.02619
0.02202
0.01812
0.01502
0.01229
0.01037
0.0095
0.0094
0.00969
0.00976
0.00997
0.01086
0.01259
0.01499
0.01797
0.02116
0.02406
0.02686
0.0299
0.03273
0.03437
0.03392
0.03209
0.02957
0.02664
0.02325
0.02002
0.01737
0.01496
0.01285
0.0115
0.01098
0.01156
0.01261
0.01382
0.01502
0.01571
0.01508
0.01293
0.00982
0.00607
0.00147
-0.00355
-0.00845
-0.01301
-0.01665
-0.0195
-0.02162
-0.02306
-0.02434
-0.02563
-0.02635
-0.02653
-0.0266
-0.02689
-0.02719
-0.02722
-0.02642
-0.02394
-0.01976
-0.01433
-0.00891
-0.0044
-0.00089
0.00155
0.00352
0.00542
0.00696
0.00835
0.00964
0.0106
0.01136
0.01192
0.01214
0.01191
0.01164
0.0113
0.01133
0.01136
0.01085
0.00962
0.00778
0.00562
0.00293
-0.00003
-0.00285
-0.00437
-0.00299
0.00054
0.00418
0.00787
0.01204
0.01636
0.02061
0.02484
0.02859
0.03069
0.03024
0.028
0.02488
0.02118
0.01673
0.01197
0.00789
0.00488
0.00256
0.00085
-0.00046
-0.00157
-0.00222
-0.00265
-0.00262
-0.00169
0.00061
0.00436
0.00891
0.01353
0.01758
0.0205
0.02213
0.02268
0.02203
0.01977
0.01579
0.01059
0.00482
-0.00144
-0.00686
-0.0109
-0.01387
-0.0162
-0.01803
-0.01944
-0.02082
-0.02207
-0.02338
-0.0247
-0.02581
-0.02698
-0.0288
-0.03163
-0.03543
-0.03978
-0.04427
-0.04915
-0.05391
-0.05842
-0.06264
-0.06641
-0.06988
-0.07254
-0.07431
-0.07508
-0.07447
-0.07241
-0.06877
-0.06269
-0.05461
-0.04608
-0.03771
-0.02958
-0.022
-0.01533
-0.00943
-0.00486
-0.00259
-0.00286
-0.00488
-0.00792
-0.01313
-0.02039
-0.02755
-0.03436
-0.04041
-0.04687
-0.05295
-0.05724
-0.0599
-0.06055
-0.05906
-0.05609
-0.0528
-0.04861
-0.04374
-0.03922
-0.03489
-0.03032
-0.02528
-0.02062
-0.01695
-0.01436
-0.01339
-0.01445
-0.0169
-0.02029
-0.02467
-0.02965
-0.03484
-0.03986
-0.04433
-0.04802
-0.0512
-0.05356
-0.05493
-0.05479
-0.05314
-0.05075
-0.04761
-0.04285
-0.03611
-0.02792
-0.01945
-0.0113
-0.0039
0.00266
0.00826
0.01261
0.0155
0.01721
0.01823
0.01867
0.01873
0.01829
0.0173
0.01604
0.0146
0.01321
0.01205
0.01097
0.00996
0.00881
0.00738
0.00571
0.00362
0.00129
-0.00106
-0.00365
-0.00655
-0.00941
-0.01211
-0.01456
-0.01711
-0.01984
-0.02264
-0.02564
-0.02872
-0.03099
-0.03238
-0.03278
-0.03207
-0.03065
-0.02898
-0.02706
-0.02531
-0.02352
-0.02127
-0.01879
-0.01632
-0.014
-0.01207
-0.01051
-0.00921
-0.0084
-0.00837
-0.00916
-0.01054
-0.01257
-0.01489
-0.01742
-0.02016
-0.02231
-0.02216
-0.0194
-0.01636
-0.01327
-0.00932
-0.00438
0.00106
0.00633
0.01091
0.01482
0.01825
0.02155
0.02459
0.02723
0.02929
0.03092
0.03264
0.03456
0.03642
0.03771
0.03856
0.03908
0.03902
0.0383
0.03676
0.03458
0.03192
0.02853
0.0245
0.02051
0.01744
0.01448
0.01194
0.01028
0.01016
0.01181
0.01427
0.01746
0.02168
0.02652
0.03213
0.03806
0.04408
0.0503
0.05609
0.06113
0.06488
0.06765
0.06923
0.06871
0.06506
0.05726
0.0464
0.03473
0.02306
0.01106
-0.00118
-0.0127
-0.02213
-0.02857
-0.03207
-0.03346
-0.033
-0.03057
-0.02622
-0.01996
-0.01244
-0.00462
0.00386
0.01241
0.02095
0.02852
0.03489
0.03927
0.04227
0.0444
0.0457
0.04658
0.04704
0.04687
0.04619
0.04519
0.04397
0.04258
0.04098
0.03895
0.03691
0.03546
0.0354
0.03692
0.03861
0.0391
0.03856
0.03746
0.03613
0.03477
0.03298
0.03017
0.02571
0.0201
0.0141
0.00754
0.00029
-0.00711
-0.0145
-0.02195
-0.0286
-0.0342
-0.0391
-0.04315
-0.0462
-0.04841
-0.04926
-0.04833
-0.04591
-0.04273
-0.03781
-0.03075
-0.02282
-0.01498
-0.00748
-0.00026
0.007
0.01423
0.02107
0.02765
0.03373
0.0394
0.04434
0.04769
0.04799
0.04479
0.03929
0.03088
0.01976
0.00809
-0.00368
-0.01556
-0.02691
-0.03676
-0.04473
-0.05128
-0.05582
-0.05696
-0.05416
-0.04853
-0.04127
-0.03241
-0.02281
-0.01357
-0.005
0.00265
0.0097
0.01596
0.02118
0.02494
0.02665
0.02677
0.02535
0.02243
0.0187
0.01479
0.01156
0.00889
0.00646
0.00453
0.0031
0.00255
0.00342
0.00563
0.00931
0.01432
0.0198
0.02501
0.02885
0.03137
0.03301
0.03379
0.03394
0.03321
0.03124
0.02804
0.02386
0.01871
0.01267
0.00669
0.00119
-0.00373
-0.008
-0.01155
-0.0132
-0.01177
-0.00818
-0.00418
0.00024
0.00532
0.01082
0.0165
0.02215
0.027
0.03144
0.03547
0.03861
0.04027
0.04013
0.03793
0.03377
0.02728
0.01862
0.01113
0.00501
-0.00126
-0.00769
-0.01324
-0.01676
-0.01962
-0.02224
-0.02397
-0.02423
-0.02304
-0.02087
-0.01863
-0.01617
-0.01267
-0.0082
-0.00343
0.00133
0.00594
0.01015
0.01353
0.01643
0.01936
0.02195
0.02333
0.02273
0.02075
0.01869
0.01676
0.01412
0.01028
0.00547
0.00027
-0.0052
-0.01096
-0.01738
-0.02367
-0.02908
-0.03376
-0.03793
-0.04147
-0.04437
-0.04612
-0.04624
-0.04457
-0.04164
-0.03792
-0.03221
-0.02468
-0.01637
-0.00792
-0.00035
0.00685
0.01368
0.01953
0.02399
0.02652
0.02654
0.02425
0.02119
0.01742
0.01199
0.00563
-0.00034
-0.00553
-0.00994
-0.01357
-0.01645
-0.01861
-0.01904
-0.01757
-0.01512
-0.01197
-0.00761
-0.0012
0.00666
0.01446
0.02143
0.02781
0.0332
0.0377
0.04162
0.04443
0.04591
0.04618
0.04494
0.04248
0.039
0.03446
0.02973
0.02504
0.02118
0.018
0.01512
0.01242
0.00969
0.00691
0.00404
0.001
-0.00196
-0.00408
-0.00505
-0.00526
-0.00486
-0.00426
-0.00326
-0.00193
-0.00039
0.00125
0.00264
0.0036
0.00409
0.00421
0.00423
0.00414
0.00383
0.00348
0.00292
0.00199
0.00102
0.00017
-0.00042
-0.00091
-0.00112
-0.00124
-0.00134
-0.00106
-0.00041
0.00058
0.00175
0.00361
0.00623
0.00976
0.01351
0.01708
0.02094
0.02483
0.0285
0.03154
0.03429
0.03676
0.0378
0.0367
0.03431
0.03168
0.0286
0.02447
0.01951
0.01401
0.00872
0.00344
-0.00162
-0.00612
-0.00972
-0.01272
-0.01506
-0.01653
-0.017
-0.01633
-0.01499
-0.01324
-0.01086
-0.0081
-0.00575
-0.00352
-0.00172
-0.00152
-0.00304
-0.00498
-0.00671
-0.00895
-0.01178
-0.01462
-0.01731
-0.02012
-0.02281
-0.02516
-0.02669
-0.02618
-0.0241
-0.02184
-0.02001
-0.01809
-0.01598
-0.01395
-0.01166
-0.00909
-0.00642
-0.00486
-0.00529
-0.0069
-0.00866
-0.01066
-0.01324
-0.01638
-0.01983
-0.02297
-0.02573
-0.02848
-0.03035
-0.02996
-0.02735
-0.02462
-0.02228
-0.01946
-0.01601
-0.01196
-0.00816
-0.00511
-0.00309
-0.00221
-0.00225
-0.00292
-0.00422
-0.00587
-0.00759
-0.00916
-0.01019
-0.01049
-0.01003
-0.00914
-0.00776
-0.00559
-0.00268
0.00099
0.00519
0.00959
0.01381
0.01794
0.02188
0.02504
0.02632
0.02482
0.02173
0.01775
0.01241
0.00608
0.00006
-0.00485
-0.00877
-0.01181
-0.01388
-0.0157
-0.01674
-0.01654
-0.01529
-0.01433
-0.01349
-0.01215
-0.01004
-0.00735
-0.00465
-0.00189
0.00093
0.0037
0.00553
0.00537
0.00355
0.00142
-0.00052
-0.00256
-0.00456
-0.00632
-0.00773
-0.00884
-0.0091
-0.008
-0.00617
-0.00449
-0.00275
-0.00035
0.00232
0.00473
0.00683
0.00863
0.00934
0.00859
0.00715
0.00634
0.00567
0.00469
0.00358
0.00206
0.0003
-0.00141
-0.00296
-0.00463
-0.0062
-0.00728
-0.00677
-0.00449
-0.00222
-0.00035
0.00196
0.00438
0.00631
0.0077
0.00842
0.00854
0.0081
0.00718
0.00649
0.00612
0.00594
0.00632
0.00694
0.00823
0.01058
0.01371
0.01693
0.02019
0.02317
0.02585
0.02827
0.03043
0.03192
0.03178
0.02986
0.02758
0.02542
0.02262
0.01902
0.01475
0.01021
0.00605
0.00244
-0.00071
-0.00326
-0.00578
-0.00856
-0.01102
-0.01269
-0.01274
-0.01156
-0.01026
-0.00907
-0.00772
-0.00592
-0.0041
-0.00337
-0.00381
-0.00477
-0.00604
-0.00751
-0.00951
-0.01172
-0.01364
-0.01515
-0.01637
-0.01742
-0.01839
-0.01896
-0.01908
-0.0192
-0.01926
-0.01884
-0.01776
-0.01613
-0.01404
-0.01159
-0.00891
-0.00638
-0.00423
-0.00245
-0.00077
0.00094
0.00259
0.00397
0.00478
0.00471
0.00382
0.00249
0.00142
0.0006
-0.0003
-0.0019
-0.00377
-0.00564
-0.0076
-0.00919
-0.00987
-0.00969
-0.009
-0.00808
-0.00666
-0.00475
-0.0025
0.00009
0.00271
0.00506
0.0069
0.00821
0.00916
0.00964
0.00932
0.00803
0.00576
0.00257
-0.00136
-0.0054
-0.00987
-0.01505
-0.01992
-0.02449
-0.02872
-0.03266
-0.03618
-0.03856
-0.04005
-0.04139
-0.04291
-0.04458
-0.04631
-0.0478
-0.04923
-0.05077
-0.05228
-0.05364
-0.05457
-0.05509
-0.05523
-0.05529
-0.05499
-0.05437
-0.0536
-0.05239
-0.05086
-0.04916
-0.0471
-0.04492
-0.04263
-0.04048
-0.03852
-0.03672
-0.03522
-0.03382
-0.0324
-0.03076
-0.0291
-0.02723
-0.0249
-0.02186
-0.01852
-0.01512
-0.01147
-0.00773
-0.00409
-0.00081
0.00255
0.00598
0.00895
0.01125
0.01308
0.01487
0.01672
0.01848
0.01983
0.02083
0.02164
0.0221
0.02225
0.02232
0.02237
0.0223
0.02215
0.02221
0.02281
0.02351
0.02426
0.02492
0.02535
0.02583
0.02646
0.02675
0.02702
0.02739
0.02794
0.02843
0.02882
0.02936
0.03014
0.03084
0.03127
0.03177
0.03246
0.03308
0.03387
0.03444
0.03444
0.03425
0.03387
0.03337
0.03277
0.03215
0.03136
0.03041
0.02925
0.02789
0.02662
0.02533
0.02383
0.02234
0.02075
0.01903
0.01734
0.01576
0.01465
0.01405
0.0136
0.01299
0.01231
0.01178
0.01168
0.01218
0.0128
0.01379
0.01548
0.01754
0.02002
0.02312
0.02618
0.02936
0.03273
0.03636
0.04
0.04319
0.04601
0.04827
0.04991
0.05074
0.0505
0.04909
0.04638
0.04246
0.03734
0.03169
0.02642
0.02146
0.01669
0.01179
0.00671
0.00208
-0.00154
-0.00426
-0.00675
-0.00872
-0.00929
-0.00819
-0.00607
-0.00405
-0.00213
0.0002
0.00272
0.00536
0.00687
0.0061
0.00379
0.00101
-0.0017
-0.00495
-0.00883
-0.01249
-0.0158
-0.01892
-0.02141
-0.02364
-0.02559
-0.02632
-0.02543
-0.02382
-0.02256
-0.0212
-0.01955
-0.01772
-0.01585
-0.01405
-0.01252
-0.01119
-0.01008
-0.00923
-0.00868
-0.00805
-0.00768
-0.00729
-0.00686
-0.00627
-0.00526
-0.00447
-0.00402
-0.00335
-0.0031
-0.00336
-0.004
-0.00498
-0.0065
-0.00875
-0.01179
-0.01533
-0.01937
-0.02403
-0.02912
-0.0338
-0.03778
-0.04113
-0.04375
-0.04524
-0.04495
-0.0434
-0.04116
-0.03833
-0.0351
-0.03196
-0.02851
-0.02436
-0.01976
-0.01515
-0.0105
-0.00569
-0.00087
0.00371
0.00767
0.01094
0.01366
0.01615
0.01824
0.01978
0.02094
0.02194
0.02255
0.02261
0.02249
0.02204
0.02157
0.02084
0.01969
0.01822
0.01656
0.01481
0.01289
0.01058
0.00826
0.00561
0.00268
-0.00037
-0.00369
-0.00675
-0.00936
-0.01158
-0.01345
-0.01463
-0.01506
-0.01485
-0.01419
-0.01308
-0.01168
-0.01034
-0.00952
-0.00939
-0.01007
-0.01141
-0.0133
-0.01589
-0.01893
-0.02192
-0.02496
-0.02779
-0.03003
-0.03169
-0.03295
-0.03404
-0.03495
-0.03532
-0.03505
-0.03447
-0.03375
-0.03253
-0.03059
-0.02813
-0.02531
-0.02177
-0.0173
-0.01255
-0.00837
-0.00514
-0.00261
-0.00027
0.00172
0.00355
0.00513
0.00644
0.00743
0.0085
0.00969
0.01098
0.01227
0.0133
0.01406
0.01476
0.015
0.01464
0.01395
0.0129
0.01144
0.0092
0.00607
0.00223
-0.00216
-0.00685
-0.01146
-0.01559
-0.01902
-0.0222
-0.02515
-0.02755
-0.02879
-0.02835
-0.0265
-0.02418
-0.02179
-0.01864
-0.01526
-0.01145
-0.0077
-0.00393
-0.00002
0.00395
0.0078
0.01124
0.01456
0.01743
0.01977
0.02193
0.0237
0.02534
0.02704
0.02878
0.03078
0.03297
0.03506
0.03726
0.03929
0.04116
0.04298
0.04469
0.04639
0.04799
0.04953
0.05093
0.05211
0.05294
0.05268
0.05128
0.04854
0.04453
0.03965
0.03457
0.02975
0.02493
0.01992
0.0153
0.01098
0.00724
0.00437
0.00168
-0.00114
-0.0037
-0.00579
-0.00669
-0.00576
-0.00343
-0.00128
0.00076
0.003
0.00531
0.00781
0.00999
0.01076
0.00928
0.00684
0.00492
0.00317
0.00087
-0.00188
-0.00482
-0.00791
-0.01086
-0.01323
-0.01544
-0.01668
-0.01518
-0.01148
-0.00723
-0.00199
0.00431
0.01081
0.0171
0.02283
0.02806
0.03356
0.03893
0.04371
0.04753
0.04976
0.0499
0.04778
0.04494
0.04296
0.04136
0.03927
0.03634
0.03292
0.02951
0.02625
0.02363
0.02145
0.01968
0.01843
0.01751
0.01696
0.01665
0.01602
0.01513
0.01443
0.01361
0.01246
0.01109
0.00959
0.00803
0.00657
0.00534
0.00461
0.00473
0.00569
0.00752
0.0099
0.01263
0.01549
0.01811
0.02067
0.02289
0.02457
0.02579
0.02661
0.02701
0.0268
0.02614
0.02517
0.02366
0.0217
0.01929
0.01644
0.01317
0.00972
0.00617
0.00269
-0.00049
-0.00298
-0.0053
-0.00744
-0.0097
-0.01172
-0.01351
-0.01512
-0.01683
-0.01853
-0.02023
-0.02172
-0.0229
-0.02378
-0.02436
-0.0248
-0.02493
-0.02513
-0.02535
-0.02554
-0.02621
-0.0271
-0.02813
-0.0292
-0.03016
-0.03126
-0.03292
-0.03525
-0.03799
-0.04083
-0.04366
-0.04664
-0.04968
-0.05221
-0.0546
-0.05661
-0.05827
-0.05949
-0.0604
-0.06116
-0.06182
-0.06232
-0.06238
-0.06243
-0.06237
-0.06199
-0.0613
-0.06074
-0.06008
-0.05883
-0.057
-0.05445
-0.05135
-0.04771
-0.04376
-0.0398
-0.03568
-0.03175
-0.02815
-0.02417
-0.01972
-0.01575
-0.01208
-0.00887
-0.00642
-0.00455
-0.00308
-0.00242
-0.00263
-0.0038
-0.00601
-0.00932
-0.01314
-0.01741
-0.0216
-0.02518
-0.0281
-0.03031
-0.032
-0.03338
-0.03392
-0.03359
-0.03267
-0.03113
-0.02909
-0.0266
-0.02404
-0.02121
-0.0184
-0.01592
-0.01373
-0.01172
-0.00957
-0.00755
-0.00577
-0.00422
-0.00294
-0.00188
-0.00074
0.00039
0.00131
0.00208
0.00268
0.00308
0.00308
0.00301
0.0028
0.0024
0.00186
0.00116
0.00053
-0.00027
-0.00108
-0.00169
-0.00215
-0.0024
-0.00218
-0.0013
-0.00032
0.00061
0.00173
0.00282
0.00409
0.00546
0.007
0.00857
0.0102
0.01165
0.01303
0.01431
0.01551
0.01658
0.01746
0.01827
0.01937
0.02073
0.02196
0.02333
0.02496
0.02705
0.02955
0.03219
0.03468
0.037
0.03912
0.04088
0.04219
0.04283
0.04275
0.04197
0.04107
0.03996
0.03841
0.03666
0.03428
0.03122
0.02763
0.02413
0.02065
0.01738
0.01452
0.01185
0.00938
0.00737
0.0059
0.00518
0.00558
0.00677
0.0083
0.00971
0.01107
0.01286
0.01491
0.01693
0.01889
0.02103
0.02332
0.02489
0.02501
0.02384
0.02233
0.02076
0.01908
0.01668
0.01333
0.00922
0.0047
0.0002
-0.004
-0.00812
-0.01214
-0.0158
-0.01901
-0.02177
-0.02385
-0.02546
-0.02693
-0.02788
-0.02846
-0.02848
-0.02776
-0.02669
-0.02502
-0.0226
-0.01963
-0.01642
-0.01309
-0.00935
-0.00568
-0.00185
0.00192
0.00582
0.0097
0.013
0.01584
0.01852
0.02079
0.02256
0.02409
0.02524
0.02589
0.02624
0.0264
0.02612
0.02529
0.02407
0.02239
0.0198
0.01598
0.01163
0.0074
0.00314
-0.00083
-0.00457
-0.00886
-0.0124
-0.01426
-0.01494
-0.0137
-0.01085
-0.00752
-0.00343
0.00146
0.0064
0.01165
0.01662
0.02086
0.02441
0.0271
0.0293
0.03117
0.0325
0.03313
0.03312
0.03238
0.03044
0.0274
0.02383
0.02008
0.01627
0.01285
0.0101
0.008
0.00674
0.00637
0.00658
0.0072
0.00829
0.00994
0.01195
0.01403
0.01591
0.01722
0.01816
0.01876
0.01866
0.01793
0.01671
0.01498
0.01339
0.01189
0.01055
0.00944
0.00872
0.0088
0.00916
0.00976
0.01106
0.01279
0.01486
0.01724
0.01958
0.0218
0.02394
0.02608
0.02782
0.0284
0.02788
0.02657
0.02497
0.02321
0.02108
0.01852
0.01537
0.01171
0.00734
0.00249
-0.0023
-0.00665
-0.01112
-0.01524
-0.01874
-0.02191
-0.02481
-0.027
-0.02806
-0.02729
-0.02489
-0.02197
-0.01851
-0.01504
-0.01181
-0.00875
-0.00613
-0.00429
-0.00339
-0.00341
-0.00385
-0.00456
-0.00551
-0.00653
-0.00755
-0.00858
-0.00979
-0.0114
-0.01314
-0.01487
-0.01632
-0.01776
-0.01889
-0.01986
-0.02068
-0.02108
-0.02146
-0.02213
-0.0231
-0.02439
-0.02631
-0.02879
-0.03185
-0.035
-0.03763
-0.03958
-0.04118
-0.04269
-0.04394
-0.04378
-0.0417
-0.03941
-0.03694
-0.0339
-0.02994
-0.02549
-0.02117
-0.01715
-0.01348
-0.01014
-0.00711
-0.00443
-0.0032
-0.00448
-0.00712
-0.00985
-0.01248
-0.01602
-0.02037
-0.02485
-0.0295
-0.03407
-0.03836
-0.04177
-0.04485
-0.04752
-0.0493
-0.05038
-0.05084
-0.05093
-0.0507
-0.04998
-0.049
-0.04782
-0.04651
-0.04491
-0.04324
-0.04159
-0.03993
-0.03846
-0.03724
-0.03599
-0.03457
-0.03315
-0.0317
-0.03008
-0.02832
-0.02638
-0.02431
-0.02234
-0.02068
-0.0192
-0.01785
-0.01669
-0.01578
-0.0153
-0.01501
-0.01463
-0.01462
-0.01498
-0.01577
-0.01687
-0.01794
-0.01904
-0.0202
-0.02098
-0.0213
-0.02123
-0.02093
-0.02049
-0.02028
-0.0203
-0.02016
-0.01984
-0.01932
-0.0185
-0.0172
-0.01565
-0.01398
-0.01206
-0.00966
-0.00744
-0.00533
-0.00291
0.00003
0.00347
0.00717
0.01154
0.01645
0.02133
0.02589
0.03
0.03338
0.03597
0.03794
0.03972
0.0409
0.04137
0.04127
0.04061
0.03942
0.03766
0.03556
0.03317
0.03035
0.02713
0.02352
0.01972
0.01606
0.01303
0.01087
0.00943
0.00855
0.00894
0.01013
0.01171
0.01367
0.01586
0.01822
0.02063
0.023
0.02517
0.02702
0.02881
0.03023
0.03101
0.03136
0.03154
0.03156
0.03106
0.03007
0.02885
0.02745
0.02578
0.02366
0.02079
0.01737
0.01382
0.01053
0.00763
0.00531
0.00351
0.00198
0.00116
0.00105
0.00162
0.00266
0.00382
0.00504
0.00606
0.00668
0.0069
0.00634
0.00522
0.0034
0.00101
-0.00167
-0.00408
-0.00661
-0.00898
-0.01051
-0.01144
-0.01216
-0.01254
-0.01267
-0.01281
-0.0127
-0.01213
-0.01116
-0.01004
-0.00875
-0.00709
-0.00503
-0.00273
-0.00037
0.00181
0.00346
0.00469
0.0055
0.00623
0.007
0.00777
0.00881
0.01015
0.01179
0.01359
0.01566
0.01771
0.01942
0.02103
0.02275
0.02403
0.02518
0.0264
0.02791
0.02951
0.0312
0.03301
0.03479
0.03625
0.03753
0.03863
0.03928
0.03932
0.03878
0.0379
0.03659
0.03462
0.03214
0.02959
0.02711
0.02511
0.02358
0.02255
0.02158
0.02069
0.02025
0.02037
0.02084
0.02144
0.02201
0.02303
0.02469
0.02665
0.02855
0.03036
0.03213
0.03373
0.03495
0.03555
0.03552
0.03484
0.03379
0.03218
0.02978
0.02648
0.02281
0.01904
0.01478
0.01071
0.00748
0.00465
0.00207
0.00011
-0.00111
-0.00181
-0.0019
-0.00121
0.0002
0.00203
0.00437
0.00709
0.0097
0.01208
0.01443
0.01604
0.01602
0.01458
0.01245
0.01004
0.00733
0.00443
0.00133
-0.00199
-0.00539
-0.00889
-0.01221
-0.01518
-0.01812
-0.02089
-0.02364
-0.02626
-0.02854
-0.02999
-0.03037
-0.0302
-0.02995
-0.0297
-0.02913
-0.02807
-0.02679
-0.02541
-0.02377
-0.02247
-0.02149
-0.02096
-0.02068
-0.02068
-0.02097
-0.02116
-0.02162
-0.02223
-0.02315
-0.02389
-0.02433
-0.02436
-0.02438
-0.02473
-0.0254
-0.0264
-0.02777
-0.02932
-0.03102
-0.03287
-0.03462
-0.03632
-0.038
-0.03963
-0.04112
-0.04259
-0.04402
-0.04455
-0.04343
-0.0414
-0.03951
-0.03687
-0.03325
-0.02913
-0.02482
-0.02033
-0.01578
-0.01149
-0.00747
-0.00392
-0.00078
0.00179
0.00399
0.0058
0.00705
0.00798
0.00839
0.00788
0.00681
0.00547
0.00358
0.00122
-0.00129
-0.00411
-0.00681
-0.00881
-0.00998
-0.01037
-0.01051
-0.01054
-0.01017
-0.00942
-0.00844
-0.00745
-0.0065
-0.00552
-0.00465
-0.004
-0.00365
-0.00382
-0.00457
-0.00596
-0.00772
-0.00952
-0.01158
-0.01374
-0.01563
-0.01705
-0.01757
-0.0165
-0.01477
-0.01341
-0.0122
-0.01058
-0.00842
-0.00623
-0.00425
-0.00274
-0.00151
-0.00051
0.00045
0.00128
0.00186
0.00229
0.0023
0.00248
0.00327
0.00452
0.00584
0.00723
0.00883
0.01082
0.01344
0.01621
0.01891
0.02159
0.02412
0.02652
0.02898
0.03117
0.03276
0.03421
0.03556
0.03629
0.03603
0.0349
0.03314
0.03057
0.02755
0.02424
0.02074
0.01651
0.01143
0.00589
0.00072
-0.00345
-0.0063
-0.0078
-0.00898
-0.00991
-0.00984
-0.00909
-0.00846
-0.00777
-0.00695
-0.00593
-0.00492
-0.00378
-0.00256
-0.00125
0.0003
0.0017
0.00292
0.00399
0.00482
0.00549
0.00586
0.00585
0.00599
0.00633
0.00669
0.00689
0.00715
0.0073
0.00748
0.00745
0.00683
0.00595
0.00488
0.00374
0.00234
0.0009
-0.00064
-0.00228
-0.00374
-0.00524
-0.00664
-0.0077
-0.00862
-0.00976
-0.01092
-0.01176
-0.01198
-0.01109
-0.00966
-0.00819
-0.0059
-0.00295
-0.00003
0.00246
0.00464
0.00702
0.00883
0.01025
0.01158
0.01247
0.0131
0.01353
0.01385
0.01446
0.01537
0.01622
0.01685
0.01736
0.01761
0.01777
0.01788
0.01775
0.01797
0.0182
0.01838
0.01875
0.01876
0.01871
0.01876
0.0188
0.01878
0.01865
0.01851
0.01863
0.01908
0.02022
0.02166
0.02264
0.02323
0.02322
0.02302
0.02258
0.02188
0.02122
0.02021
0.01868
0.01666
0.01444
0.01164
0.00814
0.0043
0.00099
-0.00188
-0.00442
-0.00687
-0.00923
-0.01104
-0.01144
-0.01001
-0.0081
-0.00654
-0.00477
-0.00257
-0.00029
0.00192
0.0042
0.00625
0.00818
0.00962
0.01068
0.01142
0.01144
0.01076
0.00993
0.00881
0.00733
0.00567
0.00431
0.00293
0.0018
0.00103
0.00064
0.0006
0.00078
0.00127
0.00178
0.00215
0.00256
0.00268
0.00266
0.00268
0.00257
0.00231
0.00198
0.00138
0.00074
-0.00007
-0.00085
-0.00158
-0.00259
-0.00378
-0.00519
-0.00684
-0.00847
-0.01021
-0.01195
-0.01334
-0.0143
-0.01518
-0.01624
-0.01722
-0.01812
-0.01895
-0.01977
-0.02043
-0.02104
-0.0213
-0.02131
-0.02115
-0.0206
-0.01978
-0.01913
-0.01845
-0.01729
-0.01593
-0.01457
-0.01323
-0.01193
-0.01071
-0.00956
-0.00841
-0.00712
-0.00587
-0.00551
-0.00625
-0.00725
-0.00826
-0.00937
-0.01107
-0.01327
-0.01572
-0.01829
-0.02039
-0.02222
-0.02414
-0.02601
-0.02774
-0.02907
-0.03015
-0.03117
-0.03157
-0.03135
-0.03065
-0.02942
-0.02795
-0.02628
-0.02451
-0.02254
-0.02054
-0.01869
-0.017
-0.0152
-0.01325
-0.01115
-0.00917
-0.00733
-0.00561
-0.00404
-0.00259
-0.00133
-0.00017
0.00104
0.00216
0.00318
0.00434
0.00572
0.00724
0.00876
0.0105
0.01249
0.01454
0.01658
0.01839
0.02042
0.02261
0.02468
0.02576
0.02544
0.02418
0.02244
0.02058
0.01864
0.01636
0.01393
0.01151
0.00906
0.0065
0.00405
0.00144
-0.00145
-0.00409
-0.00606
-0.00753
-0.00877
-0.00966
-0.01024
-0.01047
-0.01016
-0.00946
-0.00874
-0.00807
-0.00735
-0.00648
-0.00522
-0.0038
-0.00213
-0.00048
0.00097
0.00227
0.00342
0.00453
0.00602
0.00774
0.00964
0.01165
0.0135
0.01555
0.01732
0.0188
0.02005
0.02085
0.02111
0.02045
0.01964
0.01889
0.01815
0.01747
0.01667
0.01552
0.01421
0.01259
0.01072
0.00885
0.00681
0.00451
0.0022
-0.00014
-0.00208
-0.00382
-0.00516
-0.00629
-0.00704
-0.00743
-0.00769
-0.00807
-0.0083
-0.00804
-0.00755
-0.00707
-0.0065
-0.00556
-0.00453
-0.00341
-0.00218
-0.00105
-0.00021
0.00038
0.00078
0.00134
0.0022
0.00284
0.00343
0.00424
0.00516
0.00601
0.00673
0.0073
0.00776
0.00795
0.00806
0.00779
0.0075
0.00701
0.00642
0.00582
0.00507
0.00443
0.0041
0.00364
0.00319
0.00275
0.00233
0.00195
0.00156
0.00119
0.00106
0.00142
0.00198
0.00237
0.0029
0.00333
0.00385
0.00464
0.00524
0.00545
0.00539
0.00541
0.00545
0.00543
0.00531
0.00478
0.00414
0.00345
0.00257
0.00147
0.00028
-0.00071
-0.00175
-0.0031
-0.00418
-0.00515
-0.00615
-0.00727
-0.00845
-0.00991
-0.01148
-0.01311
-0.01434
-0.01555
-0.01691
-0.01833
-0.01983
-0.02108
-0.02172
-0.02183
-0.02161
-0.02114
-0.02057
-0.01968
-0.01836
-0.01692
-0.01508
-0.01283
-0.01048
-0.00835
-0.00636
-0.00443
-0.00287
-0.0019
-0.00168
-0.00166
-0.00162
-0.00176
-0.00202
-0.00222
-0.00249
-0.00262
-0.00281
-0.00294
-0.00284
-0.00306
-0.00364
-0.00473
-0.00568
-0.00631
-0.00688
-0.00716
-0.00733
-0.00744
-0.00739
-0.00741
-0.0069
-0.00588
-0.0047
-0.00354
-0.00237
-0.00116
-0.00012
0.00077
0.00149
0.00185
0.00193
0.002
0.00207
0.00192
0.00187
0.00196
0.002
0.00192
0.00153
0.00082
0.0002
-0.00036
-0.00073
-0.00061
0.00016
0.00141
0.00306
0.0052
0.00747
0.00933
0.01082
0.0119
0.0127
0.01314
0.0135
0.01407
0.01499
0.01644
0.01797
0.01919
0.01979
0.01984
0.01934
0.01855
0.01769
0.01662
0.01578
0.01563
0.01606
0.01675
0.01742
0.01788
0.01833
0.01879
0.01899
0.01911
0.01923
0.01964
0.02005
0.02039
0.02094
0.02112
0.02097
0.02097
0.0212
0.02173
0.02239
0.02292
0.02374
0.02433
0.02467
0.02521
0.02567
0.02564
0.02523
0.02453
0.02388
0.02321
0.02264
0.02212
0.02139
0.02045
0.01951
0.01833
0.017
0.01525
0.01347
0.01163
0.00969
0.00782
0.00618
0.00489
0.00385
0.00294
0.00214
0.00138
-0.00005
-0.00148
-0.00244
-0.00328
-0.00405
-0.00454
-0.00469
-0.00466
-0.00466
-0.00478
-0.00517
-0.00585
-0.00638
-0.00677
-0.00703
-0.00709
-0.00725
-0.00745
-0.00762
-0.0076
-0.00746
-0.00745
-0.00767
-0.00802
-0.00856
-0.00896
-0.00927
-0.00971
-0.01045
-0.01116
-0.01173
-0.01234
-0.01315
-0.01388
-0.01429
-0.01474
-0.01518
-0.01543
-0.01528
-0.0147
-0.01419
-0.01368
-0.01291
-0.01246
-0.01225
-0.01193
-0.01123
-0.01039
-0.00966
-0.00912
-0.0089
-0.00881
-0.00925
-0.00996
-0.01043
-0.01105
-0.01179
-0.01218
-0.01242
-0.01267
-0.01307
-0.01347
-0.01395
-0.01437
-0.01464
-0.01475
-0.01468
-0.01409
-0.01302
-0.01153
-0.00978
-0.00767
-0.00555
-0.0038
-0.00217
-0.00039
0.00153
0.0035
0.00547
0.00722
0.0087
0.00988
0.01079
0.01142
0.01192
0.01257
0.01275
0.01258
0.01236
0.01224
0.01255
0.01273
0.01276
0.01281
0.01315
0.01373
0.01415
0.01464
0.01518
0.01575
0.01644
0.01708
0.01765
0.01814
0.01836
0.01813
0.01758
0.01686
0.01588
0.01467
0.01339
0.01218
0.01128
0.0106
0.00999
0.00941
0.00939
0.00966
0.01024
0.01099
0.01171
0.01268
0.01379
0.01488
0.01574
0.01638
0.01698
0.01755
0.01789
0.01773
0.01729
0.01674
0.0162
0.0158
0.01521
0.01478
0.01459
0.01457
0.01455
0.01462
0.0149
0.01513
0.01482
0.014
0.01262
0.01072
0.00862
0.00631
0.00407
0.00182
-0.00044
-0.00273
-0.00486
-0.00706
-0.00914
-0.01101
-0.01243
-0.01362
-0.01472
-0.0156
-0.01633
-0.0171
-0.01774
-0.01827
-0.0187
-0.01937
-0.02042
-0.02158
-0.0224
-0.02349
-0.02476
-0.0264
-0.0282
-0.03023
-0.03205
-0.03349
-0.03491
-0.03603
-0.03718
-0.03804
-0.03856
-0.03886
-0.03904
-0.03906
-0.03882
-0.03844
-0.03815
-0.03789
-0.03752
-0.03681
-0.03583
-0.03459
-0.03319
-0.03132
-0.02929
-0.02706
-0.0243
-0.02095
-0.01782
-0.01515
-0.01237
-0.00994
-0.00772
-0.00582
-0.00423
-0.0031
-0.00242
-0.00198
-0.00176
-0.00196
-0.00249
-0.00335
-0.00448
-0.00542
-0.00647
-0.00741
-0.00838
-0.00923
-0.00972
-0.00971
-0.00949
-0.00934
-0.00943
-0.00934
-0.00888
-0.00825
-0.00781
-0.00716
-0.00651
-0.00613
-0.00601
-0.00584
-0.00554
-0.0055
-0.00582
-0.00626
-0.00689
-0.00736
-0.00776
-0.00816
-0.00837
-0.00876
-0.00956
-0.01043
-0.01127
-0.0121
-0.01258
-0.01253
-0.01215
-0.01117
-0.00993
-0.00877
-0.00769
-0.00667
-0.00587
-0.00514
-0.00484
-0.00485
-0.00475
-0.00466
-0.00477
-0.0052
-0.00582
-0.00636
-0.00724
-0.00849
-0.0097
-0.0103
-0.01025
-0.01007
-0.00963
-0.00897
-0.0083
-0.00746
-0.0066
-0.00571
-0.00475
-0.00412
-0.00366
-0.0032
-0.00262
-0.00238
-0.00254
-0.00288
-0.00331
-0.00372
-0.00417
-0.00459
-0.0046
-0.00463
-0.00463
-0.00435
-0.00376
-0.00316
-0.0026
-0.00208
-0.00148
-0.00083
0.00018
0.00129
0.00229
0.00335
0.00444
0.00523
0.00583
0.00631
0.00663
0.00685
0.00731
0.00777
0.00787
0.00804
0.00856
0.00916
0.00951
0.01004
0.01074
0.01175
0.0127
0.01358
0.0146
0.01538
0.01623
0.01692
0.0171
0.01716
0.01715
0.01701
0.01661
0.01594
0.01516
0.01411
0.01252
0.01075
0.00894
0.00686
0.00479
0.00278
0.0012
-0.00022
-0.00135
-0.00196
-0.00217
-0.00225
-0.00238
-0.00235
-0.00198
-0.00121
0.00017
0.00176
0.00339
0.00524
0.00701
0.00876
0.01013
0.01103
0.01144
0.01154
0.01109
0.01001
0.00849
0.00685
0.00493
0.00278
0.00064
-0.00153
-0.00361
-0.00536
-0.00643
-0.00683
-0.00659
-0.0059
-0.00478
-0.00337
-0.00172
0.0003
0.00258
0.00479
0.00684
0.00903
0.01161
0.01401
0.0161
0.01772
0.01895
0.01959
0.01965
0.01945
0.01882
0.01781
0.01659
0.01522
0.01374
0.0122
0.01072
0.009
0.00729
0.0055
0.0038
0.00234
0.00119
0.00021
-0.00045
-0.00109
-0.00144
-0.00151
-0.00144
-0.00149
-0.00159
-0.00137
-0.00101
-0.00053
0.00016
0.00093
0.00171
0.00258
0.00327
0.0036
0.00376
0.0041
0.00427
0.00423
0.00422
0.00429
0.00451
0.0049
0.00521
0.00553
0.00603
0.00653
0.00722
0.0081
0.00918
0.01026
0.01143
0.01262
0.01373
0.01471
0.01548
0.01635
0.01715
0.01796
0.01832
0.01795
0.01727
0.01622
0.01508
0.0139
0.01242
0.01078
0.00913
0.00787
0.00707
0.00649
0.006
0.00578
0.00596
0.00622
0.00654
0.00705
0.00761
0.00847
0.00935
0.01034
0.01143
0.01234
0.01313
0.01387
0.0146
0.01522
0.01548
0.01519
0.01459
0.01389
0.01274
0.01134
0.0101
0.00889
0.00752
0.0061
0.00471
0.00342
0.00218
0.00111
0.00022
-0.00066
-0.00126
-0.00148
-0.00174
-0.00207
-0.00216
-0.00224
-0.00233
-0.00249
-0.00285
-0.00358
-0.00438
-0.00519
-0.00595
-0.0067
-0.00727
-0.00758
-0.00811
-0.00851
-0.00886
-0.00938
-0.00976
-0.01019
-0.01087
-0.01177
-0.01296
-0.01399
-0.01488
-0.0158
-0.01665
-0.01732
-0.01785
-0.01844
-0.01891
-0.01882
-0.01847
-0.0179
-0.01724
-0.01639
-0.01522
-0.0142
-0.01319
-0.01226
-0.01137
-0.01056
-0.00976
-0.00905
-0.00875
-0.00883
-0.00878
-0.00849
-0.00801
-0.00761
-0.00738
-0.00684
-0.00598
-0.00535
-0.00483
-0.00418
-0.00339
-0.00241
-0.00106
0.00056
0.00237
0.00407
0.00581
0.00747
0.00891
0.01026
0.01137
0.01203
0.01233
0.01248
0.01218
0.01149
0.01043
0.00912
0.00779
0.00619
0.00393
0.00124
-0.00135
-0.00349
-0.00527
-0.00719
-0.00916
-0.01086
-0.0124
-0.01368
-0.01445
-0.01495
-0.01513
-0.01481
-0.01447
-0.01423
-0.01372
-0.01293
-0.01209
-0.01144
-0.01098
-0.01062
-0.01018
-0.00991
-0.00989
-0.00992
-0.01014
-0.01058
-0.01092
-0.01121
-0.01167
-0.0121
-0.01239
-0.0128
-0.01303
-0.0129
-0.01271
-0.01241
-0.01212
-0.01178
-0.01117
-0.01062
-0.00982
-0.00901
-0.00828
-0.00737
-0.00612
-0.00507
-0.00447
-0.00409
-0.00405
-0.00418
-0.00435
-0.00471
-0.00518
-0.00565
-0.00608
-0.00634
-0.00664
-0.00718
-0.00745
-0.00751
-0.00749
-0.00745
-0.00731
-0.00708
-0.0069
-0.00646
-0.00615
-0.00575
-0.00542
-0.00529
-0.00512
-0.00467
-0.00386
-0.00325
-0.00284
-0.00236
-0.00161
-0.00107
-0.00072
-0.00067
-0.00068
-0.00069
-0.00082
-0.00098
-0.00092
-0.00085
-0.00077
-0.00042
-0.00009
0.00017
0.00064
0.00112
0.00124
0.00096
0.00067
0.00032
-0.00016
-0.00077
-0.00141
-0.00201
-0.00283
-0.00366
-0.00396
-0.00397
-0.00412
-0.00429
-0.00481
-0.00518
-0.0052
-0.00544
-0.00578
-0.00573
-0.00536
-0.00519
-0.00518
-0.00483
-0.00422
-0.00383
-0.00337
-0.00269
-0.00182
-0.00083
-0.00007
0.00065
0.00131
0.00198
0.00269
0.00331
0.00411
0.00482
0.00546
0.00607
0.00662
0.00713
0.00739
0.00741
0.00732
0.00694
0.00627
0.00575
0.00522
0.00496
0.00468
0.00458
0.00468
0.00502
0.0056
0.00644
0.00748
0.00851
0.00977
0.01116
0.01285
0.01493
0.01705
0.0191
0.02094
0.02257
0.02373
0.02448
0.02511
0.02552
0.0256
0.02536
0.02511
0.02488
0.02476
0.02421
0.02336
0.02265
0.02202
0.02142
0.02095
0.02039
0.02011
0.01991
0.01951
0.01906
0.01836
0.01751
0.01675
0.016
0.01538
0.01469
0.01392
0.01297
0.01199
0.01115
0.01044
0.00949
0.00856
0.00793
0.00754
0.00708
0.00658
0.00643
0.00647
0.00617
0.00537
0.00444
0.00393
0.0037
0.0037
0.00411
0.00448
0.00476
0.00535
0.00617
0.00715
0.00826
0.00944
0.01055
0.01151
0.01247
0.0132
0.01343
0.01333
0.01303
0.01269
0.01171
0.01039
0.00889
0.00745
0.006
0.00464
0.00335
0.00237
0.00185
0.00156
0.00129
0.00151
0.00221
0.00313
0.00421
0.00518
0.00623
0.00724
0.00827
0.0092
0.00957
0.00927
0.00863
0.00779
0.00678
0.00569
0.00444
0.00294
0.00162
0.00043
-0.00063
-0.00163
-0.00237
-0.00276
-0.00285
-0.00289
-0.00298
-0.00303
-0.00301
-0.00295
-0.00298
-0.00329
-0.00393
-0.00454
-0.00502
-0.00553
-0.00613
-0.00637
-0.00663
-0.00718
-0.00758
-0.00762
-0.00764
-0.0076
-0.00725
-0.00659
-0.00603
-0.00553
-0.00505
-0.00457
-0.00413
-0.00357
-0.00286
-0.00234
-0.00205
-0.00194
-0.00195
-0.00203
-0.00229
-0.00261
-0.00268
-0.00291
-0.00361
-0.00428
-0.00469
-0.0051
-0.00526
-0.00575
-0.00669
-0.00767
-0.00889
-0.01024
-0.01121
-0.01189
-0.01254
-0.01331
-0.0144
-0.01542
-0.01618
-0.01677
-0.01736
-0.01786
-0.01796
-0.01802
-0.01802
-0.01761
-0.01671
-0.01558
-0.01442
-0.01338
-0.01249
-0.01135
-0.01032
-0.00926
-0.00822
-0.00686
-0.00555
-0.0043
-0.00326
-0.00246
-0.0016
-0.00108
-0.001
-0.00089
-0.00071
-0.00076
-0.00124
-0.00192
-0.00253
-0.00324
-0.00399
-0.00468
-0.0056
-0.00676
-0.00801
-0.00908
-0.01011
-0.01116
-0.01196
-0.01242
-0.01258
-0.01261
-0.01281
-0.01258
-0.01195
-0.01131
-0.01092
-0.0102
-0.00946
-0.00897
-0.00859
-0.00817
-0.00763
-0.0069
-0.00601
-0.0053
-0.00489
-0.00448
-0.00448
-0.00449
-0.00447
-0.0048
-0.0054
-0.00556
-0.00552
-0.00536
-0.00477
-0.00379
-0.00304
-0.00253
-0.00209
-0.00153
-0.00056
0.00042
0.00124
0.00185
0.00228
0.00243
0.00248
0.00262
0.00265
0.00231
0.00146
0.00044
-0.00039
-0.00114
-0.0019
-0.00256
-0.00303
-0.00334
-0.00379
-0.00403
-0.00422
-0.00398
-0.00339
-0.00305
-0.00297
-0.00281
-0.00289
-0.00307
-0.00306
-0.00313
-0.00321
-0.00298
-0.00254
-0.00218
-0.00206
-0.00211
-0.00203
-0.00182
-0.00155
-0.0012
-0.00104
-0.00092
-0.00071
-0.0002
0.00049
0.00136
0.0023
0.00301
0.00352
0.004
0.00452
0.00485
0.00477
0.00437
0.00377
0.00337
0.00287
0.00231
0.00151
0.00049
-0.00081
-0.00203
-0.00311
-0.00414
-0.00488
-0.00513
-0.00476
-0.00423
-0.00324
-0.002
-0.0006
0.00083
0.00227
0.00386
0.00552
0.00723
0.0089
0.01041
0.01169
0.01266
0.01322
0.01347
0.01337
0.01294
0.01244
0.01149
0.01037
0.00928
0.00844
0.00776
0.00691
0.00591
0.00489
0.00423
0.00389
0.00356
0.00303
0.00271
0.00242
0.00193
0.00165
0.00163
0.00131
0.00051
-0.00041
-0.00133
-0.00242
-0.00346
-0.0044
-0.00527
-0.0059
-0.00644
-0.00664
-0.00679
-0.00729
-0.00769
-0.00794
-0.0084
-0.00877
-0.00912
-0.00928
-0.00903
-0.00877
-0.00869
-0.00884
-0.00921
-0.00978
-0.01006
-0.0099
-0.0097
-0.00946
-0.00937
-0.00945
-0.00945
-0.00938
-0.00931
-0.0093
-0.00911
-0.00874
-0.00838
-0.00789
-0.00766
-0.00763
-0.00748
-0.00722
-0.00689
-0.00637
-0.00578
-0.00511
-0.00427
-0.00332
-0.0022
-0.00112
0.00008
0.00121
0.00221
0.00334
0.00408
0.0046
0.00528
0.0059
0.00607
0.00603
0.00564
0.005
0.00445
0.0035
0.00238
0.00127
0.00027
-0.00092
-0.00217
-0.00339
-0.00447
-0.00542
-0.0061
-0.00665
-0.00729
-0.00759
-0.00742
-0.0069
-0.00604
-0.005
-0.00393
-0.00265
-0.00111
0.00078
0.00252
0.00431
0.00593
0.00739
0.00847
0.00924
0.00989
0.01024
0.01007
0.00958
0.00871
0.00767
0.00654
0.00551
0.00446
0.00325
0.00181
0.00026
-0.00101
-0.00208
-0.003
-0.00383
-0.00449
-0.00522
-0.00575
-0.0061
-0.00625
-0.00665
-0.00719
-0.00781
-0.00863
-0.00946
-0.01026
-0.01074
-0.01062
-0.01008
-0.0093
-0.00883
-0.00863
-0.00844
-0.00818
-0.00788
-0.00759
-0.00734
-0.00734
-0.00732
-0.00724
-0.00723
-0.00745
-0.00794
-0.0084
-0.00838
-0.00838
-0.00842
-0.0082
-0.00752
-0.00649
-0.00527
-0.0042
-0.00308
-0.00181
-0.00045
0.00116
0.00274
0.00389
0.00465
0.00554
0.00637
0.00707
0.00781
0.00838
0.00878
0.00874
0.00875
0.00887
0.00897
0.00897
0.00871
0.00822
0.00782
0.00804
0.00821
0.00808
0.00719
0.00593
0.00461
0.00314
0.00158
-0.00009
-0.00168
-0.003
-0.00412
-0.005
-0.00592
-0.00644
-0.00671
-0.00654
-0.00593
-0.00545
-0.00473
-0.00364
-0.00236
-0.00119
-0.00009
0.00091
0.00137
0.0016
0.00146
0.00148
0.00121
0.00061
0.00015
-0.00012
-0.00012
-0.00017
-0.00023
-0.00007
0.00048
0.00126
0.0021
0.00314
0.00424
0.00533
0.00626
0.00694
0.00747
0.00773
0.0078
0.00788
0.00773
0.00717
0.00643
0.00594
0.00569
0.00586
0.00622
0.0066
0.007
0.0076
0.00833
0.00889
0.00974
0.01055
0.01131
0.01206
0.01244
0.01233
0.01208
0.01167
0.01121
0.01075
0.0101
0.00966
0.00926
0.00912
0.00903
0.00888
0.00889
0.00893
0.00903
0.00952
0.00998
0.01043
0.01099
0.01151
0.01172
0.01147
0.01092
0.0103
0.0094
0.00822
0.007
0.00594
0.0052
0.00448
0.00404
0.00378
0.00361
0.00373
0.00391
0.00379
0.00371
0.00377
0.00401
0.00435
0.0044
0.00396
0.0033
0.00283
0.00232
0.00187
0.0015
0.00126
0.00116
0.0013
0.00178
0.00242
0.00309
0.00354
0.00399
0.00429
0.00444
0.00453
0.00422
0.00383
0.00338
0.00297
0.0023
0.00131
0.00024
-0.00092
-0.00203
-0.00306
-0.00405
-0.00467
-0.0048
-0.00469
-0.00445
-0.00412
-0.00383
-0.00316
-0.00246
-0.00186
-0.00132
-0.00084
-0.00055
-0.00054
-0.00048
-0.00039
-0.00044
-0.00076
-0.00128
-0.00159
-0.00118
-0.00036
0.00049
0.00116
0.00183
0.00248
0.00282
0.00281
0.00285
0.00284
0.00263
0.00227
0.00189
0.0013
0.00059
-0.00014
-0.00113
-0.00215
-0.00302
-0.00383
-0.00452
-0.00495
-0.00463
-0.00392
-0.00287
-0.00147
0.00015
0.00188
0.0035
0.00482
0.00609
0.00708
0.00763
0.00767
0.0075
0.00735
0.00717
0.00653
0.00561
0.00468
0.00353
0.00206
0.00041
-0.00097
-0.00199
-0.00269
-0.00295
-0.0031
-0.00308
-0.00274
-0.0021
-0.00133
-0.00045
0.00046
0.00143
0.00238
0.00311
0.00371
0.00409
0.00447
0.00475
0.00513
0.00571
0.00608
0.00598
0.00595
0.00604
0.00616
0.00622
0.00613
0.00605
0.0057
0.00514
0.00489
0.005
0.00491
0.00451
0.00385
0.00292
0.00194
0.00104
-0.00005
-0.00115
-0.0023
-0.00357
-0.00458
-0.0056
-0.00659
-0.00729
-0.00772
-0.00774
-0.00771
-0.00775
-0.00788
-0.00793
-0.00776
-0.00728
-0.00665
-0.0062
-0.00572
-0.0048
-0.00341
-0.00185
-0.00046
0.00078
0.00183
0.00257
0.0031
0.00345
0.00375
0.00414
0.00429
0.004
0.00384
0.00385
0.00355
0.00284
0.00181
0.00071
-0.00043
-0.00155
-0.00279
-0.00425
-0.00583
-0.00705
-0.00785
-0.00853
-0.00901
-0.00916
-0.00924
-0.00904
-0.00881
-0.00854
-0.00823
-0.00808
-0.00793
-0.00779
-0.00742
-0.00699
-0.00654
-0.00615
-0.00579
-0.00534
-0.00503
-0.00496
-0.00479
-0.00457
-0.00408
-0.00342
-0.00284
-0.00233
-0.00208
-0.00187
-0.00158
-0.00128
-0.00112
-0.00085
-0.00023
0.00052
0.00093
0.00128
0.00175
0.00227
0.00245
0.0024
0.0021
0.00153
0.00095
0.0003
-0.0004
-0.00125
-0.00239
-0.00356
-0.00449
-0.00516
-0.00538
-0.00543
-0.00554
-0.0055
-0.0051
-0.00443
-0.00395
-0.00341
-0.0027
-0.00172
-0.00074
0.00044
0.00171
0.00296
0.00418
0.00542
0.00639
0.00676
0.00692
0.00674
0.00618
0.00543
0.00483
0.00439
0.0039
0.00366
0.00378
0.004
0.00416
0.00393
0.00357
0.00349
0.00354
0.00366
0.00409
0.00489
0.00607
0.00729
0.00846
0.00943
0.01014
0.01031
0.01001
0.00947
0.00899
0.00872
0.0084
0.00797
0.00735
0.00677
0.0063
0.00594
0.00567
0.00522
0.00469
0.00427
0.00367
0.00306
0.00234
0.00166
0.00084
-0.00001
-0.00104
-0.0023
-0.00339
-0.00406
-0.0043
-0.00415
-0.00383
-0.00337
-0.00289
-0.00209
-0.001
0.00013
0.00129
0.00254
0.00354
0.00445
0.00523
0.00561
0.00553
0.005
0.00457
0.0043
0.00386
0.00374
0.00359
0.0032
0.00291
0.00265
0.00253
0.00251
0.00248
0.00263
0.00318
0.00404
0.00503
0.00625
0.00763
0.00877
0.00961
0.00986
0.00945
0.00869
0.00764
0.00651
0.00562
0.00479
0.00399
0.00338
0.00298
0.00273
0.00257
0.00218
0.00166
0.00139
0.00109
0.00037
-0.00054
-0.00164
-0.00295
-0.00465
-0.00649
-0.00823
-0.00946
-0.00984
-0.0094
-0.0085
-0.00693
-0.00486
-0.00269
-0.00022
0.00182
0.00323
0.00443
0.00541
0.0065
0.00785
0.00906
0.01036
0.01161
0.01253
0.01323
0.01331
0.01283
0.01171
0.00997
0.00805
0.00613
0.00449
0.00305
0.00193
0.00113
0.00022
-0.00077
-0.00182
-0.00267
-0.00309
-0.00327
-0.00341
-0.00339
-0.00332
-0.00322
-0.00281
-0.00237
-0.00246
-0.00318
-0.00397
-0.0047
-0.00529
-0.00562
-0.00601
-0.00653
-0.00669
-0.00667
-0.00665
-0.00676
-0.00715
-0.00773
-0.00804
-0.00794
-0.00767
-0.00715
-0.00659
-0.00616
-0.00581
-0.00572
-0.00566
-0.00566
-0.00602
-0.00686
-0.00773
-0.00855
-0.00954
-0.01056
-0.0118
-0.01311
-0.01406
-0.01458
-0.01465
-0.01442
-0.01392
-0.01301
-0.01157
-0.00979
-0.00787
-0.00579
-0.00381
-0.00234
-0.00122
-0.00036
-0.00007
-0.00019
-0.00067
-0.00156
-0.00263
-0.0038
-0.00507
-0.00624
-0.00737
-0.00801
-0.00844
-0.00886
-0.00905
-0.00892
-0.00847
-0.00772
-0.00664
-0.00546
-0.00425
-0.00313
-0.00226
-0.00149
-0.00099
-0.00069
-0.00063
-0.001
-0.00132
-0.00203
-0.003
-0.00372
-0.00403
-0.00412
-0.00369
-0.00319
-0.00259
-0.0014
-0.0003
0.00096
0.00225
0.00333
0.00418
0.00468
0.00505
0.00513
0.0047
0.00417
0.00344
0.00256
0.00185
0.00131
0.00094
0.00047
0.00014
-0.00018
-0.00078
-0.00115
-0.00088
-0.00026
0.0004
0.00104
0.00176
0.00253
0.00317
0.00381
0.0044
0.00453
0.00435
0.00406
0.00378
0.00347
0.00352
0.00359
0.00352
0.00327
0.00277
0.0022
0.00164
0.00083
0.00003
-0.00065
-0.00133
-0.00216
-0.00278
-0.0035
-0.00444
-0.00546
-0.00635
-0.00725
-0.00801
-0.00851
-0.00909
-0.00935
-0.00955
-0.00942
-0.00917
-0.0091
-0.00887
-0.00859
-0.00863
-0.00879
-0.00905
-0.00923
-0.00916
-0.0091
-0.00908
-0.00911
-0.00928
-0.00962
-0.00996
-0.01006
-0.00974
-0.00961
-0.00977
-0.00987
-0.00975
-0.00922
-0.00838
-0.00755
-0.00707
-0.0066
-0.00629
-0.00598
-0.0055
-0.0049
-0.00433
-0.0039
-0.00361
-0.00354
-0.00359
-0.00348
-0.00312
-0.00257
-0.0022
-0.002
-0.00164
-0.00112
-0.00045
0.00016
0.0004
0.00053
0.00081
0.00126
0.00166
0.00205
0.00236
0.0028
0.00322
0.00344
0.00345
0.00339
0.00314
0.00265
0.00231
0.00219
0.00174
0.00114
0.0006
-0.00015
-0.00102
-0.00182
-0.00225
-0.00275
-0.0037
-0.00438
-0.00466
-0.00455
-0.00423
-0.00366
-0.00304
-0.00228
-0.00158
-0.00055
0.00066
0.00165
0.00232
0.00285
0.00315
0.00319
0.00327
0.00333
0.00328
0.00308
0.00285
0.00294
0.00312
0.00295
0.00238
0.0023
0.00276
0.00297
0.0025
0.00174
0.00106
0.00044
-0.00003
-0.00046
-0.00124
-0.00187
-0.0023
-0.00255
-0.00282
-0.00302
-0.00306
-0.00308
-0.00293
-0.00256
-0.00217
-0.0019
-0.00153
-0.00113
-0.00081
-0.00064
-0.00047
-0.0004
-0.00004
0.00065
0.00113
0.00131
0.00139
0.00164
0.00189
0.00223
0.0029
0.00377
0.00444
0.00526
0.0063
0.0072
0.00799
0.00864
0.00921
0.00992
0.01056
0.01095
0.01117
0.0115
0.01161
0.01117
0.01039
0.00973
0.0094
0.00916
0.00834
0.00753
0.00668
0.00562
0.00452
0.00356
0.00276
0.00171
0.00059
-0.00049
-0.00158
-0.00246
-0.00327
-0.00418
-0.00517
-0.00618
-0.00715
-0.00772
-0.00835
-0.00885
-0.00868
-0.00819
-0.00773
-0.00716
-0.00646
-0.00584
-0.0052
-0.00424
-0.00334
-0.00255
-0.0017
-0.00087
-0.00019
0
0.00019
0.00033
0.00008
-0.00021
-0.00077
-0.00149
-0.00205
-0.00223
-0.00218
-0.00225
-0.00231
-0.00217
-0.00178
-0.00136
-0.00086
-0.00015
0.00051
0.00096
0.00172
0.00244
0.00308
0.00346
0.0035
0.00331
0.00328
0.00301
0.00245
0.0021
0.00177
0.00135
0.00121
0.00111
0.00114
0.00138
0.00173
0.00195
0.00211
0.00227
0.00279
0.00354
0.00432
0.00493
0.00543
0.00552
0.00525
0.00491
0.00461
0.00415
0.00367
0.00327
0.00277
0.00212
0.00158
0.00107
0.00047
0.00024
0.00007
-0.00013
-0.00016
-0.00005
0.00032
0.00082
0.00095
0.00079
0.00077
0.00095
0.00099
0.00098
0.00098
0.00096
0.00096
0.00096
0.001
0.00107
0.00113
0.00108
0.00109
0.00159
0.00208
0.00212
0.00238
0.00295
0.00338
0.00364
0.00393
0.00418
0.0044
0.00442
0.00445
0.00445
0.00429
0.00395
0.0036
0.00343
0.00347
0.00339
0.00345
0.00359
0.00374
0.00389
0.00371
0.00352
0.00363
0.00394
0.00399
0.00408
0.00427
0.00449
0.00453
0.00446
0.00438
0.00437
0.00464
0.00525
0.00565
0.00567
0.00568
0.00558
0.00529
0.00493
0.00478
0.00477
0.00469
0.00467
0.00461
0.00456
0.00462
0.00491
0.00542
0.00578
0.00584
0.00566
0.00526
0.00474
0.00436
0.00393
0.00357
0.00324
0.00267
0.00232
0.0025
0.00292
0.00347
0.00373
0.00401
0.00434
0.00449
0.00478
0.0054
0.00616
0.00669
0.00731
0.00809
0.00882
0.00937
0.00978
0.0102
0.01084
0.01143
0.01168
0.01194
0.01234
0.01282
0.01337
0.01388
0.01408
0.0145
0.01489
0.01496
0.01523
0.01581
0.01624
0.01595
0.01549
0.01526
0.01518
0.01514
0.01459
0.01358
0.01258
0.01157
0.01036
0.00894
0.00745
0.00597
0.0047
0.00357
0.00256
0.00179
0.00119
0.00063
0.00019
0.00015
0.00019
0.00045
0.00111
0.00187
0.00266
0.00343
0.0042
0.00489
0.0056
0.00596
0.00608
0.00617
0.00665
0.00701
0.00689
0.00671
0.0063
0.00608
0.00639
0.00679
0.00712
0.00738
0.0078
0.00832
0.00895
0.00964
0.01036
0.01115
0.01171
0.01212
0.01251
0.01275
0.01284
0.01299
0.01307
0.01287
0.01287
0.01287
0.01279
0.01274
0.0129
0.01338
0.01378
0.014
0.01423
0.01481
0.01582
0.01706
0.01785
0.01821
0.01851
0.01874
0.01884
0.01874
0.01865
0.01802
0.01683
0.01552
0.01404
0.0127
0.01152
0.01026
0.00891
0.00781
0.00694
0.00626
0.00556
0.00492
0.00443
0.00405
0.00397
0.00384
0.00337
0.00281
0.00267
0.00259
0.00226
0.002
0.00177
0.00156
0.00128
0.00077
0.00054
0.00071
0.00053
0.00004
-0.00068
-0.00121
-0.00163
-0.00197
-0.00246
-0.00306
-0.00365
-0.0043
-0.00472
-0.00525
-0.00599
-0.00674
-0.00714
-0.00736
-0.00775
-0.00825
-0.00859
-0.0087
-0.00905
-0.00964
-0.00996
-0.01026
-0.01072
-0.01115
-0.01152
-0.01192
-0.01249
-0.01297
-0.01342
-0.0139
-0.01435
-0.01467
-0.01475
-0.01469
-0.01461
-0.01472
-0.01472
-0.01476
-0.01472
-0.01447
-0.01441
-0.01413
-0.0136
-0.01328
-0.01331
-0.01335
-0.01334
-0.01337
-0.01344
-0.01368
-0.01394
-0.01415
-0.0143
-0.01427
-0.01412
-0.01416
-0.01447
-0.01507
-0.01589
-0.01632
-0.01642
-0.01654
-0.01708
-0.01761
-0.0182
-0.01898
-0.01978
-0.02036
-0.02082
-0.02125
-0.02162
-0.02187
-0.02211
-0.02232
-0.0224
-0.02236
-0.02234
-0.02242
-0.02267
-0.0231
-0.02365
-0.02417
-0.02492
-0.02558
-0.02626
-0.02704
-0.02764
-0.02809
-0.02811
-0.0281
-0.0279
-0.02732
-0.02664
-0.026
-0.02525
-0.02427
-0.0231
-0.02183
-0.02062
-0.01967
-0.01883
-0.01817
-0.01782
-0.01754
-0.01743
-0.01764
-0.01784
-0.01798
-0.01845
-0.01893
-0.01902
-0.01917
-0.01922
-0.01875
-0.01803
-0.01709
-0.01621
-0.01507
-0.01381
-0.01257
-0.01147
-0.01044
-0.00946
-0.00853
-0.00775
-0.00723
-0.00682
-0.00651
-0.00634
-0.00607
-0.0058
-0.00591
-0.00616
-0.00626
-0.0064
-0.00702
-0.00796
-0.00875
-0.00959
-0.0104
-0.01112
-0.01185
-0.01246
-0.01314
-0.01371
-0.01407
-0.01433
-0.01453
-0.01473
-0.01456
-0.01425
-0.0137
-0.01274
-0.01177
-0.01096
-0.01012
-0.00923
-0.00838
-0.0077
-0.00736
-0.00675
-0.00601
-0.00543
-0.00531
-0.00526
-0.00486
-0.00432
-0.0041
-0.0044
-0.00457
-0.00443
-0.00378
-0.00316
-0.0029
-0.0027
-0.00218
-0.00161
-0.0011
-0.00063
-0.00061
-0.0006
-0.00051
-0.00055
-0.00049
-0.00047
-0.00067
-0.00114
-0.00158
-0.00169
-0.00141
-0.00099
-0.0007
-0.00047
-0.00005
0.00068
0.00135
0.00216
0.0029
0.00355
0.00425
0.0049
0.00546
0.00593
0.00654
0.00738
0.0083
0.00908
0.00976
0.01045
0.011
0.01144
0.01195
0.01222
0.0124
0.01244
0.01237
0.01227
0.01218
0.01191
0.01124
0.01061
0.01032
0.01001
0.00955
0.0091
0.00894
0.00888
0.00901
0.00898
0.00883
0.00863
0.00865
0.00871
0.00876
0.00882
0.00871
0.00827
0.00747
0.00684
0.00645
0.00607
0.00553
0.00525
0.00531
0.00557
0.00612
0.00679
0.00765
0.00859
0.00939
0.01051
0.0118
0.01258
0.01316
0.01363
0.01382
0.01388
0.01372
0.01319
0.01279
0.01243
0.01232
0.01224
0.01172
0.01096
0.01047
0.01
0.00996
0.01001
0.00993
0.00982
0.00974
0.0098
0.00969
0.00946
0.00941
0.00933
0.00882
0.00872
0.00885
0.00883
0.00859
0.00812
0.00768
0.0075
0.00719
0.00674
0.00648
0.00658
0.00654
0.00624
0.00574
0.00535
0.0052
0.0048
0.00423
0.00387
0.0033
0.00281
0.00253
0.00238
0.00246
0.00279
0.00309
0.00339
0.00396
0.00461
0.00508
0.00524
0.00554
0.00605
0.00637
0.00647
0.00657
0.0066
0.00639
0.00642
0.00649
0.0065
0.00644
0.00626
0.00607
0.00608
0.00628
0.00655
0.007
0.00765
0.0081
0.00863
0.00912
0.01002
0.01111
0.01194
0.01198
0.01138
0.01081
0.01043
0.0098
0.00917
0.00851
0.00792
0.00739
0.00664
0.00577
0.00493
0.00395
0.00294
0.00234
0.0019
0.00148
0.00094
0.0007
0.00094
0.00128
0.0014
0.0012
0.00085
0.00057
0.0008
0.00147
0.00218
0.00266
0.00276
0.00233
0.00197
0.00177
0.00123
0.00036
-0.00061
-0.0016
-0.00261
-0.00366
-0.00477
-0.00585
-0.00699
-0.00807
-0.00909
-0.00981
-0.0105
-0.01099
-0.01117
-0.0114
-0.01198
-0.01226
-0.01249
-0.01262
-0.01273
-0.0128
-0.01287
-0.01298
-0.01274
-0.01254
-0.01237
-0.0121
-0.012
-0.01205
-0.01205
-0.01202
-0.012
-0.01197
-0.01194
-0.01196
-0.01212
-0.01248
-0.01287
-0.01332
-0.01376
-0.01424
-0.0149
-0.01532
-0.01537
-0.01535
-0.01527
-0.01496
-0.01444
-0.01387
-0.01327
-0.01269
-0.01197
-0.01122
-0.0106
-0.00999
-0.00932
-0.00873
-0.00823
-0.00768
-0.00742
-0.00746
-0.00744
-0.00739
-0.00737
-0.00737
-0.00734
-0.0072
-0.00691
-0.00664
-0.00634
-0.00592
-0.00496
-0.00398
-0.003
-0.00197
-0.00124
-0.00063
-0.00002
0.00071
0.00136
0.00206
0.00244
0.00273
0.00302
0.00311
0.00314
0.00312
0.00309
0.00278
0.00218
0.00179
0.00157
0.00139
0.00165
0.00209
0.00235
0.00284
0.00314
0.00327
0.00364
0.00403
0.00459
0.00523
0.00574
0.00618
0.00651
0.00675
0.00732
0.0078
0.00779
0.00776
0.00764
0.00728
0.00683
0.00647
0.00585
0.00499
0.00424
0.00364
0.00296
0.00237
0.00184
0.0015
0.00154
0.00177
0.00208
0.00212
0.00205
0.00224
0.00272
0.00318
0.0033
0.00345
0.00393
0.00438
0.00454
0.00477
0.00518
0.0055
0.00582
0.00616
0.00671
0.00713
0.00759
0.00777
0.00729
0.00699
0.00697
0.00679
0.00631
0.00578
0.00559
0.00529
0.00499
0.00464
0.00423
0.00368
0.00346
0.00336
0.00316
0.00318
0.00328
0.00353
0.00401
0.00483
0.00574
0.00671
0.00762
0.0083
0.00905
0.00958
0.01028
0.01094
0.01137
0.01195
0.0124
0.01265
0.01276
0.01297
0.01326
0.01339
0.01369
0.01419
0.01447
0.01448
0.01445
0.01454
0.01473
0.01484
0.0146
0.01408
0.01352
0.01309
0.01276
0.01235
0.01179
0.01103
0.01015
0.00935
0.00875
0.00845
0.00849
0.00847
0.00838
0.00833
0.00831
0.00833
0.00837
0.00842
0.00838
0.00815
0.0077
0.00732
0.00708
0.00651
0.00571
0.0049
0.00413
0.00361
0.00327
0.00284
0.00268
0.00281
0.00315
0.00367
0.0041
0.00435
0.00456
0.00507
0.00563
0.00618
0.00661
0.00672
0.00668
0.00654
0.00614
0.00558
0.00479
0.00414
0.00356
0.00301
0.00262
0.00212
0.00175
0.00179
0.00159
0.001
0.00035
-0.00014
-0.00081
-0.00132
-0.00188
-0.00255
-0.00328
-0.0038
-0.00433
-0.00495
-0.00568
-0.00628
-0.0065
-0.00665
-0.00653
-0.00613
-0.00567
-0.00498
-0.00418
-0.00327
-0.00246
-0.00185
-0.00139
-0.00095
-0.00058
0.00019
0.001
0.00167
0.00219
0.00278
0.00338
0.0039
0.00416
0.00456
0.00494
0.00521
0.00559
0.00601
0.0059
0.00531
0.00503
0.00465
0.00379
0.00266
0.00112
-0.00003
-0.00052
-0.00112
-0.00202
-0.00319
-0.00444
-0.00552
-0.00631
-0.00695
-0.00732
-0.00736
-0.00739
-0.00726
-0.00685
-0.00644
-0.00621
-0.00584
-0.00544
-0.00529
-0.00537
-0.00555
-0.006
-0.00627
-0.00627
-0.00631
-0.00652
-0.00678
-0.00683
-0.00702
-0.00715
-0.00715
-0.00733
-0.00755
-0.00753
-0.00749
-0.00743
-0.00735
-0.00739
-0.0077
-0.00814
-0.00863
-0.00895
-0.0093
-0.00969
-0.00969
-0.0093
-0.00835
-0.00733
-0.00627
-0.00513
-0.00379
-0.00264
-0.00153
-0.0003
0.00116
0.0024
0.00321
0.00405
0.00469
0.00489
0.00492
0.00502
0.00503
0.00476
0.00422
0.00387
0.00385
0.00361
0.00327
0.00303
0.00258
0.00191
0.00138
0.00087
0.00031
-0.0001
-0.00075
-0.00167
-0.00296
-0.0042
-0.00517
-0.00578
-0.00656
-0.00731
-0.00773
-0.00811
-0.00851
-0.00882
-0.00871
-0.00853
-0.00845
-0.00823
-0.00797
-0.00793
-0.00797
-0.00795
-0.00791
-0.0079
-0.00794
-0.00801
-0.008
-0.00772
-0.00708
-0.00644
-0.00604
-0.00584
-0.00579
-0.00576
-0.0057
-0.00566
-0.00567
-0.00571
-0.00572
-0.00555
-0.00515
-0.00472
-0.00456
-0.00462
-0.00455
-0.00427
-0.00388
-0.00343
-0.00336
-0.00345
-0.00343
-0.00335
-0.00323
-0.00299
-0.00247
-0.00224
-0.00209
-0.00159
-0.00118
-0.00137
-0.00183
-0.00208
-0.0022
-0.00213
-0.00214
-0.00223
-0.00231
-0.00228
-0.00222
-0.00224
-0.00217
-0.0019
-0.00155
-0.00133
-0.00111
-0.00113
-0.00122
-0.00121
-0.00106
-0.00102
-0.00105
-0.00104
-0.00098
-0.00082
-0.00058
0.00016
0.00092
0.00157
0.00221
0.00278
0.00351
0.00424
0.00492
0.00561
0.00594
0.00594
0.00565
0.00535
0.00477
0.00411
0.00348
0.00259
0.00111
-0.00054
-0.00208
-0.00346
-0.00476
-0.00584
-0.00681
-0.00787
-0.00883
-0.00939
-0.00979
-0.00984
-0.00989
-0.0099
-0.00964
-0.00905
-0.00841
-0.00781
-0.00709
-0.00619
-0.00517
-0.00426
-0.0037
-0.00332
-0.00291
-0.0022
-0.00126
-0.00048
0.00009
0.00044
0.00082
0.00114
0.00141
0.00187
0.00237
0.00248
0.00269
0.00306
0.00338
0.00374
0.00418
0.00453
0.0046
0.005
0.00567
0.00642
0.00701
0.00762
0.00831
0.00874
0.00872
0.00873
0.00882
0.00878
0.00845
0.00783
0.00731
0.00662
0.00576
0.00503
0.00439
0.00368
0.00288
0.00244
0.0021
0.00173
0.00144
0.00152
0.00169
0.00181
0.00199
0.002
0.00214
0.00256
0.00299
0.00327
0.00375
0.0043
0.00468
0.00509
0.00549
0.00573
0.00572
0.00565
0.00556
0.00545
0.00543
0.00559
0.00597
0.00602
0.00591
0.00587
0.00588
0.00563
0.00509
0.00473
0.00441
0.00393
0.00382
0.00365
0.00316
0.00256
0.002
0.0013
0.00078
0.00048
0.00007
-0.00035
-0.00033
0.00001
0.00039
0.00054
0.00042
0.00035
0.00031
0.00031
0.00047
0.00058
0.0008
0.00102
0.00118
0.0014
0.00134
0.0012
0.00119
0.00147
0.00198
0.0027
0.00312
0.00328
0.00344
0.00386
0.00419
0.00427
0.00423
0.00421
0.00416
0.00401
0.00383
0.00358
0.00344
0.00316
0.0032
0.00323
0.00306
0.00268
0.00221
0.00205
0.00211
0.0021
0.00205
0.00203
0.00206
0.0021
0.00209
0.00212
0.00195
0.00182
0.00189
0.00213
0.0025
0.00271
0.00279
0.00306
0.00343
0.00367
0.00363
0.00362
0.00361
0.00341
0.00299
0.00254
0.00206
0.00139
0.00094
0.00045
-0.00013
-0.00069
-0.00125
-0.00163
-0.00194
-0.00216
-0.00223
-0.0024
-0.0027
-0.00285
-0.00271
-0.00237
-0.0021
-0.00219
-0.00224
-0.00219
-0.00212
-0.00206
-0.00213
-0.00241
-0.00281
-0.00286
-0.00239
-0.002
-0.00202
-0.00222
-0.00255
-0.00293
-0.00295
-0.00289
-0.00309
-0.00351
-0.00386
-0.00411
-0.00448
-0.00466
-0.00473
-0.00501
-0.00531
-0.00549
-0.00549
-0.00525
-0.0048
-0.00432
-0.00388
-0.00351
-0.00329
-0.00318
-0.0033
-0.00307
-0.0026
-0.00227
-0.00193
-0.00187
-0.00176
-0.00146
-0.00123
-0.00104
-0.00103
-0.00115
-0.00115
-0.00101
-0.00094
-0.00086
-0.00069
-0.00058
-0.00074
-0.00068
-0.00075
-0.00087
-0.00092
-0.00128
-0.00169
-0.00185
-0.00222
-0.00281
-0.00326
-0.0037
-0.00417
-0.00448
-0.0048
-0.00488
-0.00483
-0.00482
-0.0048
-0.00478
-0.00479
-0.0048
-0.0046
-0.00429
-0.00403
-0.00397
-0.00401
-0.00389
-0.0038
-0.00374
-0.00373
-0.00388
-0.00421
-0.00447
-0.00441
-0.00441
-0.00453
-0.00463
-0.00466
-0.00446
-0.00427
-0.00419
-0.00397
-0.00368
-0.00351
-0.0034
-0.00336
-0.00338
-0.0035
-0.00365
-0.00364
-0.00344
-0.00311
-0.00287
-0.00238
-0.00178
-0.00116
-0.00059
-0.00025
-0.00019
-0.00024
-0.00038
-0.00063
-0.00077
-0.00075
-0.0007
-0.00081
-0.00112
-0.00152
-0.00172
-0.00196
-0.00208
-0.00212
-0.0021
-0.002
-0.00175
-0.00136
-0.00076
-0.00019
0.00033
0.00079
0.00116
0.00136
0.00172
0.00209
0.00221
0.00215
0.00204
0.00205
0.00208
0.00208
0.00206
0.00204
0.00202
0.00201
0.002
0.00198
0.00195
0.0019
0.00186
0.00171
0.00144
0.00116
0.00085
0.00044
-0.00014
-0.0007
-0.00119
-0.00163
-0.00211
-0.00258
-0.00289
-0.00301
-0.00304
-0.00305
-0.00305
-0.00294
-0.00268
-0.0024
-0.00231
-0.00229
-0.0023
-0.00237
-0.00249
-0.00252
-0.00255
-0.00269
-0.00281
-0.00301
-0.00318
-0.00314
-0.00309
-0.00308
-0.00308
-0.00303
-0.00289
-0.00264
-0.00239
-0.0021
-0.00171
-0.00136
-0.00109
-0.00099
-0.0008
-0.00061
-0.00048
-0.00022
0.00004
0.00017
0.0002
0.00021
0.00023
0.00026
0.00027
0.00029
0.0003
0.00033
0.00034
0.00028
0.00011
-0.0001
-0.0002
-0.00043
-0.00066
-0.00064
-0.0006
-0.00061
-0.00062
-0.0006
-0.00054
-0.00045
-0.00041
-0.00047
-0.00054
-0.00054
-0.00051
-0.00041
-0.00038
-0.00044
-0.0006
-0.00082
-0.001
-0.0011
-0.00104
-0.00091
-0.00081
-0.00073
-0.00073
-0.00065
-0.00044
-0.00021
-0.0001
0.00005
0.00027
0.00036
0.00046
0.00068
0.00086
0.00087
0.00085
0.00087
0.00089
0.0009
0.00091
0.00091
0.00091
0.00093
0.00095
0.00097
0.00094
0.00094
0.00095
0.0009
0.00077
0.00065
0.00057
0.00052
0.00044
0.00031
0.00016
0.00003
-0.00018
-0.00039
-0.00059
-0.0007
-0.0008
-0.00086
-0.00085
-0.00082
-0.00075
-0.00058
-0.00039
-0.0003
-0.00011
0.00016
0.00043
0.00065
0.00079
0.00085
0.0009
0.00095
0.00094
0.00097
0.00093
0.00092
0.00091
0.00085
0.00077
0.00079
0.00085
0.00088
0.00087
0.00094
0.00096
0.001
0.00114
0.00132
0.00147
0.0016
0.00161
0.00159
0.00158
0.00156
0.00155
0.00158
0.00154
0.00152
0.00157
0.00156
0.00161
0.00171
0.00182
0.00198
0.00212
0.0022
0.00231
0.00248
0.00267
0.0028
0.00292
0.00301
0.00299
0.00294
0.0029
0.00286
0.00286
0.00284
0.00282
0.00276
0.00272
0.0027
0.00274
0.00281
0.00284
0.00279
0.00274
0.00272
0.0027
0.00266
0.00258
0.00245
0.00233
0.00228
0.00218
0.00204
0.00199
0.00199
0.00196
0.0019
0.00187
0.0019
0.00196
0.00198
0.00195
0.00189
0.00186
0.00187
0.00188
0.00189
0.00185
0.00179
0.00174
0.00168
0.00159
0.00147
0.00143
0.00144
0.00146
0.0015
0.00151
0.00152
0.00156
0.00156
0.00154
0.00153
0.00156
0.0016
0.00161
0.0016
0.00161
0.00163
0.00163
0.00161
0.00159
0.00155
0.00148
0.00138
0.00124
0.0011
0.00099
0.00087
0.00076
0.00069
0.00063
0.00062
0.00063
0.00066
0.00068
0.00066
0.00061
0.00055
0.00048
0.00042
0.00039
0.00039
0.00042
0.00046
0.0005
0.00052
0.00054
0.00054
0.0005
0.00044
0.00039
0.00034
0.00028
0.00023
0.00018
0.00016
0.00015
0.00013
0.00008
0.00003
0.00002
0.00003
0.00002
0.00001
0
-0.00002
-0.00006
-0.00012
-0.00018
-0.00024
-0.00029
-0.00035
-0.00041
-0.00045
-0.00048
-0.0005
-0.00049
-0.00047
-0.00045
-0.00042
-0.00038
-0.00033
-0.00028
-0.00023
-0.00017
-0.0001
-0.00003
0.00003
0.00007
0.00008
0.00007
0.00006
0.00002
-0.00003
-0.00008
-0.00012
-0.00014
-0.00014
-0.00013
-0.00011
-0.00009
-0.00007
-0.00004
-0.00002
-0.00001
0.00001
0.00002
0.00002
0.00002
0.00001
0
-0.00001
-0.00002
-0.00005
-0.00007
-0.00011
-0.00014
-0.00016
-0.00018
-0.00019
-0.00019
-0.0002
-0.00019
-0.00018
-0.00016
-0.00015
-0.00014
-0.00013
-0.00012
-0.00012
-0.00013
-0.00014
-0.00014
-0.00014
-0.00014
-0.00015
-0.00016
-0.00018
-0.00018
-0.00019
-0.00019
-0.00019
-0.00019
-0.00019
-0.00019
-0.00018
-0.00017
-0.00017
-0.00016
-0.00016
-0.00015
-0.00015
-0.00015
-0.00015
-0.00015
-0.00015
-0.00016
-0.00017
-0.00018
-0.00019
-0.0002
-0.00021
-0.00021
-0.00022
-0.00023
-0.00023
-0.00024
-0.00024
-0.00024
-0.00024
-0.00024
-0.00024
-0.00023
-0.00023
-0.00023
-0.00023
-0.00023
-0.00023
-0.00022
-0.00023
-0.00022
-0.00022
-0.00022
-0.00022
-0.00022
-0.00022
-0.00022
-0.00022
-0.00022
-0.00022
-0.00021
-0.00021
-0.00021
-0.0002
-0.0002
-0.0002
-0.0002
-0.00019
-0.00019
-0.00019
-0.00018
-0.00018
-0.00018
-0.00018
-0.00018
-0.00017
-0.00017
-0.00017
-0.00017
-0.00017
-0.00017
-0.00017
-0.00017
-0.00016
-0.00016
-0.00016
-0.00016
-0.00016
-0.00016
-0.00016
-0.00016
-0.00016
-0.00016
-0.00016
-0.00015
-0.00015
-0.00015
-0.00015
-0.00015
-0.00015
-0.00015
-0.00015
-0.00015
-0.00015
-0.00015
-0.00015
-0.00015
-0.00015
-0.00014
-0.00014
-0.00014
-0.00014
-0.00014
-0.00014
-0.00014
-0.00014
-0.00014
-0.00014
-0.00014
-0.00014
-0.00014
-0.00014
-0.00014
-0.00014
-0.00014
-0.00014
-0.00014
-0.00014
-0.00014
-0.00014
-0.00014
-0.00014
-0.00014
-0.00014
-0.00014
-0.00014
-0.00014
-0.00014
-0.00014
-0.00014
-0.00014
-0.00014
-0.00014
-0.00014
-0.00014
-0.00014
-0.00014
-0.00014
-0.00014
-0.00014
-0.00014
-0.00014
-0.00014
-0.00014
-0.00014
-0.00014
-0.00014
-0.00014
-0.00014
-0.00014
-0.00014
-0.00014
-0.00014
-0.00014
-0.00014
-0.00014
-0.00014
-0.00014
-0.00015