0.005
0.00008
0.00008
0.00008
0.00007
0.00007
0.00007
0.00006
0.00006
0.00005
0.00004
0.00004
0.00004
0.00004
0.00004
0.00004
0.00004
0.00004
0.00004
0.00003
0.00002
0.00001
0
-0.00002
-0.00003
-0.00004
-0.00004
-0.00002
-0.00001
-0.00002
-0.00004
-0.00007
-0.00011
-0.00015
-0.00021
-0.00027
-0.0003
-0.0003
-0.00026
-0.00021
-0.00017
-0.00019
-0.00027
-0.00035
-0.00036
-0.00031
-0.0002
-0.00007
0.00002
0.00002
-0.00013
-0.00032
-0.00049
-0.0006
-0.00061
-0.00054
-0.00049
-0.00046
-0.0004
-0.00032
-0.00021
-0.00006
0.00007
0.00008
-0.00006
-0.00028
-0.00054
-0.00081
-0.00094
-0.00085
-0.00059
-0.00031
-0.00008
0.00003
-0.00007
-0.0003
-0.00056
-0.00085
-0.00116
-0.00131
-0.00117
-0.0008
-0.00047
-0.00029
-0.00029
-0.00041
-0.00033
0.00009
0.00061
0.00097
0.00093
0.00037
-0.00045
-0.00135
-0.00206
-0.00219
-0.00165
-0.00069
0.00025
0.00099
0.00141
0.0014
0.00101
0.00053
0.00013
-0.00018
-0.00047
-0.00095
-0.00178
-0.00274
-0.00329
-0.00288
-0.00156
-0.00014
0.00076
0.00088
0.00005
-0.00117
-0.00175
-0.00136
-0.00033
0.00052
0.00088
0.00075
0.0005
0.00038
0.00015
-0.00045
-0.00146
-0.0027
-0.00364
-0.0035
-0.00237
-0.0012
-0.00054
-0.0004
-0.00054
-0.00033
0.0008
0.00278
0.00495
0.00665
0.00727
0.00676
0.00583
0.00499
0.00419
0.00335
0.0024
0.00147
0.0006
-0.0003
-0.0009
-0.00065
0.00051
0.00212
0.0041
0.00612
0.00766
0.00817
0.00675
0.00335
-0.00117
-0.00577
-0.00924
-0.01056
-0.00905
-0.00559
-0.00135
0.00259
0.00507
0.006
0.00584
0.00503
0.00429
0.00329
0.0015
-0.00072
-0.00235
-0.00268
-0.00158
-0.00002
-0.00014
-0.00283
-0.00727
-0.01191
-0.01475
-0.01438
-0.01137
-0.00727
-0.00399
-0.0028
-0.00374
-0.00603
-0.00775
-0.00801
-0.00659
-0.00464
-0.00412
-0.00561
-0.00795
-0.00964
-0.00983
-0.00792
-0.00497
-0.00235
-0.00087
-0.00153
-0.00464
-0.00888
-0.01277
-0.01448
-0.01256
-0.00783
-0.00286
0.00098
0.00284
0.0019
-0.00054
-0.00323
-0.00583
-0.00765
-0.00778
-0.00635
-0.00456
-0.00323
-0.00235
-0.00187
-0.00141
-0.00021
0.00092
0.0008
-0.00068
-0.00275
-0.00435
-0.00533
-0.00557
-0.00581
-0.00709
-0.00825
-0.00802
-0.00615
-0.00353
-0.00109
0.0011
0.00267
0.00246
-0.00051
-0.00601
-0.01325
-0.02012
-0.02415
-0.02435
-0.02157
-0.01886
-0.01823
-0.02004
-0.02337
-0.02623
-0.02853
-0.0301
-0.03111
-0.03109
-0.03004
-0.02874
-0.02703
-0.02452
-0.02114
-0.01723
-0.01319
-0.00975
-0.00757
-0.00701
-0.00799
-0.00836
-0.00637
-0.00324
-0.0006
0.00106
0.001
-0.00086
-0.00298
-0.00496
-0.0069
-0.00865
-0.00935
-0.00818
-0.00576
-0.00346
-0.00285
-0.00441
-0.00593
-0.005
-0.00263
-0.0038
-0.01073
-0.02242
-0.03595
-0.04606
-0.04862
-0.04331
-0.03162
-0.01692
-0.00333
0.00655
0.01143
0.01286
0.01306
0.01551
0.02121
0.02626
0.02619
0.01925
0.00705
-0.00689
-0.01615
-0.01763
-0.01334
-0.00818
-0.00404
0.0001
0.00543
0.01056
0.01202
0.00708
-0.00153
-0.01066
-0.01789
-0.02327
-0.02825
-0.03402
-0.03985
-0.0437
-0.04449
-0.04393
-0.04476
-0.04518
-0.04086
-0.0315
-0.01936
-0.00731
0.00129
0.00582
0.00823
0.01107
0.01447
0.01714
0.01601
0.01065
0.00395
-0.00125
-0.00146
0.00429
0.01118
0.01435
0.01273
0.00766
0.00243
-0.00176
-0.0042
-0.00423
-0.00281
-0.00374
-0.01026
-0.02222
-0.03625
-0.04597
-0.04656
-0.03697
-0.02217
-0.0069
0.00595
0.01561
0.02225
0.02573
0.02657
0.02553
0.02522
0.02748
0.03221
0.03692
0.04026
0.04145
0.04025
0.03839
0.03804
0.03995
0.04274
0.04532
0.04821
0.0511
0.05241
0.04998
0.04338
0.03472
0.02673
0.02115
0.01677
0.01199
0.00766
0.00722
0.01294
0.02206
0.02817
0.0267
0.01604
0.0036
-0.00276
-0.00092
0.00401
0.00607
0.00347
-0.00182
-0.00652
-0.0108
-0.01586
-0.02176
-0.02728
-0.03067
-0.02874
-0.02071
-0.01033
-0.00139
0.00235
0.00217
0.00159
0.00414
0.00868
0.00895
0.00146
-0.01167
-0.02623
-0.03795
-0.04586
-0.05145
-0.05467
-0.05334
-0.04602
-0.03405
-0.01917
-0.00566
0.00324
0.00697
0.00848
0.00972
0.01279
0.01645
0.01727
0.01567
0.01331
0.01061
0.00642
-0.00017
-0.01008
-0.02287
-0.03463
-0.042
-0.04472
-0.04342
-0.03966
-0.03604
-0.03281
-0.02884
-0.02431
-0.01993
-0.01528
-0.01005
-0.00525
-0.00194
-0.00016
0.00063
0.00111
0.00154
0.00201
0.00277
0.0035
0.00385
0.00444
0.00673
0.01154
0.01804
0.02409
0.02809
0.02974
0.02814
0.02408
0.01938
0.01394
0.00919
0.00673
0.00584
0.00367
-0.00232
-0.01222
-0.02491
-0.03581
-0.04186
-0.04417
-0.04447
-0.04562
-0.0494
-0.0539
-0.05687
-0.05671
-0.05244
-0.04525
-0.03638
-0.02544
-0.01305
-0.00056
0.01126
0.02176
0.02854
0.0303
0.02771
0.02364
0.02088
0.02045
0.02262
0.02557
0.02712
0.02701
0.02474
0.02032
0.0139
0.00592
-0.00286
-0.0104
-0.01473
-0.01463
-0.00907
0.0007
0.01294
0.02449
0.03072
0.02948
0.02053
0.00864
-0.00155
-0.00839
-0.01376
-0.01937
-0.02436
-0.02744
-0.02694
-0.0242
-0.02307
-0.02693
-0.03444
-0.04244
-0.04872
-0.05094
-0.04821
-0.04127
-0.03182
-0.02029
-0.00916
-0.00184
0.00123
-0.00033
-0.00566
-0.01226
-0.01901
-0.02496
-0.02888
-0.02986
-0.02784
-0.02359
-0.0169
-0.00681
0.00634
0.02144
0.03707
0.05256
0.06571
0.07528
0.08212
0.08716
0.09027
0.09108
0.0892
0.08465
0.07864
0.07274
0.06894
0.06984
0.07657
0.08688
0.09849
0.10987
0.11855
0.12468
0.12917
0.1321
0.13268
0.13142
0.12995
0.13022
0.13381
0.13995
0.14728
0.15557
0.16295
0.16799
0.17195
0.17662
0.18352
0.19373
0.20697
0.2208
0.23259
0.24214
0.24795
0.25101
0.25308
0.25488
0.25808
0.26213
0.26619
0.27053
0.27491
0.27886
0.28098
0.27962
0.27465
0.26662
0.25709
0.24879
0.24516
0.2464
0.25116
0.25793
0.2657
0.27238
0.27581
0.27429
0.26783
0.25838
0.24931
0.24493
0.24879
0.25998
0.2735
0.28399
0.29101
0.29737
0.30101
0.30216
0.30121
0.29896
0.29534
0.28971
0.28115
0.26711
0.24498
0.21938
0.19316
0.16279
0.12711
0.09159
0.06185
0.0423
0.03462
0.03619
0.04553
0.05574
0.06501
0.07047
0.06643
0.05068
0.02455
-0.01461
-0.07033
-0.14187
-0.2211
-0.30328
-0.37865
-0.43618
-0.47659
-0.50318
-0.5225
-0.54378
-0.57166
-0.60403
-0.63481
-0.65796
-0.67456
-0.68782
-0.7016
-0.71798
-0.73427
-0.74588
-0.75153
-0.75251
-0.74989
-0.74452
-0.73618
-0.72299
-0.70583
-0.68741
-0.66504
-0.63542
-0.60123
-0.56719
-0.53667
-0.5118
-0.49205
-0.47411
-0.45548
-0.4343
-0.41193
-0.38863
-0.36638
-0.34825
-0.3364
-0.33367
-0.34249
-0.35918
-0.37837
-0.39368
-0.40062
-0.40239
-0.40002
-0.39505
-0.389
-0.38345
-0.37877
-0.37359
-0.36685
-0.3572
-0.34415
-0.32712
-0.30242
-0.2648
-0.21734
-0.16758
-0.11767
-0.07179
-0.02536
0.02014
0.05427
0.08947
0.13136
0.16831
0.1943
0.21675
0.24497
0.29007
0.35072
0.40506
0.42682
0.419
0.4022
0.39246
0.39619
0.40033
0.40231
0.41773
0.44743
0.47597
0.49888
0.50556
0.48515
0.44573
0.40414
0.37277
0.34839
0.32184
0.28781
0.25164
0.2221
0.20993
0.20083
0.1859
0.17474
0.17749
0.1942
0.21391
0.2312
0.25307
0.28041
0.30362
0.32096
0.33113
0.34027
0.34974
0.35941
0.36733
0.36834
0.35835
0.33792
0.31746
0.30533
0.30533
0.31339
0.32221
0.32711
0.32499
0.31538
0.29587
0.26535
0.22699
0.18591
0.13544
0.06512
-0.01047
-0.06638
-0.09947
-0.12166
-0.14355
-0.1622
-0.17261
-0.17798
-0.18325
-0.19185
-0.20432
-0.21673
-0.21954
-0.20388
-0.17155
-0.13004
-0.08907
-0.05727
-0.03024
-0.00799
0.01103
0.02764
0.04296
0.05467
0.05904
0.05498
0.04131
0.01887
-0.00879
-0.03405
-0.05262
-0.06532
-0.07737
-0.09053
-0.10476
-0.12542
-0.1612
-0.21052
-0.25325
-0.26854
-0.25951
-0.24306
-0.23158
-0.22924
-0.23465
-0.24213
-0.2444
-0.23839
-0.22657
-0.21264
-0.19473
-0.17086
-0.14131
-0.11081
-0.0848
-0.06384
-0.04231
-0.01246
0.02653
0.07052
0.11224
0.13999
0.15082
0.15164
0.14491
0.12723
0.09152
0.03933
-0.01174
-0.04677
-0.06767
-0.08447
-0.1044
-0.12576
-0.14335
-0.15514
-0.16522
-0.17925
-0.19554
-0.2078
-0.21671
-0.22229
-0.21983
-0.20521
-0.17925
-0.14511
-0.11177
-0.08194
-0.05237
-0.02322
0.00692
0.03858
0.07537
0.11721
0.15746
0.19041
0.21663
0.24459
0.27479
0.3038
0.33377
0.35828
0.37071
0.37362
0.36753
0.35297
0.32882
0.29418
0.25278
0.20601
0.16863
0.14303
0.12296
0.11058
0.10801
0.11549
0.1253
0.13269
0.13841
0.14757
0.16502
0.19061
0.21478
0.2298
0.24165
0.25329
0.2601
0.25907
0.25175
0.24621
0.24949
0.25925
0.26649
0.26771
0.26504
0.25728
0.23621
0.19314
0.13142
0.06964
0.01151
-0.05407
-0.12086
-0.17907
-0.2228
-0.25317
-0.27443
-0.29154
-0.30344
-0.31171
-0.3178
-0.3199
-0.31824
-0.31535
-0.31363
-0.31228
-0.3067
-0.2886
-0.25262
-0.20621
-0.16224
-0.11629
-0.0689
-0.02046
0.0282
0.07226
0.10277
0.11349
0.10923
0.09259
0.07326
0.0613
0.06445
0.0758
0.07229
0.04056
-0.01136
-0.06899
-0.13079
-0.18623
-0.21905
-0.23061
-0.23575
-0.238
-0.23396
-0.22395
-0.20644
-0.18242
-0.15563
-0.12763
-0.10279
-0.08599
-0.07861
-0.0779
-0.08067
-0.08155
-0.07512
-0.06044
-0.04212
-0.02434
-0.00965
0.00721
0.02889
0.05209
0.07566
0.09884
0.12532
0.15395
0.17781
0.19023
0.18901
0.17819
0.16269
0.14837
0.1429
0.14645
0.15596
0.16334
0.16073
0.1405
0.1023
0.05297
-0.00421
-0.06646
-0.12127
-0.17024
-0.21193
-0.24551
-0.27307
-0.28982
-0.29665
-0.29162
-0.2676
-0.22195
-0.16323
-0.10665
-0.05473
-0.00548
0.03555
0.06817
0.09427
0.117
0.14154
0.16939
0.19798
0.21591
0.21426
0.19932
0.19178
0.20728
0.24022
0.27439
0.29351
0.28013
0.23655
0.17425
0.12297
0.09761
0.09232
0.0931
0.08581
0.07294
0.0664
0.06816
0.07426
0.08053
0.08471
0.08943
0.09586
0.10177
0.10836
0.11689
0.1267
0.13493
0.13833
0.13598
0.13028
0.12098
0.1017
0.06891
0.02787
-0.01042
-0.04145
-0.06659
-0.09458
-0.13114
-0.16885
-0.19312
-0.19998
-0.19605
-0.18875
-0.18022
-0.17115
-0.16135
-0.14873
-0.13078
-0.10978
-0.0913
-0.07561
-0.0648
-0.05989
-0.06108
-0.06829
-0.08104
-0.09686
-0.10916
-0.11432
-0.11288
-0.11035
-0.11368
-0.1241
-0.13736
-0.14832
-0.15046
-0.13999
-0.12246
-0.11421
-0.12253
-0.13926
-0.15653
-0.17039
-0.17894
-0.18487
-0.18122
-0.17247
-0.17499
-0.18752
-0.20904
-0.23469
-0.24988
-0.24214
-0.2139
-0.17933
-0.15211
-0.1357
-0.13026
-0.1328
-0.13796
-0.14237
-0.14389
-0.1392
-0.12803
-0.11687
-0.11031
-0.11099
-0.11899
-0.12892
-0.13182
-0.12193
-0.1021
-0.08188
-0.06626
-0.05315
-0.04152
-0.03306
-0.0274
-0.02097
-0.01036
0.00587
0.02399
0.03763
0.04113
0.03617
0.03245
0.03716
0.04841
0.06117
0.07465
0.08813
0.09904
0.10525
0.10814
0.11106
0.11618
0.12495
0.13756
0.1515
0.16278
0.16937
0.17146
0.16902
0.16476
0.15963
0.15423
0.15097
0.15158
0.15548
0.15929
0.16196
0.16235
0.15956
0.15414
0.14505
0.13047
0.11228
0.09271
0.07386
0.05726
0.04551
0.03723
0.02928
0.02098
0.01329
0.00638
-0.00015
-0.00549
-0.00947
-0.01086
-0.00794
-0.00221
0.00204
0.00196
-0.00271
-0.01082
-0.02134
-0.0321
-0.03988
-0.0448
-0.04954
-0.05458
-0.05855
-0.05982
-0.05781
-0.05391
-0.04965
-0.04416
-0.03616
-0.02502
-0.01139
0.0034
0.02015
0.04013
0.06246
0.08352
0.10074
0.11328
0.12093
0.1246
0.12526
0.12289
0.11862
0.11386
0.10911
0.10404
0.09636
0.08509
0.07193
0.05896
0.04452
0.02263
-0.01224
-0.05726
-0.10491
-0.14624
-0.17739
-0.1992
-0.2091
-0.21284
-0.2175
-0.22262
-0.22517
-0.22266
-0.21517
-0.20492
-0.19443
-0.18397
-0.17134
-0.1565
-0.14028
-0.12351
-0.10767
-0.09435
-0.0838
-0.07268
-0.05784
-0.03907
-0.01965
-0.00322
0.01258
0.03092
0.05204
0.07342
0.09152
0.10275
0.10519
0.101
0.0958
0.0927
0.09088
0.08913
0.08668
0.08422
0.08287
0.08248
0.08055
0.07219
0.05316
0.02351
-0.0096
-0.03371
-0.04307
-0.04205
-0.03375
-0.02352
-0.01371
-0.0054
0.00275
0.01063
0.01721
0.02157
0.0229
0.02067
0.01697
0.01396
0.0114
0.00814
0.00219
-0.00561
-0.01189
-0.01215
-0.00321
0.01482
0.03982
0.06673
0.0911
0.1114
0.1279
0.14284
0.15767
0.17125
0.18123
0.18927
0.19796
0.20708
0.21574
0.22357
0.22978
0.23261
0.23285
0.23673
0.24505
0.25643
0.27152
0.285
0.28955
0.28559
0.27225
0.2501
0.22317
0.19942
0.17174
0.13666
0.09618
0.05574
0.0224
-0.00115
-0.02138
-0.04274
-0.06274
-0.08069
-0.0967
-0.10942
-0.11628
-0.12018
-0.12402
-0.13152
-0.13922
-0.13956
-0.12837
-0.10802
-0.08469
-0.0606
-0.03783
-0.01838
-0.00461
0.00131
-0.00088
-0.00771
-0.01654
-0.02348
-0.02142
-0.01057
-0.00283
-0.00015
-0.00045
-0.00221
-0.00013
0.0098
0.02206
0.02972
0.02781
0.01951
0.01387
0.01511
0.02435
0.03985
0.05916
0.07937
0.10152
0.12092
0.13533
0.14294
0.13584
0.11119
0.07805
0.04611
0.01907
-0.00502
-0.01904
-0.0244
-0.03319
-0.05414
-0.08489
-0.11285
-0.12722
-0.13737
-0.15259
-0.1681
-0.17518
-0.17324
-0.17061
-0.1706
-0.17021
-0.16134
-0.14035
-0.11541
-0.09463
-0.07896
-0.06414
-0.04246
-0.01543
0.00813
0.0256
0.04231
0.06378
0.08974
0.11356
0.12818
0.13162
0.1291
0.12842
0.13053
0.13141
0.12395
0.10492
0.07752
0.04792
0.02012
-0.01019
-0.05476
-0.11
-0.16746
-0.213
-0.2447
-0.25547
-0.25027
-0.23682
-0.22241
-0.21061
-0.19856
-0.18307
-0.16256
-0.13698
-0.10871
-0.08262
-0.06137
-0.04606
-0.03969
-0.0429
-0.05212
-0.06034
-0.0653
-0.07044
-0.07613
-0.07925
-0.07738
-0.07231
-0.0685
-0.069
-0.07537
-0.08687
-0.10273
-0.12018
-0.13779
-0.1547
-0.16674
-0.1719
-0.17354
-0.1704
-0.15499
-0.12837
-0.10065
-0.0772
-0.06347
-0.06032
-0.06983
-0.08794
-0.1035
-0.10684
-0.10014
-0.08918
-0.07974
-0.06981
-0.05509
-0.0374
-0.02265
-0.01136
0.00188
0.01694
0.03089
0.04091
0.0475
0.05205
0.05273
0.05012
0.04672
0.04423
0.04279
0.04088
0.037
0.03042
0.02028
0.00728
-0.00515
-0.00896
0.00576
0.03007
0.04844
0.07192
0.10192
0.1318
0.1646
0.20937
0.26954
0.3327
0.39587
0.44902
0.48888
0.51261
0.51632
0.50743
0.46181
0.35933
0.23533
0.13691
0.06607
0.03859
0.02909
0.02826
0.03265
0.02903
0.0097
-0.02743
-0.07595
-0.12737
-0.1853
-0.24425
-0.29482
-0.33253
-0.34479
-0.34163
-0.32376
-0.28429
-0.22974
-0.17361
-0.11377
-0.06012
-0.00572
0.05954
0.12092
0.14583
0.15078
0.15742
0.17108
0.19819
0.24032
0.28169
0.31995
0.36384
0.39218
0.38073
0.35561
0.33756
0.33262
0.34792
0.37099
0.35856
0.30098
0.21564
0.11214
-0.00192
-0.10435
-0.1681
-0.20352
-0.2304
-0.26557
-0.30298
-0.32863
-0.3369
-0.33909
-0.3328
-0.31316
-0.28577
-0.25406
-0.21209
-0.16457
-0.11518
-0.07137
-0.04063
-0.02081
-0.00441
0.01999
0.04945
0.07784
0.10379
0.12358
0.1307
0.12945
0.12596
0.13153
0.14729
0.1536
0.14126
0.11998
0.10549
0.10399
0.10728
0.10868
0.10317
0.08641
0.05834
0.02903
0.0133
0.01918
0.04279
0.06921
0.08715
0.09419
0.09018
0.08068
0.07049
0.06056
0.05625
0.06443
0.08313
0.09648
0.09683
0.08416
0.06706
0.04849
0.02863
0.00756
-0.01862
-0.04734
-0.07449
-0.09558
-0.1091
-0.11964
-0.12872
-0.13306
-0.12984
-0.11861
-0.09949
-0.07334
-0.04342
-0.0153
0.00453
0.01373
0.01492
0.0096
-0.00213
-0.02212
-0.05112
-0.08558
-0.11688
-0.13712
-0.15019
-0.15997
-0.16588
-0.16831
-0.16799
-0.16368
-0.15363
-0.13897
-0.12406
-0.10543
-0.07903
-0.0461
-0.00847
0.03251
0.0726
0.10397
0.12346
0.13477
0.14308
0.15229
0.16112
0.16792
0.1707
0.1688
0.16459
0.16683
0.1789
0.19178
0.19441
0.18314
0.15929
0.12552
0.08702
0.04645
0.00749
-0.02643
-0.06127
-0.09765
-0.13129
-0.16587
-0.18882
-0.19078
-0.1856
-0.1825
-0.18269
-0.18
-0.16621
-0.13754
-0.09966
-0.05831
-0.02089
0.01175
0.04026
0.06457
0.08546
0.10051
0.10609
0.10114
0.09141
0.08616
0.09237
0.10663
0.1232
0.14441
0.16406
0.17307
0.16952
0.16007
0.15083
0.14162
0.13314
0.1224
0.10184
0.07012
0.03372
-0.00043
-0.03085
-0.05624
-0.07778
-0.09447
-0.10301
-0.10347
-0.09823
-0.09072
-0.08354
-0.076
-0.06604
-0.05262
-0.03809
-0.02569
-0.01897
-0.01893
-0.02483
-0.03707
-0.05462
-0.0749
-0.09729
-0.12043
-0.14157
-0.15847
-0.17037
-0.17953
-0.18796
-0.195
-0.19975
-0.20374
-0.2096
-0.21961
-0.23272
-0.2445
-0.2515
-0.25551
-0.2607
-0.26678
-0.27143
-0.2752
-0.28046
-0.28898
-0.30036
-0.31102
-0.31579
-0.3123
-0.30062
-0.28443
-0.26567
-0.24579
-0.22629
-0.20872
-0.1938
-0.17961
-0.16477
-0.14887
-0.13218
-0.11705
-0.10717
-0.1047
-0.10674
-0.10599
-0.09564
-0.07881
-0.06318
-0.05433
-0.05361
-0.05793
-0.06386
-0.07019
-0.07815
-0.08858
-0.10258
-0.12015
-0.139
-0.15663
-0.17139
-0.18135
-0.185
-0.18205
-0.17198
-0.15875
-0.14403
-0.12302
-0.10082
-0.08699
-0.0722
-0.0514
-0.02285
0.01723
0.06629
0.10237
0.12857
0.15496
0.17129
0.17965
0.18334
0.19272
0.20665
0.22234
0.23838
0.2505
0.25449
0.25162
0.24576
0.24086
0.23786
0.23592
0.23346
0.22874
0.22127
0.21142
0.20105
0.19365
0.1908
0.19152
0.19419
0.19471
0.19273
0.18987
0.18806
0.18782
0.18804
0.18728
0.1874
0.18895
0.18798
0.18136
0.16679
0.14347
0.11481
0.08072
0.04243
0.00589
-0.03126
-0.07048
-0.10465
-0.12888
-0.14406
-0.15274
-0.15765
-0.15486
-0.13924
-0.11091
-0.07636
-0.04292
-0.01452
0.01152
0.03683
0.05788
0.07366
0.0852
0.09568
0.10677
0.11874
0.13095
0.14318
0.15386
0.16033
0.16108
0.15297
0.13591
0.11681
0.09766
0.07871
0.0637
0.05373
0.03978
0.01598
-0.017
-0.05373
-0.09062
-0.12428
-0.15569
-0.17892
-0.18745
-0.18763
-0.18561
-0.18069
-0.16801
-0.14302
-0.10822
-0.07184
-0.03903
-0.00846
0.02285
0.05183
0.07482
0.09366
0.11212
0.13045
0.14609
0.15752
0.16657
0.17783
0.19027
0.20061
0.20622
0.20632
0.20312
0.19961
0.19487
0.18739
0.17666
0.16427
0.15098
0.13615
0.12094
0.10764
0.09499
0.08046
0.06378
0.04816
0.0368
0.03197
0.03195
0.03255
0.03022
0.02488
0.01923
0.01489
0.01269
0.01285
0.01357
0.01207
0.00942
0.00678
0.00298
-0.0029
-0.00964
-0.0124
-0.00346
0.01404
0.01279
0.01159
0.00925
-0.00033
-0.00307
-0.00447
-0.0128
-0.01463
-0.01736
-0.01998
-0.02321
-0.03138
-0.04279
-0.05901
-0.07958
-0.09918
-0.11203
-0.11902
-0.12632
-0.13717
-0.14973
-0.15906
-0.16109
-0.15483
-0.14264
-0.12759
-0.1079
-0.08817
-0.07095
-0.05761
-0.04731
-0.03494
-0.02061
-0.0055
0.00977
0.02537
0.03934
0.05083
0.06003
0.06869
0.07916
0.0903
0.10026
0.10876
0.11588
0.11707
0.10755
0.09128
0.0725
0.05284
0.03511
0.01619
-0.00588
-0.03286
-0.06482
-0.09799
-0.12296
-0.14293
-0.15524
-0.16208
-0.16848
-0.17729
-0.19125
-0.20394
-0.21314
-0.21973
-0.2252
-0.22964
-0.22969
-0.22262
-0.20695
-0.18231
-0.15202
-0.11821
-0.0822
-0.04989
-0.01649
0.01465
0.0427
0.06471
0.08321
0.09837
0.11013
0.12239
0.1348
0.14611
0.15286
0.15832
0.16497
0.17144
0.17563
0.17576
0.17096
0.1633
0.15251
0.13812
0.12325
0.11066
0.10099
0.09163
0.08119
0.0707
0.06345
0.0606
0.06127
0.06407
0.06729
0.0691
0.06906
0.06828
0.06798
0.06831
0.06817
0.06553
0.05949
0.0512
0.04317
0.03663
0.03002
0.0238
0.02156
0.02485
0.03021
0.03463
0.038
0.03828
0.03442
0.02865
0.02222
0.01439
0.00613
-0.00297
-0.01381
-0.02744
-0.04305
-0.05946
-0.07486
-0.08877
-0.10039
-0.10919
-0.11507
-0.11914
-0.12228
-0.12362
-0.12301
-0.12048
-0.11526
-0.10747
-0.0981
-0.08879
-0.07894
-0.06785
-0.05645
-0.04427
-0.03136
-0.01806
-0.00694
0.00207
0.0101
0.01546
0.01492
0.00721
-0.00355
-0.01293
-0.01883
-0.0219
-0.02429
-0.0264
-0.02972
-0.03478
-0.04126
-0.04829
-0.05477
-0.06012
-0.0639
-0.06456
-0.06063
-0.05471
-0.05038
-0.04828
-0.04842
-0.04975
-0.0496
-0.04695
-0.04392
-0.04337
-0.04534
-0.04936
-0.05544
-0.06359
-0.0716
-0.0769
-0.07892
-0.07778
-0.07487
-0.07169
-0.06758
-0.06255
-0.05704
-0.05162
-0.04623
-0.04122
-0.03693
-0.03377
-0.0325
-0.0338
-0.03662
-0.04032
-0.04519
-0.05212
-0.06161
-0.0732
-0.08539
-0.0971
-0.10798
-0.11606
-0.12097
-0.12365
-0.12544
-0.12803
-0.13286
-0.13789
-0.14085
-0.14207
-0.14277
-0.14499
-0.15002
-0.15495
-0.15676
-0.15351
-0.14578
-0.13491
-0.12183
-0.10833
-0.09273
-0.07543
-0.05762
-0.04002
-0.02324
-0.00724
0.00837
0.02309
0.03704
0.05077
0.06397
0.07642
0.08928
0.10301
0.11385
0.12113
0.12545
0.12783
0.12836
0.12736
0.12543
0.12236
0.11763
0.11102
0.10272
0.09339
0.08314
0.07351
0.06657
0.06187
0.05871
0.05676
0.0554
0.05396
0.05201
0.04925
0.04557
0.04203
0.04083
0.0434
0.04815
0.05277
0.0569
0.05944
0.05946
0.05701
0.0551
0.05616
0.05957
0.06427
0.07003
0.07668
0.08343
0.09014
0.09663
0.1027
0.10813
0.11325
0.11796
0.12085
0.1214
0.12007
0.1175
0.11289
0.10504
0.09346
0.07942
0.06609
0.05537
0.04724
0.0408
0.03521
0.02987
0.02508
0.02125
0.01819
0.01548
0.01248
0.00914
0.00544
0.00121
-0.00411
-0.0102
-0.01665
-0.02217
-0.02611
-0.0293
-0.03238
-0.03485
-0.03544
-0.03284
-0.02722
-0.02013
-0.01285
-0.00565
0.00264
0.01209
0.02236
0.03283
0.04319
0.05321
0.06293
0.07254
0.08142
0.08927
0.09616
0.10209
0.1065
0.10899
0.10964
0.10835
0.10599
0.10313
0.09881
0.09211
0.08238
0.07048
0.05769
0.04356
0.02872
0.0126
-0.00378
-0.0196
-0.03634
-0.05392
-0.07044
-0.08564
-0.0999
-0.10888
-0.11303
-0.11546
-0.11561
-0.11218
-0.10491
-0.09447
-0.08205
-0.06931
-0.057
-0.04459
-0.03282
-0.02116
-0.01018
-0.00155
0.00516
0.01102
0.01639
0.02207
0.02909
0.03673
0.04454
0.0521
0.05832
0.06408
0.07063
0.07733
0.08235
0.08497
0.08489
0.0821
0.07672
0.06761
0.05446
0.03856
0.02078
0.00294
-0.01476
-0.03414
-0.05429
-0.07092
-0.08302
-0.09169
-0.09879
-0.10425
-0.10826
-0.11044
-0.11023
-0.10801
-0.10413
-0.09863
-0.09133
-0.08364
-0.07643
-0.06776
-0.05748
-0.04718
-0.03768
-0.02953
-0.02227
-0.01536
-0.00779
-0.00073
0.00536
0.01074
0.01536
0.01944
0.02411
0.02939
0.03488
0.04046
0.04646
0.05276
0.05884
0.0649
0.07066
0.07614
0.08138
0.08538
0.08647
0.08294
0.07473
0.06404
0.05246
0.04025
0.02764
0.01362
-0.00211
-0.01803
-0.03199
-0.04362
-0.05292
-0.05983
-0.06685
-0.07409
-0.07977
-0.08267
-0.08179
-0.07736
-0.07259
-0.06812
-0.06318
-0.05806
-0.05314
-0.04836
-0.04391
-0.04061
-0.03901
-0.03904
-0.03956
-0.03925
-0.03719
-0.03314
-0.02746
-0.02125
-0.01509
-0.00927
-0.0038
0.00128
0.00543
0.009
0.01203
0.01437
0.0172
0.02114
0.02552
0.03005
0.03448
0.03936
0.04542
0.05186
0.05748
0.0623
0.06671
0.07105
0.07581
0.08096
0.08625
0.09099
0.09472
0.09743
0.09883
0.09962
0.10062
0.10183
0.10103
0.09551
0.08607
0.07558
0.06598
0.05723
0.04811
0.03899
0.03032
0.02122
0.0129
0.00614
0.00123
-0.00161
-0.0023
-0.00122
0.00061
0.00248
0.00496
0.00797
0.01111
0.01401
0.01614
0.01718
0.01705
0.01568
0.01361
0.01091
0.00755
0.00317
-0.00245
-0.00847
-0.01378
-0.01775
-0.02045
-0.0214
-0.01967
-0.01451
-0.00591
0.00556
0.01826
0.03042
0.04135
0.0503
0.05706
0.0628
0.06732
0.06928
0.06727
0.06144
0.05209
0.03972
0.02685
0.01516
0.00542
-0.00308
-0.01198
-0.02205
-0.03117
-0.03923
-0.04799
-0.05793
-0.06857
-0.079
-0.08787
-0.09397
-0.0969
-0.0971
-0.09568
-0.09357
-0.09043
-0.08497
-0.07668
-0.06601
-0.05441
-0.04239
-0.02998
-0.01605
-0.00039
0.0158
0.03077
0.04326
0.0527
0.05847
0.06201
0.06505
0.06806
0.07024
0.07065
0.06893
0.06475
0.05837
0.05141
0.04567
0.04081
0.03608
0.03089
0.02486
0.01733
0.00773
-0.00259
-0.01197
-0.02028
-0.02757
-0.03385
-0.03846
-0.04207
-0.04479
-0.04674
-0.04748
-0.04646
-0.04359
-0.03939
-0.0341
-0.0285
-0.02372
-0.01974
-0.01584
-0.01224
-0.01022
-0.01107
-0.01367
-0.01499
-0.01349
-0.00958
-0.00487
0.00007
0.0056
0.01099
0.01524
0.01806
0.01948
0.01963
0.01833
0.0157
0.01194
0.00721
0.00226
-0.00292
-0.00922
-0.01643
-0.02313
-0.02865
-0.0328
-0.03553
-0.03614
-0.03452
-0.03172
-0.02947
-0.02839
-0.02852
-0.02996
-0.0314
-0.0324
-0.03327
-0.03469
-0.03699
-0.0404
-0.0443
-0.04767
-0.04998
-0.05087
-0.05021
-0.0482
-0.04518
-0.04162
-0.03796
-0.03473
-0.03193
-0.02855
-0.024
-0.01774
-0.00997
-0.0019
0.00546
0.01151
0.01528
0.01616
0.01451
0.01193
0.00896
0.00524
0.00103
-0.00283
-0.00505
-0.00407
-0.00014
0.00466
0.01053
0.01748
0.02362
0.02836
0.03219
0.03557
0.03918
0.04275
0.04583
0.04852
0.05099
0.0533
0.05535
0.0572
0.05902
0.06085
0.06216
0.06209
0.06074
0.05848
0.05594
0.05319
0.05011
0.04673
0.04309
0.0395
0.03594
0.03262
0.02977
0.0279
0.02648
0.02484
0.02327
0.02212
0.02144
0.02119
0.02095
0.02037
0.01913
0.01701
0.01448
0.01211
0.01087
0.01139
0.01314
0.01422
0.01358
0.01151
0.00903
0.00586
0.00107
-0.00529
-0.01221
-0.01903
-0.0254
-0.03203
-0.03889
-0.04529
-0.05084
-0.05524
-0.05863
-0.06115
-0.06326
-0.06528
-0.06733
-0.0688
-0.06878
-0.06656
-0.06192
-0.05521
-0.04743
-0.03943
-0.03141
-0.02348
-0.01529
-0.00689
0.00108
0.00839
0.01476
0.01978
0.02372
0.02679
0.02841
0.02829
0.02649
0.02366
0.02051
0.01707
0.01372
0.01088
0.00899
0.00782
0.00669
0.00497
0.00249
-0.00089
-0.00475
-0.00885
-0.0132
-0.0179
-0.02272
-0.02752
-0.03141
-0.03409
-0.03627
-0.03913
-0.04272
-0.04558
-0.04714
-0.04722
-0.04625
-0.04415
-0.04128
-0.03778
-0.03404
-0.03026
-0.02639
-0.02291
-0.02015
-0.01829
-0.01692
-0.01549
-0.01372
-0.01184
-0.01
-0.00815
-0.00592
-0.0027
0.00182
0.00733
0.01331
0.01886
0.02357
0.02794
0.03198
0.03511
0.03709
0.03736
0.03537
0.0311
0.02522
0.01855
0.01137
0.00291
-0.00534
-0.01292
-0.02012
-0.02662
-0.03326
-0.03951
-0.04551
-0.05016
-0.05288
-0.05364
-0.05285
-0.05094
-0.04915
-0.0476
-0.04594
-0.04482
-0.04492
-0.04588
-0.04746
-0.04974
-0.053
-0.05669
-0.06025
-0.06372
-0.06698
-0.06946
-0.07051
-0.06974
-0.06726
-0.06325
-0.05674
-0.04783
-0.03733
-0.02581
-0.01379
-0.00185
0.0093
0.01853
0.0262
0.03258
0.03744
0.04112
0.04406
0.04629
0.04767
0.04824
0.04808
0.04707
0.04504
0.04217
0.03894
0.03591
0.03333
0.03142
0.03018
0.02901
0.0275
0.02567
0.02402
0.02292
0.02271
0.02309
0.02362
0.0243
0.0254
0.027
0.02889
0.03064
0.03218
0.03328
0.03362
0.03304
0.03196
0.03024
0.02749
0.02365
0.01955
0.01539
0.01176
0.00892
0.00698
0.0055
0.00393
0.00201
-0.00098
-0.00513
-0.00978
-0.01448
-0.01903
-0.0228
-0.02563
-0.02772
-0.02913
-0.02992
-0.03001
-0.02935
-0.02804
-0.02647
-0.02506
-0.02407
-0.02412
-0.02555
-0.02749
-0.02881
-0.02884
-0.02699
-0.02422
-0.02123
-0.01784
-0.01435
-0.01166
-0.01018
-0.00987
-0.01066
-0.0116
-0.01284
-0.01465
-0.01674
-0.01863
-0.02039
-0.02293
-0.02591
-0.02856
-0.03039
-0.03195
-0.0337
-0.03547
-0.03702
-0.03872
-0.04061
-0.04312
-0.04639
-0.05029
-0.05508
-0.06023
-0.06531
-0.06963
-0.07288
-0.07481
-0.07488
-0.07318
-0.06976
-0.06514
-0.05956
-0.05293
-0.04558
-0.03821
-0.03126
-0.02456
-0.01895
-0.01384
-0.00972
-0.0078
-0.00811
-0.0104
-0.01446
-0.01988
-0.02624
-0.03261
-0.03781
-0.04236
-0.04605
-0.048
-0.04811
-0.04647
-0.04318
-0.03828
-0.032
-0.02474
-0.01715
-0.00998
-0.0034
0.00209
0.00647
0.01013
0.01295
0.01496
0.01627
0.01693
0.01698
0.01676
0.01653
0.01689
0.0187
0.02201
0.02654
0.03221
0.03874
0.04556
0.05363
0.0613
0.06749
0.07211
0.07539
0.07718
0.07763
0.07687
0.07492
0.07169
0.06691
0.06023
0.05162
0.04265
0.03442
0.02693
0.0198
0.01349
0.00848
0.00396
-0.00076
-0.00605
-0.01146
-0.0162
-0.01989
-0.0229
-0.02529
-0.02706
-0.02822
-0.02906
-0.02961
-0.02964
-0.02881
-0.02721
-0.02508
-0.02256
-0.01997
-0.01734
-0.01469
-0.0121
-0.00942
-0.00663
-0.00376
-0.00044
0.00347
0.00808
0.01362
0.01997
0.02676
0.03332
0.0391
0.04445
0.04981
0.05476
0.05911
0.06285
0.06591
0.06878
0.07175
0.07451
0.07644
0.07651
0.07404
0.06997
0.06505
0.0592
0.05242
0.04445
0.03594
0.02749
0.01888
0.00977
0.00058
-0.00858
-0.01817
-0.02691
-0.03442
-0.04112
-0.04782
-0.05348
-0.05727
-0.0598
-0.0611
-0.06049
-0.05804
-0.05436
-0.04945
-0.04252
-0.03384
-0.02404
-0.01357
-0.00295
0.00689
0.01539
0.02242
0.02811
0.03238
0.03576
0.03845
0.04083
0.04342
0.04626
0.04899
0.05159
0.05381
0.05484
0.05367
0.05064
0.04724
0.04383
0.03999
0.03559
0.03037
0.02415
0.01683
0.00886
0.00112
-0.00593
-0.01232
-0.01729
-0.0208
-0.02344
-0.02544
-0.02712
-0.02849
-0.02962
-0.03033
-0.03095
-0.03129
-0.03131
-0.03109
-0.03045
-0.0294
-0.02803
-0.02629
-0.02438
-0.02209
-0.01925
-0.01542
-0.01028
-0.0037
0.00393
0.0118
0.01951
0.02736
0.03483
0.04195
0.04857
0.05507
0.0613
0.06699
0.07192
0.07596
0.07952
0.0822
0.08367
0.08415
0.08327
0.08084
0.07731
0.07297
0.06823
0.06393
0.06046
0.05781
0.05578
0.05437
0.05311
0.05166
0.05053
0.04985
0.04934
0.04863
0.04748
0.04603
0.04456
0.04298
0.0412
0.03924
0.03656
0.03277
0.02764
0.02187
0.01628
0.01119
0.00651
0.00212
-0.00219
-0.00684
-0.01208
-0.01713
-0.02161
-0.02605
-0.03038
-0.03422
-0.03745
-0.04016
-0.04197
-0.04249
-0.0413
-0.03899
-0.03585
-0.03142
-0.02576
-0.01952
-0.01324
-0.00729
-0.00215
0.00233
0.0064
0.01017
0.01351
0.0161
0.01699
0.01546
0.01253
0.00904
0.00461
-0.00013
-0.00437
-0.00762
-0.00994
-0.01132
-0.01161
-0.01054
-0.00867
-0.00723
-0.00619
-0.00569
-0.00592
-0.00672
-0.00777
-0.00936
-0.0114
-0.01396
-0.01699
-0.02083
-0.02544
-0.03036
-0.03478
-0.03814
-0.0409
-0.04342
-0.04571
-0.04787
-0.04927
-0.04957
-0.04893
-0.04754
-0.04557
-0.04311
-0.04035
-0.0373
-0.034
-0.03086
-0.02782
-0.02474
-0.02167
-0.01899
-0.01685
-0.01515
-0.01385
-0.01273
-0.01131
-0.01
-0.009
-0.00808
-0.00718
-0.0062
-0.00499
-0.00348
-0.00177
0.00025
0.00263
0.00494
0.00656
0.00769
0.00843
0.00885
0.00915
0.00922
0.00888
0.00805
0.00684
0.00582
0.00552
0.00631
0.00826
0.01124
0.01509
0.01926
0.02315
0.02658
0.02967
0.03275
0.0358
0.03863
0.04066
0.04134
0.0409
0.03992
0.03907
0.03855
0.03806
0.03739
0.03639
0.03462
0.03203
0.02888
0.02564
0.02265
0.0197
0.0171
0.01512
0.0148
0.01638
0.01831
0.02011
0.02213
0.02415
0.02553
0.02578
0.02516
0.02412
0.02272
0.02082
0.0182
0.01514
0.0119
0.00887
0.00619
0.0036
0.00121
-0.00088
-0.00286
-0.00436
-0.00555
-0.00664
-0.00772
-0.009
-0.01071
-0.01271
-0.01477
-0.01612
-0.0158
-0.01342
-0.0101
-0.00616
-0.0013
0.00387
0.00893
0.01369
0.01792
0.02179
0.02584
0.03009
0.03419
0.03802
0.04178
0.04531
0.0483
0.05071
0.05272
0.05465
0.05641
0.05744
0.05733
0.05594
0.05332
0.04946
0.04483
0.03975
0.0344
0.0289
0.02413
0.02016
0.01602
0.01182
0.00757
0.00345
-0.00055
-0.00427
-0.00789
-0.01175
-0.01569
-0.02024
-0.02584
-0.03165
-0.03662
-0.04056
-0.0436
-0.04512
-0.04494
-0.04364
-0.04218
-0.0409
-0.03952
-0.03818
-0.03764
-0.03826
-0.03963
-0.04117
-0.04307
-0.04527
-0.04722
-0.04867
-0.04953
-0.04968
-0.04906
-0.04748
-0.04511
-0.04196
-0.03826
-0.03406
-0.02887
-0.02273
-0.01615
-0.00996
-0.00469
-0.00059
0.00253
0.00438
0.00382
0.00114
-0.00258
-0.00772
-0.01392
-0.02044
-0.02663
-0.03239
-0.03691
-0.04039
-0.04308
-0.04431
-0.04381
-0.04206
-0.03949
-0.03609
-0.03206
-0.02826
-0.02485
-0.02188
-0.01965
-0.01813
-0.01757
-0.01821
-0.01987
-0.02192
-0.02381
-0.02523
-0.02596
-0.02557
-0.02369
-0.02039
-0.01575
-0.0098
-0.00291
0.00409
0.01074
0.0171
0.02255
0.02636
0.02891
0.0305
0.03126
0.03108
0.03017
0.02852
0.02641
0.02376
0.02004
0.01563
0.01072
0.00636
0.00396
0.00263
0.00187
0.00146
0.00141
0.00199
0.0036
0.00577
0.00814
0.0106
0.01274
0.01423
0.01408
0.01257
0.01068
0.00879
0.00712
0.00548
0.00364
0.0017
0.00005
-0.00158
-0.00359
-0.00606
-0.0088
-0.01177
-0.01417
-0.01588
-0.01678
-0.01746
-0.01838
-0.01976
-0.02168
-0.02399
-0.02658
-0.0296
-0.03211
-0.03378
-0.03438
-0.03365
-0.03245
-0.03125
-0.0298
-0.02822
-0.02671
-0.02564
-0.02477
-0.02396
-0.02309
-0.02213
-0.02104
-0.01971
-0.0181
-0.01639
-0.01475
-0.01331
-0.01226
-0.01194
-0.01205
-0.01255
-0.01334
-0.01439
-0.01542
-0.01631
-0.01703
-0.01746
-0.01757
-0.01743
-0.01714
-0.01667
-0.01579
-0.01451
-0.01294
-0.0109
-0.00859
-0.00584
-0.00273
0.00069
0.00419
0.00797
0.01178
0.0155
0.019
0.02228
0.02548
0.0284
0.03103
0.0332
0.03477
0.03549
0.03505
0.03322
0.03026
0.02651
0.02183
0.01663
0.01126
0.00644
0.00229
-0.00122
-0.00428
-0.00748
-0.01052
-0.01354
-0.01644
-0.01873
-0.02024
-0.02101
-0.02102
-0.0203
-0.0187
-0.01621
-0.01321
-0.00997
-0.00679
-0.00406
-0.00172
0.00045
0.00253
0.00462
0.00651
0.00807
0.00911
0.00936
0.00878
0.00763
0.00625
0.00481
0.0034
0.00233
0.00157
0.00082
-0.00037
-0.00218
-0.00427
-0.00646
-0.00867
-0.01068
-0.0122
-0.01311
-0.01385
-0.01443
-0.01473
-0.01453
-0.01403
-0.01342
-0.01227
-0.01047
-0.00821
-0.00605
-0.00412
-0.00243
-0.00057
0.00139
0.00397
0.00739
0.01136
0.01571
0.01983
0.02311
0.02559
0.02747
0.0285
0.02863
0.02777
0.02578
0.02231
0.01724
0.0118
0.00725
0.0033
-0.00012
-0.00273
-0.00468
-0.00613
-0.0069
-0.00681
-0.00612
-0.00543
-0.00473
-0.00383
-0.00265
-0.00104
0.00089
0.00286
0.00458
0.00612
0.00764
0.00953
0.01204
0.01502
0.01827
0.02184
0.02536
0.02881
0.03226
0.03535
0.03795
0.04009
0.04202
0.04387
0.04533
0.0461
0.04597
0.04473
0.04196
0.03772
0.03215
0.02544
0.01846
0.0115
0.00435
-0.00237
-0.00872
-0.01416
-0.01849
-0.02186
-0.02444
-0.02666
-0.02868
-0.03015
-0.03085
-0.03099
-0.03108
-0.03151
-0.032
-0.03229
-0.03217
-0.03173
-0.03098
-0.03008
-0.02878
-0.02729
-0.02563
-0.02402
-0.02272
-0.02203
-0.02182
-0.02205
-0.02257
-0.02347
-0.0247
-0.02631
-0.02841
-0.03091
-0.03358
-0.0361
-0.03887
-0.04203
-0.04508
-0.04788
-0.05002
-0.05182
-0.05346
-0.05479
-0.0553
-0.05485
-0.05362
-0.05218
-0.0505
-0.048
-0.04447
-0.03988
-0.03444
-0.02915
-0.02433
-0.02041
-0.01744
-0.01545
-0.01448
-0.01469
-0.01557
-0.01696
-0.01898
-0.02168
-0.02488
-0.02801
-0.03061
-0.03214
-0.03289
-0.03328
-0.03306
-0.03244
-0.03169
-0.0308
-0.02986
-0.02876
-0.02759
-0.02653
-0.02543
-0.02444
-0.02375
-0.0233
-0.02318
-0.02298
-0.02258
-0.02171
-0.02031
-0.01865
-0.01634
-0.01331
-0.0096
-0.00581
-0.00217
0.00118
0.00432
0.00716
0.00953
0.0114
0.01265
0.01336
0.01359
0.01335
0.01277
0.01205
0.0113
0.01062
0.00991
0.00927
0.00862
0.00824
0.00829
0.00865
0.00947
0.01064
0.01149
0.01199
0.01269
0.0132
0.01319
0.01283
0.01225
0.01178
0.01152
0.01116
0.01087
0.01066
0.01056
0.01046
0.01043
0.01044
0.0105
0.01063
0.01072
0.01058
0.0102
0.00998
0.00993
0.00972
0.00907
0.00809
0.00688
0.00576
0.00476
0.00392
0.00321
0.00247
0.00199
0.00179
0.00169
0.0018
0.00253
0.00382
0.00541
0.00759
0.0099
0.01196
0.01394
0.01596
0.01782
0.01968
0.02175
0.02388
0.0262
0.02892
0.03218
0.03572
0.03906
0.04221
0.04465
0.04645
0.04758
0.04807
0.0478
0.04673
0.0448
0.04201
0.03824
0.03379
0.02878
0.02346
0.01805
0.01256
0.00714
0.00245
-0.00139
-0.00451
-0.00725
-0.00909
-0.00954
-0.00811
-0.00538
-0.00211
0.00163
0.00551
0.00916
0.0126
0.01633
0.02002
0.02347
0.02651
0.02894
0.03082
0.03219
0.03276
0.0322
0.03099
0.02967
0.02784
0.02568
0.02358
0.02198
0.02067
0.01922
0.01742
0.01557
0.01406
0.0128
0.01158
0.01046
0.00934
0.00833
0.00744
0.00677
0.00633
0.00606
0.00581
0.00531
0.00444
0.00341
0.00271
0.00233
0.00221
0.00205
0.00188
0.00198
0.00208
0.00222
0.00274
0.00355
0.00452
0.00559
0.00645
0.00709
0.00769
0.00823
0.00898
0.00971
0.01042
0.01102
0.01157
0.01206
0.01252
0.0125
0.01231
0.01206
0.01173
0.01115
0.01034
0.0094
0.00811
0.00661
0.00511
0.00345
0.00168
0.00002
-0.00147
-0.00256
-0.00347
-0.00434
-0.00492
-0.00532
-0.0055
-0.00542
-0.00485
-0.00329
-0.00109
0.00177
0.00493
0.00808
0.01094
0.0138
0.01695
0.02005
0.02272
0.02509
0.02678
0.02764
0.02774
0.02759
0.02747
0.02717
0.02648
0.0255
0.02414
0.02247
0.02047
0.01806
0.01487
0.011
0.00663
0.00198
-0.003
-0.00746
-0.01094
-0.01331
-0.01475
-0.01507
-0.01451
-0.01334
-0.01176
-0.00963
-0.00677
-0.00368
-0.00097
0.00196
0.00514
0.00848
0.01176
0.01457
0.01678
0.01849
0.02012
0.02174
0.02338
0.02513
0.02707
0.02896
0.03078
0.03255
0.03449
0.03635
0.03802
0.03924
0.03926
0.0381
0.03638
0.03449
0.03208
0.02868
0.02464
0.0199
0.01456
0.00849
0.00188
-0.00486
-0.01134
-0.01738
-0.02275
-0.02733
-0.03057
-0.03261
-0.03277
-0.03146
-0.0294
-0.02678
-0.02356
-0.01936
-0.01432
-0.00853
-0.00286
0.002
0.00592
0.00912
0.0118
0.01395
0.01542
0.01614
0.01616
0.01551
0.01422
0.01266
0.01107
0.00953
0.00793
0.00622
0.00462
0.0032
0.0017
0.0001
-0.00169
-0.00346
-0.00506
-0.00663
-0.00825
-0.00983
-0.01123
-0.01216
-0.01284
-0.01333
-0.01349
-0.0134
-0.01328
-0.01306
-0.01256
-0.01188
-0.01098
-0.00964
-0.00775
-0.00591
-0.00454
-0.00332
-0.00214
-0.00119
-0.00041
0.00018
0.00066
0.00101
0.00154
0.00206
0.00281
0.00387
0.00529
0.00682
0.00802
0.0086
0.00884
0.00911
0.00938
0.00928
0.00891
0.00818
0.00665
0.00447
0.00181
-0.00125
-0.00426
-0.00704
-0.00963
-0.01223
-0.01476
-0.01752
-0.02069
-0.02366
-0.02567
-0.0271
-0.02829
-0.02933
-0.03016
-0.03054
-0.03045
-0.02986
-0.02865
-0.02683
-0.0245
-0.02178
-0.01898
-0.01576
-0.01221
-0.00841
-0.00453
-0.00123
0.00168
0.00407
0.00591
0.00766
0.0094
0.01096
0.01264
0.01374
0.01358
0.01246
0.01076
0.00848
0.00528
0.00124
-0.00301
-0.00719
-0.01134
-0.01497
-0.01795
-0.02084
-0.02292
-0.02441
-0.02602
-0.02718
-0.02732
-0.02667
-0.02565
-0.02438
-0.02312
-0.02201
-0.02089
-0.01963
-0.01833
-0.01701
-0.01588
-0.01516
-0.01445
-0.0134
-0.01219
-0.01099
-0.01037
-0.0104
-0.01086
-0.01171
-0.01286
-0.01445
-0.01609
-0.01741
-0.01858
-0.01976
-0.02085
-0.02147
-0.02188
-0.0222
-0.02266
-0.0234
-0.02427
-0.02481
-0.02513
-0.02521
-0.02515
-0.02553
-0.02661
-0.02804
-0.02943
-0.03069
-0.03203
-0.0332
-0.03332
-0.03216
-0.03028
-0.0279
-0.02493
-0.02116
-0.01671
-0.01193
-0.00673
-0.00123
0.00444
0.01045
0.01646
0.02198
0.02701
0.0318
0.03619
0.03947
0.0415
0.04247
0.04264
0.04185
0.04018
0.03795
0.03499
0.0314
0.02757
0.02372
0.0197
0.01578
0.01223
0.00889
0.00573
0.00286
0.00088
-0.00032
-0.00084
-0.0008
-0.00054
-0.00013
0.00024
0.00038
0.0004
0.00038
0.00039
0.00036
0.0003
0.00023
0.00018
0.00033
0.00098
0.00219
0.0038
0.00571
0.00766
0.00961
0.0115
0.01333
0.0151
0.01661
0.01832
0.02025
0.02173
0.02276
0.02321
0.02301
0.02212
0.02059
0.01871
0.01683
0.01568
0.01533
0.01564
0.01563
0.01521
0.01506
0.01507
0.0153
0.01565
0.01611
0.01667
0.01712
0.01757
0.01786
0.01809
0.01856
0.01921
0.01994
0.02097
0.02223
0.02349
0.02479
0.02601
0.02689
0.02703
0.02664
0.02613
0.02559
0.02472
0.02342
0.02172
0.01965
0.01653
0.01229
0.00748
0.0026
-0.00205
-0.00587
-0.00895
-0.01128
-0.01276
-0.01334
-0.01318
-0.01223
-0.01094
-0.00941
-0.00785
-0.00658
-0.00578
-0.00543
-0.00529
-0.00546
-0.00608
-0.00691
-0.00768
-0.0081
-0.00798
-0.0071
-0.00596
-0.00474
-0.0035
-0.00259
-0.00181
-0.00084
0.00033
0.00147
0.00258
0.00351
0.00425
0.00502
0.0057
0.00621
0.0065
0.00619
0.00568
0.00529
0.00465
0.00363
0.00257
0.00176
0.0017
0.0024
0.00351
0.00499
0.00697
0.00923
0.01148
0.01338
0.01423
0.01367
0.01259
0.01292
0.01506
0.01763
0.01882
0.01797
0.01573
0.01313
0.01071
0.00904
0.00794
0.007
0.00602
0.0049
0.00398
0.00323
0.00253
0.00189
0.00145
0.00153
0.00187
0.0022
0.00248
0.00253
0.0025
0.00224
0.00149
0.00042
-0.00052
-0.00109
-0.00103
-0.00042
0.00031
0.00089
0.00102
0.00103
0.00168
0.00311
0.00511
0.00753
0.01007
0.01262
0.01519
0.01759
0.01988
0.02202
0.02436
0.02683
0.02928
0.03136
0.03209
0.03101
0.02899
0.02696
0.0249
0.02239
0.01951
0.01637
0.01308
0.01014
0.00749
0.00521
0.00356
0.0024
0.00153
0.00107
0.00077
0.00022
-0.00031
-0.00138
-0.00304
-0.00538
-0.00835
-0.01164
-0.01489
-0.01844
-0.02256
-0.02683
-0.03022
-0.03277
-0.03484
-0.0365
-0.0377
-0.03838
-0.0388
-0.0388
-0.03819
-0.03712
-0.03588
-0.03444
-0.03285
-0.03132
-0.0297
-0.02793
-0.02599
-0.02402
-0.0221
-0.02011
-0.01835
-0.01737
-0.01675
-0.01626
-0.01587
-0.01544
-0.01509
-0.01472
-0.01467
-0.01505
-0.01535
-0.01534
-0.01475
-0.01389
-0.0133
-0.0133
-0.01373
-0.01431
-0.0148
-0.01484
-0.01422
-0.01333
-0.0125
-0.01172
-0.01089
-0.00992
-0.00838
-0.00645
-0.00443
-0.00298
-0.00293
-0.00417
-0.00611
-0.00823
-0.01052
-0.01331
-0.01676
-0.0207
-0.02443
-0.02751
-0.02994
-0.03207
-0.03427
-0.03628
-0.03796
-0.03971
-0.04153
-0.04314
-0.04454
-0.04553
-0.04623
-0.04667
-0.04698
-0.04684
-0.04634
-0.0453
-0.04395
-0.04238
-0.04101
-0.0402
-0.03957
-0.03861
-0.03746
-0.03613
-0.03464
-0.03336
-0.03253
-0.0314
-0.0297
-0.02788
-0.0262
-0.02483
-0.02378
-0.02299
-0.02248
-0.02208
-0.02156
-0.02073
-0.01964
-0.01852
-0.01756
-0.01707
-0.01709
-0.01766
-0.0186
-0.01948
-0.0204
-0.02153
-0.02274
-0.02394
-0.02495
-0.0256
-0.0257
-0.02508
-0.02384
-0.02245
-0.02081
-0.01894
-0.01672
-0.01441
-0.01236
-0.01043
-0.0085
-0.00646
-0.00448
-0.00242
-0.00031
0.00153
0.00282
0.00365
0.00434
0.00517
0.00597
0.00625
0.00602
0.00522
0.00397
0.00298
0.00264
0.00331
0.00449
0.00511
0.00552
0.00615
0.00679
0.00717
0.00679
0.00583
0.0045
0.00287
0.0012
-0.00032
-0.00144
-0.00208
-0.00219
-0.002
-0.00192
-0.00195
-0.00178
-0.00119
-0.00053
0.00016
0.00085
0.00162
0.0026
0.00345
0.00423
0.00467
0.00469
0.00462
0.00469
0.00504
0.00579
0.0068
0.00777
0.00873
0.00963
0.01
0.0104
0.01123
0.0123
0.01333
0.01425
0.01474
0.01471
0.01446
0.014
0.01336
0.01255
0.01191
0.01131
0.0107
0.01027
0.00998
0.00954
0.00912
0.00878
0.00842
0.00818
0.00824
0.00869
0.00928
0.00958
0.00977
0.01026
0.01136
0.0128
0.01433
0.01573
0.01686
0.01765
0.01807
0.01813
0.0177
0.01723
0.01684
0.0166
0.0165
0.01638
0.01647
0.01663
0.01667
0.01691
0.01733
0.01775
0.01842
0.0193
0.02027
0.02134
0.02215
0.02259
0.02286
0.02337
0.02431
0.02517
0.02546
0.02539
0.02528
0.0252
0.02524
0.02513
0.02501
0.02491
0.0246
0.0242
0.02354
0.02269
0.02163
0.02029
0.01894
0.01757
0.0163
0.01514
0.01404
0.01309
0.01232
0.01145
0.01022
0.00867
0.0071
0.00635
0.00635
0.00668
0.00711
0.00755
0.00795
0.00796
0.00775
0.00742
0.00673
0.00619
0.00581
0.00552
0.00554
0.00604
0.00665
0.00728
0.00782
0.00827
0.00842
0.00818
0.00745
0.00614
0.0046
0.00296
0.00132
-0.00012
-0.00134
-0.00232
-0.00289
-0.00317
-0.00325
-0.00333
-0.00329
-0.00299
-0.00243
-0.00161
-0.00057
0.00091
0.00278
0.00479
0.00683
0.00877
0.01044
0.01171
0.01252
0.0132
0.0139
0.01428
0.01432
0.01399
0.01327
0.01217
0.01067
0.00915
0.00776
0.00652
0.00549
0.00499
0.00493
0.00497
0.00506
0.00525
0.00552
0.00586
0.00614
0.00642
0.00657
0.00653
0.00631
0.0058
0.00507
0.00424
0.00287
0.00083
-0.00171
-0.00446
-0.00682
-0.00897
-0.01083
-0.01169
-0.01141
-0.01015
-0.00793
-0.00539
-0.00275
-0.00024
0.00183
0.00312
0.00385
0.00424
0.00408
0.0034
0.00251
0.00126
-0.00083
-0.00338
-0.00604
-0.00852
-0.0102
-0.01135
-0.01204
-0.01235
-0.01239
-0.01239
-0.01248
-0.01233
-0.01208
-0.01158
-0.01098
-0.01043
-0.00978
-0.00917
-0.0086
-0.00812
-0.00798
-0.008
-0.00776
-0.00754
-0.00716
-0.0064
-0.00532
-0.00393
-0.00218
-0.00043
0.00141
0.00355
0.00591
0.008
0.00971
0.01074
0.01106
0.01106
0.01085
0.01019
0.00922
0.00818
0.00679
0.00501
0.00293
0.00076
-0.00125
-0.00296
-0.00423
-0.00517
-0.00581
-0.00642
-0.00689
-0.00749
-0.00818
-0.00887
-0.00922
-0.00865
-0.00721
-0.00526
-0.00307
-0.00104
0.00082
0.00206
0.00261
0.00266
0.002
0.00092
-0.00022
-0.00103
-0.00166
-0.00234
-0.00336
-0.00438
-0.00518
-0.00547
-0.00513
-0.00416
-0.00323
-0.00225
-0.00106
0.00025
0.00163
0.00311
0.00475
0.00648
0.00804
0.0095
0.01074
0.01177
0.01282
0.01387
0.01465
0.01552
0.01633
0.01708
0.0178
0.01845
0.01904
0.0196
0.01983
0.01944
0.0185
0.01738
0.01636
0.01511
0.0137
0.01209
0.01006
0.00822
0.00678
0.00568
0.00495
0.00492
0.00555
0.00663
0.0079
0.00937
0.01087
0.01196
0.01239
0.01213
0.01142
0.01046
0.00933
0.00784
0.00594
0.00373
0.00168
-0.00029
-0.00227
-0.00401
-0.00496
-0.00469
-0.00343
-0.00135
0.00107
0.00387
0.00653
0.00891
0.01087
0.01266
0.01432
0.01576
0.01681
0.01724
0.01712
0.01724
0.01758
0.018
0.0184
0.01884
0.01914
0.01976
0.0208
0.02183
0.02244
0.02232
0.02166
0.02077
0.0199
0.01925
0.01842
0.0174
0.01646
0.0156
0.01469
0.01363
0.01265
0.01162
0.01062
0.00995
0.00925
0.00816
0.00636
0.00411
0.00203
0.00032
-0.00122
-0.00248
-0.00353
-0.00462
-0.0055
-0.00637
-0.00718
-0.00763
-0.00766
-0.00718
-0.00639
-0.00558
-0.00465
-0.00364
-0.00258
-0.00177
-0.00129
-0.00087
-0.00053
-0.00044
-0.00033
-0.00001
0.00033
0.00028
-0.00013
-0.0006
-0.00057
0.00008
0.00087
0.00169
0.00244
0.00271
0.00266
0.00258
0.00217
0.00126
-0.00005
-0.00183
-0.00422
-0.00705
-0.0098
-0.01218
-0.01395
-0.01505
-0.01599
-0.01661
-0.01676
-0.01643
-0.01616
-0.01617
-0.0161
-0.01601
-0.01615
-0.01675
-0.01787
-0.01922
-0.02087
-0.02296
-0.02572
-0.02875
-0.03136
-0.03352
-0.03523
-0.03663
-0.03741
-0.03745
-0.0373
-0.03693
-0.03633
-0.03559
-0.03433
-0.03238
-0.02977
-0.02649
-0.02291
-0.0193
-0.01581
-0.0124
-0.00873
-0.00498
-0.00171
0.00094
0.00294
0.00386
0.00382
0.00303
0.00181
0.00026
-0.00159
-0.00364
-0.00574
-0.0076
-0.00909
-0.01007
-0.01081
-0.0119
-0.01325
-0.01431
-0.0149
-0.0149
-0.01449
-0.01413
-0.01388
-0.01394
-0.01423
-0.0151
-0.01618
-0.0171
-0.01798
-0.01875
-0.01952
-0.02014
-0.02057
-0.02057
-0.02057
-0.02073
-0.02138
-0.02241
-0.02359
-0.02487
-0.02603
-0.02712
-0.02861
-0.03067
-0.03258
-0.03371
-0.03394
-0.03357
-0.03309
-0.03239
-0.0316
-0.03094
-0.02983
-0.02815
-0.02631
-0.02457
-0.02254
-0.0205
-0.01876
-0.01729
-0.01596
-0.01464
-0.01338
-0.01219
-0.01105
-0.00992
-0.00866
-0.00754
-0.00653
-0.00573
-0.00514
-0.00469
-0.0041
-0.00326
-0.00253
-0.00208
-0.00165
-0.00085
0.00044
0.002
0.00338
0.00439
0.00517
0.00584
0.00609
0.00588
0.00538
0.00459
0.00353
0.00233
0.00113
-0.00012
-0.00148
-0.00275
-0.00381
-0.00441
-0.00433
-0.0038
-0.00312
-0.00201
-0.00073
0.00025
0.00079
0.00102
0.00087
0.00024
-0.00079
-0.00191
-0.00312
-0.00446
-0.00577
-0.00669
-0.00727
-0.00766
-0.00827
-0.00867
-0.00829
-0.00735
-0.00574
-0.00363
-0.00143
0.00081
0.00308
0.00531
0.00737
0.009
0.01036
0.01154
0.0127
0.01385
0.01493
0.01596
0.01668
0.01707
0.01696
0.0166
0.01611
0.01581
0.01565
0.01557
0.016
0.01675
0.01717
0.0168
0.01611
0.01537
0.01458
0.01395
0.01357
0.0133
0.01309
0.01286
0.01262
0.0126
0.01256
0.01238
0.01212
0.01194
0.01183
0.01163
0.01155
0.01172
0.01209
0.01268
0.01351
0.01489
0.0169
0.01934
0.02156
0.02364
0.02572
0.02749
0.02885
0.02983
0.03047
0.03085
0.03116
0.03125
0.03107
0.03042
0.02935
0.02819
0.02705
0.02583
0.0245
0.02349
0.02288
0.02223
0.02154
0.02098
0.02048
0.0201
0.01965
0.01904
0.0184
0.01763
0.01715
0.01693
0.01695
0.01714
0.01724
0.01767
0.01833
0.01906
0.01978
0.02068
0.02163
0.02252
0.02375
0.02484
0.0255
0.02564
0.02561
0.02535
0.02473
0.02402
0.02311
0.02197
0.02061
0.01953
0.01905
0.01895
0.01901
0.01918
0.01943
0.01966
0.02003
0.02049
0.02094
0.02084
0.02016
0.01919
0.01778
0.01593
0.01388
0.01214
0.01063
0.00939
0.00833
0.00726
0.00651
0.00617
0.00603
0.00553
0.00464
0.0038
0.00327
0.00307
0.00301
0.00324
0.00347
0.00359
0.00371
0.00384
0.00366
0.00326
0.00269
0.00181
0.0007
-0.00046
-0.00151
-0.00229
-0.00273
-0.00295
-0.00331
-0.00376
-0.00419
-0.0046
-0.0045
-0.00403
-0.00358
-0.00294
-0.00223
-0.00132
-0.00033
0.0005
0.00116
0.00151
0.00146
0.00095
0.00026
-0.00025
-0.00056
-0.0009
-0.00125
-0.00132
-0.00103
-0.00053
0.00026
0.00128
0.00214
0.00284
0.00326
0.00312
0.00262
0.00176
0.00047
-0.00135
-0.00335
-0.00552
-0.00771
-0.00947
-0.0109
-0.01199
-0.01289
-0.01343
-0.01359
-0.01374
-0.01366
-0.0133
-0.0129
-0.0123
-0.01144
-0.01013
-0.00866
-0.00723
-0.00628
-0.00564
-0.00512
-0.00433
-0.00343
-0.0029
-0.00298
-0.00329
-0.00378
-0.00433
-0.00481
-0.00478
-0.00441
-0.0039
-0.00317
-0.00211
-0.00063
0.00119
0.00314
0.0047
0.00573
0.00617
0.00612
0.00591
0.00549
0.00469
0.00301
0.00062
-0.00198
-0.00431
-0.00607
-0.00746
-0.00881
-0.00996
-0.01103
-0.01211
-0.01307
-0.01373
-0.01429
-0.01499
-0.01577
-0.01659
-0.01711
-0.01733
-0.01744
-0.01729
-0.01688
-0.0164
-0.01603
-0.01558
-0.01506
-0.0147
-0.01489
-0.01553
-0.01643
-0.01745
-0.01867
-0.01985
-0.02096
-0.02187
-0.02262
-0.02307
-0.02313
-0.02266
-0.02213
-0.0217
-0.02085
-0.0196
-0.01774
-0.0156
-0.01325
-0.01056
-0.00774
-0.005
-0.00252
-0.00025
0.0016
0.00301
0.00374
0.00398
0.00378
0.0031
0.00194
0.0007
-0.0002
-0.0005
-0.00016
0.0006
0.00162
0.00297
0.00459
0.00606
0.00712
0.00795
0.00853
0.00911
0.00948
0.00954
0.00922
0.00848
0.0072
0.00548
0.00394
0.00247
0.00079
-0.00145
-0.00378
-0.00598
-0.00796
-0.00956
-0.01063
-0.01138
-0.01181
-0.01191
-0.01155
-0.01052
-0.00899
-0.00715
-0.00531
-0.00363
-0.00231
-0.00127
-0.00046
0.00013
0.00074
0.00137
0.00166
0.00182
0.00194
0.0023
0.00296
0.00383
0.00467
0.00569
0.0066
0.00753
0.00851
0.00934
0.00988
0.01001
0.00985
0.00963
0.00948
0.00932
0.00929
0.00914
0.00857
0.00743
0.00598
0.00425
0.0026
0.00125
-0.00001
-0.00121
-0.00216
-0.00293
-0.0035
-0.0041
-0.00466
-0.00516
-0.0056
-0.00571
-0.00577
-0.00639
-0.00707
-0.00763
-0.00813
-0.00822
-0.00812
-0.00771
-0.0069
-0.00583
-0.00486
-0.00399
-0.00326
-0.00271
-0.00228
-0.00211
-0.00239
-0.00337
-0.00504
-0.00726
-0.00973
-0.01197
-0.01411
-0.01637
-0.01889
-0.0214
-0.02337
-0.0248
-0.02579
-0.02646
-0.02679
-0.02681
-0.0264
-0.0256
-0.02436
-0.02272
-0.02114
-0.02005
-0.01962
-0.01955
-0.01948
-0.01883
-0.01735
-0.01544
-0.01376
-0.01244
-0.01115
-0.00989
-0.00859
-0.00738
-0.00616
-0.00536
-0.00494
-0.0045
-0.00382
-0.00328
-0.00304
-0.00312
-0.00339
-0.00378
-0.00418
-0.00462
-0.00475
-0.00478
-0.00465
-0.00466
-0.00501
-0.00535
-0.00524
-0.00455
-0.00342
-0.00192
-0.00027
0.0013
0.00284
0.00448
0.00604
0.00762
0.0093
0.01095
0.01247
0.01374
0.01442
0.0146
0.01468
0.01461
0.01454
0.01454
0.01449
0.01474
0.0152
0.01587
0.0167
0.01762
0.01851
0.01909
0.01943
0.01951
0.0194
0.01899
0.01805
0.01652
0.01448
0.01231
0.01013
0.00777
0.00531
0.00294
0.00065
-0.00147
-0.0033
-0.00497
-0.00617
-0.00665
-0.00664
-0.00645
-0.00612
-0.00561
-0.00482
-0.00399
-0.00312
-0.00219
-0.00133
-0.00066
-0.00016
0.00033
0.00076
0.00095
0.00092
0.00088
0.00061
0.00025
-0.0001
-0.00047
-0.00048
-0.00055
-0.00073
-0.00082
-0.00082
-0.00107
-0.00124
-0.00112
-0.00083
-0.00068
-0.00077
-0.00117
-0.00186
-0.00267
-0.00318
-0.0035
-0.00382
-0.00427
-0.00483
-0.0054
-0.00623
-0.00762
-0.00894
-0.0098
-0.01044
-0.01108
-0.01182
-0.01224
-0.01211
-0.01108
-0.00982
-0.00926
-0.00927
-0.00907
-0.00863
-0.00799
-0.00706
-0.00588
-0.00474
-0.00373
-0.00285
-0.00222
-0.00168
-0.00102
-0.00043
-0.00019
-0.00029
-0.00054
-0.0007
-0.00088
-0.00089
-0.00089
-0.00095
-0.00099
-0.00092
-0.001
-0.00111
-0.00117
-0.00137
-0.00173
-0.00197
-0.00202
-0.00199
-0.002
-0.00199
-0.00192
-0.00183
-0.00182
-0.00201
-0.00202
-0.00194
-0.0019
-0.002
-0.0023
-0.00276
-0.00309
-0.00315
-0.00336
-0.00394
-0.00474
-0.00519
-0.00541
-0.00541
-0.00526
-0.00493
-0.00448
-0.00414
-0.00372
-0.00307
-0.00221
-0.00105
0.00005
0.00109
0.00225
0.00353
0.00495
0.00651
0.00822
0.00969
0.01128
0.01272
0.01353
0.01405
0.01442
0.01448
0.01436
0.01428
0.0144
0.0145
0.01428
0.01396
0.01345
0.01284
0.01249
0.01243
0.01237
0.01209
0.01162
0.01132
0.01131
0.01119
0.01095
0.01056
0.01026
0.01017
0.01015
0.01043
0.01072
0.01101
0.01134
0.01127
0.01073
0.00996
0.00925
0.00895
0.00894
0.00871
0.00824
0.00784
0.00742
0.00697
0.00656
0.00628
0.00583
0.00531
0.00481
0.00405
0.00319
0.00206
0.00083
-0.00068
-0.0023
-0.00376
-0.00493
-0.00587
-0.00656
-0.00723
-0.00772
-0.00802
-0.0083
-0.00814
-0.00784
-0.00727
-0.00641
-0.00559
-0.00474
-0.00394
-0.00317
-0.00234
-0.00171
-0.00124
-0.00082
-0.00076
-0.00067
-0.00047
-0.00029
-0.00024
-0.00043
-0.00061
-0.00059
-0.00069
-0.00104
-0.0015
-0.00176
-0.00197
-0.00243
-0.0029
-0.00293
-0.0029
-0.00295
-0.00302
-0.00303
-0.00291
-0.00264
-0.00234
-0.00214
-0.00252
-0.00286
-0.00288
-0.00256
-0.00223
-0.00214
-0.00213
-0.00211
-0.00201
-0.00221
-0.00253
-0.0024
-0.00174
-0.00107
-0.00068
-0.00054
-0.00053
-0.0007
-0.00081
-0.001
-0.00131
-0.00145
-0.00154
-0.00181
-0.00234
-0.00278
-0.00294
-0.00332
-0.00392
-0.00479
-0.00586
-0.00674
-0.00717
-0.00723
-0.00733
-0.00789
-0.00887
-0.00979
-0.01021
-0.00981
-0.00903
-0.00806
-0.00682
-0.00574
-0.00448
-0.00295
-0.00139
0.00013
0.00171
0.00342
0.00531
0.00708
0.0086
0.00987
0.01068
0.01078
0.01041
0.00967
0.0087
0.00764
0.00658
0.00544
0.00447
0.00381
0.00346
0.00336
0.00332
0.00346
0.00381
0.0045
0.00546
0.00653
0.00782
0.00929
0.01076
0.012
0.01327
0.01452
0.01563
0.01656
0.01713
0.01716
0.01697
0.01682
0.01677
0.01652
0.0161
0.01583
0.01582
0.01618
0.01662
0.01691
0.01712
0.01739
0.01751
0.01763
0.01792
0.018
0.01802
0.01806
0.01806
0.0179
0.01756
0.01741
0.0174
0.01722
0.01684
0.01618
0.01525
0.01427
0.01365
0.01349
0.01365
0.01384
0.01392
0.01376
0.01362
0.01349
0.01308
0.01274
0.01266
0.0124
0.012
0.0117
0.0118
0.01206
0.01231
0.01263
0.01309
0.01377
0.01442
0.01496
0.01576
0.01664
0.01702
0.01664
0.01579
0.01465
0.01328
0.01188
0.01067
0.00963
0.00868
0.00786
0.00707
0.00624
0.0056
0.00541
0.00535
0.00543
0.0052
0.00462
0.00412
0.00351
0.00254
0.00123
0.00001
-0.00118
-0.0026
-0.0042
-0.00581
-0.0076
-0.00944
-0.01117
-0.01248
-0.01365
-0.01508
-0.01642
-0.01736
-0.01816
-0.01876
-0.01913
-0.01936
-0.01946
-0.01939
-0.01929
-0.01937
-0.01952
-0.0195
-0.01926
-0.01911
-0.01881
-0.01835
-0.01755
-0.01667
-0.0161
-0.01583
-0.01557
-0.01536
-0.01518
-0.01473
-0.01408
-0.01354
-0.0128
-0.01199
-0.01112
-0.01023
-0.00921
-0.00791
-0.00636
-0.0051
-0.00394
-0.00266
-0.00138
-0.00012
0.00098
0.00185
0.00246
0.0031
0.00393
0.00482
0.00553
0.00603
0.00623
0.00623
0.00594
0.00558
0.00493
0.00412
0.00341
0.00279
0.00253
0.00252
0.00264
0.00292
0.00329
0.00377
0.00428
0.00464
0.00465
0.00453
0.00432
0.00402
0.00374
0.00324
0.00217
0.00074
-0.00063
-0.00165
-0.00211
-0.00214
-0.0022
-0.0022
-0.00197
-0.00152
-0.00124
-0.00118
-0.00091
-0.00058
-0.00052
-0.00065
-0.00102
-0.00145
-0.00203
-0.00287
-0.00369
-0.00485
-0.00614
-0.00723
-0.00811
-0.00889
-0.00981
-0.01084
-0.01185
-0.01277
-0.01363
-0.01415
-0.01453
-0.01507
-0.01558
-0.01617
-0.01662
-0.01646
-0.0159
-0.01504
-0.01435
-0.01404
-0.01364
-0.01312
-0.0129
-0.01271
-0.01246
-0.01221
-0.01234
-0.01269
-0.01295
-0.01325
-0.01384
-0.01465
-0.01548
-0.01654
-0.01788
-0.01901
-0.02007
-0.02097
-0.02144
-0.02193
-0.02217
-0.02199
-0.02182
-0.02152
-0.02084
-0.01997
-0.01892
-0.01801
-0.01756
-0.01715
-0.01664
-0.01618
-0.01585
-0.01561
-0.01568
-0.01551
-0.0151
-0.01481
-0.01475
-0.01505
-0.0155
-0.0159
-0.0163
-0.01649
-0.01663
-0.01696
-0.01749
-0.01794
-0.01817
-0.01819
-0.01816
-0.01812
-0.01801
-0.01782
-0.01764
-0.01714
-0.01627
-0.01538
-0.01471
-0.01444
-0.01467
-0.01487
-0.01462
-0.01414
-0.0137
-0.01321
-0.01282
-0.01228
-0.01135
-0.01013
-0.00864
-0.00712
-0.0058
-0.00465
-0.00355
-0.0026
-0.00173
-0.00108
-0.0007
-0.00015
0.00037
0.0008
0.00088
0.00066
0.00053
0.00042
0.00047
0.00064
0.0008
0.00097
0.00115
0.00141
0.00191
0.0025
0.00324
0.00418
0.00538
0.00666
0.00785
0.00897
0.01024
0.01178
0.01366
0.01554
0.01713
0.01896
0.0208
0.02243
0.02404
0.02553
0.02671
0.02751
0.02782
0.02792
0.0278
0.02737
0.02671
0.02589
0.02477
0.02344
0.02194
0.02031
0.01885
0.01735
0.01559
0.01367
0.0118
0.01005
0.00853
0.00744
0.00653
0.00532
0.00428
0.00385
0.00422
0.00516
0.00638
0.00746
0.0085
0.00952
0.0107
0.01202
0.01335
0.01435
0.01511
0.01575
0.01636
0.017
0.01722
0.01711
0.01691
0.01651
0.01605
0.01558
0.01496
0.01431
0.01372
0.01276
0.01108
0.00876
0.00657
0.00484
0.00351
0.00255
0.00156
0.00051
-0.00045
-0.00137
-0.00208
-0.00276
-0.00342
-0.00409
-0.00453
-0.00468
-0.00453
-0.00427
-0.00393
-0.00343
-0.00264
-0.00159
-0.00068
0.00002
0.00022
-0.00001
-0.00016
-0.00007
-0.00013
-0.00054
-0.00102
-0.00166
-0.00245
-0.00279
-0.00306
-0.00336
-0.0036
-0.00377
-0.00413
-0.00475
-0.00531
-0.00586
-0.00638
-0.00686
-0.00745
-0.00809
-0.00871
-0.00905
-0.00886
-0.00837
-0.00777
-0.00783
-0.00892
-0.00989
-0.00969
-0.00925
-0.00874
-0.008
-0.00709
-0.00631
-0.00551
-0.00453
-0.00346
-0.00247
-0.00154
-0.0007
0.00024
0.00115
0.00191
0.0026
0.00351
0.00405
0.00401
0.00363
0.00309
0.00313
0.00373
0.00459
0.00533
0.00578
0.00647
0.00763
0.00895
0.01033
0.01166
0.01292
0.01417
0.01541
0.01644
0.01737
0.01821
0.01889
0.01945
0.01973
0.01981
0.0199
0.01999
0.01986
0.01982
0.01956
0.01865
0.01722
0.01595
0.01501
0.01403
0.01297
0.01181
0.01066
0.00945
0.00818
0.00687
0.00546
0.00408
0.0029
0.00207
0.00146
0.00079
0.00007
-0.00069
-0.00125
-0.00159
-0.00209
-0.00256
-0.0028
-0.00278
-0.0026
-0.00221
-0.00171
-0.00125
-0.00063
-0.00002
0.00059
0.00119
0.00178
0.00228
0.00281
0.00304
0.00312
0.00311
0.00298
0.00267
0.00221
0.00178
0.00141
0.00095
0.00072
0.00062
0.00029
-0.00011
-0.00027
-0.00042
-0.00054
-0.00081
-0.00127
-0.00164
-0.00194
-0.00233
-0.00278
-0.00327
-0.00388
-0.00456
-0.00544
-0.00639
-0.00753
-0.00898
-0.0105
-0.01163
-0.01251
-0.01348
-0.01456
-0.01561
-0.01645
-0.01687
-0.01715
-0.01762
-0.01818
-0.01809
-0.01721
-0.01588
-0.01456
-0.01307
-0.01151
-0.01016
-0.00909
-0.00819
-0.00723
-0.0062
-0.005
-0.00385
-0.00275
-0.00162
-0.00085
-0.00003
0.00103
0.0018
0.00213
0.00261
0.00295
0.00307
0.00323
0.00288
0.00172
0.00016
-0.00131
-0.00273
-0.00374
-0.00443
-0.00503
-0.00573
-0.00641
-0.00702
-0.0077
-0.0083
-0.00886
-0.00944
-0.00992
-0.01034
-0.01094
-0.01153
-0.01185
-0.01192
-0.0119
-0.01164
-0.01096
-0.00974
-0.00812
-0.00624
-0.00456
-0.0031
-0.00177
-0.00042
0.00116
0.00272
0.00424
0.00577
0.00682
0.00755
0.00822
0.00872
0.00917
0.00962
0.00968
0.00957
0.00972
0.01012
0.0104
0.01049
0.01019
0.0097
0.00907
0.00819
0.00749
0.00678
0.00579
0.00474
0.00375
0.00305
0.00269
0.00252
0.00249
0.00189
0.00084
0.00097
0.00199
0.00284
0.00316
0.00325
0.0034
0.00353
0.00356
0.00337
0.00298
0.00228
0.00136
0.00073
0.00036
0.00046
0.00103
0.00162
0.0025
0.00354
0.00457
0.00518
0.00548
0.00586
0.00603
0.00582
0.00504
0.0041
0.00315
0.00231
0.00161
0.00114
0.00084
0.00049
0.00024
0.00039
0.00083
0.00157
0.00212
0.00224
0.00211
0.00201
0.00194
0.00167
0.00147
0.00126
0.00113
0.00091
0.00057
0.00035
0.00017
0.00014
0.00029
0.00045
0.00056
0.00105
0.00194
0.00274
0.00345
0.00413
0.00464
0.00505
0.00518
0.00512
0.00489
0.00442
0.00399
0.00379
0.00347
0.00323
0.00308
0.00301
0.00294
0.00284
0.00264
0.00242
0.0024
0.00243
0.00242
0.00217
0.0016
0.00089
0.00041
-0.00005
-0.00068
-0.00134
-0.00202
-0.00254
-0.00304
-0.00355
-0.00422
-0.00472
-0.00514
-0.00524
-0.00534
-0.00557
-0.00568
-0.00542
-0.00509
-0.00465
-0.00412
-0.00381
-0.00334
-0.00301
-0.003
-0.00323
-0.00366
-0.00411
-0.00432
-0.0045
-0.00494
-0.00567
-0.00671
-0.00769
-0.00786
-0.00741
-0.00706
-0.00701
-0.00725
-0.00747
-0.00728
-0.00659
-0.00594
-0.00555
-0.00527
-0.00477
-0.0038
-0.00252
-0.00116
0.00011
0.00104
0.00184
0.0027
0.00356
0.0043
0.00493
0.00579
0.00668
0.00726
0.00724
0.00686
0.00654
0.00655
0.0066
0.00663
0.00673
0.0067
0.00667
0.00666
0.00663
0.00659
0.00658
0.00667
0.00665
0.00661
0.00664
0.00658
0.00636
0.00613
0.00584
0.00554
0.00501
0.00429
0.00365
0.00297
0.00231
0.00162
0.00092
0.00038
0.00024
0.00044
0.00059
0.00077
0.00082
0.00076
0.00079
0.0009
0.001
0.00096
0.00074
0.00045
0.00006
-0.00024
-0.00044
-0.00044
-0.00027
0.00004
0.00042
0.00067
0.00082
0.00096
0.00106
0.0009
0.00061
0.00019
-0.0003
-0.00053
-0.00087
-0.00126
-0.00166
-0.00227
-0.00311
-0.0041
-0.00509
-0.00592
-0.00645
-0.00671
-0.00682
-0.00679
-0.00641
-0.0059
-0.00554
-0.00554
-0.00576
-0.00612
-0.00624
-0.00585
-0.00524
-0.00486
-0.0046
-0.00451
-0.00451
-0.00435
-0.00407
-0.00386
-0.00385
-0.00377
-0.00353
-0.00324
-0.0031
-0.00292
-0.00271
-0.00238
-0.00179
-0.00107
-0.00019
0.00063
0.0013
0.0019
0.00191
0.00124
0.0003
-0.00036
-0.00064
-0.0008
-0.00082
-0.00086
-0.00091
-0.00064
-0.00038
-0.00023
0.00007
0.00063
0.00117
0.00168
0.00227
0.00292
0.00382
0.00475
0.00546
0.00629
0.00733
0.00823
0.00904
0.01007
0.0111
0.01169
0.01185
0.01198
0.01212
0.01191
0.01168
0.01166
0.01159
0.0114
0.01097
0.01044
0.01006
0.00959
0.0089
0.00829
0.00782
0.00753
0.00733
0.00752
0.00771
0.00738
0.00695
0.00653
0.00616
0.0058
0.0056
0.00556
0.00546
0.00526
0.00491
0.00462
0.00445
0.00427
0.0037
0.00285
0.00211
0.00144
0.00075
0.00022
-0.00017
-0.00032
-0.00037
-0.00022
0.00019
0.00068
0.00075
0.00062
0.00057
0.00059
0.00076
0.00115
0.0017
0.00208
0.00229
0.0024
0.00238
0.00232
0.00216
0.00187
0.00161
0.00117
0.00063
0.00001
-0.00066
-0.00146
-0.00226
-0.0032
-0.00416
-0.00488
-0.00541
-0.00593
-0.00626
-0.00687
-0.00815
-0.00955
-0.01063
-0.01183
-0.01305
-0.01419
-0.01525
-0.01617
-0.01696
-0.01741
-0.01776
-0.01821
-0.01874
-0.01932
-0.01948
-0.019
-0.01832
-0.01776
-0.01732
-0.01717
-0.0173
-0.017
-0.01639
-0.01573
-0.01499
-0.0143
-0.01374
-0.01318
-0.0125
-0.01164
-0.01085
-0.01037
-0.00988
-0.00932
-0.00883
-0.00845
-0.00837
-0.00836
-0.00822
-0.00799
-0.008
-0.00811
-0.0082
-0.00816
-0.00808
-0.008
-0.00779
-0.00734
-0.00684
-0.00634
-0.00556
-0.00472
-0.00385
-0.00297
-0.00191
-0.00084
0.00019
0.00112
0.00201
0.00284
0.00353
0.00402
0.00431
0.00435
0.00423
0.00398
0.00372
0.00347
0.00312
0.00273
0.00237
0.00197
0.0015
0.00124
0.00132
0.00158
0.00211
0.00302
0.00376
0.00427
0.00464
0.00483
0.00499
0.00495
0.00472
0.00451
0.00407
0.00368
0.0038
0.00423
0.0047
0.00517
0.00572
0.0065
0.00715
0.00789
0.00873
0.00968
0.01084
0.01155
0.01144
0.01099
0.01066
0.0107
0.0105
0.01003
0.00939
0.00857
0.00741
0.00604
0.0047
0.00337
0.00212
0.00105
0.00029
-0.00045
-0.00109
-0.00162
-0.00214
-0.00261
-0.00331
-0.0042
-0.0054
-0.00675
-0.00792
-0.00901
-0.00984
-0.01022
-0.01043
-0.01048
-0.01041
-0.01016
-0.00978
-0.00955
-0.00948
-0.00908
-0.00835
-0.00756
-0.0069
-0.00648
-0.00619
-0.0061
-0.00585
-0.00532
-0.00483
-0.00479
-0.00507
-0.00568
-0.00652
-0.00739
-0.00821
-0.00879
-0.00918
-0.0093
-0.00931
-0.00935
-0.00937
-0.00941
-0.00957
-0.00992
-0.01034
-0.01063
-0.01061
-0.01038
-0.00983
-0.00919
-0.00879
-0.00844
-0.00812
-0.00759
-0.00716
-0.00717
-0.0072
-0.00724
-0.00732
-0.00729
-0.00688
-0.00587
-0.00447
-0.00322
-0.00227
-0.00132
-0.00035
0.00033
0.00099
0.0016
0.00202
0.00208
0.00214
0.00204
0.00179
0.00154
0.00124
0.00112
0.00109
0.00111
0.00127
0.00166
0.00241
0.00292
0.00302
0.00242
0.00171
0.00132
0.00112
0.00087
0.00023
-0.0005
-0.00135
-0.00228
-0.00285
-0.00337
-0.00382
-0.00424
-0.00458
-0.00466
-0.00441
-0.00387
-0.00331
-0.00262
-0.00178
-0.00094
-0.00019
0.00056
0.00165
0.00285
0.00395
0.00482
0.00545
0.00605
0.00657
0.00699
0.00728
0.00739
0.00728
0.00736
0.00746
0.00757
0.0079
0.00833
0.00902
0.00978
0.01056
0.01137
0.01225
0.01288
0.01341
0.01392
0.01431
0.01485
0.01518
0.01517
0.01505
0.01476
0.01436
0.01399
0.01369
0.01363
0.01382
0.01401
0.01439
0.01517
0.01612
0.01676
0.01723
0.01766
0.01795
0.01808
0.0183
0.01822
0.01782
0.01761
0.01731
0.0166
0.0159
0.01551
0.01541
0.01553
0.01571
0.01602
0.01595
0.01539
0.01492
0.01412
0.01333
0.01278
0.01244
0.01237
0.01236
0.01213
0.01167
0.01123
0.01108
0.01095
0.01083
0.01108
0.01158
0.01248
0.01352
0.01433
0.01466
0.01479
0.01496
0.01516
0.01499
0.01438
0.01361
0.0124
0.0108
0.0091
0.00728
0.0056
0.00411
0.00305
0.00278
0.00318
0.00409
0.00533
0.00645
0.00717
0.00728
0.00699
0.00642
0.00588
0.00552
0.00552
0.00608
0.00693
0.00782
0.00857
0.00894
0.009
0.00848
0.00719
0.00532
0.003
0.00108
0.00041
-0.00012
-0.00074
-0.00121
-0.00173
-0.00231
-0.00282
-0.00347
-0.00411
-0.00454
-0.0049
-0.00533
-0.00582
-0.00599
-0.00594
-0.00592
-0.00595
-0.00608
-0.00637
-0.0068
-0.00717
-0.00733
-0.00755
-0.00799
-0.00845
-0.0087
-0.00885
-0.00867
-0.00828
-0.00794
-0.00752
-0.00681
-0.00591
-0.00515
-0.00459
-0.00414
-0.00395
-0.0042
-0.00445
-0.00464
-0.00484
-0.00527
-0.00595
-0.00643
-0.00664
-0.00664
-0.00655
-0.00644
-0.00654
-0.00693
-0.00766
-0.00851
-0.00927
-0.00975
-0.00994
-0.01035
-0.01098
-0.01161
-0.01221
-0.01281
-0.01337
-0.014
-0.01472
-0.01562
-0.01656
-0.0171
-0.01687
-0.01627
-0.01567
-0.01528
-0.01514
-0.015
-0.01523
-0.01552
-0.01571
-0.01629
-0.01706
-0.01762
-0.01804
-0.01834
-0.01859
-0.01891
-0.01893
-0.0186
-0.01809
-0.01766
-0.01715
-0.01631
-0.01525
-0.01406
-0.01286
-0.01159
-0.01009
-0.00866
-0.00759
-0.00663
-0.00576
-0.00522
-0.00513
-0.00516
-0.00517
-0.00519
-0.00512
-0.00492
-0.00497
-0.00506
-0.00502
-0.00474
-0.00414
-0.00341
-0.00263
-0.00189
-0.00123
-0.00072
-0.0003
0.00006
0.0006
0.00111
0.00173
0.00266
0.00386
0.00501
0.00605
0.00707
0.00816
0.00931
0.01032
0.01098
0.0113
0.01152
0.01186
0.01227
0.01245
0.01265
0.01267
0.0124
0.01183
0.01082
0.00961
0.00849
0.00748
0.00632
0.00466
0.00263
0.00055
-0.00139
-0.00305
-0.00432
-0.00568
-0.00709
-0.0084
-0.00981
-0.01094
-0.01181
-0.01235
-0.01245
-0.01201
-0.01146
-0.01077
-0.0099
-0.00905
-0.0082
-0.00765
-0.00741
-0.00764
-0.00813
-0.00847
-0.0083
-0.0077
-0.0069
-0.00611
-0.00543
-0.00506
-0.0049
-0.00444
-0.00389
-0.00351
-0.00313
-0.00291
-0.0031
-0.00356
-0.004
-0.00453
-0.00524
-0.00595
-0.00694
-0.00829
-0.00987
-0.01164
-0.01315
-0.01412
-0.01467
-0.01494
-0.01481
-0.01457
-0.01417
-0.01368
-0.01313
-0.01277
-0.01235
-0.01197
-0.01162
-0.01107
-0.01049
-0.00985
-0.00902
-0.00813
-0.00736
-0.0068
-0.00641
-0.00606
-0.0058
-0.00558
-0.00546
-0.00548
-0.0058
-0.00623
-0.00669
-0.0071
-0.00741
-0.00762
-0.00776
-0.00759
-0.00736
-0.00738
-0.00744
-0.00734
-0.00708
-0.00674
-0.0064
-0.00588
-0.00539
-0.00492
-0.00442
-0.00381
-0.0035
-0.00334
-0.00333
-0.00296
-0.00226
-0.00119
0.00005
0.001
0.00178
0.00239
0.0032
0.00394
0.00465
0.00554
0.00642
0.00709
0.00754
0.00768
0.00768
0.00778
0.00787
0.00783
0.00755
0.00705
0.00667
0.0068
0.00717
0.0073
0.00677
0.00578
0.00498
0.00465
0.00487
0.00518
0.00516
0.0051
0.00533
0.00574
0.00629
0.00663
0.00697
0.00736
0.00763
0.00814
0.00895
0.00983
0.01071
0.01138
0.01188
0.01232
0.01279
0.01342
0.01391
0.01429
0.01434
0.0145
0.01502
0.01583
0.01639
0.01667
0.01699
0.01714
0.01712
0.01717
0.01706
0.01695
0.01692
0.01682
0.01631
0.0158
0.01541
0.0153
0.01521
0.01499
0.01475
0.0145
0.0147
0.01484
0.01493
0.01506
0.01514
0.01555
0.01609
0.01649
0.01674
0.01719
0.01766
0.0176
0.01737
0.01716
0.01686
0.01661
0.01626
0.01577
0.01512
0.01462
0.01411
0.01377
0.01332
0.01273
0.01196
0.01104
0.0102
0.00958
0.0092
0.00879
0.00808
0.00727
0.00646
0.0056
0.00473
0.004
0.00342
0.00293
0.00236
0.00186
0.00134
0.00102
0.00107
0.00143
0.00195
0.00233
0.00275
0.00343
0.00428
0.00558
0.00719
0.00837
0.00885
0.00886
0.00888
0.00902
0.00917
0.00926
0.00919
0.00889
0.00839
0.008
0.00799
0.00787
0.0076
0.00727
0.00684
0.00676
0.00668
0.00653
0.0065
0.00632
0.00589
0.00548
0.00518
0.00496
0.0048
0.0045
0.00446
0.00474
0.00515
0.00543
0.00553
0.00563
0.0059
0.00618
0.00619
0.00614
0.00631
0.00667
0.00694
0.00705
0.0071
0.00744
0.00782
0.00782
0.00787
0.00787
0.00791
0.00804
0.00819
0.00824
0.00809
0.00785
0.00762
0.00731
0.00686
0.0065
0.00596
0.00529
0.00463
0.00411
0.00352
0.00291
0.00231
0.00199
0.00172
0.00144
0.00118
0.00094
0.00065
0.00017
-0.00031
-0.00094
-0.00158
-0.00223
-0.00309
-0.00399
-0.00453
-0.00481
-0.00524
-0.00563
-0.0059
-0.00647
-0.00723
-0.00783
-0.00827
-0.00898
-0.00985
-0.01051
-0.01092
-0.01131
-0.0116
-0.01174
-0.01179
-0.01181
-0.01177
-0.01157
-0.0112
-0.01082
-0.0103
-0.00918
-0.00778
-0.00672
-0.00621
-0.00616
-0.00578
-0.00502
-0.00428
-0.00351
-0.00272
-0.0021
-0.00175
-0.00158
-0.00138
-0.0012
-0.00084
-0.00039
-0.00009
0.00004
-0.00007
-0.00034
-0.00078
-0.0012
-0.0017
-0.00237
-0.00303
-0.00386
-0.00484
-0.0059
-0.00679
-0.0077
-0.00866
-0.00959
-0.01024
-0.01043
-0.0105
-0.01062
-0.01057
-0.0104
-0.00999
-0.00946
-0.00915
-0.0087
-0.00824
-0.00801
-0.0078
-0.00761
-0.00739
-0.00723
-0.0071
-0.00701
-0.0071
-0.00731
-0.00755
-0.0076
-0.00756
-0.00761
-0.00753
-0.00775
-0.00842
-0.00906
-0.00988
-0.01082
-0.01186
-0.01296
-0.01405
-0.01514
-0.01598
-0.01675
-0.01744
-0.01787
-0.01804
-0.01809
-0.01802
-0.01773
-0.01736
-0.0169
-0.01594
-0.01466
-0.01354
-0.01256
-0.01166
-0.01087
-0.0102
-0.00949
-0.00894
-0.00856
-0.00804
-0.00744
-0.00662
-0.0056
-0.00447
-0.00348
-0.00245
-0.00164
-0.00086
-0.00026
-0.00005
0.00005
0.00023
0.0003
-0.00007
-0.00111
-0.0026
-0.00382
-0.00476
-0.00561
-0.00642
-0.00719
-0.00791
-0.00838
-0.00853
-0.00833
-0.00806
-0.00759
-0.00706
-0.00658
-0.00592
-0.00509
-0.00446
-0.00392
-0.00322
-0.0027
-0.00228
-0.00191
-0.00127
-0.001
-0.00119
-0.00157
-0.00193
-0.00201
-0.00206
-0.00237
-0.00281
-0.00313
-0.00323
-0.0035
-0.0039
-0.00417
-0.00437
-0.0045
-0.00475
-0.00525
-0.00552
-0.00564
-0.00593
-0.00649
-0.00691
-0.00749
-0.00823
-0.00887
-0.00934
-0.00992
-0.01043
-0.0109
-0.01124
-0.01129
-0.01128
-0.01116
-0.01081
-0.01035
-0.00993
-0.00955
-0.00914
-0.00861
-0.0079
-0.00723
-0.00669
-0.00633
-0.0059
-0.00552
-0.00526
-0.005
-0.00491
-0.00518
-0.00546
-0.00531
-0.0047
-0.00387
-0.00318
-0.00256
-0.00218
-0.00182
-0.00113
-0.0002
0.00081
0.00174
0.00251
0.0031
0.00385
0.00485
0.00594
0.00685
0.00754
0.00803
0.0085
0.00891
0.00948
0.01023
0.01107
0.01189
0.01213
0.01191
0.01162
0.01173
0.01227
0.01297
0.01342
0.01357
0.01373
0.01386
0.01395
0.01382
0.01343
0.01289
0.01238
0.01213
0.0118
0.01138
0.01077
0.01007
0.00943
0.00895
0.00857
0.00814
0.0078
0.00748
0.00688
0.00629
0.00589
0.00554
0.00542
0.00523
0.00482
0.00434
0.00414
0.00423
0.00429
0.00428
0.00415
0.00381
0.0033
0.003
0.0031
0.00306
0.00274
0.00223
0.00183
0.00171
0.00152
0.00114
0.00083
0.00078
0.00072
0.00065
0.00063
0.00061
0.00061
0.00065
0.00073
0.00076
0.00058
0.00055
0.00057
0.00064
0.00081
0.00106
0.00118
0.00108
0.00122
0.00119
0.00105
0.00106
0.001
0.00064
-0.00028
-0.00121
-0.00166
-0.0016
-0.00155
-0.0016
-0.00168
-0.0018
-0.00196
-0.00216
-0.00253
-0.00265
-0.00273
-0.00317
-0.00365
-0.00401
-0.00413
-0.00403
-0.00374
-0.00324
-0.00273
-0.00229
-0.00181
-0.00128
-0.00053
0.00008
0.00051
0.00059
0.00042
0.00034
0.00048
0.00076
0.00111
0.00152
0.00174
0.00181
0.00194
0.00207
0.00196
0.00181
0.00195
0.00234
0.00275
0.00272
0.00263
0.00276
0.00296
0.00322
0.00353
0.00365
0.00337
0.00306
0.00312
0.00329
0.00368
0.00389
0.00396
0.00406
0.00389
0.00373
0.00381
0.00393
0.00393
0.00361
0.00341
0.00324
0.0031
0.00306
0.00321
0.00337
0.00331
0.00297
0.0028
0.00274
0.0027
0.00262
0.0024
0.00194
0.00141
0.00107
0.00081
0.00055
0.00027
-0.00006
-0.00037
-0.00058
-0.00062
-0.00057
-0.00053
-0.00024
0.00001
0.00023
0.00038
0.00051
0.00075
0.00141
0.00233
0.00315
0.00373
0.00375
0.00363
0.00385
0.00414
0.00427
0.00439
0.00445
0.00426
0.00411
0.00387
0.00347
0.00295
0.00251
0.00208
0.00167
0.00131
0.00097
0.00051
-0.00002
-0.00057
-0.00112
-0.00188
-0.00237
-0.00265
-0.00272
-0.00258
-0.00249
-0.00257
-0.0029
-0.00316
-0.00346
-0.00348
-0.0029
-0.00207
-0.00146
-0.00095
-0.0005
-0.00002
0.00058
0.00098
0.00141
0.00171
0.00177
0.0015
0.00109
0.00064
0.00029
0
-0.00027
-0.00037
-0.00042
-0.00035
-0.00015
0.0001
0.00029
0.00056
0.00056
0.00065
0.00083
0.00091
0.00083
0.00068
0.00071
0.00074
0.00074
0.00072
0.00071
0.00072
0.00081
0.00098
0.00118
0.00145
0.00187
0.00219
0.00272
0.00308
0.00359
0.00411
0.00425
0.00433
0.00442
0.00433
0.0043
0.00418
0.00376
0.00313
0.00262
0.00198
0.00137
0.00076
0.00013
-0.00067
-0.00125
-0.00157
-0.00176
-0.00196
-0.00199
-0.00195
-0.0019
-0.00208
-0.00245
-0.0024
-0.00154
-0.00054
0.00036
0.00113
0.00156
0.00173
0.00221
0.00313
0.00406
0.00476
0.00534
0.00575
0.00609
0.00629
0.00643
0.00635
0.00618
0.00592
0.00557
0.00546
0.00548
0.00559
0.0057
0.00569
0.00529
0.00439
0.00346
0.00315
0.00325
0.00322
0.00303
0.00279
0.0024
0.00217
0.00198
0.00172
0.00107
0.00017
-0.00081
-0.00176
-0.00262
-0.00328
-0.00394
-0.00466
-0.00555
-0.00625
-0.0067
-0.00699
-0.00707
-0.00708
-0.00723
-0.00727
-0.00698
-0.00672
-0.00638
-0.00632
-0.00641
-0.00654
-0.00674
-0.00695
-0.00734
-0.0081
-0.00888
-0.00949
-0.01008
-0.01053
-0.01091
-0.01125
-0.01172
-0.01205
-0.01214
-0.01217
-0.01224
-0.01226
-0.0121
-0.01196
-0.01187
-0.01161
-0.01111
-0.01053
-0.00977
-0.00888
-0.00797
-0.00688
-0.00572
-0.00477
-0.0041
-0.00359
-0.00311
-0.00287
-0.00277
-0.00265
-0.00269
-0.00284
-0.00328
-0.00409
-0.00508
-0.006
-0.00709
-0.00815
-0.00875
-0.00907
-0.00936
-0.00994
-0.01048
-0.01082
-0.01092
-0.01082
-0.01066
-0.0105
-0.01025
-0.01027
-0.0103
-0.01048
-0.01075
-0.01092
-0.01095
-0.01109
-0.01142
-0.01182
-0.01185
-0.01147
-0.01092
-0.0101
-0.00968
-0.00988
-0.01034
-0.01083
-0.01097
-0.01078
-0.01056
-0.01025
-0.00989
-0.00951
-0.00901
-0.00874
-0.00848
-0.00829
-0.00807
-0.00785
-0.00752
-0.00712
-0.00672
-0.00652
-0.00653
-0.00645
-0.00602
-0.0056
-0.00514
-0.00496
-0.00495
-0.00494
-0.00487
-0.00474
-0.00465
-0.00471
-0.00483
-0.00507
-0.00527
-0.00573
-0.00623
-0.00652
-0.00687
-0.00748
-0.00804
-0.00823
-0.00811
-0.00795
-0.00774
-0.00735
-0.00718
-0.00715
-0.00718
-0.00712
-0.00693
-0.00662
-0.00628
-0.00603
-0.00559
-0.00476
-0.00395
-0.00335
-0.00289
-0.00255
-0.00235
-0.002
-0.00153
-0.00117
-0.00085
-0.00038
0.00006
0.00038
0.00083
0.00131
0.00171
0.00221
0.00234
0.00203
0.00176
0.00168
0.00208
0.00257
0.00278
0.00324
0.00379
0.00413
0.00456
0.00479
0.00492
0.00524
0.00561
0.00579
0.00591
0.00607
0.0059
0.00558
0.00522
0.00502
0.00491
0.00487
0.00496
0.00509
0.00549
0.00609
0.00645
0.00644
0.00615
0.00597
0.00595
0.006
0.00606
0.00619
0.00626
0.00632
0.00636
0.00622
0.00573
0.00496
0.00443
0.00466
0.00546
0.00586
0.00589
0.00605
0.00623
0.00662
0.00727
0.00774
0.00807
0.00834
0.0085
0.00866
0.00889
0.00917
0.00928
0.00932
0.0093
0.00952
0.00983
0.00995
0.00999
0.0101
0.0102
0.01033
0.0107
0.01117
0.0111
0.01075
0.0103
0.01003
0.01009
0.00993
0.0094
0.00877
0.00846
0.00829
0.00833
0.00849
0.00871
0.00893
0.00912
0.00932
0.00963
0.01006
0.01056
0.01099
0.01092
0.01075
0.01094
0.01119
0.01126
0.01117
0.01105
0.01095
0.01077
0.01024
0.00961
0.00889
0.00809
0.0073
0.0063
0.00552
0.00524
0.00516
0.0049
0.00435
0.0038
0.00331
0.00311
0.00311
0.00299
0.00286
0.00297
0.00325
0.00349
0.0037
0.00397
0.00413
0.00422
0.00423
0.00431
0.00443
0.0046
0.00519
0.00567
0.00574
0.0057
0.00579
0.00647
0.00728
0.00814
0.00902
0.01001
0.01093
0.01158
0.01228
0.01299
0.01348
0.01387
0.01389
0.01362
0.01368
0.01381
0.0138
0.01379
0.01354
0.0129
0.01205
0.01131
0.01066
0.01028
0.00995
0.00943
0.00909
0.00908
0.0091
0.00899
0.00871
0.00829
0.00795
0.00775
0.00774
0.00769
0.00771
0.00767
0.00776
0.00783
0.00793
0.00808
0.0083
0.00879
0.00966
0.01049
0.01102
0.0114
0.01185
0.01231
0.01251
0.01262
0.01257
0.01231
0.0121
0.01211
0.01223
0.012
0.01157
0.01087
0.01017
0.0095
0.00851
0.00736
0.00626
0.00534
0.00433
0.00354
0.00302
0.00265
0.00218
0.00183
0.00128
0.0007
0.00048
0.0008
0.00133
0.00175
0.00181
0.00167
0.00165
0.00173
0.00175
0.00165
0.00164
0.00177
0.00152
0.00106
0.00069
0.00021
-0.00027
-0.00054
-0.00085
-0.00146
-0.00193
-0.00183
-0.00143
-0.00082
-0.00037
-0.00058
-0.00092
-0.00092
-0.00085
-0.00077
-0.00065
-0.00053
-0.00054
-0.00075
-0.00088
-0.00078
-0.00071
-0.00091
-0.00125
-0.00175
-0.00211
-0.00213
-0.00211
-0.00215
-0.00217
-0.00209
-0.0019
-0.00169
-0.00143
-0.00137
-0.00159
-0.00168
-0.0016
-0.00133
-0.00114
-0.00119
-0.00122
-0.00122
-0.00121
-0.00126
-0.00137
-0.00151
-0.00155
-0.00128
-0.00114
-0.0013
-0.00133
-0.00134
-0.00143
-0.00163
-0.0019
-0.00229
-0.00262
-0.00313
-0.00354
-0.00367
-0.00387
-0.00432
-0.00477
-0.00514
-0.00574
-0.00619
-0.00654
-0.00716
-0.00793
-0.00845
-0.0088
-0.009
-0.00905
-0.00935
-0.00973
-0.00996
-0.01008
-0.00996
-0.00981
-0.00959
-0.00962
-0.00973
-0.00971
-0.00943
-0.00881
-0.00805
-0.00756
-0.00731
-0.00728
-0.0072
-0.00717
-0.00721
-0.00709
-0.00716
-0.00739
-0.00777
-0.00822
-0.00862
-0.00924
-0.01006
-0.01085
-0.01162
-0.01235
-0.0131
-0.01365
-0.01368
-0.01327
-0.0129
-0.0129
-0.01343
-0.01395
-0.01396
-0.01387
-0.01375
-0.01339
-0.01276
-0.01212
-0.01159
-0.01106
-0.01065
-0.01042
-0.01016
-0.00984
-0.00956
-0.00941
-0.0095
-0.00987
-0.01022
-0.00992
-0.00939
-0.00897
-0.00863
-0.00821
-0.00785
-0.00743
-0.00696
-0.00663
-0.00637
-0.00607
-0.00596
-0.00589
-0.00569
-0.00549
-0.0055
-0.00553
-0.00552
-0.00543
-0.00519
-0.00481
-0.00444
-0.00398
-0.00352
-0.00314
-0.00275
-0.00225
-0.00204
-0.00197
-0.00186
-0.00157
-0.00121
-0.00119
-0.00132
-0.00134
-0.00115
-0.00094
-0.00097
-0.00099
-0.00094
-0.00084
-0.00075
-0.0008
-0.00094
-0.00097
-0.00104
-0.00119
-0.00133
-0.00161
-0.00208
-0.00247
-0.00287
-0.00338
-0.00423
-0.00516
-0.00561
-0.00555
-0.00537
-0.00512
-0.00501
-0.00507
-0.00504
-0.00499
-0.00503
-0.00526
-0.00565
-0.00593
-0.006
-0.00593
-0.00586
-0.006
-0.00618
-0.00623
-0.00609
-0.00589
-0.00584
-0.00563
-0.00503
-0.0042
-0.00343
-0.00292
-0.00274
-0.00264
-0.0022
-0.00146
-0.00068
0.00011
0.00069
0.00098
0.00115
0.00128
0.00136
0.00152
0.00135
0.00098
0.00068
0.00038
0.00017
0.0002
0.00052
0.00049
0.00022
0.00017
0.00025
0.00046
0.00064
0.0007
0.00068
0.00074
0.00087
0.00101
0.00123
0.00147
0.00158
0.00144
0.00134
0.00156
0.00184
0.0021
0.00239
0.00246
0.00245
0.00267
0.00297
0.0033
0.00348
0.00349
0.00358
0.00371
0.00381
0.00384
0.00382
0.00382
0.0037
0.00359
0.00341
0.00323
0.00315
0.00326
0.00332
0.00331
0.00329
0.00352
0.00384
0.00419
0.00448
0.00468
0.00484
0.00488
0.00489
0.00496
0.00486
0.00453
0.00398
0.0032
0.00255
0.0023
0.00226
0.00225
0.00214
0.00208
0.00186
0.00146
0.00102
0.00069
0.00057
0.00038
-0.00001
-0.00033
-0.00038
-0.0004
-0.00042
-0.00039
-0.00042
-0.0004
-0.00047
-0.00049
-0.00039
-0.0001
0.0005
0.00114
0.0014
0.00137
0.0015
0.00179
0.00217
0.00256
0.00286
0.00302
0.00306
0.0031
0.0033
0.0036
0.00378
0.00384
0.00377
0.0038
0.00383
0.00384
0.00374
0.00343
0.00298
0.0025
0.00217
0.00204
0.00202
0.00195
0.00188
0.00189
0.00196
0.00221
0.00265
0.00292
0.00305
0.00325
0.00347
0.00375
0.00412
0.00452
0.00485
0.00498
0.00497
0.00491
0.00494
0.0051
0.00514
0.00498
0.00469
0.00437
0.00418
0.00402
0.00387
0.00361
0.00317
0.00277
0.00236
0.00199
0.00164
0.0014
0.00124
0.00114
0.00103
0.00081
0.00066
0.00053
0.0005
0.00052
0.00058
0.00058
0.00051
0.00037
0.00028
0.0001
-0.00015
-0.00042
-0.00071
-0.00076
-0.0005
-0.00027
-0.00015
-0.00013
-0.00014
-0.00016
-0.0003
-0.00057
-0.0008
-0.0008
-0.00065
-0.0004
0.00009
0.00067
0.00128
0.00192
0.0025
0.00281
0.00306
0.00326
0.00334
0.00346
0.00349
0.00322
0.00272
0.00213
0.00171
0.00143
0.00119
0.00112
0.00115
0.00129
0.00155
0.00174
0.00183
0.00188
0.00196
0.00203
0.00215
0.00209
0.00182
0.00161
0.00138
0.00104
0.00055
0.00009
-0.00025
-0.00035
-0.00024
-0.00031
-0.00046
-0.00037
-0.00015
0.00005
0.00008
0.00013
0.00033
0.00056
0.00067
0.00065
0.00065
0.00052
0.00032
0.00029
0.00031
0.0005
0.00067
0.0007
0.00069
0.00081
0.00107
0.00128
0.00132
0.00134
0.00134
0.00123
0.00118
0.00114
0.00106
0.00088
0.00063
0.0004
0.00042
0.00053
0.0005
0.00034
0.00025
0.00025
0.00033
0.00043
0.00047
0.00047
0.00047
0.00047
0.00038
0.00014
-0.00021
-0.00056
-0.00099
-0.00125
-0.00132
-0.00144
-0.00162
-0.0018
-0.00189
-0.00199
-0.00205
-0.00221
-0.00242
-0.00253
-0.00262
-0.00282
-0.00306
-0.00319
-0.00313
-0.00309
-0.00309
-0.00312
-0.00315
-0.00311
-0.00295
-0.00275
-0.00256
-0.00259
-0.0028
-0.00305
-0.00331
-0.00354
-0.00373
-0.00378
-0.00387
-0.00413
-0.00441
-0.00464
-0.00481
-0.00489
-0.00482
-0.00466
-0.00436
-0.00396
-0.00356
-0.0032
-0.00283
-0.00245
-0.00213
-0.0019
-0.00171
-0.00145
-0.00123
-0.00104
-0.0009
-0.00077
-0.00061
-0.00045
-0.00028
-0.00011
0.00005
0.00024
0.00039
0.00046
0.0005
0.00061
0.0007
0.00071
0.00065
0.00045
0.00011
-0.00021
-0.00048
-0.00073
-0.00099
-0.00126
-0.0015
-0.00171
-0.00182
-0.00184
-0.00186
-0.00182
-0.00183
-0.00184
-0.00177
-0.00169
-0.00156
-0.00144
-0.00128
-0.00113
-0.00099
-0.00082
-0.00059
-0.00037
-0.00018
-0.00002
0.00014
0.00026
0.00042
0.00055
0.00062
0.00067
0.00067
0.00064
0.0007
0.00081
0.0009
0.00095
0.00092
0.00085
0.00073
0.00065
0.00057
0.00051
0.00056
0.00064
0.00064
0.00054
0.00049
0.00044
0.00035
0.00025
0.00013
-0.00002
-0.00017
-0.00023
-0.00019
-0.0001
-0.00013
-0.00024
-0.00035
-0.00043
-0.00047
-0.00052
-0.00056
-0.00061
-0.0007
-0.00079
-0.00083
-0.00092
-0.00099
-0.00104
-0.0011
-0.00119
-0.00127
-0.00128
-0.00126
-0.00123
-0.00121
-0.00123
-0.00122
-0.00117
-0.00109
-0.00096
-0.00084
-0.00071
-0.0006
-0.00051
-0.00041
-0.00027
-0.00013
-0.00005
0
0.00005
0.0001
0.00013
0.00014
0.00014
0.00015
0.00019
0.00022
0.00024
0.00025
0.00022
0.00018
0.00016
0.00014
0.00012
0.00009
0.00004
-0.00001
-0.00005
-0.00012
-0.00017
-0.00021
-0.00024
-0.00028
-0.00031
-0.00035
-0.00038
-0.00036
-0.00034
-0.00031
-0.00025
-0.00017
-0.0001
-0.00005
0
0.00005
0.00009
0.00011
0.00015
0.00021
0.00026
0.00036
0.00047
0.00055
0.00057
0.00057
0.00056
0.00058
0.00059
0.0006
0.0006
0.00061
0.00063
0.00065
0.00069
0.00073
0.00074
0.00073
0.00073
0.00073
0.00075
0.0008
0.00086
0.00093
0.001
0.00102
0.001
0.00097
0.00098
0.00099
0.00101
0.001
0.00099
0.00101
0.00105
0.00109
0.00113
0.00116
0.00117
0.00117
0.00118
0.00119
0.00115
0.00111
0.00107
0.00103
0.001
0.00099
0.00098
0.00097
0.00095
0.00091
0.00088
0.00086
0.00085
0.00083
0.0008
0.00077
0.00076
0.00075
0.00075
0.00075
0.00077
0.00078
0.00079
0.00079
0.00078
0.00076
0.00074
0.00071
0.00068
0.00065
0.00063
0.00062
0.00062
0.00062
0.00063
0.00063
0.00063
0.00063
0.00063
0.00063
0.00063
0.00062
0.00061
0.0006
0.00059
0.00059
0.00058
0.00056
0.00055
0.00054
0.00053
0.00052
0.00051
0.00051
0.00051
0.00052
0.00053
0.00053
0.00054
0.00055
0.00056
0.00057
0.00058
0.00058
0.00058
0.00057
0.00056
0.00055
0.00054
0.00052
0.00051
0.00049
0.00047
0.00044
0.00042
0.00041
0.00039
0.00037
0.00036
0.00034
0.00032
0.00031
0.0003
0.0003
0.00028
0.00026
0.00024
0.00023
0.00021
0.0002
0.00018
0.00017
0.00016
0.00014
0.00013
0.00013
0.00012
0.00011
0.00011
0.0001
0.0001
0.00009
0.00009
0.00008
0.00008
0.00007
0.00007
0.00006
0.00006
0.00005
0.00005
0.00004
0.00004
0.00003
0.00002
0.00002
0.00001
0.00001
0
0
-0.00001
-0.00001
-0.00002
-0.00002
-0.00003
-0.00003
-0.00004
-0.00004
-0.00005
-0.00005
-0.00006
-0.00006
-0.00007
-0.00007
-0.00008
-0.00008
-0.00009
-0.00009
-0.00009
-0.0001
-0.0001
-0.00011
-0.00011
-0.00011
-0.00012
-0.00012
-0.00013
-0.00013
-0.00013
-0.00014
-0.00014
-0.00014
-0.00015
-0.00015
-0.00015
-0.00015
-0.00016
-0.00016
-0.00016
-0.00016
-0.00017
-0.00017
-0.00017
-0.00017
-0.00017
-0.00017
-0.00018
-0.00018
-0.00018
-0.00018
-0.00018
-0.00019
-0.00019
-0.00019
-0.00019
-0.00019
-0.00019
-0.0002
-0.0002
-0.0002
-0.0002
-0.0002
-0.0002
-0.00021
-0.00021
-0.00021
-0.00021
-0.00021
-0.00021
-0.00022
-0.00022
-0.00022
-0.00022
-0.00022
-0.00022
-0.00022
-0.00023
-0.00023
-0.00023
-0.00023
-0.00023
-0.00023
-0.00023
-0.00024
-0.00024
-0.00024
-0.00024
-0.00024
-0.00024
-0.00024
-0.00024
-0.00025
-0.00025
-0.00025
-0.00025
-0.00025
-0.00025
-0.00025
-0.00025
-0.00026
-0.00026
-0.00026
-0.00026
-0.00026