0.01
0.00284
0.00283
0.00281
0.0028
0.00279
0.00278
0.00276
0.00275
0.00273
0.0027
0.0027
0.00272
0.00266
0.00256
0.0026
0.00266
0.00253
0.00243
0.00253
0.00268
0.00272
0.00279
0.00277
0.00273
0.00282
0.00249
0.00216
0.00249
0.00297
0.00321
0.00279
0.00236
0.00285
0.00293
0.00194
0.00162
0.00219
0.00174
0.00125
0.00166
0.00213
0.00255
0.00255
0.00183
0.00278
0.00377
0.00185
0.00038
0.00277
0.00533
0.00437
0.00258
0.00364
0.00515
0.00312
0.00032
0.00134
0.00377
0.00281
0.00255
0.00313
0.00144
0.00011
0.0009
0.00238
0.00283
0.00041
-0.00356
-0.00306
0.00205
0.00276
0.00003
0.00403
0.01053
0.01002
0.00638
0.00756
0.00778
0.00871
0.01236
0.00866
-0.00449
-0.01275
-0.00827
0.0009
0.00208
-0.00435
-0.00319
0.00537
0.00718
-0.00025
-0.00054
0.00186
-0.00269
0.00017
0.00547
-0.00256
-0.00753
-0.00079
0.00669
0.01512
0.02414
0.02516
0.02013
0.01755
0.01063
0.00127
0.00615
0.0191
0.01561
-0.00123
-0.00991
-0.01214
-0.01007
0.00198
0.00944
0.00271
0.00234
0.01211
0.00949
0.00447
0.01684
0.03061
0.02863
0.01954
0.01201
0.01189
0.01511
0.01497
0.01982
0.02372
0.01815
0.01859
0.02671
0.02557
0.02704
0.03024
0.02121
0.01596
0.01176
-0.00113
-0.0059
0.00462
0.00885
0.00814
0.01558
0.02462
0.03304
0.0436
0.04351
0.0372
0.03309
0.02012
0.00866
0.01252
0.01456
0.01215
0.01551
0.01483
0.01895
0.03688
0.05051
0.02845
-0.00596
-0.03439
-0.04066
-0.00929
0.0228
0.02565
0.01167
0.01404
0.02189
0.01692
0.01816
0.01881
0.01045
0.01409
0.02769
0.02808
0.01644
0.00872
0.01015
0.01467
0.00925
-0.0015
0.00093
0.01777
0.02269
0.00262
-0.00468
0.01514
0.0265
0.01898
0.00777
-0.00774
-0.02482
-0.03848
-0.0433
-0.03947
-0.038
-0.03382
-0.01674
0.00393
0.01805
0.02114
0.01578
0.01531
0.01064
-0.01022
-0.03707
-0.04292
-0.01659
0.01638
0.0311
0.01216
-0.01985
-0.02107
0.01238
0.04247
0.04163
0.01584
-0.0113
-0.01972
-0.02446
-0.03409
-0.0371
-0.02908
-0.02395
-0.02995
-0.03523
-0.00778
0.04995
0.07805
0.05353
-0.00526
-0.04874
-0.05035
-0.02957
-0.01476
0.00757
0.04465
0.06391
0.03254
-0.01059
-0.00099
0.03705
0.03747
0.01002
0.00625
0.01883
0.01328
-0.0021
-0.01782
-0.0423
-0.06049
-0.06102
-0.05202
-0.02922
0.00874
0.03082
0.03031
0.00965
-0.03489
-0.0618
-0.05724
-0.04417
-0.0216
0.01721
0.03455
0.01151
-0.01535
-0.02369
-0.02298
-0.01886
-0.00591
0.01497
0.02417
-0.00168
-0.05024
-0.06635
-0.03617
-0.00314
0.00255
-0.00967
-0.02581
-0.03318
-0.01238
0.02236
0.02819
0.00123
-0.02276
-0.01842
-0.0026
-0.01021
-0.0394
-0.06554
-0.07991
-0.08384
-0.08971
-0.11792
-0.15654
-0.15511
-0.11425
-0.09252
-0.12437
-0.16275
-0.16787
-0.1545
-0.14166
-0.13735
-0.14531
-0.15294
-0.14009
-0.11134
-0.11034
-0.14634
-0.167
-0.15085
-0.13025
-0.13203
-0.13918
-0.13866
-0.14492
-0.15147
-0.16558
-0.1973
-0.21913
-0.21738
-0.20939
-0.19345
-0.1552
-0.11657
-0.1046
-0.10971
-0.12815
-0.15266
-0.16268
-0.15355
-0.13101
-0.10065
-0.07436
-0.05846
-0.0369
0.01051
0.08036
0.14249
0.17906
0.18623
0.17245
0.15596
0.14416
0.11777
0.08429
0.08461
0.12998
0.18437
0.21752
0.22575
0.20738
0.16523
0.11731
0.06845
0.03496
0.02652
0.03665
0.06643
0.11314
0.15255
0.19058
0.25332
0.33199
0.37144
0.37101
0.35916
0.34998
0.34514
0.34468
0.34573
0.35091
0.35834
0.35879
0.34981
0.33664
0.32061
0.29618
0.26498
0.23715
0.21002
0.17253
0.13712
0.11668
0.10042
0.06476
-0.02958
-0.14396
-0.22407
-0.25986
-0.2643
-0.25568
-0.23965
-0.21994
-0.20279
-0.1971
-0.21151
-0.25889
-0.32066
-0.37667
-0.42961
-0.4593
-0.45395
-0.43399
-0.4131
-0.3729
-0.29745
-0.19599
-0.08196
0.02424
0.09828
0.16494
0.22721
0.27253
0.2862
0.28603
0.3099
0.35516
0.3993
0.43094
0.43797
0.42462
0.39253
0.33993
0.27341
0.19869
0.11872
0.03232
-0.05481
-0.10061
-0.09473
-0.07538
-0.07485
-0.10249
-0.14331
-0.17693
-0.20933
-0.26316
-0.32172
-0.36723
-0.39211
-0.38886
-0.36602
-0.33418
-0.3072
-0.28724
-0.26418
-0.22466
-0.18035
-0.13715
-0.09486
-0.0505
-0.01501
0.0007
0.00041
-0.02259
-0.05754
-0.05088
0.01599
0.07072
0.07555
0.07011
0.07588
0.07434
0.05591
0.00745
-0.07086
-0.11378
-0.09799
-0.0498
-0.00361
0.0128
0.00539
0.00431
0.00992
-0.00333
-0.03528
-0.05295
-0.04239
-0.00465
0.03261
0.03238
-0.00455
-0.02601
-0.01683
-0.00829
-0.01966
-0.04563
-0.07179
-0.08588
-0.09024
-0.11784
-0.17453
-0.22394
-0.22172
-0.15472
-0.05357
0.03457
0.08117
0.10229
0.13066
0.17087
0.18451
0.17122
0.16303
0.18929
0.24106
0.2849
0.29073
0.2555
0.19935
0.15394
0.1335
0.12351
0.08878
0.00875
-0.04886
-0.05863
-0.07108
-0.10691
-0.12856
-0.11688
-0.10118
-0.11066
-0.14751
-0.18664
-0.21403
-0.24223
-0.2762
-0.27732
-0.23473
-0.1846
-0.14125
-0.10919
-0.08218
-0.04847
0.00639
0.0893
0.18061
0.26223
0.32124
0.34018
0.34314
0.34821
0.34821
0.33947
0.3305
0.33063
0.33253
0.29592
0.20764
0.11549
0.04123
-0.01752
-0.04505
-0.05696
-0.08184
-0.11089
-0.12073
-0.1236
-0.14173
-0.15998
-0.16749
-0.18606
-0.22989
-0.27615
-0.2915
-0.24948
-0.17058
-0.08154
0.00009
0.04779
0.09416
0.16145
0.21115
0.21813
0.21223
0.21733
0.22794
0.23429
0.25032
0.27963
0.28748
0.22858
0.10568
-0.01856
-0.10203
-0.14851
-0.17413
-0.18169
-0.16676
-0.14219
-0.13272
-0.13023
-0.12165
-0.10969
-0.09473
-0.07343
-0.06146
-0.07268
-0.11181
-0.16536
-0.20863
-0.21376
-0.16637
-0.06918
0.03479
0.11363
0.17128
0.18369
0.13176
0.06269
0.03625
0.02841
0.0034
-0.00334
0.03979
0.11196
0.176
0.2129
0.2374
0.26292
0.2701
0.24007
0.20717
0.20222
0.19462
0.17366
0.15749
0.15359
0.16513
0.19061
0.2173
0.22739
0.20472
0.14997
0.09896
0.08818
0.1003
0.11731
0.1519
0.19673
0.23149
0.24246
0.21814
0.16173
0.09933
0.05843
0.05342
0.07399
0.09283
0.09818
0.10382
0.12424
0.15482
0.1682
0.14576
0.09884
0.05003
0.01451
-0.00313
-0.02525
-0.06937
-0.13261
-0.18874
-0.22537
-0.25431
-0.27881
-0.30065
-0.31521
-0.3242
-0.32724
-0.31318
-0.27318
-0.23006
-0.21128
-0.2123
-0.22196
-0.23112
-0.23188
-0.23017
-0.22216
-0.20358
-0.18744
-0.19014
-0.2101
-0.2183
-0.20137
-0.17703
-0.14973
-0.11623
-0.08849
-0.0778
-0.08384
-0.10869
-0.14635
-0.1775
-0.20215
-0.21916
-0.22304
-0.21359
-0.19237
-0.16539
-0.15098
-0.14576
-0.12967
-0.11379
-0.11522
-0.1205
-0.11938
-0.13083
-0.14083
-0.12333
-0.10252
-0.10654
-0.11349
-0.1061
-0.10135
-0.10946
-0.12601
-0.14534
-0.1603
-0.16803
-0.16618
-0.16123
-0.16864
-0.18586
-0.19278
-0.17609
-0.13498
-0.07793
-0.0107
0.04567
0.08055
0.10824
0.13661
0.15762
0.1735
0.19576
0.22086
0.23513
0.24582
0.26807
0.31235
0.37059
0.41738
0.43823
0.43459
0.41109
0.36774
0.30743
0.23936
0.1832
0.16721
0.17453
0.16453
0.12425
0.07343
0.01206
-0.0666
-0.14621
-0.18471
-0.18894
-0.19442
-0.22052
-0.2603
-0.29684
-0.31672
-0.32079
-0.31093
-0.28874
-0.24556
-0.18399
-0.13735
-0.10948
-0.091
-0.07778
-0.06409
-0.0402
-0.00616
0.02003
0.04505
0.0835
0.1148
0.11906
0.09567
0.06143
0.0613
0.10779
0.17058
0.21632
0.25255
0.29716
0.34191
0.37227
0.378
0.37284
0.3761
0.36931
0.33945
0.27006
0.19771
0.15521
0.13335
0.11088
0.0911
0.08889
0.10046
0.11013
0.10955
0.09681
0.07266
0.04879
0.0386
0.03218
0.01865
0.00699
0.00435
0.01033
0.02187
0.03054
0.02876
0.02083
0.01204
0.00299
-0.00619
-0.0214
-0.04086
-0.05822
-0.06783
-0.07502
-0.09249
-0.12775
-0.16777
-0.20294
-0.22101
-0.22258
-0.21731
-0.21263
-0.20313
-0.18915
-0.17725
-0.17286
-0.16542
-0.15103
-0.13266
-0.11714
-0.10032
-0.0773
-0.05961
-0.06289
-0.09038
-0.12654
-0.15264
-0.17292
-0.18715
-0.19088
-0.1671
-0.10653
-0.03171
0.03413
0.08826
0.13205
0.17055
0.20621
0.24204
0.28176
0.3182
0.33526
0.33319
0.31996
0.28959
0.23715
0.18449
0.15749
0.15848
0.18445
0.22213
0.24866
0.25218
0.24353
0.23243
0.21793
0.20376
0.19971
0.21097
0.23582
0.24951
0.2246
0.15343
0.05567
-0.06199
-0.19096
-0.30467
-0.37885
-0.40502
-0.40729
-0.395
-0.36386
-0.326
-0.28412
-0.23104
-0.17164
-0.11562
-0.06411
-0.02801
-0.01922
-0.02602
-0.02849
-0.02151
-0.00481
0.02032
0.05254
0.09822
0.13281
0.14281
0.14427
0.1453
0.14334
0.14022
0.14699
0.16659
0.18902
0.20579
0.21114
0.20617
0.18582
0.14537
0.08713
0.01868
-0.04435
-0.10724
-0.15877
-0.19961
-0.24291
-0.28226
-0.30072
-0.29482
-0.26045
-0.21461
-0.17651
-0.14104
-0.1159
-0.11102
-0.11899
-0.12389
-0.11266
-0.07413
-0.0101
0.05243
0.1096
0.15663
0.17575
0.17615
0.16964
0.14873
0.09417
0.02122
-0.04664
-0.09834
-0.12133
-0.12947
-0.13273
-0.12915
-0.11712
-0.09877
-0.07365
-0.0514
-0.04144
-0.04044
-0.04786
-0.06705
-0.08928
-0.10642
-0.12031
-0.13076
-0.13519
-0.13161
-0.12042
-0.10399
-0.07797
-0.04653
-0.02032
-0.0099
-0.0045
0.00531
0.01545
0.00979
-0.01283
-0.04059
-0.06182
-0.07684
-0.08973
-0.09756
-0.09812
-0.0932
-0.08534
-0.07453
-0.06183
-0.05051
-0.03515
-0.00684
0.0285
0.06292
0.09596
0.12516
0.15268
0.17241
0.18539
0.19902
0.2107
0.2181
0.21875
0.20552
0.17282
0.12903
0.08366
0.03809
-0.00159
-0.02311
-0.03707
-0.05136
-0.06202
-0.06384
-0.05834
-0.04623
-0.02505
0.00808
0.04686
0.09036
0.12411
0.14035
0.1485
0.14475
0.12601
0.10278
0.08985
0.09687
0.11721
0.13842
0.15514
0.1585
0.14538
0.12506
0.10638
0.09641
0.09271
0.08967
0.0865
0.07993
0.06566
0.0419
0.01624
-0.00416
-0.02526
-0.05363
-0.0848
-0.10901
-0.12082
-0.12389
-0.11398
-0.09466
-0.0578
-0.00218
0.05416
0.09325
0.1086
0.10565
0.08675
0.05914
0.04195
0.03554
0.02188
0.00148
-0.01445
-0.02413
-0.03404
-0.04855
-0.06649
-0.07631
-0.07199
-0.06226
-0.05375
-0.04862
-0.04337
-0.03455
-0.02171
-0.00591
0.01261
0.03905
0.0638
0.06699
0.0418
-0.00697
-0.05568
-0.08477
-0.09911
-0.11202
-0.12464
-0.13159
-0.13538
-0.14115
-0.15104
-0.16146
-0.16609
-0.16447
-0.15816
-0.14294
-0.11476
-0.08148
-0.05275
-0.03154
-0.01421
0.0034
0.02164
0.03664
0.04634
0.05149
0.05234
0.04785
0.03426
0.01087
-0.01413
-0.03762
-0.05879
-0.06932
-0.06989
-0.06815
-0.06489
-0.0572
-0.04601
-0.03367
-0.02102
-0.0062
0.01136
0.02312
0.02875
0.02912
0.02885
0.03694
0.04858
0.05718
0.05614
0.04301
0.02713
0.01477
0.00708
0.00499
0.00766
0.01634
0.02768
0.03841
0.04461
0.04199
0.02969
0.01171
-0.00566
-0.01481
-0.01535
-0.01048
-0.00334
0.00133
0.00073
0.00236
0.00573
0.00292
0.00315
0.01002
0.0171
0.02307
0.02897
0.0347
0.03623
0.02376
-0.00717
-0.0395
-0.06888
-0.09408
-0.1159
-0.13712
-0.15295
-0.16344
-0.16442
-0.15653
-0.14466
-0.13277
-0.11959
-0.10265
-0.08505
-0.07255
-0.06504
-0.05516
-0.04056
-0.01434
0.02347
0.06349
0.09504
0.11553
0.12326
0.12383
0.12116
0.10929
0.08271
0.04872
0.01895
-0.00881
-0.0365
-0.06755
-0.09314
-0.10617
-0.11354
-0.1248
-0.14077
-0.15537
-0.15985
-0.1499
-0.12853
-0.09731
-0.06446
-0.03741
-0.01247
0.01172
0.03007
0.03813
0.0347
0.03524
0.05848
0.1007
0.12807
0.13413
0.12733
0.1159
0.11219
0.11308
0.10584
0.09668
0.08842
0.07761
0.06641
0.05817
0.05158
0.04544
0.03809
0.02394
0.00075
-0.02976
-0.05845
-0.08102
-0.09138
-0.09259
-0.0914
-0.08927
-0.08512
-0.07788
-0.06876
-0.05812
-0.04471
-0.03315
-0.02596
-0.02443
-0.02923
-0.03882
-0.04704
-0.0512
-0.0532
-0.05453
-0.05351
-0.04777
-0.0352
-0.01916
-0.00468
0.00403
0.00978
0.01941
0.03192
0.04165
0.04704
0.05235
0.05472
0.04978
0.04544
0.04966
0.05865
0.0687
0.08066
0.09444
0.10918
0.12298
0.13154
0.13534
0.13699
0.13913
0.14068
0.14073
0.13796
0.13058
0.11644
0.09172
0.06001
0.02836
0.00163
-0.02624
-0.04826
-0.0625
-0.07355
-0.08439
-0.09047
-0.08847
-0.08073
-0.07329
-0.06804
-0.06144
-0.05149
-0.04315
-0.03985
-0.03918
-0.03923
-0.03828
-0.03622
-0.03135
-0.02455
-0.01734
-0.00975
-0.00411
-0.00383
-0.00752
-0.01317
-0.02211
-0.03566
-0.05251
-0.06968
-0.08277
-0.08858
-0.08834
-0.08474
-0.08076
-0.07639
-0.07021
-0.05988
-0.04771
-0.03817
-0.0317
-0.02662
-0.02019
-0.01346
-0.00908
-0.00702
-0.00261
0.00794
0.02076
0.03116
0.03722
0.03922
0.03862
0.03546
0.02898
0.01767
0.00831
0.00696
0.01071
0.01604
0.02346
0.03264
0.04139
0.04664
0.04899
0.04974
0.04965
0.04908
0.04993
0.05316
0.05929
0.06914
0.08114
0.09377
0.10406
0.10929
0.11226
0.11479
0.11412
0.11097
0.10901
0.11043
0.11526
0.12256
0.12919
0.13313
0.13674
0.13765
0.13724
0.1387
0.13725
0.13679
0.14291
0.14876
0.14632
0.13684
0.12268
0.10249
0.08154
0.06374
0.04922
0.03531
0.02274
0.01608
0.01071
0.00239
-0.0079
-0.01959
-0.02975
-0.0359
-0.03771
-0.03884
-0.04467
-0.05506
-0.06948
-0.08719
-0.09942
-0.10489
-0.1078
-0.10792
-0.10452
-0.09679
-0.08636
-0.07277
-0.05635
-0.03946
-0.02302
-0.00846
0.00137
0.00953
0.01644
0.01878
0.01772
0.01424
0.00874
0.00314
-0.00479
-0.01507
-0.02444
-0.03212
-0.03996
-0.0465
-0.0503
-0.05233
-0.05407
-0.05452
-0.05385
-0.05197
-0.04859
-0.04251
-0.03445
-0.02703
-0.02155
-0.02124
-0.02643
-0.03265
-0.03617
-0.03626
-0.03265
-0.02942
-0.03226
-0.03795
-0.04086
-0.04041
-0.03747
-0.03215
-0.02545
-0.0207
-0.01784
-0.01581
-0.01596
-0.01935
-0.02398
-0.02921
-0.03563
-0.04355
-0.05089
-0.05673
-0.06189
-0.0659
-0.06838
-0.06981
-0.07048
-0.06903
-0.0643
-0.0553
-0.04033
-0.02219
-0.00701
0.0046
0.01231
0.01866
0.0221
0.02041
0.01706
0.01728
0.01825
0.01634
0.01734
0.02396
0.03442
0.04885
0.06415
0.0789
0.09113
0.09988
0.10697
0.11157
0.11107
0.10632
0.10161
0.09932
0.10032
0.09986
0.0953
0.08891
0.08193
0.07318
0.06397
0.05182
0.03537
0.01786
0.00268
-0.01165
-0.02548
-0.03555
-0.04062
-0.04299
-0.04143
-0.03686
-0.03434
-0.03632
-0.03965
-0.03966
-0.0364
-0.03344
-0.03124
-0.03114
-0.03376
-0.03739
-0.04226
-0.04833
-0.05502
-0.0611
-0.06754
-0.07373
-0.07957
-0.08407
-0.08501
-0.08007
-0.06779
-0.05192
-0.03663
-0.02182
-0.00673
0.00829
0.02329
0.03738
0.04932
0.0599
0.06898
0.0758
0.07847
0.07662
0.07226
0.06521
0.05423
0.04011
0.02521
0.01086
-0.00345
-0.0179
-0.03225
-0.04642
-0.05971
-0.06944
-0.07616
-0.08015
-0.0797
-0.07689
-0.07304
-0.06805
-0.0618
-0.05561
-0.05169
-0.04893
-0.04531
-0.04104
-0.0377
-0.03378
-0.02767
-0.01848
-0.00714
0.00431
0.01462
0.02413
0.0331
0.04186
0.0521
0.0623
0.06914
0.07324
0.07417
0.07211
0.06714
0.05985
0.05098
0.0446
0.04189
0.04152
0.04273
0.04548
0.05024
0.05851
0.06741
0.07369
0.07608
0.07414
0.06742
0.05429
0.03824
0.02268
0.00888
-0.00335
-0.01339
-0.02354
-0.03257
-0.03877
-0.04214
-0.043
-0.04238
-0.04166
-0.0408
-0.03935
-0.03801
-0.03834
-0.03979
-0.04055
-0.04135
-0.04214
-0.04334
-0.0453
-0.04757
-0.05012
-0.05354
-0.05697
-0.05929
-0.0617
-0.06431
-0.06548
-0.0646
-0.06108
-0.05562
-0.04711
-0.03457
-0.02479
-0.01975
-0.01586
-0.012
-0.00959
-0.00765
-0.00612
-0.00586
-0.00794
-0.01101
-0.01275
-0.01366
-0.01175
-0.00656
0.00069
0.00928
0.01662
0.02223
0.02721
0.03012
0.03024
0.0292
0.02658
0.02183
0.01677
0.01164
0.00565
-0.0005
-0.00621
-0.01005
-0.01174
-0.01227
-0.00954
-0.00189
0.01135
0.02695
0.04078
0.0499
0.05286
0.05379
0.05209
0.04622
0.03558
0.02215
0.00967
0.0013
-0.00397
-0.00819
-0.01332
-0.01991
-0.02882
-0.03903
-0.0492
-0.05824
-0.06672
-0.07395
-0.07925
-0.08333
-0.08662
-0.08814
-0.08874
-0.08859
-0.08538
-0.07803
-0.06891
-0.05839
-0.04799
-0.03827
-0.02798
-0.01653
-0.00741
-0.00198
0.00133
0.00348
0.00523
0.00647
0.0068
0.00758
0.01168
0.01897
0.02806
0.03747
0.04546
0.0502
0.05279
0.05543
0.05654
0.05617
0.05588
0.05545
0.05446
0.05266
0.04962
0.04631
0.04057
0.03079
0.01685
0.00343
-0.00457
-0.00874
-0.01222
-0.01494
-0.01572
-0.01607
-0.01803
-0.02199
-0.02623
-0.02923
-0.03088
-0.03127
-0.02961
-0.02667
-0.02347
-0.01968
-0.0143
-0.00778
-0.00065
0.00611
0.01351
0.0213
0.02662
0.0298
0.03417
0.03915
0.04468
0.05397
0.06473
0.07331
0.07698
0.07809
0.07911
0.07751
0.07467
0.07134
0.06557
0.05908
0.0539
0.05005
0.04462
0.03601
0.02508
0.01572
0.01194
0.01271
0.01639
0.0213
0.02684
0.03211
0.03536
0.0332
0.02597
0.01427
0.0026
-0.00695
-0.01396
-0.02011
-0.0257
-0.03057
-0.03253
-0.03218
-0.03098
-0.02905
-0.02635
-0.02411
-0.02555
-0.02787
-0.02958
-0.03176
-0.03333
-0.03485
-0.03637
-0.03736
-0.03859
-0.04141
-0.0445
-0.04669
-0.04784
-0.04772
-0.04659
-0.04389
-0.0398
-0.03435
-0.02674
-0.01747
-0.00864
-0.00283
0.00194
0.00629
0.01093
0.01585
0.02003
0.02295
0.02436
0.02326
0.01766
0.00688
-0.00515
-0.01276
-0.01536
-0.01573
-0.01596
-0.01674
-0.01621
-0.01384
-0.00959
-0.00483
-0.00095
0.00269
0.00621
0.00901
0.01098
0.01111
0.01153
0.01388
0.0162
0.01692
0.01724
0.01765
0.01767
0.01637
0.01341
0.00771
0.00027
-0.00637
-0.01092
-0.01345
-0.01466
-0.01614
-0.01823
-0.01848
-0.01856
-0.02033
-0.02182
-0.02236
-0.02425
-0.02701
-0.02893
-0.02877
-0.02482
-0.0224
-0.02323
-0.02206
-0.01583
-0.0101
-0.00862
-0.00605
-0.00308
-0.00354
-0.00652
-0.00969
-0.01232
-0.01446
-0.01671
-0.01847
-0.01883
-0.01789
-0.01571
-0.01426
-0.01496
-0.01763
-0.02095
-0.02487
-0.02949
-0.03433
-0.03942
-0.0421
-0.04399
-0.04394
-0.04139
-0.03738
-0.03268
-0.02735
-0.02202
-0.02021
-0.02229
-0.02257
-0.01761
-0.01016
-0.00235
0.00442
0.00999
0.01501
0.02001
0.02487
0.02853
0.0305
0.03092
0.02959
0.02589
0.02149
0.01683
0.01186
0.0104
0.01284
0.01264
0.00967
0.01067
0.01547
0.01996
0.02262
0.0245
0.0254
0.02647
0.02857
0.03101
0.0339
0.03835
0.04537
0.05361
0.06239
0.07051
0.07877
0.08543
0.08928
0.09108
0.0934
0.09616
0.09803
0.09924
0.10114
0.10256
0.10285
0.10197
0.09992
0.0975
0.094
0.08891
0.08215
0.07389
0.0629
0.05006
0.03826
0.0253
0.01402
0.0094
0.00928
0.01262
0.01619
0.01723
0.01586
0.01348
0.01088
0.00798
0.00487
0.00114
-0.00281
-0.00661
-0.01034
-0.01175
-0.01114
-0.0079
-0.00211
0.00376
0.00911
0.01155
0.01054
0.0076
0.0037
-0.00077
-0.00445
-0.00775
-0.01116
-0.01448
-0.01902
-0.02512
-0.03083
-0.03438
-0.0364
-0.03659
-0.03509
-0.03275
-0.03036
-0.02762
-0.025
-0.02383
-0.02407
-0.02573
-0.02837
-0.03217
-0.03616
-0.04094
-0.04545
-0.04898
-0.05113
-0.05194
-0.05185
-0.0505
-0.04807
-0.04438
-0.0402
-0.03646
-0.03273
-0.02822
-0.02252
-0.01409
-0.00249
0.00857
0.01799
0.02441
0.02755
0.02823
0.02709
0.024
0.01842
0.01051
0.00059
-0.01029
-0.02068
-0.02817
-0.0332
-0.03591
-0.03796
-0.03841
-0.03884
-0.03879
-0.03697
-0.03452
-0.03143
-0.02813
-0.02501
-0.02222
-0.01987
-0.01814
-0.01566
-0.01229
-0.00621
0.00347
0.01448
0.02316
0.02912
0.03301
0.03352
0.03091
0.02733
0.02285
0.01797
0.01332
0.00843
0.00313
-0.00123
-0.00405
-0.00667
-0.00934
-0.01187
-0.0146
-0.01781
-0.02166
-0.02581
-0.02946
-0.03194
-0.03401
-0.03673
-0.03912
-0.03972
-0.03855
-0.0369
-0.03601
-0.03724
-0.04063
-0.04357
-0.04521
-0.04569
-0.04499
-0.04263
-0.03928
-0.03532
-0.0314
-0.02834
-0.02576
-0.02311
-0.02109
-0.01982
-0.01839
-0.01741
-0.01737
-0.01747
-0.01803
-0.01818
-0.01851
-0.01905
-0.01888
-0.01959
-0.02059
-0.02085
-0.02064
-0.02018
-0.01978
-0.01807
-0.01615
-0.01397
-0.00921
-0.0041
0.00003
0.00465
0.00943
0.01317
0.01469
0.01364
0.01113
0.00799
0.00492
0.00237
0.00051
0.00047
0.0026
0.00591
0.00889
0.01018
0.00907
0.00502
-0.00049
-0.00474
-0.00836
-0.01239
-0.01719
-0.02184
-0.02478
-0.02377
-0.02003
-0.01912
-0.02182
-0.0218
-0.0161
-0.00996
-0.00658
-0.00427
-0.00145
0.00222
0.00547
0.0078
0.01058
0.01326
0.01516
0.01755
0.01994
0.02192
0.02333
0.02489
0.02609
0.02723
0.02817
0.02927
0.03048
0.03122
0.03152
0.03235
0.03347
0.03499
0.03675
0.03915
0.04159
0.04343
0.04564
0.04831
0.05113
0.05288
0.05363
0.05426
0.05387
0.05194
0.05022
0.04738
0.04227
0.03461
0.02647
0.01974
0.01375
0.00877
0.00611
0.00646
0.00878
0.009
0.00725
0.00722
0.00897
0.00867
0.00732
0.00948
0.01046
0.00507
-0.00017
0.00105
0.00105
-0.00306
-0.00717
-0.01052
-0.01423
-0.01806
-0.0208
-0.0223
-0.02285
-0.02373
-0.0257
-0.02843
-0.0306
-0.02806
-0.0213
-0.01508
-0.00983
-0.00715
-0.00789
-0.00733
-0.00398
-0.00023
0.00304
0.00621
0.00829
0.00879
0.00938
0.01052
0.01158
0.01197
0.01202
0.01257
0.01412
0.01681
0.01941
0.02052
0.02106
0.02098
0.02009
0.01771
0.01434
0.01128
0.00979
0.00999
0.01147
0.01394
0.01698
0.02021
0.02314
0.02591
0.02848
0.03022
0.03136
0.03227
0.03206
0.03075
0.02843
0.02516
0.02141
0.01831
0.01629
0.01417
0.01173
0.01049
0.00884
0.00686
0.0043
0.00171
-0.0009
-0.00229
-0.00245
-0.00242
-0.00272
-0.00323
-0.00321
-0.00211
-0.00148
-0.0015
-0.00148
-0.00135
-0.00017
0.0008
0.00099
0.00096
0.00058
-0.00059
-0.00223
-0.00464
-0.00604
-0.00635
-0.00641
-0.00791
-0.00977
-0.01163
-0.01337
-0.01434
-0.01545
-0.01618
-0.01595
-0.01552
-0.01502
-0.01447
-0.01337
-0.01217
-0.01143
-0.01271
-0.01456
-0.016
-0.0179
-0.01959
-0.02066
-0.02177
-0.02311
-0.02352
-0.02325
-0.02278
-0.02317
-0.02432
-0.025
-0.02434
-0.0235
-0.02351
-0.02221
-0.01955
-0.01708
-0.01585
-0.01471
-0.01241
-0.0103
-0.00877
-0.00674
-0.00587
-0.0056
-0.00476
-0.00441
-0.0043
-0.00383
-0.0028
-0.00132
0.00004
0.00314
0.00566
0.00449
0.00063
-0.00259
-0.00247
0.00156
0.00762
0.01316
0.01706
0.02032
0.02413
0.02834
0.03224
0.03573
0.03763
0.03746
0.03575
0.03283
0.02913
0.0253
0.02081
0.01789
0.01879
0.01861
0.01293
0.0055
-0.00158
-0.00788
-0.00974
-0.0078
-0.00674
-0.0074
-0.0078
-0.00869
-0.00992
-0.01066
-0.0112
-0.01132
-0.01082
-0.01034
-0.01017
-0.01073
-0.01055
-0.00771
-0.00415
-0.00193
-0.00032
0.00286
0.00619
0.0077
0.0067
0.0048
0.00184
-0.0032
-0.00901
-0.01508
-0.02126
-0.02534
-0.02468
-0.02241
-0.02317
-0.02598
-0.02788
-0.02737
-0.02478
-0.02111
-0.01697
-0.01378
-0.01531
-0.02124
-0.02682
-0.02923
-0.0289
-0.02655
-0.02283
-0.01959
-0.0188
-0.01834
-0.01553
-0.01222
-0.009
-0.00528
-0.00279
-0.00376
-0.0063
-0.00942
-0.01262
-0.01393
-0.01215
-0.0093
-0.00925
-0.01274
-0.01766
-0.02161
-0.02533
-0.02853
-0.0285
-0.02528
-0.02423
-0.02442
-0.02045
-0.0131
-0.00563
0.00254
0.00901
0.01374
0.01697
0.01741
0.01494
0.01171
0.0094
0.0086
0.00873
0.00926
0.01026
0.01181
0.01297
0.01587
0.01964
0.01924
0.01695
0.01797
0.02163
0.02158
0.01847
0.01836
0.02154
0.02442
0.02548
0.02541
0.02377
0.0213
0.0182
0.01435
0.00995
0.00742
0.0067
0.00623
0.00512
0.00324
0.00188
0.00194
0.00174
0.00195
0.00267
0.00322
0.0048
0.0074
0.01079
0.01502
0.01997
0.0233
0.0221
0.01727
0.0127
0.01083
0.01229
0.01559
0.01736
0.01572
0.012
0.0097
0.00926
0.00719
0.00119
-0.00546
-0.01098
-0.01559
-0.01847
-0.01938
-0.01812
-0.01572
-0.01348
-0.01002
-0.00663
-0.00415
-0.00197
-0.00018
0.00102
0.0014
0.00159
0.00174
0.00226
0.00285
0.00381
0.00483
0.00427
0.00348
0.00259
0.00215
0.00133
0.00084
0.00088
0.00076
-0.00029
-0.00306
-0.00529
-0.00666
-0.00803
-0.00811
-0.00617
-0.00336
-0.00116
-0.00086
-0.00269
-0.00545
-0.00805
-0.01005
-0.00934
-0.00627
-0.00443
-0.00484
-0.00553
-0.00575
-0.006
-0.00764
-0.00936
-0.00947
-0.00993
-0.01081
-0.01254
-0.01501
-0.01628
-0.01817
-0.02007
-0.02103
-0.01988
-0.01719
-0.01344
-0.00911
-0.00512
-0.00233
0.00008
0.0022
0.00377
0.00543
0.00588
0.00637
0.007
0.00675
0.00635
0.00603
0.00479
0.00321
0.00191
-0.00004
-0.00206
-0.00375
-0.00599
-0.00879
-0.01056
-0.01072
-0.01011
-0.00966
-0.00904
-0.00822
-0.00697
-0.00738
-0.00872
-0.00918
-0.00879
-0.00794
-0.00728
-0.00702
-0.00733
-0.00688
-0.00422
-0.00077
0.00158
0.00355
0.00579
0.00769
0.0103
0.01458
0.01786
0.01846
0.01811
0.01717
0.01379
0.0084
0.00268
-0.00106
-0.00338
-0.00628
-0.00779
-0.00716
-0.00542
-0.00436
-0.00332
-0.00155
0.00014
0.00178
0.00387
0.00455
0.0044
0.00338
0.0022
0.00121
0.00128
0.00205
0.0017
0.0003
-0.00089
-0.00205
-0.0023
-0.00116
0.00022
0.00175
0.00399
0.00534
0.00699
0.00818
0.0083
0.0077
0.00809
0.0073
0.00711
0.00741
0.00897
0.01157
0.01357
0.01536
0.01727
0.01927
0.02071
0.02204
0.02286
0.02331
0.02334
0.02288
0.02151
0.01934
0.01726
0.01512
0.01397
0.01342
0.01309
0.01278
0.01274
0.01226
0.01211
0.01261
0.0131
0.01423
0.01606
0.01807
0.01962
0.02062
0.02117
0.02178
0.02284
0.02352
0.02343
0.02294
0.02205
0.0207
0.01942
0.01775
0.01622
0.01471
0.01364
0.01343
0.01359
0.01328
0.01276
0.01237
0.01194
0.0104
0.00846
0.00684
0.00465
0.00228
0.00052
-0.0008
-0.00178
-0.00206
-0.00165
-0.00039
0.00091
0.00119
0.00136
0.00207
0.00149
0.00024
-0.00079
-0.00185
-0.00255
-0.00324
-0.00404
-0.00516
-0.0069
-0.00935
-0.01239
-0.01611
-0.02021
-0.02366
-0.0264
-0.02811
-0.02875
-0.02878
-0.02792
-0.02625
-0.02481
-0.02392
-0.02325
-0.02248
-0.02152
-0.02045
-0.02027
-0.02086
-0.02137
-0.02193
-0.02235
-0.02327
-0.02458
-0.02555
-0.02656
-0.02731
-0.02835
-0.02875
-0.02827
-0.02773
-0.02655
-0.02472
-0.02233
-0.01893
-0.01603
-0.01357
-0.01109
-0.00915
-0.00726
-0.00485
-0.00294
-0.00148
0.00063
0.00284
0.00447
0.00506
0.00502
0.00487
0.0044
0.00393
0.00343
0.00263
0.00153
0.00063
-0.00055
-0.00202
-0.00289
-0.00313
-0.00319
-0.00321
-0.0028
-0.0024
-0.00227
-0.00187
-0.00104
0.0002
0.00148
0.0027
0.00396
0.00492
0.00555
0.00626
0.00708
0.00803
0.00867
0.00906
0.00914
0.00894
0.00855
0.00779
0.00674
0.00574
0.0045
0.00387
0.00323
0.00236
0.00201
0.00219
0.00263
0.00309
0.00333
0.00346
0.00377
0.00411
0.00406
0.00378
0.00355
0.00348
0.00327
0.0028
0.00193
0.00117
0.0004
-0.00049
-0.00113
-0.00133
-0.0015
-0.00168
-0.00181
-0.00206
-0.00228
-0.00241
-0.00256
-0.00269
-0.00285
-0.00309
-0.00331
-0.0036
-0.0037
-0.00368
-0.00374
-0.00379
-0.00376
-0.00369
-0.00368
-0.00374
-0.00383
-0.00394
-0.00404
-0.00419
-0.00429
-0.00432
-0.00416
-0.00396
-0.00364
-0.00314
-0.00257
-0.00199
-0.00138
-0.00086
-0.00041
-0.0001
0.00015
0.00046
0.00079
0.00104
0.00128
0.00156
0.00183
0.00204
0.00218
0.00232
0.0025
0.00269
0.00282
0.00291
0.00299
0.00301
0.00298
0.00299
0.00301
0.00297
0.00293
0.00289
0.00284
0.00281
0.00272
0.0026
0.00252
0.00243
0.00233
0.00224
0.00218
0.00215
0.00213
0.00211
0.00208
0.00205
0.00203
0.002
0.00197
0.00193
0.00189
0.00185
0.00181
0.00177
0.00173
0.00169
0.00165
0.00161
0.00157
0.00153
0.00149
0.00144
0.0014
0.00135
0.00131
0.00126
0.00121
0.00116
0.00111
0.00105
0.001
0.00095
0.00089
0.00084
0.00078
0.00073
0.00067
0.00062
0.00056
0.00051
0.00045
0.0004
0.00034
0.00029
0.00023
0.00018
0.00012
0.00006
0.00001