0.01
0.00051
0.00051
0.00051
0.00051
0.00051
0.0005
0.0005
0.0005
0.00051
0.00051
0.00051
0.00051
0.0005
0.0005
0.00051
0.00051
0.00045
0.00044
0.00045
0.00041
0.00034
0.00036
0.00042
0.00047
0.00055
0.00056
0.00062
0.00087
0.00095
0.00063
0.00014
-0.00021
-0.00014
-0.00006
-0.00013
0.00031
0.00063
0.0004
0.00076
0.00116
0.0009
0.00091
0.0008
0.00034
0.00117
0.00142
-0.00061
-0.00131
0.00039
0.00083
-0.00095
-0.0013
0.0006
0.00199
0.00147
0.00101
0.00225
0.003
0.00177
0.00002
-0.00077
-0.00128
-0.00115
-0.00104
-0.0015
-0.00038
0.00157
0.00105
0.00298
0.00641
0.00284
-0.00405
-0.0023
0.00267
0.00043
-0.00378
-0.00272
0.00143
0.00455
0.00399
-0.00147
-0.00854
-0.00792
-0.00211
-0.00209
-0.00366
-0.0009
0.00368
0.00732
0.00594
-0.00017
-0.003
-0.00135
0.0005
0.00169
-0.00388
-0.01173
-0.00895
0.00361
0.01428
0.01921
0.01466
0.00503
-0.00048
-0.00142
-0.00625
-0.01196
-0.00275
0.01385
0.01517
0.00432
0.0045
0.00804
0.00593
0.00453
-0.00138
-0.01054
-0.00729
0.00146
-0.00249
-0.00087
0.01737
0.02628
0.01755
0.01288
0.00892
-0.00234
-0.00775
-0.00123
-0.00039
-0.01075
-0.01431
-0.00462
0.00011
-0.00343
0.00356
0.01367
0.01315
0.01582
0.02651
0.03049
0.02776
0.0248
0.01527
0.00261
-0.00811
-0.02453
-0.04267
-0.03218
0.00643
0.04569
0.06698
0.05818
0.03231
0.01621
0.00915
-0.00012
-0.01683
-0.03919
-0.04942
-0.03085
-0.00014
0.01504
0.01987
0.02143
0.01418
0.01
0.0086
-0.00859
-0.03384
-0.03156
0.00337
0.04549
0.06816
0.05647
0.02003
-0.01222
-0.02145
-0.03312
-0.057
-0.05286
-0.0214
0.01607
0.04901
0.06724
0.06031
0.03424
0.00006
-0.02949
-0.04605
-0.0376
-0.02301
-0.01555
-0.00748
-0.00637
-0.01939
-0.02812
-0.01644
-0.00239
-0.00286
-0.012
-0.01811
-0.01649
-0.01006
-0.01147
-0.02115
-0.01563
0.00198
0.01248
0.00537
-0.00428
-0.0015
-0.00104
-0.01489
-0.02977
-0.02337
0.01118
0.04743
0.04945
0.02074
-0.00257
-0.001
0.00397
-0.00821
-0.0223
-0.01399
-0.00013
-0.00207
-0.01575
-0.03216
-0.0392
-0.03523
-0.04143
-0.04869
-0.03352
0.00013
0.03403
0.04797
0.04549
0.03741
0.01901
-0.01859
-0.06677
-0.07768
-0.04406
-0.01655
-0.02185
-0.02463
-0.00043
0.02298
0.03158
0.03629
0.04725
0.04451
0.03056
0.03314
0.03487
0.0169
-0.00252
-0.00333
0.00515
-0.00644
-0.04495
-0.06376
-0.04762
-0.02559
-0.01007
-0.00001
-0.00542
-0.01692
-0.00306
0.0259
0.0358
0.01734
-0.01473
-0.04608
-0.06805
-0.06916
-0.0527
-0.01664
0.02218
0.03339
0.01743
0.00072
-0.00636
-0.01117
-0.01306
-0.01263
-0.01766
-0.03266
-0.03751
-0.01686
0.00573
0.00625
0.00316
0.0153
0.02713
0.02819
0.01648
-0.01582
-0.04153
-0.02142
0.01968
0.03361
0.0048
-0.03184
-0.04017
-0.03147
-0.02499
-0.0271
-0.03597
-0.0366
-0.01661
0.01353
0.02766
0.01689
0.01176
0.03664
0.06336
0.0589
0.03685
0.01933
0.00681
0.00167
0.003
-0.00582
-0.02251
-0.02688
-0.02708
-0.04173
-0.05731
-0.06778
-0.08632
-0.11393
-0.13242
-0.12779
-0.11166
-0.10093
-0.10229
-0.11009
-0.11175
-0.09881
-0.07725
-0.04966
-0.01677
0.01501
0.03743
0.04113
0.0428
0.06566
0.09506
0.09919
0.0853
0.08518
0.10206
0.10838
0.08039
0.01059
-0.07833
-0.13149
-0.1458
-0.15868
-0.18356
-0.20336
-0.2115
-0.21151
-0.20108
-0.17826
-0.15583
-0.14368
-0.13642
-0.12418
-0.09624
-0.04479
0.01303
0.06144
0.10952
0.15749
0.19196
0.20653
0.20445
0.20349
0.21208
0.22233
0.22523
0.22323
0.22335
0.22001
0.20423
0.18086
0.16464
0.15945
0.15913
0.1481
0.12868
0.12104
0.12448
0.11507
0.08469
0.05164
0.03896
0.03812
0.03614
0.02888
0.0073
-0.02084
-0.04614
-0.06961
-0.09419
-0.12989
-0.18614
-0.22763
-0.22486
-0.1967
-0.1695
-0.13853
-0.11049
-0.10334
-0.10703
-0.08657
-0.05554
-0.04021
-0.0269
0.00753
0.06377
0.10816
0.10963
0.09746
0.09975
0.10775
0.10785
0.10603
0.10772
0.10694
0.10521
0.11153
0.1352
0.16269
0.1502
0.07901
-0.01277
-0.07676
-0.1103
-0.13408
-0.15392
-0.1511
-0.10236
-0.02618
0.02394
0.06539
0.13115
0.18793
0.20974
0.21575
0.22305
0.22975
0.2281
0.21023
0.11747
-0.03134
-0.16237
-0.26289
-0.33501
-0.34148
-0.27175
-0.18684
-0.1273
-0.06732
-0.02291
-0.00502
0.00572
0.01229
0.00983
0.01442
0.03686
0.06925
0.09691
0.10178
0.08475
0.06622
0.05442
0.04478
0.03235
0.0277
0.04668
0.08992
0.1301
0.13916
0.12335
0.10853
0.12442
0.16684
0.19063
0.18814
0.18665
0.1877
0.16756
0.07692
-0.05044
-0.14966
-0.21454
-0.24529
-0.24622
-0.21838
-0.17458
-0.14251
-0.13249
-0.13686
-0.13206
-0.11711
-0.10086
-0.07961
-0.05153
-0.01991
0.00064
0.0238
0.07902
0.15894
0.20368
0.20465
0.18244
0.14854
0.13554
0.16104
0.19687
0.20873
0.18556
0.12211
0.02607
-0.09083
-0.21983
-0.28148
-0.25759
-0.25101
-0.25692
-0.22374
-0.17827
-0.16233
-0.17117
-0.18764
-0.20558
-0.20956
-0.19036
-0.15662
-0.11266
-0.06933
-0.03493
-0.00413
0.02887
0.06742
0.10522
0.13633
0.16178
0.18424
0.19653
0.19301
0.17467
0.15552
0.14665
0.13831
0.11817
0.08567
0.05046
0.02465
0.01539
0.02328
0.02538
0.00382
-0.04197
-0.0985
-0.15028
-0.17893
-0.18747
-0.1791
-0.15532
-0.11348
-0.06046
-0.02221
-0.00102
0.00447
-0.00599
-0.03747
-0.06629
-0.05436
-0.00414
0.05146
0.09458
0.12329
0.14282
0.13579
0.07126
-0.04043
-0.10245
-0.08903
-0.05755
-0.03838
-0.01778
0.00761
0.01502
-0.00149
-0.02167
-0.03056
-0.03384
-0.03049
-0.01476
0.00062
0.01029
0.01473
0.02347
0.04188
0.06387
0.07331
0.0631
0.05324
0.05305
0.03987
-0.01054
-0.06602
-0.08223
-0.07295
-0.07586
-0.09239
-0.09753
-0.0777
-0.0557
-0.05836
-0.08393
-0.10706
-0.12034
-0.13321
-0.13559
-0.11924
-0.10059
-0.10493
-0.13475
-0.15658
-0.14907
-0.13904
-0.13965
-0.13265
-0.10924
-0.06287
0.00669
0.07859
0.12651
0.13907
0.14051
0.14918
0.16168
0.17328
0.18311
0.20138
0.21981
0.21641
0.18407
0.1272
0.05115
-0.01542
-0.05639
-0.08917
-0.12045
-0.14438
-0.15229
-0.13623
-0.07887
-0.00299
0.0513
0.08328
0.10392
0.1064
0.088
0.0669
0.07229
0.08748
0.07949
0.06233
0.0545
0.0417
0.01512
-0.00906
-0.02355
-0.03203
-0.03802
-0.04226
-0.03881
-0.02439
-0.00253
0.01426
0.022
0.02761
0.02652
0.01718
0.02164
0.05169
0.07433
0.06203
0.02177
-0.01418
-0.03047
-0.02398
-0.00758
0.00858
0.02939
0.05891
0.09039
0.12062
0.14805
0.1714
0.18835
0.17752
0.13707
0.0999
0.07917
0.06416
0.04557
0.02064
-0.02599
-0.08911
-0.11649
-0.1205
-0.13456
-0.1398
-0.11204
-0.05855
-0.0071
0.0283
0.03929
0.03412
0.02282
0.00569
-0.01519
-0.04642
-0.08977
-0.12181
-0.13349
-0.1289
-0.11894
-0.1171
-0.12821
-0.16362
-0.21378
-0.22301
-0.19696
-0.17242
-0.15513
-0.1292
-0.09248
-0.05714
-0.0338
-0.01649
0.00005
0.01266
0.01779
0.01497
0.01525
0.02061
0.01654
-0.00305
-0.02323
-0.02996
-0.02178
0.00156
0.03435
0.0644
0.09524
0.12365
0.13292
0.11968
0.1116
0.11093
0.0974
0.07451
0.05758
0.05337
0.06121
0.06986
0.0694
0.07136
0.09474
0.11308
0.08741
0.02132
-0.04807
-0.1044
-0.15873
-0.20651
-0.21632
-0.16183
-0.08482
-0.05036
-0.05112
-0.05705
-0.05323
-0.03944
-0.02287
-0.01032
-0.00697
-0.01247
-0.01122
-0.00115
0.0087
0.01672
0.0244
0.031
0.02207
-0.00583
-0.02836
-0.00759
0.04417
0.08291
0.09797
0.11754
0.15461
0.20415
0.24344
0.25427
0.24237
0.21193
0.16194
0.09909
0.0405
0.0043
-0.00671
0.0077
0.01559
0.00635
0.00413
0.01986
0.0394
0.05404
0.07052
0.09449
0.11961
0.13268
0.13201
0.13371
0.14772
0.1586
0.15317
0.12658
0.09309
0.07095
0.05839
0.04478
0.02979
0.01756
0.00608
-0.02096
-0.06251
-0.09146
-0.10598
-0.11561
-0.11643
-0.10541
-0.08604
-0.06273
-0.04811
-0.05072
-0.06575
-0.07951
-0.0937
-0.11521
-0.1359
-0.15253
-0.16598
-0.17761
-0.18411
-0.19087
-0.20177
-0.2128
-0.2186
-0.21187
-0.19122
-0.16662
-0.1528
-0.15372
-0.16472
-0.18216
-0.19796
-0.20211
-0.19092
-0.16887
-0.14599
-0.12873
-0.11543
-0.09831
-0.06934
-0.03213
0.0026
0.02404
0.03364
0.04169
0.05072
0.05494
0.05514
0.06266
0.07544
0.08392
0.08286
0.07445
0.05854
0.03358
0.00119
-0.03639
-0.07876
-0.12177
-0.1623
-0.18517
-0.16987
-0.12444
-0.06289
-0.00476
0.03581
0.07065
0.10968
0.14531
0.16887
0.17995
0.18421
0.18262
0.16262
0.11678
0.06783
0.02052
-0.01662
-0.04387
-0.06826
-0.09537
-0.12095
-0.13592
-0.13978
-0.12846
-0.08838
-0.02557
0.04028
0.0946
0.12489
0.13601
0.14341
0.15217
0.15636
0.15278
0.14169
0.1294
0.13445
0.14722
0.1511
0.14614
0.13818
0.13076
0.11819
0.0859
0.0429
0.01788
0.01748
0.02968
0.04686
0.06756
0.08945
0.10564
0.12
0.13374
0.13925
0.13509
0.11666
0.07891
0.05284
0.04632
0.04736
0.05042
0.05787
0.0707
0.08582
0.09614
0.09814
0.09127
0.06602
0.00501
-0.04784
-0.06188
-0.06677
-0.06539
-0.05487
-0.04091
-0.03017
-0.02933
-0.03987
-0.05542
-0.07169
-0.08858
-0.10172
-0.10403
-0.09415
-0.08047
-0.06927
-0.05306
-0.02321
0.00685
0.0191
0.01677
0.01793
0.03173
0.04203
0.03953
0.03016
0.02237
0.01834
0.01549
0.01404
0.01563
0.01772
0.01722
0.01331
0.00643
-0.00431
-0.02052
-0.04184
-0.06239
-0.08241
-0.10151
-0.11881
-0.12787
-0.12372
-0.11859
-0.12133
-0.11887
-0.1082
-0.09968
-0.09901
-0.09444
-0.08159
-0.06533
-0.0449
-0.02136
-0.00334
-0.00067
-0.0075
-0.01051
-0.00496
-0.0021
-0.01125
-0.03367
-0.05656
-0.0686
-0.07529
-0.07922
-0.0707
-0.03315
0.02525
0.07087
0.09643
0.11182
0.12093
0.12244
0.11146
0.08666
0.05679
0.0381
0.03467
0.04303
0.05433
0.0566
0.04348
0.01519
-0.01663
-0.04753
-0.07584
-0.09384
-0.09442
-0.07684
-0.03994
-0.00206
0.02131
0.03785
0.05701
0.07801
0.09505
0.1016
0.09823
0.08618
0.06563
0.04289
0.02428
0.0107
-0.00105
-0.01309
-0.02074
-0.01948
-0.01412
-0.00883
-0.00717
-0.00863
-0.01329
-0.02182
-0.03317
-0.04441
-0.05386
-0.06564
-0.08369
-0.09742
-0.09018
-0.06305
-0.03793
-0.02555
-0.02036
-0.01606
-0.01157
-0.01025
-0.01025
-0.00661
0.00364
0.01502
0.02801
0.0431
0.06017
0.07968
0.09987
0.11667
0.12731
0.13317
0.13635
0.13784
0.13741
0.13365
0.12464
0.10778
0.08455
0.06124
0.03695
0.01556
0.0035
-0.00241
-0.0046
-0.0043
-0.0091
-0.01984
-0.03305
-0.04538
-0.05552
-0.05982
-0.05612
-0.05294
-0.05987
-0.07222
-0.0732
-0.05118
-0.01126
0.03291
0.06687
0.08696
0.10193
0.11155
0.11174
0.10587
0.1035
0.10768
0.11106
0.10781
0.09672
0.0725
0.04288
0.01397
-0.01372
-0.04175
-0.06338
-0.07446
-0.07843
-0.08097
-0.08436
-0.08665
-0.08855
-0.09061
-0.09383
-0.10001
-0.10981
-0.12502
-0.14163
-0.15005
-0.14578
-0.13464
-0.12093
-0.10501
-0.08743
-0.07322
-0.06482
-0.05912
-0.05317
-0.04545
-0.03673
-0.02755
-0.01709
-0.00686
0.00601
0.02675
0.05041
0.07344
0.09452
0.10716
0.1111
0.10975
0.10119
0.07752
0.04384
0.01002
-0.02065
-0.04442
-0.05187
-0.04768
-0.04178
-0.03837
-0.03927
-0.04292
-0.04611
-0.04447
-0.03287
-0.01003
0.01532
0.03965
0.06022
0.06911
0.06601
0.05416
0.03716
0.02281
0.01805
0.02118
0.02511
0.02651
0.0274
0.02895
0.02897
0.0272
0.02306
0.01435
-0.00031
-0.01836
-0.03491
-0.04544
-0.04783
-0.03919
-0.02011
0.00042
0.01894
0.03587
0.04822
0.05639
0.06276
0.06689
0.06334
0.04894
0.02526
0.00081
-0.00981
-0.00759
0.00014
0.0134
0.02654
0.03214
0.02908
0.02181
0.01454
0.00682
-0.00197
-0.01055
-0.02133
-0.03289
-0.03975
-0.04177
-0.04116
-0.03846
-0.03436
-0.02896
-0.02264
-0.01489
-0.00842
-0.00682
-0.00935
-0.01395
-0.01862
-0.02006
-0.01809
-0.01718
-0.0199
-0.02373
-0.02727
-0.03389
-0.04275
-0.05187
-0.05862
-0.06239
-0.06517
-0.0629
-0.05708
-0.05128
-0.04747
-0.04495
-0.03922
-0.03239
-0.02577
-0.0202
-0.0166
-0.01482
-0.01526
-0.01706
-0.02186
-0.02846
-0.03482
-0.04186
-0.04699
-0.04896
-0.04887
-0.05007
-0.0528
-0.05495
-0.05452
-0.05392
-0.05581
-0.05815
-0.05865
-0.05916
-0.06201
-0.06519
-0.06588
-0.06197
-0.05643
-0.05161
-0.05031
-0.05245
-0.0569
-0.06065
-0.06182
-0.06148
-0.06011
-0.05709
-0.0524
-0.04709
-0.0416
-0.0339
-0.02176
-0.004
0.01695
0.0382
0.05782
0.07442
0.09231
0.10532
0.11179
0.11457
0.116
0.11753
0.11967
0.12212
0.12334
0.12261
0.12031
0.11679
0.11079
0.10486
0.0989
0.09361
0.0893
0.08259
0.06789
0.04615
0.02205
-0.00097
-0.02414
-0.04733
-0.06352
-0.07146
-0.07361
-0.07256
-0.06833
-0.06135
-0.05269
-0.04459
-0.03749
-0.03044
-0.02047
-0.00666
0.0074
0.02165
0.03357
0.04045
0.04436
0.04292
0.03575
0.02837
0.02364
0.02375
0.02778
0.02875
0.02543
0.02166
0.01827
0.01507
0.01264
0.01169
0.01324
0.01815
0.02463
0.03065
0.03191
0.02975
0.03167
0.03697
0.03829
0.03177
0.02151
0.00838
-0.00675
-0.02203
-0.03568
-0.04498
-0.04982
-0.05027
-0.04657
-0.03962
-0.03186
-0.02428
-0.0182
-0.01095
0.0007
0.01444
0.02704
0.03742
0.04614
0.05221
0.05587
0.05836
0.05719
0.05482
0.05466
0.05502
0.05451
0.05418
0.05501
0.05608
0.056
0.05572
0.05619
0.05688
0.05973
0.06262
0.06234
0.06007
0.05471
0.04567
0.03582
0.02802
0.02369
0.02078
0.01753
0.01432
0.00981
0.00378
-0.00145
-0.00853
-0.01417
-0.01667
-0.01788
-0.01613
-0.01023
-0.00378
-0.00098
-0.00224
-0.00356
-0.00269
-0.00246
-0.00322
-0.00285
-0.00072
0.00037
0.00034
0.0018
0.00437
0.00758
0.01471
0.02652
0.04076
0.05139
0.05533
0.05518
0.05084
0.04041
0.02514
0.00948
-0.00467
-0.01949
-0.03514
-0.05032
-0.06427
-0.0761
-0.0853
-0.09179
-0.09491
-0.09522
-0.09395
-0.09054
-0.08686
-0.08293
-0.0774
-0.07058
-0.06551
-0.06388
-0.06419
-0.06598
-0.07022
-0.07564
-0.08151
-0.08628
-0.08912
-0.08939
-0.08706
-0.08266
-0.07666
-0.06888
-0.06167
-0.05467
-0.04964
-0.04496
-0.04065
-0.03938
-0.03667
-0.02924
-0.02081
-0.01364
-0.0085
-0.00549
-0.00528
-0.00801
-0.01452
-0.02324
-0.03067
-0.03316
-0.0327
-0.03224
-0.03255
-0.03299
-0.03265
-0.0308
-0.02676
-0.02082
-0.01462
-0.00925
-0.00594
-0.00315
0.00076
0.00638
0.01484
0.02612
0.03821
0.04873
0.05603
0.05867
0.05805
0.05574
0.05046
0.04199
0.03141
0.02058
0.01102
0.00677
0.00709
0.0085
0.01152
0.01566
0.02076
0.0278
0.0331
0.03738
0.04237
0.04816
0.055
0.06158
0.0668
0.07105
0.07478
0.07852
0.08432
0.09177
0.1017
0.1133
0.12388
0.13203
0.1381
0.14275
0.14477
0.14382
0.14058
0.13521
0.12675
0.11441
0.09975
0.08583
0.07384
0.06311
0.05354
0.04399
0.03323
0.01863
0.00228
-0.01535
-0.03049
-0.03906
-0.04223
-0.04293
-0.04098
-0.03803
-0.03759
-0.0377
-0.03583
-0.03576
-0.03769
-0.04217
-0.04761
-0.05325
-0.06038
-0.06753
-0.07402
-0.0801
-0.08293
-0.08604
-0.08492
-0.0753
-0.06388
-0.05373
-0.0438
-0.03453
-0.02954
-0.02887
-0.0286
-0.02699
-0.02309
-0.01856
-0.01046
-0.00048
0.00658
0.00859
0.00695
0.00253
-0.00584
-0.01772
-0.02961
-0.03805
-0.04075
-0.04181
-0.04304
-0.04402
-0.0436
-0.04268
-0.04267
-0.04337
-0.04466
-0.04435
-0.04465
-0.04328
-0.04037
-0.03735
-0.03397
-0.03019
-0.02379
-0.01853
-0.01822
-0.02049
-0.02156
-0.02322
-0.02959
-0.03786
-0.04199
-0.0446
-0.04795
-0.04925
-0.04784
-0.04139
-0.02991
-0.01537
-0.00101
0.01294
0.0286
0.0436
0.0561
0.06688
0.07548
0.08213
0.08699
0.08908
0.08876
0.08657
0.08332
0.07934
0.07571
0.07295
0.06783
0.06059
0.05422
0.04632
0.04056
0.03853
0.03777
0.03762
0.0393
0.04117
0.04247
0.04405
0.04537
0.04509
0.04417
0.04205
0.03978
0.03881
0.03907
0.03888
0.03984
0.04064
0.04073
0.04129
0.04312
0.04517
0.04429
0.0406
0.03528
0.02693
0.01429
-0.00195
-0.0195
-0.03746
-0.05303
-0.06435
-0.07244
-0.07499
-0.07363
-0.07085
-0.06756
-0.0646
-0.06081
-0.05616
-0.04968
-0.0415
-0.03321
-0.0256
-0.0197
-0.01503
-0.01321
-0.01299
-0.0133
-0.01493
-0.0156
-0.01527
-0.01439
-0.01156
-0.00802
-0.00387
0.00205
0.00748
0.01069
0.01247
0.0119
0.00951
0.00658
0.00369
-0.00129
-0.00913
-0.01852
-0.02941
-0.03762
-0.04413
-0.05309
-0.06316
-0.07104
-0.07579
-0.07932
-0.0809
-0.07983
-0.07606
-0.07048
-0.06373
-0.05673
-0.04963
-0.04274
-0.03476
-0.02449
-0.01345
-0.0023
0.00836
0.0174
0.02451
0.03208
0.0393
0.04414
0.0469
0.04789
0.04723
0.04587
0.04262
0.03745
0.03009
0.02101
0.01083
0.00244
-0.00364
-0.00947
-0.01562
-0.02288
-0.03035
-0.03639
-0.04071
-0.04309
-0.04319
-0.04146
-0.03754
-0.03184
-0.0259
-0.02079
-0.01538
-0.00887
-0.00104
0.00748
0.01518
0.02157
0.02724
0.03247
0.03802
0.04337
0.04726
0.04883
0.04691
0.04099
0.03198
0.02179
0.01132
0.00236
-0.00408
-0.0075
-0.00898
-0.0093
-0.0092
-0.00867
-0.00753
-0.00515
-0.00382
-0.00442
-0.00574
-0.00978
-0.01361
-0.01456
-0.01279
-0.00985
-0.00383
0.00359
0.00835
0.01135
0.01443
0.01574
0.01566
0.01539
0.01419
0.00968
0.00307
-0.00442
-0.01158
-0.01903
-0.02654
-0.03192
-0.03595
-0.03953
-0.04122
-0.04108
-0.03921
-0.03412
-0.02877
-0.022
-0.01548
-0.0081
-0.0021
0.00048
0.00107
-0.00239
-0.00764
-0.01402
-0.02215
-0.02982
-0.03452
-0.03859
-0.04507
-0.05139
-0.05644
-0.06251
-0.06765
-0.06877
-0.06813
-0.06658
-0.06404
-0.06133
-0.05797
-0.05449
-0.05081
-0.0474
-0.04121
-0.03316
-0.02677
-0.02193
-0.01924
-0.01781
-0.01608
-0.01609
-0.01842
-0.02186
-0.02379
-0.02351
-0.02272
-0.02181
-0.02028
-0.02138
-0.02335
-0.02355
-0.02157
-0.01615
-0.00633
0.00283
0.00902
0.01304
0.01579
0.01826
0.01797
0.01547
0.01484
0.01633
0.01955
0.024
0.02896
0.03653
0.04648
0.05611
0.06157
0.06447
0.06633
0.06666
0.06511
0.06515
0.06574
0.06765
0.0696
0.06984
0.06998
0.06911
0.06895
0.06928
0.06979
0.06985
0.06928
0.06923
0.06969
0.07052
0.07098
0.07168
0.07327
0.07455
0.07499
0.07504
0.07499
0.07527
0.07612
0.07738
0.07883
0.0797
0.08004
0.08031
0.08038
0.08059
0.08061
0.07991
0.07964
0.07914
0.07698
0.07576
0.07576
0.07524
0.07343
0.07027
0.06684
0.06268
0.05693
0.05059
0.04323
0.03413
0.0247
0.01552
0.00625
-0.00278
-0.00903
-0.01392
-0.01972
-0.0244
-0.02619
-0.02719
-0.02874
-0.02968
-0.03026
-0.03041
-0.03091
-0.03165
-0.0329
-0.03442
-0.03482
-0.03434
-0.03377
-0.03267
-0.03073
-0.02961
-0.02953
-0.02967
-0.03074
-0.03287
-0.03361
-0.03444
-0.03595
-0.03822
-0.04114
-0.04308
-0.04202
-0.03879
-0.03387
-0.0279
-0.01937
-0.01241
-0.00939
-0.00757
-0.00731
-0.00654
-0.00584
-0.00678
-0.00845
-0.01015
-0.01317
-0.01712
-0.0221
-0.02936
-0.03703
-0.04205
-0.0451
-0.04686
-0.04805
-0.04843
-0.0479
-0.04619
-0.04336
-0.03997
-0.03565
-0.03109
-0.02609
-0.02116
-0.01561
-0.00935
-0.0033
-0.00157
-0.00202
-0.00085
-0.00151
-0.00466
-0.00836
-0.01036
-0.0114
-0.01439
-0.01617
-0.01772
-0.02096
-0.02536
-0.02888
-0.03163
-0.03488
-0.03672
-0.03736
-0.03728
-0.03601
-0.0333
-0.03058
-0.02973
-0.02812
-0.02694
-0.02599
-0.02464
-0.02244
-0.01681
-0.01077
-0.00647
-0.00313
-0.00161
-0.00117
-0.00116
-0.00173
-0.00211
-0.00243
-0.00185
-0.00179
-0.001
0.00124
0.0017
-0.00008
-0.0041
-0.00853
-0.01281
-0.0162
-0.01844
-0.01978
-0.02031
-0.01955
-0.01751
-0.01651
-0.01513
-0.01211
-0.01041
-0.00994
-0.00967
-0.01049
-0.01203
-0.01318
-0.01309
-0.01259
-0.01126
-0.00833
-0.00527
-0.00361
-0.00217
-0.00152
-0.00161
-0.00043
0.00254
0.00535
0.00864
0.01345
0.01853
0.02163
0.02279
0.0229
0.02267
0.02201
0.02054
0.01981
0.02119
0.02247
0.02223
0.02197
0.01985
0.01619
0.01203
0.01069
0.00991
0.01093
0.01282
0.01548
0.0197
0.02242
0.02393
0.02483
0.02475
0.02545
0.0274
0.02784
0.02747
0.02765
0.02714
0.0269
0.02653
0.02464
0.02258
0.02192
0.02244
0.02226
0.02233
0.02196
0.02061
0.01951
0.01825
0.01674
0.01402
0.00998
0.00554
0.00316
0.0023
0.00168
0.00268
0.00423
0.00746
0.0128
0.01624
0.0176
0.01886
0.02013
0.02003
0.01779
0.01673
0.01571
0.01271
0.01003
0.00726
0.00473
0.00201
-0.00076
-0.00314
-0.00492
-0.00616
-0.00681
-0.007
-0.00552
-0.00197
0.00228
0.00546
0.0076
0.00935
0.01163
0.01396
0.01671
0.01912
0.02223
0.02553
0.02716
0.02623
0.02597
0.02484
0.02267
0.02103
0.01923
0.01756
0.01659
0.01599
0.01599
0.01624
0.01535
0.01236
0.00912
0.00658
0.00466
0.00314
0.0018
0.00101
0.00176
0.00272
0.00291
0.00244
0.0017
0.00165
0.00205
0.00277
0.00417
0.00434
0.00348
0.00228
0.00186
0.00165
-0.00051
-0.0035
-0.00581
-0.00779
-0.00843
-0.00888
-0.00974
-0.01005
-0.01131
-0.013
-0.01334
-0.01365
-0.01379
-0.01315
-0.01107
-0.00929
-0.0082
-0.00699
-0.00716
-0.00805
-0.00804
-0.00661
-0.0065
-0.00577
-0.00352
-0.00045
0.00235
0.00521
0.00647
0.00515
0.00336
0.00205
0.00088
-0.00208
-0.00677
-0.01046
-0.01441
-0.02
-0.02541
-0.0295
-0.03199
-0.03331
-0.03368
-0.03334
-0.03357
-0.03408
-0.03444
-0.03538
-0.0365
-0.03799
-0.03905
-0.04031
-0.04274
-0.0439
-0.04404
-0.04467
-0.04427
-0.04367
-0.04335
-0.04173
-0.04086
-0.04112
-0.04096
-0.04019
-0.03926
-0.039
-0.03815
-0.03654
-0.03567
-0.03549
-0.03461
-0.03542
-0.03793
-0.03893
-0.03852
-0.03827
-0.03791
-0.03804
-0.03906
-0.04122
-0.04383
-0.04562
-0.04672
-0.04559
-0.04388
-0.04225
-0.04145
-0.0418
-0.04187
-0.04038
-0.03871
-0.03698
-0.03521
-0.03319
-0.02952
-0.02694
-0.02499
-0.02231
-0.0188
-0.01714
-0.01585
-0.01349
-0.00997
-0.00678
-0.00391
-0.00272
-0.00254
-0.00256
-0.00254
-0.00292
-0.00361
-0.00331
-0.00105
0.00225
0.00467
0.00747
0.01211
0.01673
0.02106
0.025
0.02818
0.03118
0.03283
0.0328
0.03259
0.03199
0.02995
0.02708
0.0247
0.02433
0.0254
0.02653
0.02733
0.02804
0.02855
0.02802
0.02558
0.02144
0.01932
0.01849
0.01514
0.01145
0.00811
0.00526
0.00453
0.00499
0.00646
0.00962
0.01328
0.01723
0.01987
0.02163
0.02353
0.02486
0.02582
0.02667
0.02796
0.02893
0.02881
0.02743
0.02396
0.02003
0.01844
0.01899
0.02014
0.01948
0.01715
0.01596
0.01644
0.01768
0.01806
0.01791
0.01844
0.01889
0.02054
0.02218
0.02298
0.02397
0.02547
0.02845
0.0307
0.03154
0.03157
0.03181
0.03168
0.03126
0.03142
0.03132
0.03244
0.03432
0.03605
0.03745
0.03887
0.04039
0.04193
0.04338
0.04336
0.042
0.04025
0.03766
0.03394
0.03131
0.02931
0.02557
0.02288
0.02172
0.02056
0.0196
0.01895
0.01781
0.01771
0.01816
0.01701
0.01472
0.01239
0.01005
0.00925
0.00971
0.01113
0.011
0.00724
-0.00095
-0.01229
-0.02234
-0.02816
-0.03151
-0.03441
-0.03538
-0.03304
-0.02966
-0.02855
-0.02725
-0.02487
-0.0225
-0.02064
-0.01946
-0.01966
-0.02056
-0.02196
-0.02366
-0.02617
-0.0266
-0.02554
-0.02472
-0.02164
-0.0152
-0.00939
-0.00452
-0.00125
-0.00047
-0.00093
0.00031
0.00198
0.00488
0.00838
0.01302
0.01691
0.01909
0.01976
0.01948
0.019
0.01775
0.01627
0.01488
0.01402
0.0142
0.01576
0.01878
0.0199
0.01848
0.01434
0.00878
0.00357
0.0015
0.00082
0.00277
0.00691
0.01217
0.01713
0.02083
0.02207
0.0208
0.01929
0.01659
0.0115
0.00536
0.00087
-0.00258
-0.00494
-0.00503
-0.00349
-0.00144
0.00079
0.00161
0.00118
0.00007
-0.00053
-0.00016
-0.0004
-0.00016
0
0.00058
0.00088
0.00032
-0.0003
-0.00177
-0.00321
-0.00409
-0.00282
-0.00102
-0.00012
-0.00032
-0.00044
-0.00017
-0.00005
-0.00113
-0.0029
-0.00349
-0.00434
-0.0055
-0.00509
-0.00306
-0.00142
-0.00047
0.00015
-0.00023
-0.00103
-0.00272
-0.00423
-0.00648
-0.00787
-0.00686
-0.00552
-0.00562
-0.00564
-0.00563
-0.00541
-0.00427
-0.00392
-0.00322
-0.00025
0.00085
0.00091
0.00265
0.00361
0.0042
0.00454
0.00289
-0.00044
-0.00447
-0.00931
-0.01241
-0.01282
-0.01385
-0.01512
-0.01545
-0.01492
-0.0149
-0.01549
-0.01699
-0.01751
-0.01632
-0.01502
-0.01459
-0.01407
-0.01446
-0.01462
-0.01565
-0.01862
-0.0201
-0.0199
-0.02014
-0.02149
-0.02242
-0.02284
-0.02346
-0.02266
-0.02023
-0.01837
-0.01684
-0.01576
-0.01444
-0.01275
-0.01196
-0.01074
-0.00867
-0.00679
-0.00381
-0.00065
0.00228
0.00461
0.00578
0.00533
0.00509
0.00619
0.00792
0.00997
0.01264
0.01377
0.01597
0.01787
0.01878
0.01849
0.01385
0.00888
0.0071
0.00654
0.00561
0.00608
0.00664
0.00691
0.00674
0.00814
0.00928
0.00813
0.00884
0.01099
0.01324
0.01531
0.01581
0.01633
0.01578
0.01395
0.0119
0.01166
0.01262
0.01417
0.0162
0.01617
0.01465
0.01293
0.01216
0.01199
0.01141
0.01043
0.00765
0.00606
0.00587
0.00507
0.00466
0.00459
0.00376
0.00315
0.00422
0.00541
0.00579
0.00662
0.00637
0.00468
0.00461
0.00213
-0.00049
-0.00445
-0.00994
-0.01662
-0.02281
-0.02848
-0.03349
-0.03824
-0.0419
-0.04443
-0.04506
-0.04494
-0.04442
-0.04418
-0.04523
-0.04841
-0.0507
-0.05236
-0.05374
-0.05332
-0.05131
-0.04978
-0.04598
-0.0415
-0.03939
-0.03814
-0.03631
-0.03425
-0.03243
-0.03121
-0.02945
-0.02588
-0.02308
-0.02089
-0.01803
-0.01597
-0.01594
-0.01567
-0.01565
-0.01818
-0.02043
-0.02058
-0.01793
-0.0145
-0.01161
-0.0082
-0.00411
-0.00004
0.00338
0.00676
0.01136
0.0148
0.01746
0.01897
0.01885
0.01767
0.01769
0.01888
0.01938
0.01892
0.01892
0.01896
0.01821
0.01641
0.01464
0.01337
0.01238
0.01136
0.00997
0.00904
0.00806
0.00592
0.00527
0.00621
0.00686
0.00677
0.00628
0.00632
0.00616
0.00652
0.00822
0.00998
0.01209
0.01564
0.01888
0.02086
0.02252
0.02446
0.02564
0.02512
0.02412
0.02274
0.02026
0.01719
0.01409
0.01051
0.00624
0.00312
0.00062
-0.00086
-0.00124
-0.00117
-0.00139
-0.0001
0.00193
0.00431
0.00666
0.01053
0.01515
0.01808
0.01961
0.02038
0.02038
0.01989
0.01929
0.01839
0.01683
0.0149
0.01322
0.01148
0.01045
0.00998
0.00978
0.01007
0.01072
0.01157
0.01204
0.01241
0.01373
0.01377
0.01312
0.01296
0.01262
0.01175
0.01017
0.00848
0.00706
0.00535
0.00332
0.00117
-0.00108
-0.00276
-0.00368
-0.00498
-0.0064
-0.00791
-0.01012
-0.01206
-0.01274
-0.01389
-0.01459
-0.01386
-0.01222
-0.01112
-0.01021
-0.00862
-0.00734
-0.00657
-0.00583
-0.00568
-0.00555
-0.00501
-0.00436
-0.004
-0.00345
-0.00313
-0.0034
-0.00362
-0.00343
-0.0032
-0.00305
-0.00275
-0.00194
-0.00112
-0.00079
-0.00063
-0.00058
-0.00058
-0.00019
0.00017
0.0004
0.00067
0.00115
0.00197
0.0024
0.00267
0.00285
0.00285
0.00268
0.00255
0.00222
0.00179
0.00149
0.00112
0.00062
0.00021
0.00037
0.00061
0.00058
0.00059
0.00076
0.00097
0.00104
0.00104
0.00113
0.00149
0.00182
0.00171
0.00147
0.00141
0.00147
0.00131
0.0012
0.00126
0.00133
0.00129
0.00123
0.00128
0.00124
0.00112
0.001
0.00083
0.00063
0.00043
0.00023
0.00002
-0.00016
-0.00032
-0.00045
-0.00049
-0.00053
-0.00058
-0.00066
-0.00072
-0.0008
-0.00086
-0.00088
-0.00089
-0.0009
-0.00091
-0.00093
-0.00096
-0.00096
-0.00098
-0.001
-0.00103
-0.00104
-0.00104
-0.00101
-0.001
-0.00097
-0.00095
-0.0009
-0.00087
-0.00086
-0.00084
-0.00081
-0.00079
-0.00077
-0.00074
-0.00072
-0.0007
-0.00068
-0.00066
-0.00064
-0.00063
-0.00061
-0.0006
-0.00058
-0.00056
-0.00055
-0.00053
-0.00051
-0.0005
-0.00048
-0.00047
-0.00046
-0.00045
-0.00044
-0.00043
-0.00042
-0.00042
-0.00041
-0.0004
-0.00039
-0.00038
-0.00038
-0.00037
-0.00036
-0.00036
-0.00035
-0.00034
-0.00033
-0.00033
-0.00032
-0.00031
-0.00031
-0.0003