0.005
0.00215
0.00214
0.00213
0.00212
0.00212
0.00211
0.0021
0.00209
0.00209
0.00208
0.00207
0.00206
0.00206
0.00205
0.00204
0.00203
0.00203
0.00202
0.00201
0.002
0.002
0.00199
0.00198
0.00198
0.00197
0.00196
0.00195
0.00195
0.00194
0.00193
0.00192
0.00192
0.00191
0.0019
0.0019
0.00189
0.00188
0.00188
0.00187
0.00186
0.00186
0.00185
0.00184
0.00183
0.00182
0.00182
0.00181
0.0018
0.00179
0.00179
0.00178
0.00178
0.00177
0.00176
0.00176
0.00175
0.00175
0.00174
0.00173
0.00172
0.00172
0.00171
0.0017
0.00169
0.00168
0.00167
0.00166
0.00166
0.00166
0.00165
0.00164
0.00163
0.00163
0.00163
0.00163
0.00162
0.00161
0.00161
0.0016
0.0016
0.0016
0.0016
0.00158
0.00157
0.00155
0.00154
0.00153
0.00152
0.00152
0.00151
0.00151
0.00151
0.0015
0.00149
0.00149
0.00149
0.00149
0.00148
0.00147
0.00146
0.00145
0.00146
0.00146
0.00145
0.00142
0.00139
0.00137
0.00138
0.00139
0.00139
0.00139
0.00139
0.00139
0.00139
0.00138
0.00137
0.00135
0.00135
0.00135
0.00135
0.00135
0.00135
0.00133
0.0013
0.00129
0.00128
0.00126
0.00124
0.00124
0.00125
0.00124
0.00123
0.00124
0.00125
0.00127
0.00128
0.00125
0.00122
0.00123
0.00124
0.00124
0.00122
0.00119
0.00117
0.00116
0.00114
0.00113
0.00114
0.00115
0.00113
0.00109
0.00108
0.00111
0.00113
0.00113
0.00113
0.00113
0.00112
0.0011
0.0011
0.00112
0.00112
0.00111
0.00111
0.00109
0.00107
0.00105
0.00103
0.00101
0.00099
0.00098
0.00098
0.00099
0.001
0.001
0.00099
0.00099
0.00101
0.00103
0.00101
0.00099
0.001
0.00098
0.00091
0.00089
0.00091
0.00091
0.00088
0.00086
0.00086
0.00088
0.00088
0.00088
0.00087
0.00086
0.00085
0.00086
0.0009
0.00092
0.00091
0.0009
0.00089
0.00089
0.00089
0.00088
0.00082
0.00074
0.00073
0.00074
0.00074
0.00072
0.00068
0.00067
0.00071
0.00075
0.00076
0.00076
0.00079
0.00079
0.00078
0.00078
0.00078
0.00078
0.00078
0.00076
0.0007
0.00066
0.00069
0.0007
0.00065
0.00062
0.00063
0.00063
0.00063
0.00064
0.00064
0.00062
0.00062
0.00066
0.00066
0.00063
0.00062
0.00062
0.00064
0.00066
0.00063
0.00062
0.0006
0.00052
0.00047
0.00048
0.0005
0.00049
0.00051
0.00054
0.00055
0.00057
0.00059
0.00057
0.00056
0.00056
0.00053
0.0005
0.0005
0.00048
0.00047
0.00045
0.00038
0.00033
0.00034
0.00037
0.00039
0.00038
0.00036
0.00035
0.00035
0.00037
0.00039
0.0004
0.00044
0.00045
0.00042
0.00043
0.00044
0.00044
0.00042
0.00036
0.00031
0.00029
0.00028
0.00024
0.0002
0.00019
0.00024
0.00027
0.00026
0.00022
0.00022
0.00026
0.00029
0.00029
0.00031
0.00035
0.00038
0.00034
0.00023
0.00017
0.00019
0.00023
0.0002
0.00014
0.00012
0.00009
0.00009
0.00014
0.00017
0.00013
0.00012
0.00017
0.0002
0.00018
0.00016
0.00017
0.00019
0.00021
0.00013
0.00004
0.00002
0
-0.00002
-0.00002
0.00003
0.00006
0.00004
0.00003
0.00001
-0.00003
-0.00001
0.00004
0.00001
-0.00004
0.00002
0.00011
0.00009
0.00002
-0.00001
-0.00002
-0.00005
-0.00009
-0.00015
-0.00019
-0.0002
-0.00021
-0.00016
-0.00007
-0.00008
-0.00015
-0.00015
-0.0001
-0.00008
-0.00006
-0.00003
-0.00006
-0.00008
-0.00011
-0.00013
-0.00014
-0.00018
-0.00024
-0.00031
-0.00033
-0.00031
-0.00029
-0.00028
-0.00026
-0.00027
-0.00028
-0.00021
-0.00015
-0.00018
-0.00023
-0.00018
-0.00014
-0.00021
-0.00024
-0.00021
-0.00018
-0.00023
-0.0003
-0.00034
-0.00037
-0.00041
-0.00042
-0.00043
-0.0004
-0.00036
-0.00035
-0.00033
-0.00027
-0.00024
-0.00025
-0.00026
-0.00026
-0.00028
-0.00033
-0.00037
-0.00037
-0.00035
-0.00039
-0.00045
-0.00047
-0.00049
-0.00055
-0.00058
-0.00052
-0.00048
-0.00052
-0.00056
-0.00051
-0.0004
-0.00039
-0.00048
-0.00048
-0.00042
-0.00043
-0.00048
-0.00053
-0.00053
-0.00051
-0.00053
-0.0006
-0.00064
-0.00062
-0.00061
-0.00066
-0.00069
-0.00067
-0.0006
-0.00057
-0.00056
-0.00057
-0.00062
-0.00062
-0.00061
-0.00063
-0.00065
-0.00064
-0.00066
-0.00072
-0.00073
-0.0007
-0.00066
-0.00065
-0.00066
-0.00069
-0.00073
-0.00073
-0.00073
-0.00078
-0.00079
-0.00076
-0.00071
-0.00067
-0.00065
-0.00062
-0.00062
-0.00068
-0.00074
-0.00079
-0.00085
-0.00087
-0.00087
-0.00085
-0.00087
-0.00092
-0.00092
-0.00089
-0.00082
-0.00076
-0.00077
-0.00078
-0.00075
-0.00079
-0.00085
-0.00082
-0.0008
-0.00085
-0.00092
-0.00094
-0.00092
-0.00092
-0.00097
-0.00098
-0.00099
-0.00097
-0.00091
-0.00091
-0.00094
-0.00092
-0.0009
-0.00089
-0.0009
-0.00093
-0.00094
-0.00093
-0.00088
-0.00084
-0.00085
-0.00089
-0.00096
-0.00101
-0.00107
-0.00112
-0.00115
-0.00113
-0.00111
-0.00113
-0.00112
-0.00109
-0.00104
-0.00102
-0.00104
-0.00103
-0.00099
-0.00097
-0.00103
-0.00109
-0.00107
-0.00102
-0.00109
-0.00124
-0.00128
-0.0012
-0.00114
-0.00117
-0.00123
-0.00125
-0.00121
-0.00118
-0.00119
-0.0012
-0.00121
-0.00119
-0.00118
-0.0012
-0.00119
-0.00114
-0.0011
-0.00114
-0.0012
-0.00126
-0.00131
-0.00131
-0.00131
-0.00137
-0.00142
-0.00138
-0.00134
-0.00133
-0.0013
-0.00126
-0.00127
-0.00129
-0.00126
-0.00123
-0.00127
-0.00132
-0.00132
-0.0013
-0.0013
-0.00136
-0.00143
-0.00151
-0.00154
-0.00153
-0.00148
-0.00143
-0.00143
-0.00143
-0.0014
-0.00136
-0.00135
-0.0014
-0.00143
-0.00138
-0.00133
-0.0013
-0.0013
-0.00136
-0.00146
-0.00153
-0.0015
-0.00151
-0.00158
-0.00158
-0.00152
-0.00154
-0.00157
-0.00158
-0.00157
-0.00155
-0.00153
-0.00149
-0.00148
-0.00146
-0.00145
-0.00149
-0.00156
-0.00156
-0.00151
-0.00152
-0.00163
-0.00171
-0.00169
-0.00163
-0.00162
-0.00163
-0.00166
-0.00166
-0.00166
-0.00171
-0.00171
-0.00166
-0.0016
-0.00156
-0.00161
-0.00165
-0.00162
-0.00161
-0.00164
-0.00165
-0.00164
-0.00166
-0.00174
-0.00182
-0.0018
-0.00173
-0.0017
-0.00174
-0.00173
-0.00167
-0.00169
-0.00177
-0.00176
-0.00167
-0.0016
-0.00161
-0.00166
-0.00169
-0.00173
-0.00177
-0.00179
-0.00177
-0.00177
-0.00181
-0.00183
-0.00183
-0.00186
-0.00189
-0.00185
-0.0018
-0.00181
-0.00186
-0.00185
-0.0018
-0.00177
-0.00175
-0.00176
-0.00175
-0.00174
-0.0018
-0.00185
-0.00183
-0.00186
-0.00195
-0.00201
-0.00205
-0.00207
-0.00206
-0.002
-0.00193
-0.00191
-0.00189
-0.00187
-0.0018
-0.00175
-0.00179
-0.00184
-0.00184
-0.00185
-0.00189
-0.00193
-0.00196
-0.00202
-0.00207
-0.00209
-0.00212
-0.00212
-0.00205
-0.002
-0.00203
-0.00204
-0.00201
-0.002
-0.00205
-0.00209
-0.00206
-0.00198
-0.00193
-0.00195
-0.00205
-0.00213
-0.00214
-0.00211
-0.00214
-0.00221
-0.00217
-0.0021
-0.00211
-0.00212
-0.00211
-0.00211
-0.00213
-0.00212
-0.00204
-0.002
-0.00203
-0.00204
-0.00201
-0.00198
-0.00202
-0.0021
-0.00217
-0.00222
-0.00221
-0.00223
-0.00231
-0.00233
-0.0023
-0.00227
-0.00223
-0.00218
-0.00216
-0.00214
-0.00215
-0.00216
-0.00217
-0.00214
-0.00215
-0.00221
-0.00224
-0.00219
-0.00216
-0.00219
-0.00223
-0.00228
-0.0023
-0.00234
-0.00236
-0.00231
-0.00228
-0.0023
-0.00231
-0.00228
-0.00227
-0.00226
-0.00224
-0.0022
-0.00217
-0.00218
-0.00222
-0.00224
-0.00225
-0.0023
-0.00238
-0.00244
-0.00241
-0.00238
-0.00241
-0.00241
-0.00236
-0.00235
-0.00241
-0.00242
-0.00236
-0.00236
-0.00241
-0.00243
-0.00237
-0.00231
-0.00232
-0.00239
-0.00242
-0.00243
-0.00248
-0.00255
-0.00257
-0.00253
-0.0025
-0.00253
-0.00251
-0.00246
-0.00249
-0.00251
-0.00247
-0.00244
-0.00242
-0.0024
-0.00239
-0.00238
-0.00236
-0.00238
-0.00241
-0.00247
-0.00254
-0.0026
-0.00261
-0.00259
-0.00259
-0.00264
-0.00265
-0.00262
-0.00256
-0.00252
-0.0025
-0.00247
-0.00244
-0.00242
-0.00244
-0.00249
-0.00255
-0.00257
-0.00251
-0.00247
-0.00249
-0.00255
-0.00263
-0.00268
-0.00266
-0.00262
-0.00263
-0.00264
-0.00267
-0.00265
-0.0026
-0.00258
-0.00258
-0.00258
-0.00256
-0.00251
-0.00249
-0.00254
-0.00257
-0.00256
-0.00255
-0.0026
-0.00274
-0.00281
-0.00277
-0.00271
-0.00269
-0.00272
-0.00277
-0.00278
-0.00272
-0.00267
-0.00268
-0.00269
-0.00266
-0.00266
-0.00268
-0.00268
-0.00265
-0.00265
-0.00268
-0.00273
-0.00276
-0.00278
-0.00284
-0.00288
-0.00284
-0.00279
-0.0028
-0.00281
-0.00276
-0.00271
-0.0027
-0.00273
-0.00274
-0.0027
-0.00268
-0.00269
-0.0027
-0.00271
-0.00274
-0.0028
-0.00285
-0.00285
-0.00285
-0.00287
-0.00287
-0.00289
-0.00291
-0.00292
-0.00291
-0.00287
-0.00282
-0.00277
-0.00273
-0.00274
-0.00274
-0.0027
-0.00271
-0.00281
-0.00289
-0.0029
-0.00287
-0.00287
-0.00293
-0.00297
-0.00298
-0.00297
-0.00296
-0.00294
-0.00291
-0.00287
-0.00285
-0.00284
-0.00285
-0.00283
-0.0028
-0.0028
-0.00284
-0.00285
-0.00284
-0.00285
-0.0029
-0.00303
-0.00309
-0.00305
-0.00303
-0.00302
-0.00298
-0.00293
-0.00292
-0.00291
-0.00288
-0.00285
-0.00282
-0.00281
-0.00281
-0.00283
-0.00286
-0.00285
-0.00285
-0.00287
-0.00294
-0.00301
-0.00303
-0.00305
-0.00304
-0.00295
-0.00289
-0.00286
-0.00286
-0.00285
-0.00281
-0.00273
-0.00268
-0.0027
-0.00278
-0.00284
-0.00287
-0.00282
-0.00268
-0.0026
-0.00272
-0.0029
-0.00298
-0.00303
-0.00307
-0.00305
-0.00301
-0.00306
-0.00318
-0.00325
-0.00318
-0.00308
-0.00309
-0.00315
-0.00316
-0.00316
-0.00316
-0.00306
-0.00287
-0.00274
-0.00285
-0.00316
-0.00337
-0.00337
-0.00328
-0.00325
-0.00323
-0.00319
-0.0032
-0.00321
-0.00316
-0.00298
-0.00279
-0.00283
-0.00319
-0.00363
-0.00382
-0.00371
-0.00356
-0.00352
-0.00341
-0.00313
-0.00294
-0.00312
-0.00342
-0.00349
-0.00347
-0.00356
-0.00351
-0.00311
-0.00271
-0.00271
-0.0029
-0.00285
-0.00271
-0.00282
-0.00311
-0.00315
-0.00275
-0.00231
-0.00227
-0.00249
-0.00263
-0.00268
-0.00278
-0.00284
-0.00275
-0.00263
-0.00264
-0.00271
-0.00263
-0.0024
-0.00218
-0.00211
-0.00224
-0.00246
-0.00271
-0.00292
-0.00299
-0.00287
-0.00255
-0.00227
-0.00234
-0.00265
-0.00281
-0.00268
-0.00253
-0.00262
-0.00282
-0.00286
-0.00272
-0.00257
-0.00254
-0.00257
-0.00261
-0.00267
-0.00252
-0.00213
-0.00187
-0.00205
-0.00249
-0.00282
-0.00285
-0.00265
-0.00238
-0.00212
-0.00199
-0.00208
-0.00233
-0.00252
-0.00245
-0.00222
-0.0021
-0.00235
-0.00299
-0.00377
-0.00431
-0.00428
-0.00366
-0.00301
-0.00295
-0.00345
-0.004
-0.00415
-0.00385
-0.00336
-0.00299
-0.00282
-0.00273
-0.00271
-0.00272
-0.00258
-0.0023
-0.00215
-0.00228
-0.00267
-0.00305
-0.00306
-0.00254
-0.00183
-0.00155
-0.00203
-0.00285
-0.0033
-0.00313
-0.00275
-0.00271
-0.00314
-0.00364
-0.00376
-0.00344
-0.00295
-0.00253
-0.00225
-0.0021
-0.00214
-0.0023
-0.00235
-0.00218
-0.00185
-0.00148
-0.00132
-0.00148
-0.0017
-0.00156
-0.0011
-0.00076
-0.00077
-0.00099
-0.00108
-0.00093
-0.0009
-0.00128
-0.00179
-0.00199
-0.00183
-0.00164
-0.00156
-0.00127
-0.00052
0.00028
0.00044
-0.00016
-0.00085
-0.00098
-0.00069
-0.00071
-0.00133
-0.00226
-0.00301
-0.0032
-0.0028
-0.00215
-0.00163
-0.00148
-0.00154
-0.00149
-0.00137
-0.00146
-0.00168
-0.00147
-0.00067
0.00023
0.00062
0.0005
0.00009
-0.0005
-0.00113
-0.00142
-0.00098
0.00016
0.00131
0.00164
0.00086
-0.00037
-0.00092
-0.00029
0.00095
0.00178
0.00166
0.00097
0.00069
0.00107
0.00133
0.00088
0.00029
0.00031
0.00056
0.00029
-0.00043
-0.00114
-0.0018
-0.00266
-0.00349
-0.0035
-0.0024
-0.00089
0.00008
0.00039
0.00062
0.00107
0.00148
0.00175
0.00214
0.00261
0.00233
0.00068
-0.00145
-0.0023
-0.00129
0.0003
0.00081
0.00001
-0.00093
-0.00117
-0.00083
-0.00022
0.00077
0.00217
0.00325
0.00322
0.0021
0.00068
-0.0003
-0.00077
-0.00092
-0.00061
0.00023
0.001
0.00092
0
-0.0009
-0.00106
-0.00057
-0.00004
-0.00002
-0.00042
-0.00078
-0.0008
-0.00087
-0.00146
-0.00228
-0.0025
-0.00159
-0.00011
0.001
0.00133
0.00111
0.00091
0.00149
0.00308
0.00481
0.0055
0.00493
0.00409
0.00391
0.00436
0.00464
0.00407
0.00287
0.00179
0.00153
0.00254
0.00473
0.00715
0.00851
0.00819
0.00662
0.00489
0.00397
0.00387
0.00394
0.00347
0.00236
0.00148
0.00164
0.00275
0.00402
0.00462
0.00424
0.00328
0.00256
0.0024
0.00216
0.00102
-0.00087
-0.00267
-0.00382
-0.00409
-0.00298
-0.00035
0.00266
0.00456
0.00513
0.00549
0.00659
0.00801
0.00869
0.00849
0.00782
0.00664
0.00472
0.0024
0.00064
0.00015
0.00044
0.00075
0.00135
0.00305
0.00559
0.00793
0.00941
0.0103
0.01131
0.01227
0.01195
0.00948
0.00533
0.001
-0.0021
-0.00383
-0.00451
-0.00339
0.00037
0.00589
0.01081
0.01344
0.01399
0.01358
0.01259
0.01066
0.00782
0.00521
0.0042
0.00548
0.00864
0.01244
0.01543
0.01686
0.01707
0.01688
0.01646
0.01501
0.01162
0.00687
0.0033
0.00281
0.00421
0.00473
0.00345
0.00176
0.00142
0.00333
0.00696
0.0107
0.01297
0.01327
0.01266
0.0129
0.01492
0.01795
0.01984
0.01854
0.01466
0.01164
0.01251
0.01698
0.02245
0.02661
0.02846
0.02817
0.0272
0.02717
0.02764
0.02602
0.0207
0.01387
0.00971
0.01
0.01279
0.01539
0.01674
0.01685
0.01582
0.01426
0.01345
0.01422
0.01601
0.01735
0.01751
0.01722
0.01724
0.01715
0.01666
0.01638
0.01648
0.01577
0.01293
0.00847
0.00457
0.00311
0.00468
0.00878
0.01423
0.01955
0.02349
0.02568
0.02655
0.02675
0.02659
0.02595
0.02443
0.0212
0.01559
0.00876
0.00357
0.00215
0.00417
0.00718
0.0086
0.0078
0.00624
0.00567
0.00652
0.00802
0.00942
0.01045
0.01117
0.01137
0.01041
0.00852
0.00715
0.00706
0.00718
0.00666
0.0068
0.0097
0.01524
0.02089
0.02444
0.02577
0.02579
0.02527
0.02485
0.0257
0.0292
0.03495
0.04038
0.04331
0.04403
0.04418
0.04407
0.04205
0.0369
0.02987
0.02379
0.0201
0.01792
0.01606
0.01453
0.01364
0.01289
0.0115
0.00999
0.01012
0.01289
0.01739
0.02146
0.0236
0.02404
0.024
0.0239
0.02312
0.0218
0.0213
0.0224
0.02477
0.02794
0.03148
0.03439
0.03549
0.03481
0.0341
0.03433
0.03408
0.03147
0.02612
0.01911
0.0118
0.00519
0.00021
-0.00219
-0.00149
0.00205
0.00663
0.00918
0.008
0.0043
0.00092
-0.00009
0.00115
0.0032
0.0053
0.0082
0.01297
0.01976
0.02744
0.03421
0.03841
0.03939
0.03797
0.03592
0.03457
0.03379
0.03237
0.02909
0.02338
0.01542
0.00711
0.00213
0.00311
0.00852
0.01372
0.01544
0.01394
0.01104
0.00822
0.00621
0.00457
0.00207
-0.00168
-0.00518
-0.00611
-0.0035
0.0015
0.00634
0.00906
0.0099
0.01029
0.0109
0.01167
0.01303
0.01537
0.01722
0.01706
0.01561
0.01428
0.01367
0.01366
0.01315
0.01132
0.01011
0.01372
0.02384
0.03705
0.04833
0.05536
0.05827
0.05754
0.05404
0.04909
0.04361
0.03778
0.03151
0.02494
0.01902
0.01538
0.01491
0.01681
0.01894
0.01901
0.01569
0.00913
0.00116
-0.00486
-0.00624
-0.00415
-0.00237
-0.00172
0.00163
0.01037
0.02114
0.02799
0.0286
0.02542
0.022
0.02024
0.02083
0.02365
0.02724
0.02946
0.02919
0.02617
0.02067
0.01315
0.0041
-0.00506
-0.01194
-0.01465
-0.01417
-0.01414
-0.016
-0.01618
-0.01126
-0.00271
0.0056
0.01124
0.01373
0.01358
0.01175
0.00861
0.00343
-0.00384
-0.01162
-0.01758
-0.01952
-0.0158
-0.0062
0.0064
0.01661
0.02076
0.01973
0.0167
0.01309
0.00753
-0.00118
-0.01146
-0.01957
-0.02217
-0.01918
-0.01366
-0.00873
-0.00543
-0.0031
-0.00073
0.00202
0.00411
0.00309
-0.00308
-0.01353
-0.02531
-0.03602
-0.04417
-0.04853
-0.04885
-0.04564
-0.0391
-0.03073
-0.02351
-0.01847
-0.01424
-0.00995
-0.00626
-0.0038
-0.00231
-0.00131
-0.00023
0.00176
0.00446
0.00579
0.00422
0.00126
-0.00041
-0.00045
-0.00087
-0.00356
-0.00877
-0.01518
-0.02151
-0.02794
-0.03535
-0.04284
-0.04783
-0.04913
-0.04826
-0.04756
-0.0474
-0.04598
-0.04174
-0.03518
-0.02846
-0.02334
-0.01997
-0.01774
-0.01631
-0.01585
-0.01641
-0.01755
-0.01884
-0.02077
-0.02431
-0.02954
-0.03538
-0.04053
-0.04497
-0.04998
-0.05607
-0.06169
-0.06445
-0.06364
-0.06077
-0.05738
-0.05301
-0.04563
-0.03454
-0.02218
-0.01233
-0.007
-0.00509
-0.00441
-0.00402
-0.00398
-0.00445
-0.00572
-0.00873
-0.01469
-0.02358
-0.03347
-0.04232
-0.04948
-0.05536
-0.06065
-0.06563
-0.06982
-0.0726
-0.07344
-0.07201
-0.06832
-0.06266
-0.05547
-0.04751
-0.0402
-0.03505
-0.03231
-0.03062
-0.02885
-0.02754
-0.02798
-0.03035
-0.03337
-0.03608
-0.03862
-0.04084
-0.04188
-0.0417
-0.0416
-0.0429
-0.04553
-0.04827
-0.04983
-0.04966
-0.04819
-0.04671
-0.04621
-0.04632
-0.04652
-0.0473
-0.04934
-0.05232
-0.05516
-0.05735
-0.05902
-0.06002
-0.06003
-0.05905
-0.05759
-0.05652
-0.05657
-0.05718
-0.05676
-0.05475
-0.05209
-0.04987
-0.04817
-0.04647
-0.04519
-0.04535
-0.04713
-0.05004
-0.05349
-0.05723
-0.06126
-0.06534
-0.06858
-0.07016
-0.07078
-0.07277
-0.07772
-0.08437
-0.08992
-0.09315
-0.09518
-0.09766
-0.10081
-0.10319
-0.10331
-0.10191
-0.10147
-0.10312
-0.10516
-0.10546
-0.10441
-0.10417
-0.10562
-0.10703
-0.10642
-0.10388
-0.1011
-0.09944
-0.09898
-0.09913
-0.0998
-0.10133
-0.10353
-0.10506
-0.10481
-0.10347
-0.10271
-0.10289
-0.10278
-0.1013
-0.09848
-0.09507
-0.09225
-0.09116
-0.09289
-0.09798
-0.10456
-0.10909
-0.11149
-0.11595
-0.1242
-0.13284
-0.13849
-0.14106
-0.14157
-0.14046
-0.13874
-0.13803
-0.1378
-0.13549
-0.1316
-0.13022
-0.13137
-0.12871
-0.12071
-0.11626
-0.11919
-0.11957
-0.11182
-0.10412
-0.10276
-0.10387
-0.1027
-0.09973
-0.0986
-0.10122
-0.10378
-0.10112
-0.09495
-0.0913
-0.09111
-0.09234
-0.0956
-0.1002
-0.10264
-0.10181
-0.09975
-0.09848
-0.09848
-0.09899
-0.09923
-0.09818
-0.09525
-0.09197
-0.09014
-0.08928
-0.08783
-0.08548
-0.0829
-0.08103
-0.08068
-0.0817
-0.08252
-0.08165
-0.07912
-0.07563
-0.07208
-0.06925
-0.06707
-0.06461
-0.06128
-0.05829
-0.05749
-0.05833
-0.05814
-0.05514
-0.05001
-0.0449
-0.04152
-0.03991
-0.03836
-0.03523
-0.03094
-0.02714
-0.02456
-0.02245
-0.0193
-0.01403
-0.00737
-0.00107
0.00383
0.00791
0.01302
0.02114
0.03276
0.04466
0.05206
0.05454
0.05633
0.06035
0.06535
0.06795
0.06541
0.0589
0.05313
0.05123
0.0521
0.05331
0.0539
0.05393
0.05326
0.0522
0.05167
0.05188
0.05227
0.05257
0.0524
0.05107
0.04907
0.04811
0.04917
0.05173
0.05489
0.05797
0.06055
0.06324
0.06786
0.07511
0.08314
0.09015
0.09654
0.10373
0.11178
0.11896
0.12346
0.12489
0.12436
0.12327
0.12169
0.11775
0.10926
0.09526
0.07579
0.0515
0.02471
-0.00082
-0.02275
-0.04003
-0.05156
-0.05812
-0.06236
-0.0654
-0.0664
-0.06428
-0.0578
-0.04728
-0.03595
-0.02652
-0.01753
-0.00575
0.00789
0.01916
0.02707
0.03469
0.04441
0.05593
0.06873
0.08248
0.09571
0.10754
0.11947
0.1331
0.14737
0.15939
0.16736
0.17182
0.17384
0.17307
0.16884
0.16194
0.15405
0.14719
0.14324
0.14203
0.14157
0.14076
0.14059
0.14145
0.14107
0.13681
0.12919
0.12177
0.11788
0.11776
0.1181
0.11467
0.10646
0.09655
0.08788
0.0793
0.06787
0.05322
0.03753
0.02279
0.01
-0.0009
-0.01147
-0.02378
-0.03741
-0.04873
-0.05484
-0.05729
-0.06085
-0.06808
-0.0763
-0.08142
-0.08235
-0.08084
-0.07916
-0.07873
-0.07885
-0.07647
-0.06926
-0.05907
-0.05052
-0.04648
-0.04589
-0.04523
-0.04158
-0.03451
-0.02594
-0.0188
-0.01466
-0.01149
-0.00534
0.00484
0.01595
0.0264
0.03944
0.05743
0.07758
0.09555
0.10923
0.11922
0.12758
0.13508
0.14005
0.14128
0.14092
0.14183
0.14369
0.14482
0.14478
0.14448
0.14431
0.14191
0.13681
0.13322
0.13335
0.13479
0.1353
0.13404
0.12958
0.12127
0.11181
0.10493
0.10175
0.10133
0.10169
0.1002
0.09572
0.09037
0.08775
0.08979
0.09568
0.10299
0.10906
0.11203
0.11229
0.11269
0.11588
0.12119
0.12508
0.12612
0.12764
0.13168
0.13495
0.13537
0.1346
0.13353
0.13222
0.13177
0.13184
0.13019
0.12588
0.12037
0.11573
0.11292
0.11181
0.11131
0.11009
0.1076
0.10301
0.09521
0.08801
0.08865
0.09553
0.09943
0.0969
0.09197
0.08923
0.09104
0.09642
0.10152
0.10328
0.10242
0.1018
0.10294
0.10544
0.10844
0.11159
0.1148
0.11771
0.11971
0.12021
0.11953
0.11925
0.12032
0.12208
0.12425
0.12729
0.13049
0.13143
0.1292
0.12676
0.12722
0.12922
0.12966
0.12874
0.12824
0.12743
0.12436
0.11976
0.11649
0.11607
0.11747
0.11851
0.11843
0.11853
0.1189
0.11722
0.11327
0.11139
0.11451
0.11842
0.11792
0.11468
0.11329
0.11431
0.11567
0.1164
0.11691
0.11792
0.1204
0.12546
0.13247
0.13867
0.14209
0.14335
0.14419
0.14552
0.14643
0.14473
0.14008
0.13511
0.13115
0.12625
0.11907
0.11151
0.1053
0.09833
0.08783
0.0752
0.06379
0.05433
0.0453
0.03627
0.02858
0.02327
0.01994
0.01777
0.01674
0.01731
0.01958
0.02298
0.02686
0.03109
0.03578
0.04031
0.04357
0.04603
0.04894
0.05179
0.05314
0.05253
0.04975
0.04436
0.03636
0.02622
0.01474
0.00352
-0.00545
-0.01154
-0.01623
-0.02056
-0.02294
-0.02151
-0.01754
-0.01388
-0.01112
-0.00744
-0.00166
0.00571
0.01351
0.02099
0.02852
0.03682
0.04551
0.05357
0.0608
0.06679
0.06969
0.06917
0.06914
0.07311
0.07877
0.0809
0.07849
0.07538
0.0738
0.0716
0.06811
0.06761
0.07304
0.08063
0.08498
0.08516
0.08276
0.07835
0.07328
0.07032
0.06976
0.06833
0.06359
0.05633
0.04804
0.03862
0.0277
0.01641
0.00656
-0.00067
-0.00594
-0.01067
-0.014
-0.01385
-0.01033
-0.0061
-0.00418
-0.00502
-0.00648
-0.00686
-0.00752
-0.01085
-0.01639
-0.0216
-0.02592
-0.03135
-0.03895
-0.04681
-0.05272
-0.05744
-0.06261
-0.06767
-0.07121
-0.07292
-0.07303
-0.07192
-0.07107
-0.07236
-0.07627
-0.08148
-0.08629
-0.08965
-0.09111
-0.09053
-0.0882
-0.08592
-0.08689
-0.09344
-0.10408
-0.11343
-0.11692
-0.1153
-0.11298
-0.11302
-0.11511
-0.11708
-0.11758
-0.11722
-0.11718
-0.11741
-0.11681
-0.11464
-0.11113
-0.10667
-0.10089
-0.09387
-0.08662
-0.07919
-0.07049
-0.06006
-0.04851
-0.03606
-0.02266
-0.00954
0.00121
0.00876
0.01439
0.02009
0.0266
0.0334
0.0397
0.04489
0.04952
0.05585
0.06567
0.07754
0.08831
0.09676
0.10354
0.10892
0.11277
0.11628
0.1223
0.13254
0.14532
0.15669
0.16297
0.16367
0.16234
0.16281
0.16504
0.16541
0.16116
0.15301
0.14266
0.1307
0.11857
0.10886
0.10162
0.09334
0.08151
0.0674
0.05391
0.04308
0.03576
0.03037
0.02252
0.00957
-0.00477
-0.0142
-0.02067
-0.0322
-0.04626
-0.0533
-0.05433
-0.05747
-0.06251
-0.06405
-0.06249
-0.06155
-0.06176
-0.06122
-0.05971
-0.05878
-0.05893
-0.05811
-0.05325
-0.04478
-0.037
-0.032
-0.02717
-0.02012
-0.01229
-0.00608
-0.00102
0.00503
0.01188
0.01701
0.01961
0.02182
0.02509
0.02775
0.02766
0.02555
0.0241
0.02459
0.02536
0.02458
0.0233
0.02457
0.02939
0.03486
0.03785
0.03907
0.04131
0.04516
0.04899
0.05205
0.05521
0.05902
0.06273
0.06502
0.06521
0.06468
0.0663
0.07114
0.07655
0.07919
0.07948
0.08023
0.08119
0.0795
0.07598
0.07517
0.07727
0.07644
0.06918
0.05914
0.05226
0.05011
0.0491
0.04542
0.03926
0.03315
0.02879
0.02628
0.02515
0.02539
0.02574
0.02167
0.0111
0.00237
0.00477
0.01162
0.00893
-0.00373
-0.0158
-0.0238
-0.03278
-0.04367
-0.05255
-0.05921
-0.06686
-0.07604
-0.08375
-0.08819
-0.09164
-0.09664
-0.10197
-0.10443
-0.1038
-0.10416
-0.10725
-0.10989
-0.11034
-0.1104
-0.11135
-0.11251
-0.11365
-0.11527
-0.11701
-0.11845
-0.11976
-0.12009
-0.11822
-0.11597
-0.11693
-0.12086
-0.12373
-0.12355
-0.12177
-0.11991
-0.11867
-0.11845
-0.11815
-0.11574
-0.11057
-0.10406
-0.09815
-0.0937
-0.09008
-0.08547
-0.0782
-0.06805
-0.05663
-0.04681
-0.04075
-0.03771
-0.03432
-0.02867
-0.02276
-0.01982
-0.02097
-0.02414
-0.02568
-0.02415
-0.02147
-0.02049
-0.02253
-0.02621
-0.02912
-0.03056
-0.03121
-0.03129
-0.0317
-0.03404
-0.03806
-0.04211
-0.04554
-0.04875
-0.05202
-0.05588
-0.06172
-0.06955
-0.07629
-0.07929
-0.08012
-0.08206
-0.08567
-0.08961
-0.09353
-0.09727
-0.09885
-0.09658
-0.09247
-0.09036
-0.09156
-0.09467
-0.09813
-0.10058
-0.10061
-0.0989
-0.09849
-0.10109
-0.10559
-0.11008
-0.11367
-0.11628
-0.11823
-0.12046
-0.12339
-0.12617
-0.12744
-0.12685
-0.12552
-0.1245
-0.12356
-0.12214
-0.12012
-0.11784
-0.11583
-0.11383
-0.11089
-0.10621
-0.09951
-0.09112
-0.08237
-0.07549
-0.07194
-0.07067
-0.06939
-0.06756
-0.06703
-0.06953
-0.07428
-0.07937
-0.08346
-0.08642
-0.08932
-0.09374
-0.10033
-0.10791
-0.11461
-0.11919
-0.12179
-0.12362
-0.12525
-0.12561
-0.12409
-0.12163
-0.11887
-0.11541
-0.11046
-0.10405
-0.09715
-0.09071
-0.08561
-0.08213
-0.07893
-0.07463
-0.06931
-0.06377
-0.05812
-0.05217
-0.04671
-0.04345
-0.04282
-0.04261
-0.04014
-0.03529
-0.03038
-0.02686
-0.02389
-0.02066
-0.01741
-0.01479
-0.0138
-0.01536
-0.01866
-0.02155
-0.02321
-0.02425
-0.02512
-0.02622
-0.02836
-0.03199
-0.03708
-0.04284
-0.04768
-0.05075
-0.05301
-0.05677
-0.06406
-0.07473
-0.08604
-0.09527
-0.1023
-0.10839
-0.11367
-0.11761
-0.1206
-0.12346
-0.12625
-0.12824
-0.12895
-0.12872
-0.12836
-0.1283
-0.12845
-0.12796
-0.12489
-0.11859
-0.11199
-0.10882
-0.10937
-0.11056
-0.1098
-0.1068
-0.10251
-0.09741
-0.09117
-0.08395
-0.07706
-0.07201
-0.0685
-0.06455
-0.05941
-0.0547
-0.05184
-0.05083
-0.05104
-0.05189
-0.053
-0.05466
-0.05696
-0.0591
-0.06034
-0.06084
-0.06121
-0.06199
-0.06355
-0.0656
-0.06726
-0.06742
-0.06574
-0.06377
-0.06371
-0.06593
-0.06903
-0.07155
-0.07268
-0.07256
-0.07266
-0.07381
-0.07469
-0.0732
-0.06848
-0.06119
-0.05275
-0.04461
-0.03683
-0.02772
-0.01559
0.00003
0.01852
0.03871
0.05941
0.07903
0.09582
0.10982
0.12358
0.13954
0.15701
0.17312
0.18526
0.19237
0.19554
0.19726
0.19908
0.2003
0.19812
0.18925
0.17273
0.15017
0.12371
0.09592
0.07013
0.04739
0.02632
0.00641
-0.0121
-0.02934
-0.04472
-0.05686
-0.06456
-0.06785
-0.06857
-0.0713
-0.07895
-0.08914
-0.09745
-0.10175
-0.10324
-0.10378
-0.10332
-0.10098
-0.09707
-0.09347
-0.09166
-0.09064
-0.08789
-0.08223
-0.07468
-0.06656
-0.05881
-0.05309
-0.05036
-0.04886
-0.04661
-0.04366
-0.04056
-0.03781
-0.03632
-0.03598
-0.03501
-0.03215
-0.02876
-0.02682
-0.02624
-0.02475
-0.02025
-0.01335
-0.00629
-0.00016
0.00551
0.01083
0.0155
0.0199
0.02454
0.02952
0.03424
0.0368
0.03483
0.02779
0.01788
0.00784
-0.00233
-0.01466
-0.02944
-0.04507
-0.06108
-0.07806
-0.09496
-0.10965
-0.12131
-0.1303
-0.13672
-0.14097
-0.14416
-0.14723
-0.15056
-0.15375
-0.15572
-0.15548
-0.15253
-0.14753
-0.14257
-0.1394
-0.1375
-0.13455
-0.12906
-0.12209
-0.11549
-0.10932
-0.10321
-0.0977
-0.09277
-0.08761
-0.08165
-0.07434
-0.06495
-0.0539
-0.04361
-0.03694
-0.03401
-0.03132
-0.02576
-0.01809
-0.01082
-0.00526
-0.00219
-0.00145
-0.00043
0.00335
0.00902
0.0137
0.01592
0.01642
0.01701
0.01981
0.0262
0.0351
0.04362
0.0498
0.05378
0.05637
0.05737
0.05588
0.05214
0.04806
0.04544
0.04401
0.04188
0.03775
0.03218
0.02695
0.02347
0.02111
0.0179
0.01319
0.00863
0.00666
0.00811
0.01115
0.0129
0.01166
0.00824
0.0049
0.00314
0.00311
0.00399
0.00482
0.0063
0.0096
0.01384
0.01682
0.01786
0.01847
0.02044
0.02488
0.03209
0.04098
0.04911
0.0543
0.05669
0.05855
0.06213
0.06813
0.07562
0.08322
0.09011
0.09628
0.10165
0.10542
0.10688
0.10678
0.10693
0.10822
0.1098
0.11035
0.10933
0.10726
0.10503
0.1032
0.10169
0.09993
0.09737
0.09426
0.09145
0.08966
0.08885
0.08836
0.08763
0.08633
0.08482
0.08437
0.08574
0.08785
0.08884
0.08794
0.0862
0.08524
0.08542
0.08558
0.08466
0.08267
0.08049
0.07957
0.0811
0.08433
0.08671
0.08645
0.08451
0.08395
0.08741
0.09442
0.10186
0.10733
0.11066
0.11295
0.11584
0.12075
0.12796
0.13646
0.14444
0.15052
0.15484
0.15844
0.16231
0.16656
0.1696
0.16882
0.16324
0.15461
0.14466
0.13354
0.12171
0.11084
0.10177
0.09344
0.08373
0.07141
0.05836
0.04812
0.04101
0.03375
0.02387
0.01216
0.00085
-0.00844
-0.01587
-0.02314
-0.03183
-0.04207
-0.05352
-0.06695
-0.08293
-0.09976
-0.11473
-0.12685
-0.13664
-0.14484
-0.15187
-0.15768
-0.16154
-0.16209
-0.15857
-0.15185
-0.14395
-0.13679
-0.13131
-0.12752
-0.1244
-0.12049
-0.11536
-0.10983
-0.10458
-0.09943
-0.09361
-0.08698
-0.08057
-0.07531
-0.07107
-0.06719
-0.06326
-0.05931
-0.05534
-0.05119
-0.04714
-0.04421
-0.04269
-0.04077
-0.03637
-0.02964
-0.02206
-0.01434
-0.0064
0.00161
0.00914
0.01535
0.02014
0.02521
0.03192
0.03859
0.04272
0.0438
0.04258
0.03998
0.03714
0.03467
0.03231
0.03026
0.02967
0.03198
0.03793
0.04711
0.05851
0.07127
0.08473
0.0984
0.11225
0.12617
0.13964
0.1524
0.16458
0.17542
0.18338
0.18737
0.18719
0.18341
0.17741
0.1707
0.16357
0.15497
0.14419
0.1322
0.12143
0.11443
0.11208
0.11296
0.11477
0.11585
0.1156
0.11436
0.11312
0.11258
0.11254
0.11215
0.11049
0.10673
0.1008
0.09371
0.08634
0.07814
0.06761
0.05388
0.03718
0.01841
-0.00097
-0.01936
-0.03573
-0.05001
-0.06305
-0.07527
-0.08562
-0.09312
-0.0988
-0.10445
-0.11042
-0.11637
-0.1231
-0.13205
-0.14337
-0.15537
-0.16655
-0.17689
-0.18664
-0.19518
-0.20198
-0.20804
-0.21481
-0.22136
-0.22531
-0.22622
-0.22604
-0.22645
-0.22675
-0.22541
-0.22206
-0.21772
-0.21225
-0.2045
-0.19435
-0.18333
-0.17333
-0.16533
-0.15934
-0.15487
-0.15134
-0.14794
-0.14382
-0.13901
-0.1342
-0.12934
-0.12368
-0.1179
-0.11423
-0.11359
-0.11427
-0.1138
-0.11128
-0.10732
-0.10191
-0.09428
-0.08469
-0.07413
-0.06286
-0.05111
-0.04013
-0.03086
-0.02288
-0.01533
-0.00834
-0.00271
0.00161
0.00538
0.00886
0.01191
0.01426
0.01535
0.0155
0.01609
0.01651
0.01497
0.0127
0.01265
0.0147
0.01569
0.01431
0.0123
0.01125
0.011
0.01081
0.0104
0.00937
0.00685
0.00247
-0.00248
-0.00606
-0.00736
-0.00681
-0.00531
-0.00324
-0.00046
0.00351
0.00884
0.01501
0.02148
0.02814
0.03479
0.04129
0.04812
0.05589
0.06426
0.07217
0.07893
0.08494
0.09159
0.09994
0.1099
0.12031
0.1293
0.13574
0.14086
0.14645
0.1529
0.16024
0.16836
0.17615
0.18264
0.18776
0.19162
0.19392
0.19411
0.19214
0.18867
0.18435
0.17895
0.17208
0.16404
0.15547
0.14696
0.13845
0.12935
0.11914
0.1077
0.09549
0.08375
0.07375
0.06608
0.06013
0.05403
0.0458
0.0351
0.02318
0.01109
-0.00147
-0.01548
-0.03096
-0.04691
-0.06326
-0.08048
-0.09678
-0.10958
-0.11871
-0.12577
-0.13205
-0.13829
-0.14499
-0.15163
-0.15709
-0.16128
-0.16537
-0.17023
-0.17521
-0.17898
-0.18102
-0.18101
-0.17814
-0.1719
-0.16257
-0.15106
-0.13801
-0.12366
-0.10852
-0.09417
-0.08213
-0.07244
-0.06439
-0.05799
-0.05341
-0.04992
-0.0464
-0.04324
-0.04256
-0.04507
-0.0486
-0.05104
-0.05249
-0.05384
-0.05497
-0.05503
-0.05392
-0.05228
-0.05021
-0.04726
-0.04306
-0.03755
-0.03078
-0.02299
-0.01473
-0.00662
0.00096
0.00756
0.01241
0.01508
0.01579
0.01499
0.01321
0.01067
0.00703
0.00173
-0.00528
-0.01331
-0.02166
-0.03027
-0.03914
-0.0476
-0.05492
-0.0608
-0.06495
-0.06712
-0.06822
-0.07014
-0.07322
-0.07606
-0.07818
-0.08067
-0.08384
-0.08665
-0.08838
-0.08925
-0.08975
-0.09003
-0.09013
-0.09005
-0.08961
-0.08861
-0.08715
-0.08577
-0.08511
-0.08519
-0.0857
-0.08643
-0.08731
-0.08829
-0.08944
-0.09119
-0.09376
-0.0966
-0.09914
-0.10117
-0.10259
-0.10358
-0.10452
-0.1051
-0.10445
-0.10244
-0.09967
-0.09603
-0.0911
-0.08572
-0.08042
-0.07405
-0.06595
-0.05708
-0.04885
-0.04203
-0.03645
-0.03168
-0.02758
-0.02404
-0.02079
-0.01767
-0.01437
-0.01034
-0.00575
-0.00162
0.00151
0.00447
0.00855
0.0139
0.01996
0.02706
0.03633
0.04725
0.05762
0.06622
0.07402
0.08243
0.09101
0.09827
0.10493
0.11248
0.11947
0.12377
0.12585
0.12682
0.12647
0.1251
0.12416
0.12401
0.12371
0.12302
0.12221
0.12094
0.11875
0.11599
0.11327
0.11049
0.10743
0.10434
0.1014
0.09815
0.09428
0.09034
0.08724
0.08515
0.08321
0.08056
0.07764
0.07606
0.07705
0.0801
0.08359
0.08625
0.0878
0.0887
0.0897
0.09123
0.09308
0.09461
0.09555
0.09633
0.09782
0.10018
0.10214
0.10247
0.10164
0.10034
0.098
0.0942
0.08997
0.08667
0.08465
0.08333
0.08213
0.08127
0.08105
0.0811
0.08081
0.08018
0.07968
0.07959
0.07959
0.07911
0.07808
0.07728
0.07777
0.07974
0.0822
0.08393
0.0845
0.08434
0.0839
0.08327
0.08222
0.08022
0.07706
0.0735
0.07119
0.07117
0.07238
0.0731
0.07318
0.07335
0.07352
0.07324
0.07244
0.07114
0.06906
0.06585
0.06134
0.05551
0.04873
0.04216
0.03704
0.03368
0.03187
0.03155
0.03251
0.03457
0.03751
0.04098
0.04419
0.04671
0.04912
0.05203
0.05508
0.05743
0.05893
0.06018
0.06149
0.06285
0.06446
0.06635
0.06837
0.07051
0.07276
0.07503
0.07695
0.07821
0.07878
0.07908
0.07947
0.0798
0.07996
0.08028
0.08114
0.08276
0.08505
0.08743
0.08921
0.09012
0.09056
0.09122
0.09228
0.09332
0.09379
0.09323
0.09124
0.08781
0.08329
0.07792
0.0718
0.0656
0.06014
0.05525
0.05021
0.04483
0.03962
0.03452
0.02899
0.02317
0.01767
0.01265
0.00779
0.00305
-0.00096
-0.0036
-0.00462
-0.00418
-0.00274
-0.00075
0.00141
0.00315
0.00395
0.00392
0.0034
0.00221
-0.00004
-0.00298
-0.00572
-0.00785
-0.00998
-0.01303
-0.01699
-0.02094
-0.02419
-0.02697
-0.02941
-0.03078
-0.03036
-0.02817
-0.02439
-0.01895
-0.01168
-0.00293
0.00646
0.0155
0.02343
0.02965
0.034
0.03665
0.03777
0.03744
0.03594
0.03382
0.0314
0.0284
0.02461
0.02065
0.01732
0.01477
0.01247
0.01018
0.00833
0.00776
0.00893
0.01147
0.0146
0.01732
0.0187
0.01873
0.01842
0.01866
0.01904
0.01838
0.01664
0.01494
0.01381
0.01283
0.01177
0.011
0.01065
0.01026
0.00942
0.00809
0.0065
0.00537
0.00532
0.00609
0.00685
0.0072
0.00753
0.00842
0.01031
0.0132
0.01649
0.01922
0.02112
0.02277
0.02436
0.02549
0.02606
0.02619
0.02588
0.02508
0.02372
0.0216
0.0184
0.01413
0.00935
0.0047
0.00056
-0.00292
-0.00534
-0.00619
-0.0057
-0.00456
-0.00318
-0.00122
0.00163
0.00452
0.00569
0.00395
-0.00024
-0.00535
-0.01036
-0.01542
-0.02089
-0.02654
-0.032
-0.03717
-0.04223
-0.04681
-0.04991
-0.05148
-0.0528
-0.0541
-0.054
-0.05211
-0.04938
-0.04613
-0.04171
-0.03617
-0.03042
-0.02511
-0.02048
-0.01718
-0.01569
-0.01524
-0.01457
-0.0136
-0.01317
-0.01338
-0.0135
-0.0129
-0.01145
-0.00938
-0.00679
-0.00326
0.00161
0.00736
0.01271
0.01669
0.01976
0.02367
0.02923
0.03471
0.03805
0.03942
0.04009
0.04058
0.04123
0.04257
0.04444
0.04593
0.0468
0.04794
0.04998
0.05263
0.05527
0.05757
0.05917
0.05964
0.05881
0.05702
0.05503
0.05344
0.05216
0.0509
0.04973
0.04868
0.04751
0.04621
0.04525
0.04488
0.0445
0.04365
0.0429
0.04298
0.04333
0.04294
0.0416
0.03953
0.03666
0.03289
0.02841
0.02331
0.01752
0.01137
0.00564
0.00089
-0.00298
-0.00616
-0.00862
-0.01035
-0.01152
-0.01215
-0.01197
-0.01043
-0.0074
-0.0037
-0.00044
0.00196
0.0036
0.00485
0.00592
0.00663
0.007
0.00739
0.00774
0.00752
0.00659
0.0056
0.00512
0.00513
0.00522
0.00516
0.00522
0.00585
0.00683
0.00737
0.00721
0.00696
0.00715
0.00763
0.00777
0.00693
0.00526
0.00397
0.00426
0.00601
0.00777
0.00831
0.00765
0.0066
0.00606
0.00663
0.00821
0.00995
0.01101
0.01099
0.01019
0.00937
0.00894
0.00866
0.00822
0.0075
0.00608
0.00382
0.0013
-0.00087
-0.00245
-0.00323
-0.00278
-0.00116
0.00071
0.00146
0.00051
-0.00147
-0.00362
-0.00552
-0.00692
-0.00759
-0.00774
-0.0077
-0.00735
-0.0062
-0.00402
-0.00109
0.00199
0.00464
0.00636
0.00681
0.00616
0.00516
0.00459
0.00453
0.00445
0.00401
0.0031
0.00139
-0.00137
-0.00475
-0.00794
-0.01052
-0.01293
-0.01585
-0.01935
-0.0231
-0.02678
-0.0298
-0.03162
-0.03227
-0.03217
-0.03157
-0.03061
-0.02964
-0.02922
-0.02966
-0.03055
-0.03129
-0.03175
-0.03229
-0.03354
-0.03592
-0.03905
-0.04195
-0.0438
-0.04476
-0.04568
-0.04696
-0.04859
-0.05096
-0.05399
-0.05616
-0.05639
-0.05549
-0.05447
-0.05343
-0.05205
-0.05017
-0.04814
-0.04649
-0.04508
-0.04334
-0.04132
-0.03941
-0.03718
-0.03405
-0.03043
-0.02721
-0.02469
-0.0229
-0.02167
-0.02049
-0.0192
-0.01822
-0.01777
-0.01782
-0.01836
-0.01907
-0.01941
-0.01928
-0.01912
-0.01918
-0.01922
-0.01897
-0.01861
-0.01857
-0.01917
-0.02026
-0.02156
-0.02294
-0.02441
-0.02585
-0.02682
-0.02711
-0.02727
-0.02807
-0.02991
-0.03254
-0.03516
-0.03703
-0.03833
-0.03981
-0.04191
-0.04451
-0.04684
-0.04789
-0.04753
-0.04661
-0.04585
-0.04519
-0.04419
-0.04282
-0.04159
-0.04078
-0.03998
-0.0387
-0.0369
-0.03495
-0.03304
-0.03127
-0.02995
-0.02885
-0.02683
-0.02298
-0.01802
-0.01375
-0.0109
-0.00888
-0.00722
-0.00583
-0.00481
-0.00473
-0.00621
-0.00888
-0.01173
-0.01434
-0.01693
-0.01951
-0.02143
-0.02204
-0.02167
-0.02132
-0.02155
-0.02225
-0.0228
-0.0222
-0.02006
-0.01727
-0.01535
-0.01497
-0.01547
-0.0155
-0.01448
-0.0131
-0.01262
-0.01354
-0.01554
-0.01839
-0.02194
-0.02572
-0.02872
-0.03
-0.03044
-0.03234
-0.03661
-0.04179
-0.04627
-0.05003
-0.05339
-0.05611
-0.05842
-0.06118
-0.06451
-0.06763
-0.07027
-0.0729
-0.0755
-0.07737
-0.07836
-0.07895
-0.0793
-0.07938
-0.07937
-0.07932
-0.07924
-0.07928
-0.07984
-0.0813
-0.08328
-0.08469
-0.08484
-0.08414
-0.08335
-0.08287
-0.08296
-0.08353
-0.08345
-0.08154
-0.07796
-0.07388
-0.07031
-0.06743
-0.06442
-0.06068
-0.05666
-0.05285
-0.04893
-0.04456
-0.04026
-0.0374
-0.03698
-0.0379
-0.03787
-0.03593
-0.03316
-0.03127
-0.0309
-0.03098
-0.03008
-0.02785
-0.02496
-0.02204
-0.01934
-0.01685
-0.01465
-0.01304
-0.01246
-0.01304
-0.01434
-0.0157
-0.01655
-0.01658
-0.0162
-0.0162
-0.01656
-0.01626
-0.01507
-0.01422
-0.01455
-0.01547
-0.01621
-0.01684
-0.01753
-0.01791
-0.01772
-0.01741
-0.01729
-0.01703
-0.0161
-0.0143
-0.01198
-0.00977
-0.0079
-0.00584
-0.00296
0.00082
0.00484
0.00851
0.01179
0.01478
0.0173
0.01921
0.02115
0.02346
0.02503
0.02478
0.02327
0.02186
0.02106
0.02041
0.01957
0.01863
0.01792
0.01807
0.01935
0.02099
0.02213
0.02259
0.02273
0.02306
0.0238
0.02452
0.02458
0.02409
0.02375
0.02374
0.02334
0.02183
0.01964
0.01779
0.01677
0.0162
0.01542
0.01416
0.01287
0.01234
0.01273
0.01338
0.01365
0.01353
0.01294
0.01139
0.00895
0.00673
0.00608
0.00732
0.0094
0.01125
0.01274
0.01431
0.0161
0.01773
0.01878
0.01925
0.01949
0.0197
0.0198
0.01982
0.01991
0.01982
0.01893
0.01725
0.01553
0.01442
0.01413
0.0145
0.01511
0.01556
0.01576
0.01599
0.01651
0.01729
0.01825
0.01924
0.02009
0.02076
0.02146
0.02244
0.02345
0.02397
0.02396
0.02431
0.02572
0.0277
0.02914
0.02969
0.0297
0.02951
0.02951
0.03018
0.0314
0.0327
0.03395
0.03545
0.0373
0.03934
0.04169
0.04464
0.04797
0.05091
0.05291
0.05391
0.05423
0.05402
0.05323
0.05176
0.04941
0.04582
0.04104
0.03609
0.03212
0.02922
0.02672
0.02434
0.02235
0.0205
0.0182
0.01572
0.01412
0.01355
0.01323
0.01277
0.01236
0.01225
0.01259
0.01337
0.01423
0.0148
0.0149
0.01465
0.0143
0.01396
0.01353
0.01299
0.01276
0.01315
0.01398
0.01493
0.01575
0.01643
0.01726
0.01868
0.02084
0.02351
0.02636
0.02898
0.03108
0.03271
0.0343
0.03638
0.03894
0.04139
0.04341
0.04547
0.048
0.05069
0.05304
0.05501
0.05683
0.05874
0.06078
0.06256
0.06341
0.06327
0.06294
0.0631
0.0636
0.06385
0.06322
0.06129
0.05811
0.05417
0.05003
0.04603
0.04229
0.03878
0.0353
0.03174
0.02822
0.0249
0.02179
0.01901
0.01659
0.0142
0.01125
0.00745
0.00325
-0.00049
-0.00327
-0.00513
-0.00656
-0.0082
-0.01051
-0.01343
-0.01627
-0.0186
-0.02047
-0.02189
-0.02277
-0.02322
-0.02342
-0.02316
-0.02202
-0.01999
-0.01748
-0.01515
-0.01354
-0.01281
-0.01258
-0.01237
-0.01224
-0.01261
-0.01357
-0.01457
-0.01504
-0.01502
-0.01473
-0.0141
-0.01289
-0.01106
-0.00868
-0.00575
-0.00221
0.00182
0.0059
0.0095
0.0125
0.01523
0.01781
0.01958
0.01977
0.01861
0.01714
0.01601
0.01494
0.01338
0.01099
0.00797
0.00505
0.00294
0.0016
0.00056
-0.00044
-0.00133
-0.00208
-0.00284
-0.0038
-0.00523
-0.00717
-0.00924
-0.01096
-0.01236
-0.01394
-0.01599
-0.01843
-0.02092
-0.02287
-0.02375
-0.02379
-0.02406
-0.0251
-0.026
-0.02579
-0.02489
-0.02429
-0.0242
-0.02407
-0.02335
-0.02185
-0.01967
-0.01731
-0.0154
-0.01438
-0.01442
-0.01547
-0.01743
-0.02001
-0.0225
-0.024
-0.02407
-0.02293
-0.02082
-0.0175
-0.01309
-0.00873
-0.00558
-0.00339
-0.00104
0.00158
0.00327
0.00327
0.00262
0.00289
0.00431
0.00594
0.00724
0.00853
0.01012
0.0119
0.01343
0.01425
0.01429
0.01414
0.01425
0.01422
0.01363
0.01298
0.0129
0.01345
0.01445
0.01582
0.01719
0.01804
0.01809
0.01741
0.01604
0.01412
0.01215
0.01059
0.00953
0.00892
0.00861
0.0081
0.00682
0.0047
0.00208
-0.00066
-0.00307
-0.00491
-0.0065
-0.0083
-0.0103
-0.01193
-0.01298
-0.0137
-0.01415
-0.01429
-0.01431
-0.01441
-0.01433
-0.01372
-0.01268
-0.0115
-0.00995
-0.0074
-0.00367
0.00061
0.00443
0.00732
0.00985
0.01268
0.01577
0.01874
0.02117
0.02265
0.02294
0.02254
0.02209
0.02147
0.02039
0.01937
0.01922
0.01999
0.0211
0.02216
0.02296
0.02329
0.02317
0.02281
0.02218
0.02117
0.01991
0.01851
0.01701
0.01555
0.01439
0.01359
0.01301
0.01249
0.01201
0.01149
0.01078
0.00978
0.00842
0.00626
0.00315
-0.00009
-0.00254
-0.00397
-0.00437
-0.00358
-0.00164
0.00076
0.00316
0.00597
0.00963
0.01391
0.01817
0.02229
0.02656
0.03089
0.03454
0.03676
0.03734
0.03678
0.03592
0.03497
0.03305
0.02938
0.0242
0.01883
0.01471
0.01237
0.01131
0.01083
0.01046
0.00987
0.00882
0.00722
0.00516
0.00294
0.00094
-0.00087
-0.00314
-0.00635
-0.01
-0.01324
-0.01576
-0.01761
-0.01887
-0.01978
-0.02082
-0.02211
-0.02339
-0.02432
-0.02469
-0.02447
-0.02374
-0.02256
-0.02082
-0.01846
-0.01568
-0.0128
-0.00996
-0.00731
-0.00512
-0.00348
-0.00192
0.00027
0.00334
0.00697
0.01058
0.01373
0.0161
0.01767
0.01848
0.01857
0.018
0.01708
0.01606
0.01466
0.01258
0.01025
0.00852
0.0077
0.00756
0.00776
0.00806
0.00834
0.00868
0.00932
0.01054
0.01275
0.01585
0.01888
0.02068
0.02097
0.02051
0.01999
0.01935
0.0183
0.01689
0.01509
0.01266
0.00971
0.00712
0.0057
0.00559
0.00656
0.00794
0.00891
0.00941
0.01024
0.0119
0.01373
0.01482
0.01516
0.01527
0.01536
0.0153
0.01518
0.01511
0.01491
0.01446
0.01385
0.01278
0.01091
0.00855
0.00633
0.00462
0.00362
0.00355
0.00429
0.00514
0.00555
0.00587
0.0069
0.00872
0.01029
0.01089
0.01061
0.00976
0.00868
0.00776
0.00731
0.00727
0.0072
0.00664
0.00589
0.00566
0.00601
0.00633
0.00624
0.00577
0.00543
0.00583
0.00701
0.00856
0.01039
0.01291
0.01647
0.02096
0.0258
0.03043
0.03459
0.03835
0.04185
0.0451
0.04797
0.05044
0.05272
0.05498
0.0569
0.05815
0.05907
0.06042
0.06206
0.06252
0.06079
0.05794
0.05567
0.05423
0.05296
0.05175
0.05078
0.0498
0.04818
0.0456
0.04225
0.03836
0.03411
0.02944
0.02419
0.0185
0.01291
0.00779
0.00312
-0.00112
-0.00485
-0.00818
-0.01139
-0.01449
-0.01719
-0.01925
-0.02086
-0.02233
-0.02371
-0.02487
-0.02566
-0.02608
-0.02627
-0.02631
-0.0259
-0.02452
-0.02217
-0.01939
-0.01657
-0.01356
-0.01006
-0.00609
-0.00205
0.00162
0.00464
0.00715
0.0097
0.01282
0.01657
0.02062
0.02445
0.02718
0.02814
0.0276
0.02632
0.02482
0.02331
0.02183
0.02043
0.01916
0.01786
0.01636
0.01466
0.01271
0.01028
0.00725
0.00396
0.00089
-0.00189
-0.00472
-0.00768
-0.01048
-0.01305
-0.01541
-0.01739
-0.01878
-0.01991
-0.02125
-0.02274
-0.02384
-0.02418
-0.02404
-0.02388
-0.02387
-0.02426
-0.02524
-0.0264
-0.02729
-0.02799
-0.02882
-0.02993
-0.0312
-0.03224
-0.0326
-0.03241
-0.03221
-0.03228
-0.03234
-0.03203
-0.03146
-0.03095
-0.03056
-0.03023
-0.02985
-0.02921
-0.02823
-0.02688
-0.0253
-0.02373
-0.0222
-0.02068
-0.01934
-0.0184
-0.01805
-0.0183
-0.0193
-0.02098
-0.02246
-0.02292
-0.02271
-0.02255
-0.02247
-0.02217
-0.02163
-0.0211
-0.02049
-0.01957
-0.01837
-0.01725
-0.01686
-0.01756
-0.01911
-0.02107
-0.02312
-0.02505
-0.02666
-0.02795
-0.02904
-0.03002
-0.03074
-0.03101
-0.03062
-0.02957
-0.02818
-0.0271
-0.02701
-0.02791
-0.02929
-0.03075
-0.03223
-0.03361
-0.03459
-0.03507
-0.03519
-0.03509
-0.0348
-0.03436
-0.03401
-0.0339
-0.03372
-0.03326
-0.03255
-0.03154
-0.03023
-0.02908
-0.02863
-0.02873
-0.02888
-0.02908
-0.02959
-0.03023
-0.03066
-0.03074
-0.03031
-0.02934
-0.02813
-0.02715
-0.02665
-0.02657
-0.02678
-0.02733
-0.02845
-0.03003
-0.03169
-0.03326
-0.03463
-0.03569
-0.03653
-0.0376
-0.03919
-0.04107
-0.04288
-0.0447
-0.04679
-0.04883
-0.05055
-0.05282
-0.05604
-0.05884
-0.06033
-0.0613
-0.06246
-0.06337
-0.06352
-0.06316
-0.06281
-0.06242
-0.06154
-0.06028
-0.05946
-0.0594
-0.05946
-0.05893
-0.05779
-0.05654
-0.0556
-0.05467
-0.05311
-0.05074
-0.04787
-0.04516
-0.04326
-0.04221
-0.04172
-0.04178
-0.04246
-0.04326
-0.04359
-0.04342
-0.04294
-0.04212
-0.04094
-0.03968
-0.03872
-0.03801
-0.03733
-0.03672
-0.03643
-0.0367
-0.03763
-0.03884
-0.03973
-0.04015
-0.0404
-0.04057
-0.04079
-0.04117
-0.04129
-0.04062
-0.03924
-0.03789
-0.03693
-0.03589
-0.03415
-0.03195
-0.02993
-0.02849
-0.02749
-0.02652
-0.02535
-0.02416
-0.02318
-0.02224
-0.02096
-0.01928
-0.01751
-0.01593
-0.01449
-0.01295
-0.01106
-0.00893
-0.00705
-0.00582
-0.00552
-0.00624
-0.00764
-0.00901
-0.00981
-0.01012
-0.01035
-0.01085
-0.01157
-0.01216
-0.01231
-0.01211
-0.01223
-0.01326
-0.01526
-0.01778
-0.02041
-0.02301
-0.02571
-0.02864
-0.03171
-0.03442
-0.03633
-0.03748
-0.03832
-0.03918
-0.03989
-0.04013
-0.03988
-0.03939
-0.03888
-0.03861
-0.03882
-0.03959
-0.04073
-0.04181
-0.04246
-0.04273
-0.04286
-0.04303
-0.04299
-0.04216
-0.04023
-0.03733
-0.03394
-0.03061
-0.0279
-0.02609
-0.02501
-0.024
-0.0223
-0.01993
-0.01756
-0.01561
-0.01396
-0.01224
-0.0102
-0.00782
-0.00511
-0.00229
0.00061
0.00369
0.00662
0.00881
0.01014
0.011
0.01253
0.0156
0.01912
0.02135
0.02247
0.02402
0.02654
0.02924
0.03114
0.03202
0.03247
0.03311
0.03385
0.03412
0.03352
0.03247
0.03182
0.03187
0.03229
0.03276
0.0332
0.03391
0.0352
0.03694
0.03867
0.03988
0.04046
0.04088
0.04152
0.04213
0.0423
0.04217
0.04211
0.04215
0.04213
0.04208
0.04217
0.04253
0.04333
0.04479
0.04668
0.04825
0.04893
0.04876
0.04816
0.04767
0.04751
0.04741
0.04693
0.04593
0.04471
0.04369
0.04308
0.04265
0.04204
0.04106
0.03961
0.03788
0.0361
0.03429
0.03221
0.02954
0.02627
0.02288
0.01995
0.01782
0.01632
0.01492
0.01347
0.01231
0.01178
0.01184
0.01225
0.01293
0.014
0.0154
0.01703
0.01899
0.02121
0.02327
0.02494
0.02653
0.02837
0.03022
0.03155
0.03242
0.03324
0.03413
0.03496
0.03562
0.03602
0.036
0.03558
0.03515
0.03507
0.03527
0.03539
0.03514
0.03473
0.03456
0.03457
0.03447
0.0342
0.03376
0.03305
0.03192
0.03041
0.02885
0.02764
0.02689
0.02642
0.02588
0.02513
0.02439
0.02402
0.02385
0.02328
0.02206
0.02007
0.01757
0.01527
0.01379
0.01298
0.01222
0.01123
0.0104
0.01015
0.0105
0.01131
0.01239
0.01349
0.01422
0.01449
0.01452
0.0144
0.01396
0.01315
0.01231
0.01193
0.01217
0.01298
0.01418
0.01533
0.01603
0.01614
0.01576
0.01523
0.01486
0.0147
0.01442
0.01373
0.01279
0.01208
0.01155
0.01067
0.00944
0.00824
0.00704
0.00558
0.0041
0.00293
0.00186
0.00058
-0.00054
-0.00072
0.0004
0.00265
0.00565
0.00906
0.01263
0.01604
0.01885
0.02092
0.02265
0.02433
0.02568
0.02619
0.02563
0.02403
0.02159
0.01881
0.01631
0.01411
0.01161
0.00839
0.00475
0.00137
-0.00113
-0.0028
-0.00428
-0.00614
-0.00834
-0.01045
-0.01205
-0.0131
-0.01407
-0.01552
-0.01727
-0.01845
-0.01859
-0.01789
-0.01678
-0.0157
-0.01498
-0.01475
-0.01504
-0.01601
-0.01767
-0.01988
-0.02232
-0.0245
-0.02597
-0.0266
-0.02642
-0.02545
-0.0238
-0.02183
-0.01989
-0.01798
-0.01599
-0.01392
-0.01198
-0.01074
-0.01061
-0.01123
-0.01191
-0.01242
-0.01308
-0.01419
-0.01579
-0.01752
-0.01902
-0.02017
-0.02097
-0.02129
-0.02106
-0.02051
-0.01999
-0.01979
-0.01998
-0.0204
-0.02079
-0.02101
-0.0212
-0.02172
-0.02296
-0.02483
-0.02666
-0.02792
-0.02869
-0.02919
-0.02953
-0.02978
-0.0299
-0.02965
-0.02886
-0.02753
-0.02579
-0.02397
-0.02248
-0.02142
-0.02057
-0.01994
-0.01956
-0.01903
-0.01807
-0.01694
-0.01609
-0.01571
-0.0155
-0.01497
-0.0139
-0.01263
-0.01158
-0.01069
-0.00987
-0.00932
-0.00906
-0.00878
-0.00822
-0.00749
-0.00681
-0.00627
-0.00579
-0.00494
-0.00324
-0.00077
0.00192
0.00449
0.00699
0.00951
0.01196
0.01421
0.01609
0.01738
0.01799
0.01817
0.01843
0.01915
0.02027
0.02132
0.02197
0.02246
0.02332
0.02483
0.02678
0.0288
0.03061
0.03212
0.03333
0.03446
0.03555
0.03634
0.0366
0.03639
0.03597
0.03549
0.03482
0.03377
0.0322
0.03029
0.02862
0.02764
0.02729
0.0272
0.0273
0.02771
0.02841
0.02911
0.02949
0.02962
0.02994
0.03077
0.03198
0.0333
0.03449
0.03538
0.03605
0.03687
0.03791
0.03888
0.0396
0.04007
0.04022
0.04001
0.03949
0.03869
0.03751
0.03599
0.03421
0.03219
0.02984
0.02722
0.0246
0.02242
0.02085
0.01968
0.01844
0.01671
0.01454
0.01244
0.01079
0.00954
0.00854
0.00785
0.00763
0.00793
0.00856
0.0094
0.01052
0.01173
0.01238
0.01181
0.01049
0.00945
0.00867
0.00748
0.00575
0.00402
0.00272
0.00193
0.00145
0.00128
0.00184
0.00347
0.00602
0.00885
0.01132
0.01339
0.0153
0.01717
0.01882
0.01993
0.02029
0.02014
0.01982
0.01948
0.01907
0.01873
0.01874
0.01899
0.01906
0.01893
0.01879
0.01869
0.01869
0.01886
0.01905
0.01893
0.01844
0.01791
0.01758
0.01721
0.01652
0.01557
0.01448
0.01323
0.01194
0.01097
0.01045
0.01031
0.01026
0.01006
0.00962
0.00902
0.00839
0.00748
0.00612
0.00465
0.0037
0.00349
0.00367
0.00383
0.00401
0.00452
0.00539
0.00656
0.00787
0.00912
0.01014
0.01093
0.01187
0.01322
0.01475
0.01613
0.0172
0.01792
0.01833
0.01858
0.019
0.01983
0.02107
0.0226
0.02421
0.02581
0.02739
0.02889
0.03033
0.03183
0.03325
0.03402
0.03366
0.03232
0.03048
0.02829
0.02544
0.02165
0.0171
0.01226
0.00754
0.00316
-0.0006
-0.00338
-0.00517
-0.00636
-0.00726
-0.00787
-0.00806
-0.00798
-0.00798
-0.00816
-0.00828
-0.00819
-0.00787
-0.00735
-0.00675
-0.00647
-0.00683
-0.00778
-0.00899
-0.01021
-0.01143
-0.01256
-0.01344
-0.01393
-0.01387
-0.01302
-0.01142
-0.0095
-0.00761
-0.00573
-0.00388
-0.00237
-0.00162
-0.00176
-0.00277
-0.00465
-0.00714
-0.00967
-0.01193
-0.01397
-0.01572
-0.01699
-0.01771
-0.01799
-0.0178
-0.01709
-0.01613
-0.01526
-0.0145
-0.01373
-0.01322
-0.01336
-0.01417
-0.01526
-0.01635
-0.01745
-0.01848
-0.0193
-0.02009
-0.02105
-0.0221
-0.02311
-0.02407
-0.02497
-0.02573
-0.02631
-0.02675
-0.02712
-0.02742
-0.02752
-0.02736
-0.02712
-0.02703
-0.02734
-0.02817
-0.02941
-0.03075
-0.03199
-0.03315
-0.03426
-0.0353
-0.03625
-0.03728
-0.03824
-0.03865
-0.03823
-0.03713
-0.0354
-0.03291
-0.02984
-0.02673
-0.02402
-0.0216
-0.01917
-0.01673
-0.01429
-0.01176
-0.00914
-0.00653
-0.00385
-0.00103
0.00177
0.00424
0.00624
0.00793
0.0092
0.00981
0.00981
0.00945
0.00874
0.0075
0.0057
0.00355
0.00143
-0.00038
-0.0017
-0.00247
-0.00266
-0.0021
-0.00074
0.00093
0.00238
0.00344
0.0041
0.00405
0.00289
0.00054
-0.00272
-0.00662
-0.011
-0.01572
-0.02054
-0.02501
-0.02879
-0.03194
-0.03452
-0.03642
-0.03743
-0.03756
-0.03702
-0.03592
-0.03441
-0.03282
-0.03141
-0.03036
-0.0297
-0.02935
-0.02914
-0.02882
-0.02841
-0.0281
-0.02792
-0.02763
-0.02728
-0.02719
-0.02745
-0.02767
-0.02765
-0.02766
-0.028
-0.02846
-0.02873
-0.02887
-0.02917
-0.0297
-0.03028
-0.03083
-0.03144
-0.03191
-0.03191
-0.03144
-0.03086
-0.03053
-0.03052
-0.03072
-0.03088
-0.03065
-0.02998
-0.02932
-0.02894
-0.02867
-0.02833
-0.02786
-0.02727
-0.02675
-0.02647
-0.02638
-0.02622
-0.02596
-0.0258
-0.02559
-0.02527
-0.02497
-0.02477
-0.0246
-0.02431
-0.02383
-0.02321
-0.02266
-0.02222
-0.02182
-0.02133
-0.02059
-0.0194
-0.0178
-0.016
-0.01404
-0.01174
-0.00886
-0.00548
-0.00202
0.00093
0.00321
0.00525
0.00749
0.00994
0.01235
0.01424
0.0151
0.01491
0.01426
0.01368
0.0131
0.01222
0.01108
0.01001
0.00927
0.00892
0.00877
0.00839
0.00761
0.00653
0.00542
0.00454
0.00393
0.0035
0.00321
0.00315
0.00336
0.00365
0.0036
0.00275
0.00103
-0.00142
-0.00422
-0.00704
-0.00988
-0.01277
-0.01542
-0.01713
-0.01763
-0.01737
-0.01694
-0.01659
-0.01612
-0.01532
-0.01426
-0.01328
-0.01267
-0.01231
-0.01193
-0.01126
-0.01018
-0.00896
-0.00795
-0.00715
-0.00624
-0.00508
-0.00387
-0.0029
-0.00214
-0.00138
-0.00042
0.00087
0.00234
0.00375
0.00505
0.00635
0.00777
0.00934
0.01083
0.01215
0.01329
0.01417
0.0147
0.01508
0.01552
0.01604
0.01661
0.01724
0.01795
0.01878
0.01961
0.02023
0.02055
0.02079
0.02112
0.02126
0.0209
0.02015
0.01948
0.01927
0.01969
0.02063
0.02173
0.02277
0.02379
0.0247
0.02513
0.0247
0.02327
0.02098
0.01799
0.01448
0.01054
0.00611
0.00126
-0.00357
-0.00772
-0.01063
-0.0122
-0.01271
-0.01244
-0.0116
-0.01031
-0.00851
-0.00623
-0.00385
-0.00206
-0.00133
-0.0015
-0.00209
-0.0028
-0.00371
-0.00491
-0.00621
-0.00716
-0.00736
-0.00656
-0.00483
-0.00231
0.00091
0.00481
0.00917
0.01359
0.0176
0.02098
0.02384
0.0263
0.02833
0.03007
0.03176
0.03348
0.03504
0.03619
0.03681
0.03689
0.03656
0.03602
0.03531
0.03448
0.0336
0.03262
0.03153
0.03047
0.02953
0.02873
0.02818
0.02814
0.02834
0.02825
0.02769
0.02696
0.02636
0.02583
0.02527
0.02476
0.02422
0.02347
0.02238
0.02102
0.01972
0.01881
0.01841
0.0184
0.01856
0.01884
0.0192
0.01962
0.02003
0.0203
0.02033
0.02003
0.01923
0.01784
0.01616
0.01474
0.0137
0.01266
0.0114
0.00998
0.00864
0.00746
0.00636
0.00539
0.00451
0.00358
0.00246
0.00124
-0.00005
-0.0016
-0.00339
-0.00484
-0.00559
-0.00591
-0.00606
-0.006
-0.00562
-0.00519
-0.00517
-0.00572
-0.00663
-0.00751
-0.00814
-0.00848
-0.00869
-0.0089
-0.00906
-0.00888
-0.00805
-0.00651
-0.00448
-0.00232
-0.00018
0.00193
0.00396
0.0057
0.00721
0.0088
0.01043
0.01171
0.01235
0.01229
0.01153
0.01026
0.00887
0.00768
0.00679
0.00597
0.0051
0.00425
0.0035
0.0029
0.00245
0.00197
0.00125
0.00031
-0.00061
-0.00145
-0.00233
-0.00328
-0.00438
-0.00576
-0.00756
-0.00974
-0.01203
-0.01419
-0.01624
-0.01818
-0.01983
-0.02104
-0.0218
-0.02222
-0.02219
-0.02153
-0.02038
-0.01917
-0.01821
-0.01761
-0.01733
-0.01729
-0.01727
-0.01734
-0.018
-0.01953
-0.02175
-0.02436
-0.02717
-0.03006
-0.03309
-0.03628
-0.03927
-0.0413
-0.04207
-0.04255
-0.04409
-0.04624
-0.0474
-0.04733
-0.04697
-0.04671
-0.04641
-0.04605
-0.04562
-0.045
-0.0441
-0.04297
-0.04169
-0.04017
-0.03803
-0.03517
-0.03201
-0.02921
-0.02714
-0.02585
-0.02529
-0.02524
-0.02539
-0.02559
-0.02585
-0.02636
-0.02716
-0.02795
-0.02831
-0.02807
-0.02739
-0.02658
-0.02587
-0.02534
-0.02516
-0.0254
-0.026
-0.02696
-0.02819
-0.02944
-0.0305
-0.0314
-0.03232
-0.03332
-0.03429
-0.03502
-0.03555
-0.03609
-0.03684
-0.0378
-0.03872
-0.03928
-0.03938
-0.03924
-0.03903
-0.039
-0.03938
-0.04001
-0.04047
-0.04046
-0.03982
-0.03847
-0.03675
-0.03507
-0.0331
-0.03025
-0.02654
-0.02283
-0.01975
-0.01731
-0.01519
-0.01313
-0.01087
-0.00823
-0.00531
-0.00233
0.00045
0.00281
0.00469
0.00626
0.00763
0.00892
0.01022
0.01148
0.01256
0.01318
0.01303
0.01221
0.01126
0.01049
0.00982
0.0092
0.00848
0.00745
0.00625
0.00529
0.0049
0.00529
0.00637
0.00788
0.00929
0.01012
0.01022
0.00984
0.00917
0.00796
0.00577
0.00251
-0.00127
-0.00491
-0.00801
-0.01042
-0.01214
-0.01335
-0.01417
-0.01461
-0.01475
-0.01473
-0.01451
-0.01396
-0.01313
-0.01233
-0.01171
-0.01092
-0.00967
-0.008
-0.00619
-0.00443
-0.00282
-0.00147
-0.00037
0.0007
0.00192
0.00329
0.00473
0.00622
0.00791
0.00986
0.01167
0.01322
0.01538
0.01867
0.022
0.02411
0.02502
0.02523
0.02479
0.02381
0.02261
0.02132
0.01984
0.0179
0.01542
0.01275
0.01044
0.00874
0.00758
0.00687
0.00652
0.00653
0.00689
0.00755
0.00849
0.00967
0.01086
0.01173
0.01218
0.01219
0.012
0.01194
0.01208
0.01234
0.01283
0.01359
0.01463
0.01611
0.01808
0.02034
0.02253
0.02461
0.0266
0.02838
0.02973
0.03049
0.03064
0.03036
0.03005
0.02991
0.03004
0.03047
0.03126
0.03218
0.03285
0.03311
0.03306
0.03281
0.03229
0.03148
0.03066
0.03012
0.02992
0.02996
0.03029
0.03086
0.03154
0.03222
0.03274
0.03304
0.03309
0.03287
0.03233
0.03147
0.03035
0.02918
0.02798
0.02667
0.02528
0.02397
0.02306
0.02275
0.02281
0.02263
0.02176
0.02022
0.01836
0.01645
0.01461
0.01292
0.01137
0.00987
0.00825
0.00647
0.00463
0.0029
0.00134
-0.00013
-0.0016
-0.00302
-0.00423
-0.00487
-0.00475
-0.00398
-0.00294
-0.00226
-0.00242
-0.00366
-0.00574
-0.00808
-0.01016
-0.01165
-0.01231
-0.01194
-0.01058
-0.00839
-0.0055
-0.00206
0.00161
0.00512
0.00824
0.01092
0.01302
0.01448
0.01561
0.01671
0.0179
0.01917
0.02035
0.02128
0.0219
0.02244
0.02312
0.02394
0.0246
0.02475
0.02433
0.02338
0.022
0.02033
0.0185
0.01656
0.01472
0.01327
0.01219
0.01137
0.01083
0.01059
0.01042
0.00998
0.00923
0.00834
0.00745
0.00656
0.00555
0.00434
0.00291
0.00156
0.00071
0.00054
0.00098
0.00179
0.00287
0.00413
0.00543
0.0066
0.00752
0.00825
0.00892
0.00981
0.01096
0.0121
0.01312
0.01403
0.01499
0.01597
0.01676
0.01725
0.01757
0.01806
0.01889
0.02008
0.02166
0.02362
0.02577
0.02768
0.02895
0.02948
0.02954
0.02948
0.02959
0.02985
0.03016
0.03063
0.03132
0.03452
0.03544
0.03602
0.0361
0.03567
0.03494
0.03409
0.03318
0.0323
0.03155
0.03096
0.03051
0.03032
0.03035
0.03039
0.03036
0.03042
0.03067
0.03109
0.03142
0.0313
0.03065
0.02974
0.02876
0.02747
0.02572
0.02368
0.02153
0.01938
0.01747
0.01605
0.01524
0.01488
0.01473
0.01461
0.0144
0.01407
0.01346
0.01242
0.01081
0.00863
0.00618
0.00367
0.00117
-0.00132
-0.00356
-0.00532
-0.00654
-0.00746
-0.0083
-0.00902
-0.00938
-0.0093
-0.00899
-0.00867
-0.0082
-0.00732
-0.00593
-0.00412
-0.00209
0.0001
0.00243
0.00466
0.00647
0.00758
0.00786
0.00739
0.00638
0.00504
0.00354
0.00205
0.00054
-0.00098
-0.00227
-0.0031
-0.00353
-0.00359
-0.00326
-0.00257
-0.00159
-0.00044
0.00081
0.00215
0.0035
0.00473
0.00584
0.00677
0.00726
0.00714
0.0064
0.00521
0.00371
0.00199
0.00022
-0.00145
-0.00306
-0.00463
-0.00611
-0.00741
-0.0084
-0.009
-0.00938
-0.0097
-0.00998
-0.01021
-0.01039
-0.01044
-0.01017
-0.00964
-0.00902
-0.00846
-0.00789
-0.00709
-0.00615
-0.00534
-0.00479
-0.00454
-0.00468
-0.00514
-0.00569
-0.00623
-0.00684
-0.00759
-0.00846
-0.00954
-0.01079
-0.01204
-0.01317
-0.01412
-0.01495
-0.01571
-0.01626
-0.01655
-0.01666
-0.01666
-0.01654
-0.01629
-0.01595
-0.01555
-0.01519
-0.01492
-0.01473
-0.01454
-0.01439
-0.01431
-0.01428
-0.01427
-0.01428
-0.01427
-0.01417
-0.01389
-0.01342
-0.01279
-0.01203
-0.01122
-0.01028
-0.00911
-0.0078
-0.00656
-0.00558
-0.00485
-0.00427
-0.00377
-0.00334
-0.00297
-0.0026
-0.00211
-0.00141
-0.00057
0.00034
0.00141
0.00269
0.00401
0.00529
0.00661
0.0081
0.00965
0.01095
0.01176
0.01201
0.0117
0.01101
0.01013
0.00907
0.00775
0.00611
0.00432
0.00253
0.0007
-0.00106
-0.00249
-0.00348
-0.00417
-0.00468
-0.00499
-0.00518
-0.00533
-0.00539
-0.00525
-0.00491
-0.00451
-0.00414
-0.00388
-0.00381
-0.00389
-0.00393
-0.00368
-0.00303
-0.002
-0.0008
0.00035
0.00138
0.00236
0.00332
0.00417
0.00489
0.00551
0.00603
0.00638
0.00655
0.00654
0.00624
0.0056
0.00466
0.00368
0.00283
0.00211
0.00148
0.00094
0.00053
0.0003
0.00013
-0.00012
-0.00047
-0.00085
-0.00136
-0.00221
-0.00334
-0.00451
-0.00564
-0.00669
-0.00759
-0.00839
-0.00919
-0.00997
-0.01056
-0.01082
-0.01071
-0.01016
-0.00918
-0.00796
-0.00679
-0.00585
-0.00532
-0.00524
-0.00541
-0.00557
-0.00584
-0.0064
-0.00706
-0.00761
-0.00809
-0.00854
-0.00891
-0.00915
-0.00943
-0.00995
-0.01067
-0.01137
-0.01183
-0.01194
-0.01177
-0.01148
-0.01115
-0.01071
-0.01021
-0.00978
-0.00954
-0.00966
-0.01021
-0.01105
-0.01196
-0.01275
-0.01341
-0.01397
-0.01448
-0.015
-0.01559
-0.01618
-0.01662
-0.01677
-0.01669
-0.01648
-0.01618
-0.01581
-0.01538
-0.01494
-0.01452
-0.01417
-0.01395
-0.01397
-0.01419
-0.01451
-0.01477
-0.01488
-0.01483
-0.01475
-0.01482
-0.01508
-0.01547
-0.01588
-0.01626
-0.01667
-0.01715
-0.0176
-0.01799
-0.01837
-0.01876
-0.01918
-0.01967
-0.02039
-0.02138
-0.02242
-0.02335
-0.02422
-0.02504
-0.02576
-0.02637
-0.02692
-0.0274
-0.02787
-0.02815
-0.02793
-0.02728
-0.02691
-0.02714
-0.02729
-0.02679
-0.02591
-0.02514
-0.02458
-0.02404
-0.02344
-0.0229
-0.02235
-0.02166
-0.02086
-0.02012
-0.01941
-0.0186
-0.01775
-0.01697
-0.01618
-0.01528
-0.01432
-0.01342
-0.01262
-0.01186
-0.01113
-0.01042
-0.00971
-0.00904
-0.00846
-0.0079
-0.00731
-0.0067
-0.00612
-0.00558
-0.00513
-0.00476
-0.0045
-0.00434
-0.00422
-0.00408
-0.00401
-0.00405
-0.00415
-0.00419
-0.00413
-0.00401
-0.00398
-0.00407
-0.00418
-0.00418
-0.00396
-0.00362
-0.00329
-0.00298
-0.00266
-0.00236
-0.00207
-0.00177
-0.00146
-0.00118
-0.00089
-0.00059
-0.00026
0.00016
0.00063
0.00118
0.00189
0.00267
0.00342
0.00413
0.00484
0.00553
0.0061
0.00648
0.00667
0.00673
0.00668
0.00662
0.0066
0.00656
0.00643
0.00626
0.00617
0.0062
0.00632
0.00643
0.00651
0.00661
0.00667
0.00661
0.00643
0.00624
0.00603
0.00577
0.00546
0.00517
0.00494
0.00476
0.00462
0.00453
0.0045
0.00456
0.00472
0.005
0.00528
0.00551
0.00568
0.00579
0.00585
0.0059
0.00599
0.00613
0.00634
0.00661
0.0069
0.00721
0.00755
0.00786
0.0081
0.00826
0.00835
0.00836
0.00831
0.00823
0.0081
0.00795
0.00781
0.0077
0.00763
0.00761
0.00762
0.00766
0.00776
0.00795
0.00819
0.00841
0.0086
0.00875
0.00888
0.00899
0.0091
0.0092
0.00928
0.00931
0.00928
0.00921
0.00912
0.00901
0.00894
0.00891
0.00891
0.00884
0.00866
0.0085
0.00855
0.00871
0.00879
0.00877
0.00872
0.00866
0.00858
0.00849
0.00843
0.00838
0.0083
0.0082
0.00811
0.00803
0.00795
0.00788
0.0078
0.0077
0.00758
0.00743
0.00727
0.0071
0.00692
0.00674
0.00655
0.00636
0.00616
0.00597
0.0058
0.00562
0.00544
0.00525
0.00509
0.00496
0.00487
0.00482
0.00479
0.00478
0.00479
0.00482
0.00485
0.00487
0.00485
0.00482
0.00477
0.00472
0.00466
0.0046
0.00453
0.00446
0.00438
0.0043
0.00423
0.00416
0.00411
0.00405
0.00399
0.00391
0.00383
0.00376
0.0037
0.00364
0.00358
0.00352
0.00347
0.00342
0.00338
0.00335
0.00331
0.00327
0.00322
0.00318
0.00314
0.0031
0.00305
0.00299
0.00291
0.00283
0.00275
0.00267
0.0026
0.00252
0.00243
0.00235
0.00228
0.00221
0.00215
0.00209
0.00204
0.00198
0.00193
0.00187
0.00182
0.00177
0.00172
0.00167
0.00162
0.00158
0.00153
0.00149
0.00145
0.0014
0.00136
0.00131
0.00125
0.0012
0.00114
0.00109
0.00103
0.00098
0.00092
0.00087
0.00083
0.00078
0.00074
0.0007
0.00066
0.00062
0.00058
0.00054
0.0005
0.00046
0.00042
0.00038
0.00033
0.00029
0.00025
0.0002
0.00016
0.00012
0.00008
0.00005
0.00001
-0.00003
-0.00007
-0.00011
-0.00015
-0.00019
-0.00024
-0.00028
-0.00032
-0.00036
-0.00041
-0.00045
-0.00049
-0.00053
-0.00057
-0.0006
-0.00064
-0.00068
-0.00072
-0.00075
-0.00079
-0.00082
-0.00086
-0.00089
-0.00093
-0.00096
-0.001
-0.00103
-0.00107
-0.0011
-0.00114
-0.00117
-0.00121
-0.00124
-0.00128
-0.00131
-0.00135
-0.00138
-0.00141
-0.00144
-0.00147
-0.00151
-0.00154
-0.00157
-0.0016
-0.00163
-0.00166
-0.00169
-0.00173
-0.00176
-0.00179
-0.00182
-0.00185
-0.00188
-0.00191
-0.00194
-0.00197
-0.00199
-0.00202
-0.00205
-0.00208
-0.00211
-0.00214
-0.00217
-0.00219
-0.00222
-0.00225
-0.00228
-0.0023
-0.00233
-0.00236
-0.00238
-0.00241
-0.00244
-0.00246
-0.00249
-0.00251
-0.00254
-0.00256
-0.00259