0.005
0.001812167
0.001808212
0.001804249
0.00180027
0.001796308
0.001792268
0.00178829
0.001784236
0.001780146
0.001776133
0.001771957
0.0017681
0.001764074
0.001760302
0.001756024
0.001752934
0.001748675
0.001745132
0.001741675
0.001737831
0.001734003
0.001729576
0.001725697
0.001722521
0.001718728
0.001714089
0.001710242
0.001705429
0.001702551
0.001696506
0.001692524
0.001691034
0.001684558
0.001680576
0.001676598
0.001675778
0.001668642
0.001662904
0.001664391
0.001660602
0.001658864
0.001653049
0.001651513
0.001647855
0.001639287
0.001630288
0.001626198
0.001624908
0.001620939
0.001613955
0.001613004
0.00161883
0.001611852
0.001608132
0.001604433
0.001604499
0.001600933
0.001593332
0.001593827
0.001590279
0.001586743
0.001574
0.001570188
0.001576167
0.001567607
0.001548361
0.00154961
0.001545653
0.001541696
0.001526087
0.001521814
0.001523688
0.001532202
0.001502478
0.001517987
0.001527709
0.001531125
0.0015277
0.001531645
0.001535967
0.001532924
0.001521999
0.001526871
0.001532149
0.001512433
0.001491949
0.001470716
0.001466788
0.00146286
0.00144951
0.001435749
0.001460916
0.00143713
0.00142278
0.001428875
0.00144605
0.001442328
0.001438625
0.001434919
0.0014542
0.001450926
0.001447668
0.001456562
0.001441171
0.001450527
0.001434709
0.00141846
0.00141501
0.001411567
0.001380711
0.001376823
0.00141543
0.00138345
0.001350537
0.001361287
0.001387609
0.001384214
0.001349663
0.001345795
0.001374031
0.001386944
0.001367262
0.001363894
0.001377546
0.001391693
0.001353779
0.001314878
0.00132904
0.001325435
0.001284802
0.001261917
0.00129562
0.001330357
0.001307489
0.001303907
0.001320387
0.001337372
0.001313754
0.001310448
0.001328233
0.001367891
0.001300549
0.001297271
0.001316112
0.001335501
0.001287428
0.001238305
0.0012577
0.001254171
0.001226916
0.001175141
0.001146554
0.001215561
0.001186986
0.001157875
0.001229584
0.001251692
0.001248461
0.001245233
0.001268446
0.001292189
0.001289533
0.001232394
0.001284218
0.001364903
0.001250867
0.001191301
0.001187845
0.001213264
0.001180943
0.001118657
0.001084968
0.001110678
0.001106694
0.001072201
0.001098755
0.00112585
0.001153505
0.001118484
0.001210466
0.001239768
0.001237207
0.001169216
0.001232061
0.001229509
0.00115989
0.001122993
0.001119613
0.001150585
0.001078264
0.001039746
0.001070996
0.001102794
0.001099452
0.0009882105
0.001056529
0.001125922
0.001049315
0.001082755
0.001116738
0.001188833
0.001110635
0.001069485
0.001181292
0.001217422
0.001254081
0.001095453
0.001092422
0.001129093
0.001086386
0.0009225327
0.0009994222
0.00103662
0.0008694262
0.0009063762
0.0009438559
0.0009818412
0.00102035
0.001017119
0.001098905
0.001053411
0.001093449
0.001047469
0.001131516
0.001085283
0.0009945477
0.0009913486
0.0009436466
0.001074414
0.0009817515
0.0009333473
0.0009299362
0.0009265291
0.000923124
0.0009197296
0.000962719
0.001006204
0.0009095532
0.0009061682
0.0009501266
0.001042109
0.001087217
0.001132782
0.001082328
0.001128336
0.001028757
0.0009771904
0.0009251938
0.0008727745
0.0009190038
0.0008164033
0.0008128965
0.0009097527
0.0009066745
0.0008024142
0.0007481083
0.0007954372
0.0008431947
0.000839934
0.0009399019
0.001092472
0.001038219
0.001087956
0.001033308
0.001030862
0.001028407
0.0009730056
0.000917232
0.0009144101
0.000911593
0.0008014265
0.0007444101
0.0007410703
0.0007919523
0.0007888094
0.0007311194
0.0008372522
0.0007245413
0.0006662267
0.0008284116
0.0008808321
0.000822532
0.0009309541
0.0009283298
0.001093678
0.001035369
0.0009204872
0.0008614366
0.0009718195
0.0009126232
0.0008531634
0.000736419
0.0007905398
0.0007876661
0.000784796
0.0007244121
0.0007790755
0.0007184477
0.0006575787
0.0005964737
0.0007676579
0.0008230702
0.0008203474
0.0008761048
0.0009906614
0.0009295992
0.0008095225
0.0008068256
0.0008631185
0.0008014256
0.0006803563
0.00067748
0.0007933484
0.0007906584
0.0006688959
0.0006660438
0.0007826198
0.0007201586
0.0005378263
0.000654724
0.0007719265
0.0008293422
0.0007064692
0.000824155
0.0008215593
0.0009396371
0.000816396
0.0007533515
0.0008112058
0.0008691581
0.0006848414
0.000621522
0.0006794788
0.0006160875
0.0005526395
0.0004891107
0.000547175
0.0006053207
0.0005417569
0.0005390629
0.0007191866
0.0007775258
0.0007749432
0.0007113576
0.0008917702
0.000950226
0.0007645902
0.0006399484
0.0007594176
0.0007568231
0.0006932098
0.000446478
0.0005049427
0.0005633964
0.0005608215
0.000497219
0.0005557011
0.0006752024
0.0005505723
0.0004869889
0.0005454911
0.0006650162
0.0006624828
0.0005988977
0.0008405025
0.0009600342
0.0007744114
0.0007108513
0.0007693796
0.0007058308
0.000581269
0.0005177295
0.0005762601
0.000695831
0.0005102331
0.0003856467
0.0005662692
0.0005637916
0.0005002727
0.0004367453
0.000495298
0.0005538667
0.0005513688
0.0006099364
0.0007295411
0.0007881219
0.0007246238
0.0006611405
0.0005976487
0.0007172785
0.0005317216
0.0005903228
0.0005878783
0.0005854443
0.0005219804
0.0004585149
0.0005171276
0.0006367744
0.0005123053
0.0005098833
0.0004464442
0.000566109
0.0005026782
0.0004392427
0.0006199554
0.0006785992
0.0006762146
0.0005517526
0.0006714386
0.0006690587
0.0004835883
0.0004812234
0.0004788655
0.0005375179
0.0004130811
0.0003496745
0.0004083607
0.0005280765
0.0005257306
0.0004623466
0.0004600132
0.0004576743
0.000455332
0.0004529971
0.0005727486
0.0006314656
0.0006291456
0.0004437142
0.0005634713
0.0005611571
0.0004367825
0.0003734418
0.0003711591
0.0004299006
0.0003055504
0.0003032534
0.0003620047
0.000481805
0.0005405661
0.0002941569
0.0004139626
0.0005947983
0.0005315061
0.000529241
0.0005269895
0.0006468033
0.0005835151
0.0005202247
0.0004569482
0.0005157379
0.0004524679
0.0003281611
0.0003259264
0.000445765
0.0002604256
0.0001971552
0.000194931
0.0003758221
0.000312573
0.0003103644
0.0003692035
0.0003670047
0.0004258336
0.0003625954
0.0004214434
0.0006023672
0.000661202
0.0005979883
0.0005347831
0.0005936369
0.0005914693
0.0004061831
0.0002819441
0.0003408172
0.0002165939
0.0001534084
0.0002122945
0.0002711775
0.0002690359
0.0002668928
0.000203708
0.0003846679
0.0003214839
0.00025832
0.0003172196
0.000437159
0.0004350325
0.0003718849
0.0004308299
0.000428731
0.0004266179
0.0003634815
0.0003613748
0.0003592804
0.0004792614
0.0002940859
0.0002309552
0.000289913
0.0002878268
0.0001026476
0.0001616065
0.000342655
0.0004016296
0.0002775034
0.0002144008
0.0004564973
0.0003934018
0.0003303198
0.0003282618
0.0004482848
0.0003851987
0.0001390016
0.000197988
0.0002569888
0.0001328882
0.0001308719
6.781134E-05
0.000187862
0.0001858442
0.0001838318
0.0001818207
0.0004239562
0.000360914
0.0002978824
0.0004179551
0.0005380283
0.0005360283
0.0004730148
0.000348989
0.0003470101
0.0004060596
0.0001599377
0.0001579544
0.0002170164
9.297039E-05
9.101302E-05
-3.301931E-05
0.0001481345
0.0001461615
2.212306E-05
8.120233E-05
0.0001402863
0.0002604223
0.0002584834
0.0002565531
0.0004377247
0.0004968346
0.0004949082
0.0004319464
0.0004910591
0.0004891489
0.0003041378
0.0001801719
0.0001782602
0.0001763608
0.0001134297
5.049324E-05
0.0001096136
0.0001077276
-7.726649E-05
-7.916445E-05
4.101777E-05
0.0001612165
9.831373E-05
0.0002185126
0.0002776852
0.0003368487
0.0002739644
0.0003331236
0.0002702217
0.0004514723
0.0002665161
0.0002036328
0.0002628215
0.0002609764
0.0001370646
7.417952E-05
7.233984E-05
7.049505E-05
7.634842E-06
5.812127E-06
6.503E-05
0.0001852889
0.0001834872
0.0001816734
0.0002408895
0.0002390769
0.0002372828
0.0002354952
0.0002947438
0.0002319239
0.0001691146
4.525542E-05
4.34655E-05
-1.935812E-05
3.988265E-05
-8.396291E-05
-2.470907E-05
9.558398E-05
-2.824803E-05
-9.106013E-05
9.029438E-05
8.852747E-05
8.678066E-05
8.502651E-05
0.0002663842
0.0003256678
0.0002628839
0.0002611377
0.0002593938
0.0001966119
0.0001948913
7.107819E-05
0.0001303833
6.761827E-05
-5.616593E-05
-5.78836E-05
-5.959913E-05
6.076682E-05
-1.960678E-06
-3.661514E-06
-0.0001274531
-7.075231E-06
5.227721E-05
-1.044807E-05
0.0001709674
0.0002303228
0.0002896881
0.0002269773
0.0002863411
0.0003457074
0.0002219646
9.822496E-05
0.0001575855
0.0001559221
3.219226E-05
-9.153756E-05
-3.216433E-05
2.721851E-05
2.556263E-05
-0.0001591903
-9.980647E-05
-4.042021E-05
1.898589E-05
-0.0001047181
1.571334E-05
0.0002582196
0.0001345309
0.0001328937
0.0001312596
0.0001906629
0.0002500898
6.535733E-05
0.000124773
0.0001231717
6.054115E-05
-6.313215E-05
-6.472996E-05
-5.292314E-06
-6.877505E-06
-0.0001305329
-0.0001321306
-1.163123E-05
-7.424505E-05
-0.0001368592
-7.740788E-05
-1.795635E-05
0.0001025538
0.0001009875
0.000160459
0.0002199225
0.0001573275
3.369562E-05
3.213621E-05
-3.044947E-05
-3.197743E-05
-0.0001556132
-0.0002181812
-9.765017E-05
-3.814372E-05
-0.0002227811
-0.0001632845
-4.273856E-05
-4.426016E-05
-0.0001678683
-0.0001083582
1.219311E-05
7.171993E-05
7.020238E-05
6.869101E-05
0.0001892529
0.0001877539
0.0001252267
1.66781E-06
6.121032E-05
-1.305876E-06
-0.0001248629
-0.000187379
-6.678337E-05
-0.0001292948
-0.0001918004
-0.0001932952
-7.268992E-05
-0.0001351997
-0.0001366643
-7.709765E-05
-7.856061E-05
0.0001030869
4.058741E-05
-2.190806E-05
9.871195E-05
0.0002193308
3.476822E-05
9.436984E-05
3.18953E-05
-3.05803E-05
-0.0002151299
-0.0003386268
-0.0002790348
-0.0002804546
-0.0001598094
-0.000222255
-0.0001626555
-0.0001030296
-0.0001654842
-0.0002279231
-0.0001072693
-4.763935E-05
1.199219E-05
7.163827E-05
0.000131281
0.0001298852
6.434562E-06
-5.599451E-05
6.470221E-05
-5.875665E-05
9.092815E-07
-0.0001225519
-6.288159E-05
-6.427413E-05
-0.0003097943
-0.0002501215
-0.0001294052
-0.0002528285
-0.000193131
-0.000194479
-7.376713E-05
-0.000136159
-0.0001985446
-0.0001388673
-7.918191E-05
0.0001025749
-2.081937E-05
-8.318596E-05
3.755938E-05
-2.480089E-05
-2.612862E-05
-0.0002105484
-0.0002118589
-9.110604E-05
-0.0002755234
-0.0002158038
-0.0001560764
-0.0001573914
-0.0001586971
-0.0002210348
-0.0001002636
-4.05438E-05
-0.0001028779
-0.0001041727
-4.443148E-05
1.530323E-05
-4.701996E-05
-0.0001093386
-0.0001106117
-0.0002339721
-0.0003573144
-0.0004196267
-0.0002988166
-0.0001780071
-0.0003013356
-0.0003026061
-0.0002428244
-0.0001830522
-0.0001843125
-0.0003076445
-0.0001257908
-6.599133E-05
-0.0001892968
-0.0001905291
-6.968686E-05
5.114892E-05
4.992575E-05
-7.337686E-05
-1.357703E-05
4.623286E-05
-0.0001991333
-0.0002613967
-0.0002626247
-0.0002638445
-0.0002650603
-0.0003273104
-0.0002064481
-0.0001466196
-0.0002698814
-0.0003321262
-0.0002112372
-0.0001513986
-9.155025E-05
-0.0001537699
-3.289134E-05
-9.512306E-05
2.576063E-05
-9.751417E-05
-3.763947E-05
2.220585E-05
-0.0001010262
-0.0003463322
-0.0002254083
-0.0002265791
-0.0002887701
-0.0003509763
-0.0002911028
-0.0002312382
-0.0002934281
-0.0001725171
-0.0002957234
-0.0001748118
-0.000175962
-0.0002991661
-0.0002392733
-0.0001183617
-0.0001194852
-0.0001206012
-0.0001217269
-6.182279E-05
-0.0001850149
-0.0003081866
-0.0001261963
-0.0002493808
-0.0003115178
-0.0004347005
-0.0003137407
-0.0002538147
-0.0003159465
-0.0002560124
-0.0002570971
-0.0002581943
-0.0001372131
-0.0002603822
-0.0001394153
-7.946693E-05
-1.951779E-05
-0.0002037041
-0.0001437513
-0.0001448301
-0.0002069502
-0.0003300938
-0.0003311654
-0.000271202
-0.0003332965
-0.0003954045
-0.0003354339
-0.0003364847
-0.000337553
-0.0002775636
-0.0003396376
-0.0001575944
-0.0001586274
-0.000159675
-0.0001607127
-0.0002227904
-0.0002238088
-0.0002858762
-0.0001648385
-0.0001658793
-0.0001058696
-0.0002900103
-0.0002300013
-0.0002310158
-0.0003540725
-0.0003550692
-0.0004781277
-0.000418094
-0.0004190954
-0.0004201098
-0.0003600795
-0.0002390191
-0.0001789781
-0.0001799725
-0.0001809515
-5.986993E-05
1.626658E-07
-0.0002449656
-0.0003069974
-0.0001248915
-0.0003089755
-0.0003099526
-0.0003719563
-0.0004339644
-0.0003128707
-0.0004359012
-0.0003758372
-0.0004378452
-0.0004388098
-0.0005008066
-0.0003796897
-0.0003196174
-0.0001984939
-0.0001994356
-0.0002003904
-7.926329E-05
-8.019616E-05
-0.0002032012
-0.0001431
-0.0001440263
-0.0001449603
-0.000390044
-0.0003299379
-0.000330872
-0.0003317966
-0.0004547758
-0.0005777726
-0.0005176537
-0.0005185829
-0.0004584697
-0.0004593939
-0.0003992785
-0.0004001847
-0.000340048
-0.0003409514
-0.000219786
-0.0002206821
-0.000282625
-0.0002224885
-4.027105E-05
1.98802E-05
-0.0002861666
-0.000470154
-0.0004100115
-0.0004108941
-0.0006559166
-0.0005957514
-0.0007186879
-0.0006585123
-0.000781434
-0.0008433385
-0.0006610959
-0.0006619555
-0.0007238424
-0.000724689
-0.0006645143
-0.0005432852
-0.000666201
-0.0007280774
-0.0004847878
-0.0002414873
-0.0003033567
-0.0003041735
-0.000427095
-0.0005499963
-0.0007339268
-0.0008568297
-0.0009187069
-0.001163669
-0.001530703
-0.00201981
-0.002447895
-0.002570788
-0.002571612
-0.00208415
-0.001474605
-0.00117024
-0.001354139
-0.001721158
-0.001599899
-0.001112432
-0.0002587395
0.0005949575
0.001204521
0.001081672
0.0004095048
-7.957741E-05
4.169588E-05
0.0007122952
0.001260833
0.001687315
0.001930695
0.001868884
0.001501904
0.001134935
0.0008900126
0.0003399247
-0.0008205276
-0.00191994
-0.001920732
-0.0008838983
0.0005191459
0.001433939
0.001555288
0.001554561
0.001675892
0.002163448
0.002467894
0.001978876
0.0008184839
-0.001074326
-0.002906133
-0.004554829
-0.004372479
-0.002298046
0.0008140352
0.003193705
0.003864406
0.003009257
0.0009943978
-0.001020447
-0.002302934
-0.002669854
-0.001632996
-0.0004740308
0.0003187189
0.0002570128
-0.001330647
-0.003833798
-0.005848636
-0.005666236
-0.003469667
-0.0009679141
7.983424E-06
-0.001152354
-0.003106178
-0.00493791
-0.005854126
-0.005549643
-0.003841341
-0.001522682
-5.849695E-05
-0.0002422546
-0.001402596
-0.00274605
-0.003418104
-0.003113594
-0.002564947
-0.00195524
-0.001711756
-0.002200681
-0.003605144
-0.005253739
-0.006291993
-0.006109544
-0.004401223
-0.002082537
-0.0001910598
0.0001135007
-0.001413011
-0.003061606
-0.003306383
-0.001781146
-0.000255884
-0.0002564839
-0.001905041
-0.004163962
-0.005019091
-0.004165224
-0.002334789
-0.0008095191
-0.0005659846
-0.0009327896
-0.001604792
-0.002154698
-0.003009803
-0.004841448
-0.007405531
-0.008321655
-0.006796409
-0.0038673
-0.001853712
-0.001976347
-0.003869027
-0.005944803
-0.007105057
-0.006983591
-0.005336237
-0.002407149
0.0002778364
0.00125384
0.0005208586
-0.0003342044
0.000275574
0.003265718
0.007476596
0.01046679
0.009977978
0.006620521
0.002896807
0.0005158838
-0.000278152
8.752683E-05
0.0008804169
0.001246106
0.0005741781
-0.001074294
-0.003027987
-0.004371294
-0.004066669
-0.002663394
-0.002114603
-0.003763049
-0.007181567
-0.01017283
-0.009929288
-0.006939103
-0.003643715
-0.002240391
-0.00297332
-0.004499693
-0.004805422
-0.003646264
-0.003219535
-0.004562795
-0.006821612
-0.008775238
-0.009264052
-0.008654211
-0.007983316
-0.007861746
-0.007190881
-0.006458939
-0.006642525
-0.007131302
-0.006094232
-0.003348155
-0.000296865
0.001411661
0.001106046
-0.0004202902
-0.0004818148
0.002020152
0.00568181
0.008244882
0.007450997
0.003422279
-0.001277919
-0.005245645
-0.008481015
-0.01012944
-0.00903133
-0.006346226
-0.00433253
-0.005004315
-0.007629355
-0.009399829
-0.008973006
-0.007935837
-0.009034909
-0.01184294
-0.01477307
-0.01715387
-0.01977888
-0.02289214
-0.02576121
-0.02545654
-0.02063524
-0.01318939
-0.007025213
-0.005133529
-0.006171543
-0.006782333
-0.005684086
-0.00385346
-0.003243492
-0.00342701
-0.003488441
-0.002451242
-0.001291958
-0.002879258
-0.007213146
-0.01093672
-0.01050993
-0.006421019
-7.375876E-05
0.005052833
0.006517388
0.003831512
-0.00312691
-0.0124046
-0.01905792
-0.01808181
-0.009842471
-0.001114776
-0.0006267944
-0.01014857
-0.02278325
-0.02949758
-0.02601911
-0.01613183
-0.007770331
-0.005817486
-0.008930619
-0.01454618
-0.02144349
-0.02760842
-0.03139306
-0.03066108
-0.02468001
-0.01692892
-0.01277883
-0.01387778
-0.01857777
-0.02309476
-0.0246821
-0.02138667
-0.01375763
-0.004785846
0.001195374
0.002232679
-0.001185568
-0.005031158
-0.005519791
-0.0001491289
0.01120311
0.02432534
0.03146636
0.02713266
0.01455909
0.004060708
0.003449952
0.01101797
0.01895229
0.02029488
0.01376394
0.001922879
-0.011078
-0.02017259
-0.02291962
-0.01913583
-0.0115678
-0.006135923
-0.006502392
-0.01187377
-0.0177945
-0.01956491
-0.01517075
-0.006565175
0.005397462
0.01772634
0.02425711
0.01992354
0.005457896
-0.01340214
-0.02780692
-0.03189664
-0.02762456
-0.02121616
-0.01798158
-0.02011801
-0.02713726
-0.03543837
-0.03977231
-0.03653791
-0.02555192
-0.01017144
0.004721017
0.01387617
0.01363192
0.006795826
0.001790673
0.003255272
0.006123698
0.006245619
0.002461263
-0.004985195
-0.01285903
-0.01713179
-0.01615559
-0.01231062
-0.009869441
-0.01212791
-0.01743839
-0.02158906
-0.0221385
-0.01786633
-0.01084748
-0.005659698
-0.006514334
-0.01402185
-0.02336052
-0.02745021
-0.02244553
-0.01152055
-0.001694026
0.002273089
0.0003198295
-0.004074907
-0.007004824
-0.007249222
-0.006089711
-0.005174437
-0.003465636
0.0006845022
0.006909921
0.01344048
0.01875048
0.02045936
0.01661398
0.008191018
0.0002562178
-0.002185403
0.0007440658
0.003307422
0.0008658716
-0.006580532
-0.01646844
-0.02641734
-0.03380289
-0.0363056
-0.03343719
-0.02684565
-0.01897233
-0.011038
-0.002676288
0.00696705
0.01630537
0.02308016
0.02564357
0.02600971
0.02698628
0.02320212
0.007027666
-0.01811885
-0.03929849
-0.04479203
-0.0330126
-0.01104026
0.01349582
0.03516335
0.04645493
0.04071791
0.01789082
-0.01384739
-0.04241224
-0.06218784
-0.07171019
-0.07464018
-0.07573868
-0.07464034
-0.06890325
-0.05748999
-0.04332987
-0.0278272
-0.01189704
0.001530585
0.008244537
0.00623035
-0.004328702
-0.02080832
-0.03368695
-0.0319173
-0.01476662
0.005619011
0.0156289
0.01044089
-0.002193435
-0.008175117
-0.0006069127
0.01416348
0.02124372
0.01208852
-0.005916969
-0.01775804
-0.01318071
0.006777568
0.02948272
0.03821103
0.0224032
-0.01324128
-0.04461372
-0.04949689
-0.0293556
-0.003537752
0.009279795
-0.0004855371
-0.02880591
-0.06042224
-0.07678
-0.07079892
-0.05407551
-0.04229578
-0.03869466
-0.04199055
-0.05035256
-0.06127799
-0.06866322
-0.06896865
-0.06384183
-0.05792161
-0.05560219
-0.05926447
-0.06603963
-0.06591803
-0.05096448
-0.02465875
0.007079695
0.03350796
0.04321305
0.03442416
0.02014215
0.0143436
0.0183108
0.02264424
0.01971465
0.01153586
0.004211616
0.00146485
0.007141078
0.021179
0.03826891
0.05078117
0.051758
0.04168727
0.02966336
0.02349873
0.02288844
0.02185086
0.01696801
0.009094434
0.002929819
0.004577613
0.01666253
0.03131098
0.03698756
0.02545214
0.001404273
-0.0203854
-0.0264282
-0.01373319
0.01135221
0.03869598
0.05651883
0.05596991
0.03753724
0.008484786
-0.02130059
-0.0383295
-0.03643768
-0.02410862
-0.01318335
-0.008178276
-0.01019232
-0.02026289
-0.03649828
-0.05297774
-0.06359805
-0.0650019
-0.06262182
-0.06219449
-0.06732121
-0.0791009
-0.09326116
-0.106811
-0.1160274
-0.1198729
-0.1183474
-0.1134648
-0.110779
-0.1115728
-0.1107184
-0.1004651
-0.07800419
-0.04528977
-0.01458875
0.011168
0.03375141
0.05993527
0.09344407
0.1321404
0.1688841
0.1892094
0.1820083
0.1481345
0.1000387
0.05517821
0.02563699
0.01147695
0.002077469
-0.0141576
-0.03875493
-0.06725834
-0.09203871
-0.107908
-0.1110822
-0.1047958
-0.09692222
-0.09155126
-0.09026958
-0.09612908
-0.1082749
-0.1221912
-0.1296378
-0.1183473
-0.07897983
-0.0128186
0.06506316
0.1412964
0.1991583
0.228639
0.231875
0.2103305
0.167057
0.119267
0.08264608
0.05988012
0.04297325
0.02258782
-0.004511844
-0.03246594
-0.05095993
-0.05352372
-0.04168325
-0.02129758
0.001835
0.01898616
0.01916982
-0.003229651
-0.0400337
-0.07500706
-0.08831336
-0.08031831
-0.05822356
-0.03167367
-0.0006675822
0.03680783
0.0747724
0.1026659
0.1128605
0.1044381
0.08466208
0.06543637
0.05322926
0.0465768
0.03693324
0.01453381
-0.01714353
-0.04637911
-0.07042702
-0.08806601
-0.1083909
-0.1335984
-0.1610643
-0.1796193
-0.1700986
-0.1221867
-0.04467138
0.03711546
0.1031564
0.1362989
0.1328816
0.1150595
0.1062101
0.1082244
0.1120698
0.1043798
0.07709761
0.03632648
-0.0001116393
-0.01842219
-0.02068063
-0.01964296
-0.0219621
-0.0263565
-0.03361957
-0.04674203
-0.06248902
-0.06779924
-0.05608061
-0.03508465
-0.01225716
0.009166087
0.02949118
0.05280661
0.07825873
0.1002316
0.1098762
0.09705934
0.06519901
0.03474266
0.02155904
0.02534331
0.03578047
0.04176223
0.03803948
0.02809109
0.01435838
-0.009200864
-0.04093914
-0.06419372
-0.06077597
-0.03123525
0.009963852
0.04341162
0.04823386
0.01497029
-0.03983914
-0.08470004
-0.08799613
-0.05332833
-0.01176306
0.005449398
-0.01444747
-0.06803584
-0.1364564
-0.1860785
-0.1924266
-0.1527547
-0.07975675
0.005570318
0.0697193
0.09822306
0.09041159
0.0633121
0.04878594
0.0645938
0.09529518
0.1114698
0.1034747
0.08852113
0.08308936
0.09218348
0.113363
0.1384487
0.1554178
0.155052
0.1401592
0.1288069
0.1339952
0.1512073
0.1648185
0.1570678
0.1242927
0.08126326
0.04873124
0.04061362
0.04891445
0.05379766
0.04781646
0.03518254
0.02059537
0.004787478
-0.01327889
-0.0307959
-0.04355235
-0.04452919
-0.02743939
0.003871411
0.03823461
0.07027821
0.09621866
0.1108674
0.1155679
0.1194744
0.1217944
0.120757
0.1227114
0.126679
0.1241761
0.1134342
0.1025701
0.1025702
0.1138617
0.1309518
0.1484694
0.1633013
0.1739826
0.1814903
0.1857633
0.182651
0.171848
0.1601908
0.1568344
0.1636098
0.1736803
0.1744135
0.1589108
0.1349247
0.118323
0.1172857
0.1269907
0.1338273
0.1276018
0.109414
0.08823501
0.06876549
0.04874589
0.02500381
0.001383027
-0.0149741
-0.02101675
-0.02077227
-0.02119958
-0.02260306
-0.02003958
-0.0133254
-0.008991841
-0.007404628
0.0002858223
0.02109897
0.05234925
0.08030394
0.09074149
0.0817091
0.06498596
0.05186393
0.04276967
0.03221119
0.01792908
0.001389089
-0.01496835
-0.02931121
-0.04127427
-0.0487204
-0.04518044
-0.02833468
-0.003493272
0.0231794
0.04643422
0.06254804
0.07237555
0.08098211
0.09123592
0.1005139
0.1047257
0.09929439
0.08806406
0.07610191
0.06322378
0.04936947
0.03819994
0.02971675
0.02196533
0.01250559
0.0007868455
-0.008978144
-0.01245729
-0.00952694
-0.006780219
-0.01178426
-0.0269819
-0.04742788
-0.07025508
-0.08941953
-0.1014439
-0.1001618
-0.08948044
-0.08319309
-0.09082236
-0.1099256
-0.1292128
-0.142457
-0.1486834
-0.1494764
-0.1480719
-0.1488038
-0.1568602
-0.1738275
-0.1965323
-0.2184437
-0.2289425
-0.2161252
-0.1823114
-0.1436147
-0.117186
-0.1126075
-0.1278047
-0.1509364
-0.1699188
-0.1826139
-0.194576
-0.2077593
-0.2216144
-0.2346149
-0.2415728
-0.2335775
-0.2116662
-0.1853603
-0.1598468
-0.1344563
-0.1090042
-0.08227083
-0.0532784
-0.02544617
-0.001885668
0.01209191
0.01715858
0.02088207
0.02655901
0.03180839
0.03656972
0.04090361
0.04261328
0.04066057
0.03834165
0.04078342
0.04926783
0.0575081
0.06074349
0.0618427
0.06251482
0.05891451
0.04402227
0.01234595
-0.03288086
-0.08183048
-0.1194892
-0.1393865
-0.1442698
-0.1377389
-0.1220524
-0.1011781
-0.08555277
-0.08512497
-0.09910163
-0.1149705
-0.1210133
-0.1151539
-0.1049601
-0.09696437
-0.09214215
-0.08713714
-0.08146038
-0.07395303
-0.05710708
-0.0246975
0.02053017
0.07112853
0.1153802
0.1368655
0.1234388
0.08706264
0.05215105
0.03573275
0.04171425
0.06472476
0.0949378
0.1195358
0.1263115
0.109528
0.07174806
0.02371418
-0.01833908
-0.04696412
-0.06301653
-0.07174411
-0.08077724
-0.0938993
-0.1118442
-0.1253328
-0.1255762
-0.1176414
-0.1084248
-0.1012224
-0.0968884
-0.09249363
-0.08388745
-0.07222949
-0.06014388
-0.04512895
-0.03829241
-0.04048933
-0.04170955
-0.03725379
-0.02486333
-0.006003169
0.01493251
0.03293827
0.04825879
0.06583747
0.08121908
0.08427171
0.07475114
0.05705184
0.03239403
0.006821095
-0.01692133
-0.0379778
-0.06031645
-0.08649989
-0.11537
-0.1405772
-0.1571783
-0.1629155
-0.1577274
-0.1460695
-0.1308714
-0.1143915
-0.09931557
-0.08936629
-0.08771754
-0.09394254
-0.1070647
-0.1254357
-0.1449057
-0.1579671
-0.1639488
-0.1691367
-0.1739576
-0.1701736
-0.1514967
-0.1217726
-0.09357359
-0.07422521
-0.06049165
-0.04846744
-0.03857892
-0.02801955
-0.01532348
-0.00567941
-0.008119934
-0.02118094
-0.03418111
-0.04486203
-0.05572551
-0.06408716
-0.06805398
-0.06378151
-0.04223556
-0.007689525
0.02166936
0.02862802
0.01410249
-0.007442511
-0.02184637
-0.02050339
-0.01311751
-0.01769468
-0.03649299
-0.05632932
-0.06328688
-0.05333827
-0.02672647
0.00134986
0.02045468
0.03101407
0.03736256
0.04480908
0.05909185
0.08307893
0.1088979
0.1229976
0.1197638
0.1045668
0.08387694
0.06538367
0.05824264
0.06251552
0.06691064
0.06404262
0.0552541
0.04097251
0.02424938
0.01301936
0.00825897
0.001972875
-0.007181991
-0.01249165
-0.01639746
-0.02665088
-0.03922394
-0.04160412
-0.03012909
-0.01200133
0.005577442
0.01931096
0.0241946
0.01473498
-0.004124208
-0.0251807
-0.04886182
-0.07736474
-0.1072109
-0.1232022
-0.1242397
-0.11954
-0.1111785
-0.09799489
-0.0782184
-0.05484186
-0.03073217
-0.01284859
-0.003021041
0.002472425
0.004304299
0.002717629
0.004915554
0.01339962
0.01919877
0.01938212
0.0220683
0.02957578
0.0369619
0.04227215
0.05087861
0.06821266
0.08988098
0.1113046
0.1321184
0.1487205
0.1562292
0.1556804
0.1553757
0.1646535
0.1817443
0.1973091
0.2056719
0.2073819
0.1987169
0.1732665
0.1316404
0.08147044
0.02971274
-0.01807729
-0.05195209
-0.06330456
-0.05775058
-0.04389537
-0.0256455
-0.006907223
0.004812164
0.005240089
-0.001046009
-0.005867273
-0.004279978
0.003472041
0.0104307
0.006586354
-0.01392076
-0.04529223
-0.07135411
-0.08075342
-0.07715237
-0.07226931
-0.0678743
-0.05560611
-0.03534204
-0.01556611
-0.006165906
-0.01257385
-0.03125042
-0.05175806
-0.06036305
-0.04791174
-0.0176986
0.01599302
0.04059103
0.0568877
0.07147606
0.08679627
0.09534184
0.09027641
0.08008428
0.0788029
0.093574
0.120552
0.1402677
0.127268
0.07917255
0.02137302
-0.02275521
-0.0443002
-0.04246882
-0.03001716
-0.03178667
-0.05278226
-0.07249611
-0.08494698
-0.08824258
-0.07682887
-0.05540497
-0.03343213
-0.01115361
0.01448145
0.04390116
0.07533457
0.1049987
0.1225163
0.1156811
0.08772765
0.05660039
0.03639798
0.0423187
0.08150342
0.1327128
0.1630481
0.1543821
0.1213017
0.0937757
0.08175219
0.08016549
0.08431639
0.0924347
0.0978065
0.08737012
0.05868439
0.02377275
-0.002960275
-0.01272566
-0.00271563
0.01748751
0.03201447
0.03280862
0.02145669
0.004672538
-0.007290041
-0.00777784
0.000279118
0.01175432
0.02213064
0.02884513
0.03305688
0.03964938
0.05149047
0.06913017
0.09513139
0.124185
0.1448155
0.1546429
0.1617235
0.1697204
0.176496
0.1793648
0.1811354
0.1824181
0.172165
0.1403053
0.09440758
0.05516231
0.03984279
0.04942542
0.07335164
0.1038698
0.1231579
0.1055196
0.06780065
0.04936848
0.05211559
0.05614415
0.05596175
0.04613565
0.01726681
-0.02319922
-0.04999333
-0.04987125
-0.02838664
0.003352167
0.03423642
0.05584369
0.0631076
0.05413612
0.03600928
0.02392481
0.02606137
0.0387571
0.05407735
0.06848233
0.08197167
0.08691621
0.08240016
0.08142434
0.09369285
0.1135909
0.1261038
0.1201234
0.09912809
0.07764423
0.06586488
0.06678124
0.0814912
0.107248
0.1334938
0.1469832
0.1395989
0.116589
0.09339635
0.08216637
0.08332663
0.09413007
0.1123802
0.1277619
0.1258708
0.1007858
0.06331123
0.03126811
0.01002851
-0.007915606
-0.02329583
-0.03208466
-0.04050691
-0.05259153
-0.06168533
-0.06156312
-0.05558137
-0.04435044
-0.01963108
0.02260577
0.07308222
0.1172726
0.1452886
0.1576803
0.1617096
0.1604889
0.1475503
0.1290572
0.1219779
0.1280817
0.1343693
0.1300977
0.1143517
0.09085341
0.06259525
0.0325052
0.004796196
-0.02108253
-0.05111085
-0.08651146
-0.1206905
-0.146325
-0.1625599
-0.1682973
-0.1625597
-0.1450424
-0.1172101
-0.08394562
-0.05513649
-0.03828994
-0.02962238
-0.02357925
-0.01997769
-0.01802396
-0.008624236
0.01432568
0.04270764
0.06663404
0.08079488
0.08482401
0.08683881
0.09434674
0.1008172
0.09495879
0.07872423
0.0670668
0.06596891
0.06517607
0.0519934
0.02910566
0.00780511
-0.005744437
-0.01319014
-0.01776741
-0.01984202
-0.01697303
-0.00915997
0.0004840811
0.007503805
0.008541992
0.002439168
-0.005861201
-0.006776227
0.007079137
0.02856419
0.03820849
0.02746719
0.01233099
0.009340824
0.01532268
0.01691031
0.01111248
0.005986176
0.004155585
-0.002374496
-0.014276
-0.01671701
0.002265222
0.03815434
0.07776696
0.1059053
0.1056622
0.07099563
0.01575936
-0.03386172
-0.06047309
-0.05595626
-0.03233547
-0.004136651
0.01881324
0.02796945
0.02320949
0.007402291
-0.01170131
-0.0235414
-0.03428323
-0.04990766
-0.06217551
-0.06168702
-0.03861572
0.003743327
0.04622469
0.06978506
0.07173901
0.06472086
0.05318577
0.03261786
0.008448394
-0.008823752
-0.01895518
-0.03323649
-0.05948123
-0.09530807
-0.1255203
-0.1409006
-0.1418774
-0.135163
-0.129669
-0.1289972
-0.1266775
-0.1136156
-0.0877361
-0.05508179
-0.03170459
-0.02498997
-0.03274065
-0.04458086
-0.0522098
-0.05086664
-0.03444769
-0.003746489
0.02463586
0.02866526
-0.003072332
-0.05629404
-0.1090892
-0.1435737
-0.1538273
-0.1438174
-0.1236757
-0.09999365
-0.07209974
-0.04713589
-0.0287025
-0.02247627
-0.02571042
-0.02760205
-0.02308493
-0.01124367
0.01030245
0.03526644
0.05009894
0.04832979
0.03362111
0.01073373
-0.01801335
-0.04157249
-0.04743151
-0.03583448
-0.01666889
-0.005132539
-0.008732889
-0.01984068
-0.02545555
-0.01910744
-0.004885464
0.001523917
-0.01391721
-0.04510554
-0.07452407
-0.08392324
-0.07366913
-0.04455511
-0.01031357
0.01959416
0.03296186
0.02112176
-0.003779937
-0.0154985
0.002385237
0.04480501
0.08826289
0.1104804
0.1053546
0.08460339
0.06574408
0.05744377
0.0628155
0.07929554
0.09632497
0.1010255
0.09199314
0.08534094
0.09016327
0.1019438
0.1106121
0.1041434
0.07423645
0.02766764
-0.0157282
-0.04117931
-0.04740475
-0.05063903
-0.05472828
-0.03019173
0.001730428
0.002585992
-0.02634401
-0.05942441
-0.08347199
-0.09976801
-0.1022706
-0.09311505
-0.08115138
-0.07376573
-0.0675397
-0.05289106
-0.02811014
-0.004061907
0.01144186
0.0204144
0.03903072
0.07607934
0.1186831
0.1470654
0.1538415
0.1443821
0.1280874
0.1098997
0.09183309
0.07742959
0.0693733
0.06607825
0.0624776
0.05045468
0.02652944
-0.007527242
-0.05049569
-0.09395206
-0.1247139
-0.1325872
-0.1172672
-0.08839737
-0.05702497
-0.02760545
-0.000260886
0.02220075
0.03202829
0.02983183
0.0225693
0.01262136
-0.001294085
-0.01966502
-0.03791411
-0.04371209
-0.03022304
-0.005991519
0.01036666
0.005301629
-0.01618224
-0.03388204
-0.03223366
-0.01380071
0.01317738
0.04632006
0.07586194
0.08221066
0.05999486
0.03234666
0.02294755
0.03008939
0.03326397
0.01269624
-0.03021096
-0.07238568
-0.09564035
-0.09850876
-0.08739974
-0.07507017
-0.07122444
-0.07598466
-0.08574974
-0.09301272
-0.08733634
-0.06432604
-0.02880287
0.007391287
0.04187715
0.06690227
0.0757535
0.07142069
0.07044529
0.07813632
0.08631538
0.0916261
0.09345791
0.09168866
0.08528061
0.06727605
0.04194703
0.02589521
0.02528515
0.03120598
0.03755411
0.05513255
0.08803108
0.1204414
0.1413779
0.1509615
0.1489477
0.1325303
0.1110465
0.1018919
0.106592
0.1109266
0.1009178
0.07217139
0.03347527
0.000883235
-0.01291073
-0.008881814
-0.0006417405
-0.001312185
-0.01193197
-0.02822758
-0.04183813
-0.04379063
-0.03518441
-0.02627243
-0.02700427
-0.04213999
-0.06698106
-0.0884038
-0.1000611
-0.1049435
-0.1100092
-0.1180043
-0.1243517
-0.116295
-0.08724238
-0.04366277
-0.004721286
0.01420061
0.008220159
-0.01057784
-0.02315064
-0.02290587
-0.02162363
-0.02980159
-0.04054331
-0.04451009
-0.03858943
-0.02400149
-0.00581244
0.001451773
-0.0126468
-0.04462851
-0.07972314
-0.1023055
-0.1131695
-0.1163428
-0.1135957
-0.1081632
-0.1016932
-0.08741062
-0.05689229
-0.01441143
0.02117297
0.03209907
0.01519315
-0.01044101
-0.02179319
-0.009463737
0.01977275
0.04986366
0.06005746
0.03991663
0.01220711
0.007568772
0.03064052
0.06982562
0.1124899
0.144107
0.1444135
0.1061456
0.05609723
0.02246753
0.01123729
0.01441178
0.02216358
0.0274745
0.02375188
0.009714776
-0.01335611
-0.03966135
-0.06346494
-0.08494865
-0.09733845
-0.09678854
-0.08744993
-0.08061323
-0.08317619
-0.09641999
-0.1150967
-0.1315147
-0.1444535
-0.154951
-0.1608102
-0.15904
-0.1464053
-0.1221131
-0.0853087
-0.03812815
0.006794692
0.03810645
0.05495317
0.0697245
0.08297006
0.08535152
0.07119257
0.04403294
0.01082997
-0.02267736
-0.05417126
-0.08908249
-0.1167922
-0.1322335
-0.141816
-0.1548158
-0.1690364
-0.1788626
-0.1841115
-0.182402
-0.1770916
-0.1761144
-0.1761756
-0.168729
-0.1554833
-0.1421163
-0.1236831
-0.09841415
-0.08107927
-0.07869827
-0.08327539
-0.08541115
-0.08602076
-0.08400621
-0.0742401
-0.05769912
-0.03859442
-0.02156498
-0.009418204
-0.002825584
-0.004899954
-0.0161295
-0.03596528
-0.06019541
-0.08241171
-0.1022474
-0.1222057
-0.1417363
-0.1574828
-0.1756706
-0.1986196
-0.2201647
-0.2337753
-0.2378035
-0.2299305
-0.2108263
-0.1867773
-0.1662081
-0.1543665
-0.1475915
-0.1375198
-0.1195144
-0.09479454
-0.06781657
-0.05054242
-0.04773414
-0.06109994
-0.0844149
-0.1032743
-0.1120633
-0.1045562
-0.08044721
-0.04675434
-0.01934935
0.0008543784
0.02154555
0.04797477
0.07434242
0.08887009
0.08948116
0.07733594
0.05334983
0.02716643
0.01270151
0.01563173
0.02515378
0.02582609
0.01136148
-0.01512716
-0.04527793
-0.07170582
-0.08379051
-0.08507177
-0.08018869
-0.07097193
-0.06267074
-0.0635244
-0.07042102
-0.0732892
-0.06822306
-0.05772439
-0.04240435
-0.02635141
-0.01408292
-0.007123995
-0.004987339
-0.007183826
-0.01102869
-0.01188252
-0.005229467
0.009663829
0.02657096
0.03706981
0.04244134
0.04817944
0.05782336
0.07308294
0.089563
0.09731578
0.09054173
0.07137721
0.04604833
0.02566306
0.01766794
0.01571533
0.008758014
-0.006927474
-0.02572582
-0.04067902
-0.04531741
-0.03903045
-0.02834891
-0.01998647
-0.01949763
-0.02828624
-0.03792949
-0.03463296
-0.01699353
0.003148776
0.01700426
0.02011787
0.01035284
-0.007468831
-0.02004181
-0.01650133
0.002785949
0.03067971
0.05527744
0.0665699
0.06187096
0.04758965
0.0341624
0.02561791
0.02220041
0.02305546
0.02720639
0.02604743
0.01573312
0.001939764
-0.0113654
-0.02381609
-0.03211646
-0.03358089
-0.03742558
-0.06000806
-0.07837953
-0.08191973
-0.06855318
-0.03302997
0.01244132
0.05058937
0.06847324
0.06792489
0.06530077
0.06432512
0.06627854
0.07476298
0.08831309
0.1027183
0.1176113
0.1314672
0.1346418
0.1213374
0.1033326
0.09136992
0.08935607
0.1019909
0.122072
0.1350733
0.1342197
0.1215865
0.1074271
0.09375557
0.07874156
0.06702332
0.06055402
0.06165308
0.07111401
0.08350538
0.09131873
0.08338411
0.05530885
0.01935937
-0.008716172
-0.02629413
-0.03770715
-0.04393256
-0.05070695
-0.0633408
-0.07804987
-0.08140669
-0.0643777
-0.03593486
-0.007980298
0.008927227
0.007096875
-0.01371551
-0.03825122
-0.04807764
-0.03934946
-0.01798672
0.007770435
0.03011005
0.04604073
0.05904183
0.07204282
0.08223654
0.08644859
0.08779205
0.08785372
0.08687816
0.08529195
0.07955484
0.06753162
0.05331089
0.04250825
0.03817507
0.040495
0.04427974
0.04379221
0.0354919
0.01870798
-0.001860487
-0.02181843
-0.03756528
-0.04549947
-0.04794077
-0.04885591
-0.04873334
-0.04824474
-0.04684064
-0.03640352
-0.01028013
0.02743976
0.07053143
0.1111206
0.1340097
0.1334614
0.1201567
0.1046547
0.08866405
0.07249056
0.05466904
0.03208676
0.007184467
-0.015642
-0.03285379
-0.04213054
-0.04701308
-0.0548249
-0.06831352
-0.08460937
-0.09791466
-0.1078019
-0.1054826
-0.08869766
-0.06934901
-0.06153591
-0.06019284
-0.05945986
-0.06190057
-0.07123842
-0.08173617
-0.08252932
-0.07685258
-0.07312905
-0.07099253
-0.06488872
-0.05396278
-0.04297605
-0.03613953
-0.03491829
-0.04108225
-0.05017614
-0.05145774
-0.03961671
-0.01996264
-0.002445154
0.01067816
0.01965088
0.01714919
0.007567163
0.003966599
0.007446022
0.01165803
0.01519854
0.02057027
0.0236837
0.01642125
-0.004268954
-0.03277206
-0.05681973
-0.06585266
-0.05541565
-0.0297805
-0.003351883
0.01209086
0.01264082
-0.0002979141
-0.01805881
-0.02800718
-0.02483327
-0.01445683
-0.002921053
0.01239936
0.03296842
0.0550643
0.07429096
0.08649839
0.0907104
0.09016179
0.0885144
0.08454768
0.07600333
0.06654352
0.06019634
0.05586318
0.05220157
0.04829585
0.04268111
0.0359066
0.03218381
0.03572431
0.04774857
0.06526603
0.08217329
0.09181758
0.09401549
0.09273426
0.09041553
0.08748658
0.08364197
0.07985807
0.07888212
0.0806527
0.08010415
0.07381802
0.06118455
0.04073835
0.01650793
0.001493264
0.003019571
0.01406721
0.02102596
0.01522813
-0.00637747
-0.03707796
-0.06521481
-0.07546864
-0.07095179
-0.06204048
-0.05764551
-0.05892688
-0.06173418
-0.05831619
-0.04140923
-0.01906975
-0.002894938
0.004429923
0.006749774
0.005590647
0.00461446
0.01126774
0.02475695
0.03611007
0.04221423
0.04227602
0.03293835
0.01841243
0.00925758
0.00883071
0.01340883
0.01853622
0.01762135
0.003339648
-0.02034146
-0.04029977
-0.04548758
-0.0358439
-0.02198855
-0.01197828
-0.006118438
-0.004286897
-0.005934396
-0.005323659
0.001939862
0.0132929
0.02513424
0.034168
0.03545041
0.02489197
0.00719233
-0.007211709
-0.01056838
-0.002755658
0.01128282
0.02501625
0.03258525
0.03148725
0.02434678
0.01610745
0.01134717
0.01098136
0.01269084
0.01421706
0.01592663
0.01739192
0.01690435
0.01037409
-0.006409777
-0.0291146
-0.04657024
-0.05291772
-0.04913314
-0.042419
-0.04119763
-0.04955895
-0.06530542
-0.08086943
-0.09393056
-0.1036347
-0.1115079
-0.1203579
-0.1281701
-0.1307334
-0.1269492
-0.1174277
-0.1033285
-0.08660436
-0.06798845
-0.04912804
-0.03795813
-0.03582127
-0.0378351
-0.03618701
-0.02886251
-0.01787522
-0.007254797
-0.003652992
-0.008840669
-0.01530982
-0.01274617
0.0004989878
0.02015254
0.04066097
0.0562863
0.06361127
0.06574785
0.0698988
0.07942061
0.09052993
0.09992985
0.1054843
0.1042032
0.0928513
0.0735648
0.0535456
0.03773797
0.028461
0.02547074
0.02284654
0.0146684
0.0006916934
-0.01334597
-0.02060893
-0.01749584
-0.006387134
0.00417245
0.005027413
-0.005653192
-0.02201029
-0.03476628
-0.0350712
-0.02304698
-0.006994347
0.00521319
0.009852341
0.008510128
0.004482245
-0.001315564
-0.007784908
-0.01632926
-0.03030605
-0.05160682
-0.07278567
-0.08712865
-0.08938683
-0.08340513
-0.07827775
-0.07894883
-0.0819394
-0.07858235
-0.06503205
-0.0465382
-0.02981403
-0.02224527
-0.02279404
-0.02462478
-0.0231596
-0.02114514
-0.02181593
-0.02187671
-0.01705448
-0.008021038
0.001073728
0.008764428
0.01572301
0.01993478
0.02024047
0.018959
0.02341506
0.02756579
0.02799352
0.02866522
0.02890991
0.03251126
0.0403241
0.051799
0.06382347
0.07688542
0.08524782
0.08256288
0.06864756
0.04850646
0.02982988
0.01951524
0.02134653
0.03221109
0.04399133
0.0502785
0.04655609
0.03203024
0.01420811
0.003161148
-0.002698017
-0.006115628
-0.004894691
0.002307817
0.01036487
0.01414956
0.01189165
0.006521104
-0.001535159
-0.01563374
-0.03559195
-0.05677082
-0.06781835
-0.06940512
-0.06427775
-0.05341335
-0.03693352
-0.02191854
-0.01209136
-0.00928329
-0.01337217
-0.02130638
-0.02759261
-0.03046099
-0.03503831
-0.03967684
-0.03149788
-0.0178868
-0.01214908
-0.008547711
-0.003481233
-0.003786113
-0.009339873
-0.007691769
0.005003981
0.02081235
0.03222656
0.03363082
0.02130222
-0.002318037
-0.02441252
-0.03173673
-0.0197736
0.005250851
0.02936041
0.04095749
0.0379062
0.02911738
0.02612703
0.03448895
0.04950402
0.0631151
0.07184382
0.07794761
0.08490597
0.09485495
0.107734
0.1187818
0.121529
0.1166467
0.1113986
0.1106666
0.1121313
0.1098736
0.1013901
0.09028219
0.0811271
0.07661092
0.07758789
0.07996879
0.07545239
0.06269668
0.04688886
0.03071503
0.0192405
0.01563981
0.01564004
0.01350434
0.004410335
-0.01133623
-0.02836494
-0.04069376
-0.04557649
-0.04362316
-0.03648196
-0.02757051
-0.02244316
-0.02549451
-0.03440543
-0.04044773
-0.03788413
-0.02616531
-0.007427218
0.01118888
0.02003948
0.01582845
0.006185235
0.001729819
0.01015287
0.03279701
0.06313203
0.08760764
0.09621407
0.08956186
0.0772943
0.06728499
0.06087654
0.05715383
0.05471289
0.05190573
0.04635166
0.03750207
0.02791975
0.02114526
0.01870401
0.01888754
0.01589712
0.005277487
-0.009431838
-0.02017376
-0.02218793
-0.0155349
-0.001191473
0.01290803
0.01998857
0.02468873
0.02682518
0.02652049
0.02468974
0.02066194
0.01223931
0.003084496
-0.003018874
-0.005459887
-0.005886933
-0.005886483
-0.00991457
-0.01656698
-0.02181583
-0.02773581
-0.03390036
-0.03518178
-0.03341145
-0.03676795
-0.04598408
-0.05312491
-0.05617652
-0.05758005
-0.05886182
-0.05593194
-0.04909574
-0.04122192
-0.0338975
-0.02828191
-0.025474
-0.02516845
-0.02754877
-0.03139368
-0.03572668
-0.03908335
-0.03914415
-0.03322354
-0.02199275
-0.008930963
0.001689547
0.006572748
0.005901732
0.002545189
-0.001299709
-0.006792487
-0.01503197
-0.02314931
-0.02583477
-0.02546825
-0.02656654
-0.02961796
-0.0307774
-0.03273014
-0.04255652
-0.05403086
-0.05812021
-0.05659412
-0.05671585
-0.05708185
-0.05488442
-0.05378554
-0.0555553
-0.05775241
-0.05592141
-0.04865811
-0.0368168
-0.02290065
-0.01002183
-0.00031702
0.009143848
0.01872663
0.02660065
0.03172797
0.03484112
0.03459741
0.02898258
0.01933945
0.008719593
-0.00135086
-0.01001768
-0.01923367
-0.02863285
-0.03644507
-0.04456259
-0.05310728
-0.05847826
-0.05695224
-0.05164214
-0.04779678
-0.04352399
-0.03626065
-0.03082826
-0.02820355
-0.02197769
-0.0139208
-0.01056354
-0.0133098
-0.01745983
-0.0190465
-0.01929037
-0.02081598
-0.02252467
-0.0220972
-0.02087626
-0.02197462
-0.02539228
-0.02819968
-0.02948122
-0.03045757
-0.03021319
-0.02612367
-0.01886024
-0.01391609
-0.01470915
-0.02123959
-0.03124911
-0.04241833
-0.05163444
-0.05523548
-0.04858264
-0.03594821
-0.02996635
-0.02850131
-0.02270265
-0.02435023
-0.03783869
-0.0482146
-0.04919122
-0.05205976
-0.05736939
-0.05419556
-0.04668795
-0.04491784
-0.04510066
-0.04143857
-0.03411416
-0.02581336
-0.0150708
-0.0003002787
0.01459277
0.02502995
0.0314391
0.03674936
0.04083931
0.04187718
0.03974124
0.0363235
0.03235661
0.02735189
0.02436138
0.02704703
0.03431058
0.04120781
0.04316127
0.03931638
0.03278597
0.02802541
0.02582837
0.02454685
0.02149547
0.01612458
0.0106925
0.007335734
0.007030719
0.009350204
0.0115477
0.008679264
0.002270768
0.0004397702
0.005322724
0.01386771
0.02357257
0.034498
0.04420292
0.0498184
0.05250446
0.05384749
0.05506831
0.05665549
0.05763237
0.05616783
0.05268905
0.04780656
0.0409099
0.03230423
0.02388144
0.0173509
0.01393305
0.01344494
0.01393337
0.01417771
0.01478827
0.01680263
0.02058691
0.02363895
0.02260159
0.01570494
0.004718739
-0.002361212
-0.001506675
0.004719069
0.0117993
0.01710963
0.017232
0.01222739
0.005879906
0.0005700282
-0.0004675102
0.004049269
0.01204505
0.0179047
0.01814916
0.01198496
0.001914335
-0.007667977
-0.01181836
-0.01004818
-0.005348344
-0.0007704332
0.001121884
-0.001807423
-0.01071837
-0.02268097
-0.03372852
-0.04056436
-0.04233416
-0.04044194
-0.03964837
-0.0415403
-0.0450802
-0.04733844
-0.04471397
-0.03781693
-0.03085868
-0.02518227
-0.0220082
-0.02176388
-0.02432711
-0.02768392
-0.0290877
-0.02756174
-0.0244487
-0.01938269
-0.01333997
-0.008945267
-0.008822895
-0.01163035
-0.0142547
-0.01547525
-0.01626848
-0.01858764
-0.02383649
-0.02914647
-0.03207604
-0.03158777
-0.02688807
-0.01986897
-0.01400928
-0.01059124
-0.008576836
-0.007539172
-0.00686756
-0.005768849
-0.004364838
-0.002655767
0.0003962139
0.004729795
0.008636325
0.009979258
0.008941926
0.007355154
0.005280202
0.003327183
0.002472861
0.002289831
0.002228999
0.002534262
0.003999302
0.005586346
0.005403503
0.002779148
-0.001004813
-0.005948572
-0.01113645
-0.01296759
-0.007962645
0.002169107
0.01382722
0.02170093
0.02243349
0.0175508
0.01401091
0.01651339
0.02365466
0.03128413
0.03689967
0.04007367
0.04025694
0.03683913
0.03152928
0.02805039
0.02792846
0.02841688
0.02744061
0.02512142
0.02261906
0.02029983
0.01810268
0.01663789
0.01614972
0.01627185
0.01669926
0.0176759
0.02060567
0.02567165
0.02933397
0.02915103
0.02677082
0.02469576
0.02255977
0.01956917
0.01621228
0.01145165
0.004066487
-0.004112201
-0.007102918
-0.001304659
0.0126725
0.02890792
0.03946725
0.04026086
0.03421864
0.02988511
0.034829
0.04966049
0.06772736
0.08005671
0.08091131
0.07279392
0.06192987
0.05375129
0.0513099
0.05442281
0.05814624
0.05588823
0.04581749
0.03007066
0.0152391
0.007426612
0.008036876
0.01340803
0.01768066
0.01658218
0.01114999
0.007304819
0.009379997
0.01578876
0.02115997
0.0225639
0.02079401
0.02061092
0.02488337
0.03214662
0.03959307
0.04618503
0.05015251
0.05088511
0.05051923
0.05009216
0.04807793
0.0442939
0.04050978
0.03825161
0.03758024
0.03727523
0.03690916
0.03513933
0.03056167
0.02305453
0.01634064
0.01499792
0.01945346
0.02531297
0.02702218
0.02213956
0.01310626
0.006880757
0.008223449
0.01377775
0.01658541
0.01432729
0.008895209
0.002791815
-0.001968982
-0.00288445
0.0008996748
0.006759141
0.01176407
0.01475498
0.01493823
0.01158149
0.005539
0.0004731894
0.0001069269
0.004989824
0.01139858
0.01438955
0.01078866
-0.0003805466
-0.0160666
-0.02900609
-0.03254641
-0.026443
-0.01747086
-0.01155037
-0.00794931
-0.004775405
-0.002272855
-0.001540369
-0.0009299805
0.002304904
0.009446072
0.01744175
0.02092094
0.01866276
0.01530583
0.01500075
0.01609945
0.01341407
0.003831593
-0.007887085
-0.01472319
-0.01331946
-0.005201792
0.00450281
0.01030126
0.009935137
0.007127551
0.008470306
0.01640492
0.02604856
0.03117561
0.02946684
0.02153242
0.0107903
0.003099781
0.002489335
0.01017975
0.02263098
0.03331219
0.03593691
0.03019974
0.02165494
0.01610069
0.01494107
0.01597869
0.01640606
0.01457501
0.009570257
0.003832912
0.001208417
0.001452492
0.0005370431
-0.002575802
-0.00440685
-0.002881016
0.0005980389
0.003039449
0.002551288
-0.000988758
-0.005017047
-0.005444394
0.0001097845
0.008593692
0.01427011
0.01402608
0.008533053
0.001880176
-0.0002561354
0.005969376
0.01811543
0.0292849
0.0320317
0.02312069
0.008594425
-0.002208953
-0.003979048
0.004077453
0.01781045
0.02714891
0.02482989
0.01274501
-0.003185032
-0.01746744
-0.02351002
-0.01893268
-0.008678774
0.0004765397
0.005115351
0.004871251
0.0004768826
-0.005687705
-0.01136391
-0.01429374
-0.01356128
-0.01136405
-0.01130287
-0.01557537
-0.02283846
-0.02930834
-0.03101737
-0.02625688
-0.01887156
-0.01569758
-0.02088539
-0.03229903
-0.04352951
-0.04951115
-0.04816849
-0.04163792
-0.03516817
-0.0324215
-0.0332149
-0.03529021
-0.03626686
-0.03480211
-0.03071281
-0.02558598
-0.0225342
-0.02381584
-0.02735588
-0.02882089
-0.02534205
-0.01722447
-0.003857898
0.01365928
0.03001688
0.03843997
0.0352055
0.02269346
0.007923064
-0.002697231
-0.005993237
-0.002819589
0.003467082
0.007495388
0.004321714
-0.005566036
-0.0165523
-0.02460908
-0.02814913
-0.02857656
-0.02900378
-0.03095695
-0.03437489
-0.03767095
-0.03773204
-0.03339868
-0.02637965
-0.02027625
-0.018262
-0.02210717
-0.03144547
-0.04206575
-0.0476811
-0.04328676
-0.03010326
-0.01466139
-0.004590449
-0.003796865
-0.01105988
-0.02174113
-0.02949263
-0.03016421
-0.02558658
-0.02039874
-0.01862857
-0.02241266
-0.03217811
-0.0470708
-0.06458788
-0.07697824
-0.07887049
-0.07142458
-0.05976689
-0.05329704
-0.05531108
-0.06348995
-0.07130252
-0.07411031
-0.07465967
-0.07777284
-0.08448677
-0.09101746
-0.09095664
-0.08192369
-0.06745851
-0.05354239
-0.04872051
-0.05512925
-0.06709217
-0.07649162
-0.08137465
-0.0809477
-0.0755158
-0.06752032
-0.05806001
-0.04780633
-0.04158069
-0.04261793
-0.04866038
-0.05690015
-0.06483481
-0.06971767
-0.06935164
-0.06501835
-0.05940323
-0.05476441
-0.0538489
-0.05970831
-0.06831439
-0.07325834
-0.07350271
-0.07014608
-0.06532448
-0.06166213
-0.06196745
-0.0647141
-0.06605713
-0.06428713
-0.05934353
-0.05372842
-0.04976131
-0.04768599
-0.04658757
-0.04536691
-0.04396332
-0.04170503
-0.03834832
-0.03505256
-0.03285549
-0.03016978
-0.02504307
-0.01680328
-0.00709885
0.0007748509
0.002483804
-0.002765074
-0.01100497
-0.01680336
-0.01735295
-0.01234813
-0.006244791
-0.002704681
-0.002155448
-0.003254043
-0.005634509
-0.009235557
-0.01265369
-0.01326411
-0.009663255
-0.004109052
-0.0002639431
-0.0007521447
-0.005451934
-0.01112824
-0.01369193
-0.01204409
-0.009846946
-0.01070146
-0.01497403
-0.02083363
-0.0257777
-0.02785284
-0.02736479
-0.02596101
-0.0257781
-0.02773122
-0.03011184
-0.02974579
-0.02620604
-0.02126218
-0.01552514
-0.008933337
-0.003196176
-0.0009988226
-0.003745526
-0.009726994
-0.01448799
-0.01503733
-0.01241306
-0.009483373
-0.009727694
-0.01320669
-0.01833389
-0.02260651
-0.02205756
-0.01589306
-0.007043262
-0.001183827
-0.0002685418
-0.0005737402
0.002050415
0.008153932
0.01645446
0.02530458
0.03159103
0.03207948
0.02689133
0.0189567
0.01419561
0.01761346
0.029515
0.04355311
0.05295244
0.05453959
0.04764261
0.0367173
0.02823315
0.02530342
0.02682904
0.03079618
0.0356788
0.03873063
0.03683845
0.03036868
0.02218979
0.01535374
0.01181335
0.01431557
0.02212772
0.03177128
0.03982777
0.04507688
0.04690786
0.04513814
0.03970589
0.03238135
0.02774243
0.02859672
0.03396756
0.04153581
0.04757816
0.04855485
0.04275643
0.03366202
0.02597137
0.02218701
0.02340742
0.02810698
0.03323376
0.03506491
0.03250131
0.02633656
0.02011072
0.0176691
0.02029327
0.02749522
0.03726061
0.04385251
0.04434069
0.04067845
0.03732128
0.03903014
0.04580482
0.05172523
0.05190828
0.04678151
0.0396402
0.03408563
0.03036226
0.02785962
0.02712694
0.02810331
0.03042243
0.03280277
0.03426743
0.03530486
0.03670847
0.03646429
0.03487714
0.03475492
0.03615851
0.03573129
0.03389999
0.0340218
0.03682912
0.04067423
0.04531263
0.05117189
0.056909
0.06203609
0.06728495
0.07143528
0.07290005
0.07241191
0.07100798
0.06820045
0.0655147
0.06533225
0.06710215
0.06807765
0.067162
0.0648423
0.06215663
0.05904346
0.05562538
0.05141375
0.04567632
0.03993863
0.0368257
0.03621509
0.03682528
0.03810674
0.03902213
0.03774027
0.03535975
0.03340625
0.0321854
0.03200203
0.03255119
0.03334435
0.03682317
0.04408622
0.05238684
0.05891731
0.06380002
0.06532579
0.06184675
0.05403401
0.04426831
0.0342584
0.0249809
0.01796139
0.01466535
0.01442089
0.01466488
0.01496974
0.0164344
0.02027938
0.02565031
0.03077698
0.03407275
0.03395051
0.02967792
0.02345205
0.01917943
0.01789744
0.02009452
0.02534322
0.03181278
0.03645127
0.03669532
0.03284984
0.02906553
0.02741735
0.0263186
0.02467032
0.02247294
0.01954299
0.01649109
0.01362214
0.01087541
0.007213023
0.003672798
0.002146586
0.003611201
0.01008064
0.01911365
0.0251559
0.0262544
0.02253106
0.01569494
0.009774189
0.009834981
0.01709787
0.02783985
0.03711697
0.04138933
0.03974131
0.03498044
0.03113481
0.02954775
0.02863193
0.02783833
0.02820421
0.0307065
0.03388013
0.03522281
0.0336966
0.02905787
0.02185543
0.01416492
0.007389644
0.001591176
-0.003597202
-0.00872433
-0.01256989
-0.01354666
-0.01104458
-0.006467143
-0.002194981
0.0004293731
0.001710827
0.00140551
-0.0004258522
-0.001524658
0.001160559
0.005615979
0.008484362
0.006531181
-0.001708864
-0.0140381
-0.02392619
-0.0270392
-0.02392684
-0.0185559
-0.01477203
-0.01440594
-0.01715288
-0.0203269
-0.02160895
-0.02038846
-0.01758121
-0.01440752
-0.01404161
-0.01874144
-0.02643241
-0.0332686
-0.03741914
-0.03784665
-0.0347952
-0.02930231
-0.02362628
-0.01849958
-0.01367808
-0.009711033
-0.007269844
-0.006232479
-0.004157562
-0.0006177451
0.002006531
0.001029817
-0.004829842
-0.01422946
-0.02283574
-0.02546052
-0.02100532
-0.0134372
-0.007944286
-0.007517207
-0.01124064
-0.01655093
-0.02039646
-0.02076294
-0.0166129
-0.009838249
-0.004284307
-0.002209272
-0.003979559
-0.009656011
-0.0186895
-0.02815013
-0.03498646
-0.03864882
-0.04060229
-0.04200635
-0.04249507
-0.04200708
-0.0398711
-0.03608725
-0.03157097
-0.02809226
-0.02552905
-0.02290485
-0.0183886
-0.01130882
-0.003557549
0.002484689
0.005353136
0.005108786
0.0031554
0.001324105
0.002300361
0.006206378
0.01121097
0.01444568
0.01304166
0.00596149
-0.006001728
-0.0187583
-0.02675452
-0.02651072
-0.01936983
-0.009482406
-0.002158423
-0.001975483
-0.009116851
-0.01906577
-0.02706181
-0.0309683
-0.0332269
-0.03627889
-0.04116207
-0.04781517
-0.05483457
-0.05941256
-0.05782624
-0.05074651
-0.04305619
-0.03963849
-0.04165294
-0.0462919
-0.04940501
-0.04781846
-0.04305813
-0.03921323
-0.03841995
-0.03903063
-0.0383596
-0.03494198
-0.02981532
-0.02474971
-0.02096585
-0.01968434
-0.02194281
-0.0281076
-0.03677491
-0.04452672
-0.04806711
-0.04611438
-0.03940093
-0.02975771
-0.0207857
-0.01767311
-0.02200683
-0.03055203
-0.03738831
-0.03964696
-0.03964742
-0.04092947
-0.04392034
-0.04770484
-0.05148939
-0.05509082
-0.05942459
-0.06418578
-0.0663836
-0.06357652
-0.05484872
-0.04209291
-0.02768887
-0.01474979
-0.006266016
-0.002665238
-0.001322653
-0.001261939
-0.002055599
-0.003948021
-0.005352077
-0.00474208
-0.002422992
-0.0007753435
-0.003705275
-0.01237255
-0.02482401
-0.03513932
-0.03892391
-0.0367881
-0.03306525
-0.02922046
-0.02403283
-0.01695314
-0.009995307
-0.006211475
-0.006028589
-0.007615873
-0.009264063
-0.009874794
-0.009814051
-0.0101196
-0.01066918
-0.01134094
-0.01213468
-0.01353888
-0.01445471
-0.01427202
-0.0122582
-0.009206852
-0.006582553
-0.005545357
-0.004630097
-0.001578744
0.001411744
0.001106205
-0.002983418
-0.005059043
-0.0009699815
0.006353837
0.01044298
0.008184363
0.001836423
-0.003779212
-0.005976836
-0.005794151
-0.004329589
-0.002071708
0.0005525332
0.002810441
0.003359485
0.00238253
0.001527741
0.002748009
0.005616372
0.008972895
0.0116582
0.01263438
0.01129134
0.01000919
0.01074136
0.01330445
0.01489102
0.01482959
0.01397482
0.01305889
0.0129365
0.01415679
0.01556033
0.01568202
0.01470513
0.0145216
0.01641339
0.01995301
0.02379794
0.0263
0.02581155
0.02361389
0.02288106
0.02501688
0.02788524
0.02892247
0.02776248
0.02568691
0.02416074
0.02495378
0.02904275
0.03416932
0.03752603
0.03807501
0.03691505
0.03544987
0.0335576
0.02922378
0.02257045
0.01683279
0.01475719
0.01469579
0.01396298
0.01176536
0.009262564
0.006576638
0.004317943
0.003585116
0.003523696
0.002180528
0.0002270116
0.0006537782
0.004193446
0.008892726
0.01383623
0.01914586
0.02494391
0.03037568
0.03434268
0.03519686
0.03196178
0.02646827
0.02225641
0.02170667
0.02372048
0.02677187
0.02817536
0.02652706
0.0226206
0.01932427
0.02011718
0.02518266
0.03195721
0.03732793
0.03873138
0.03635064
0.03445822
0.0377537
0.04556576
0.05246242
0.05368289
0.04721295
0.03433413
0.01956329
0.009919247
0.009369442
0.01577765
0.02358974
0.02877739
0.03115743
0.03115703
0.02895944
0.02499181
0.02163448
0.02157296
0.02572294
0.03188713
0.03670859
0.03731861
0.03261861
0.02627064
0.02230295
0.02248549
0.02517065
0.02834407
0.03078515
0.03200543
0.03139477
0.02846474
0.02394783
0.01833213
0.01265551
0.007955322
0.0051473
0.004536444
0.00673329
0.01179879
0.01771886
0.02095331
0.01961026
0.01393358
0.006975193
0.003007369
0.007096212
0.0199742
0.03547682
0.04512006
0.04499783
0.03712403
0.02723606
0.02003342
0.01588268
0.01368499
0.01148739
0.008496125
0.00410126
-0.0007820723
-0.002918696
-0.0004778169
0.005381176
0.009714284
0.008676405
0.001778988
-0.007071444
-0.01280931
-0.01213838
-0.006035355
0.000861269
0.00336333
-0.0005432133
-0.008356165
-0.01549767
-0.01757345
-0.0128742
-0.004085598
0.003177271
0.004519698
-0.0003023797
-0.008237401
-0.01470754
-0.01647812
-0.0126944
-0.006042032
-0.0007323114
-0.000671655
-0.005982079
-0.0117809
-0.01257481
-0.007936663
-0.000673888
0.005429225
0.008175518
0.006527207
0.001277882
-0.00549748
-0.01093002
-0.01282265
-0.01117517
-0.007391463
-0.003668695
-0.00238737
-0.003486374
-0.00470753
-0.00397553
-0.001656657
0.0009064276
0.003103266
0.005849476
0.008961889
0.009999185
0.007557374
0.002124959
-0.004406288
-0.009411606
-0.01026667
-0.006910174
-0.004408232
-0.005934477
-0.009108733
-0.01069602
-0.0105134
-0.009537201
-0.009354548
-0.01197941
-0.01735101
-0.02168493
-0.02138021
-0.0171692
-0.01332445
-0.01356897
-0.01570567
-0.01491265
-0.009664126
-0.001729942
0.006021128
0.01029325
0.0086449
0.001991731
-0.004661593
-0.007469597
-0.006676634
-0.005761445
-0.007654003
-0.01241506
-0.01900739
-0.02633196
-0.03298533
-0.0385399
-0.04336243
-0.04745221
-0.04958876
-0.05050474
-0.05044422
-0.05032258
-0.05026199
-0.05044553
-0.05014095
-0.04898176
-0.04568624
-0.03994945
-0.03225949
-0.02334881
-0.01541462
-0.01095945
-0.01144815
-0.01419513
-0.01572143
-0.01541667
-0.01505089
-0.01572266
-0.01669967
-0.01865316
-0.02182751
-0.02616141
-0.03055639
-0.03434103
-0.03629473
-0.03415901
-0.02866633
-0.02170878
-0.01633819
-0.01395823
-0.01493511
-0.01798728
-0.02091743
-0.02280993
-0.02342071
-0.02311595
-0.02232299
-0.02256753
-0.02561969
-0.03105221
-0.03611866
-0.03880465
-0.0396596
-0.03996523
-0.04045411
-0.04002733
-0.03783042
-0.03557255
-0.03642747
-0.04149382
-0.04894056
-0.05370183
-0.05248178
-0.04698914
-0.04070288
-0.03582055
-0.03276921
-0.03313587
-0.03679839
-0.04125446
-0.04302518
-0.04095054
-0.03411492
-0.02209155
-0.007687587
0.001650431
-0.0001198364
-0.01226615
-0.02880717
-0.04327301
-0.05218461
-0.0540163
-0.04895096
-0.04010143
-0.031801
-0.02777314
-0.0293605
-0.03485411
-0.04126316
-0.04553619
-0.04547567
-0.04083763
-0.03253724
-0.02326044
-0.01624175
-0.01477733
-0.01868391
-0.02442175
-0.02753504
-0.02570461
-0.01868603
-0.008920969
-0.0004373915
0.003590518
0.002796715
-0.001048946
-0.005138703
-0.008251973
-0.01063277
-0.01258637
-0.01539445
-0.01917912
-0.02149889
-0.02162145
-0.02192709
-0.02571171
-0.0334636
-0.04231424
-0.04817429
-0.0484801
-0.04335348
-0.03480917
-0.02541017
-0.01729303
-0.01234947
-0.01283823
-0.01894214
-0.02699933
-0.0327981
-0.03340911
-0.028893
-0.02004356
-0.009484835
-0.001306639
0.001378621
-0.0008191482
-0.005030941
-0.008876719
-0.01095234
-0.01101398
-0.009122316
-0.005460797
-0.0005783875
0.004853163
0.0109563
0.01681513
0.02084313
0.02261264
0.02364986
0.02487005
0.02554116
0.02517447
0.02431951
0.02236591
0.01821516
0.01205012
0.005518893
0.001123797
0.0008791501
0.004784838
0.01070483
0.0150989
0.01442719
0.008323249
-0.0002221351
-0.008279331
-0.01285758
-0.01236995
-0.007182381
0.0009346747
0.009296109
0.01558216
0.01893873
0.0199758
0.02046372
0.02180597
0.02412486
0.02601645
0.02626024
0.02461181
0.02113238
0.0167984
0.0128307
0.009656335
0.007824777
0.00745802
0.007945859
0.007579134
0.005808669
0.002573282
-0.000967224
-0.003958512
-0.005118668
-0.004081664
-0.00139658
0.001654589
0.004644885
0.008611585
0.01379924
0.01874258
0.02173287
0.02185443
0.01935161
0.01587207
0.013064
0.01074413
0.008424365
0.005921375
0.003479494
0.002258168
0.003844592
0.008482621
0.01507397
0.02111588
0.02477771
0.0267303
0.0291102
0.03258864
0.0362504
0.03899649
0.04052197
0.04058252
0.03991084
0.03814036
0.034905
0.03148654
0.02837333
0.02556517
0.02373365
0.02336686
0.02385485
0.02525809
0.02855333
0.03313039
0.0374024
0.03990428
0.04167382
0.04448087
0.04881403
0.05278081
0.05467237
0.05467189
0.05369494
0.05198548
0.0495436
0.04612515
0.04148613
0.0368469
0.03409966
0.03446531
0.03800486
0.04294817
0.04722015
0.05014932
0.0529566
0.05576372
0.05881492
0.06131687
0.06302547
0.0651002
0.06741908
0.068029
0.06613677
0.0627794
0.05948268
0.05728499
0.05649101
0.05600231
0.05386556
0.04837202
0.03952147
0.02945023
0.02157599
0.01809644
0.01943859
0.02364948
0.02810449
0.03207128
0.03609921
0.04031018
0.04348341
0.04525301
0.04629014
0.04635078
0.04470232
0.04085668
0.03566823
0.0305408
0.02693907
0.02577892
0.02693803
0.02956205
0.03243019
0.03438287
0.0362136
0.03804424
0.03932525
0.03865347
0.03523497
0.02986347
0.02479694
0.02204987
0.02278175
0.02577201
0.02894524
0.03022656
0.02931055
0.02638046
0.02283982
0.02058108
0.02064159
0.02241117
0.02393641
0.0252177
0.02625474
0.02735297
0.02765759
0.02686375
0.02533736
0.0238721
0.02295595
0.02283347
0.02203949
0.01935359
0.01508052
0.01068559
0.00726702
0.00592381
0.006594559
0.007936921
0.008851887
0.007752882
0.004639504
0.0004276894
-0.003662275
-0.006897554
-0.00952267
-0.01153725
-0.0133079
-0.01538352
-0.01782554
-0.0199622
-0.02191601
-0.02502923
-0.02911911
-0.03272066
-0.03369789
-0.03131806
-0.02552031
-0.01856278
-0.01422981
-0.01453538
-0.0183811
-0.02247094
-0.02350919
-0.02009178
-0.0139278
-0.009228517
-0.008374578
-0.0120371
-0.01856834
-0.02412301
-0.02564952
-0.02168277
-0.01503044
-0.01002602
-0.008866847
-0.01143077
-0.01680237
-0.02138051
-0.02217459
-0.01924542
-0.01558382
-0.01430255
-0.0149745
-0.01564639
-0.01479239
-0.01271768
-0.01058198
-0.009727952
-0.01082709
-0.01217036
-0.01253714
-0.01229351
-0.0113785
-0.009364858
-0.005703291
-0.0007599371
0.003573071
0.004854385
0.003144923
0.001008235
0.0004583768
0.0009462234
0.0008236444
-0.001740248
-0.00625738
-0.01162891
-0.01687854
-0.0211515
-0.02371553
-0.02383812
-0.0215194
-0.0173695
-0.01364685
-0.01376929
-0.01956818
-0.02847978
-0.03537727
-0.03726994
-0.03501227
-0.03147276
-0.02945907
-0.03122955
-0.03611298
-0.04069119
-0.04148522
-0.03660309
-0.02750943
-0.01768332
-0.009444006
-0.003768203
-0.0001065052
0.001968251
0.002883339
0.002028397
-0.0001083127
-0.002122962
-0.002367621
-0.0006591313
0.00172076
0.002147597
-0.001576012
-0.009083756
-0.01744615
-0.02342813
-0.0248936
-0.02135414
-0.01457983
-0.008110557
-0.005303347
-0.007195832
-0.01262845
-0.01940381
-0.02581307
-0.02971987
-0.02935435
-0.02532659
-0.02062736
-0.01727091
-0.01617277
-0.01678357
-0.01830994
-0.02075184
-0.02356011
-0.02496447
-0.02435458
-0.02264613
-0.02051043
-0.01904605
-0.019901
-0.02319737
-0.02710418
-0.03015648
-0.03027906
-0.02765511
-0.02350526
-0.0194164
-0.01721958
-0.01844068
-0.02332404
-0.02967221
-0.03425034
-0.03534954
-0.0335191
-0.03052892
-0.02814901
-0.02705088
-0.02692933
-0.02754019
-0.02906652
-0.0315695
-0.03407254
-0.03425629
-0.0304727
-0.02357637
-0.01637481
-0.01271318
-0.01442239
-0.01954987
-0.02302934
-0.02052749
-0.01247127
-0.002034817
0.006814918
0.009744137
0.004860906
-0.004783137
-0.0132065
-0.01644194
-0.01509967
-0.01107192
-0.006616827
-0.003321453
-0.00197912
-0.002040679
-0.002651491
-0.003689612
-0.005276986
-0.00747478
-0.009245312
-0.009184831
-0.006255615
-0.001739561
0.001922117
0.002409904
0.0004563278
-0.001985593
-0.002962652
-0.00363457
-0.003757111
-0.003635567
-0.003391902
-0.00430793
-0.006505658
-0.008703454
-0.01059604
-0.01242765
-0.01242813
-0.009315913
-0.004250471
-0.000222664
0.0007534714
-0.001261174
-0.00522894
-0.01053952
-0.01548385
-0.01823098
-0.01731598
-0.01334927
-0.009077259
-0.007063612
-0.008223747
-0.01078778
-0.01152067
-0.008469524
-0.002427512
0.003614436
0.006177513
0.004773196
0.002331354
0.002696985
0.005870349
0.009898116
0.01203394
0.0120334
0.01105637
0.01166616
0.01441232
0.01764665
0.01917208
0.01807293
0.01599729
0.01605777
0.01978043
0.02466272
0.02747003
0.02728646
0.02447832
0.02026641
0.01635968
0.01361259
0.01196413
0.01086497
0.01043725
0.01104708
0.01190108
0.01226679
0.01183911
0.00976343
0.007016348
0.004086139
0.002315605
0.003169523
0.007807681
0.01433792
0.0190372
0.01909779
0.01494694
0.01018568
0.009330686
0.01348053
0.01897322
0.02196349
0.02037618
0.01488257
0.009205786
0.005909364
0.005359551
0.006274563
0.007555809
0.007982564
0.007310717
0.006272597
0.006394154
0.008468803
0.01261874
0.01719589
0.0196979
0.01902607
0.01621803
0.01414232
0.01487424
0.01829173
0.02103801
0.01951172
0.01279723
0.004007736
-0.003133955
-0.00667449
-0.006797125
-0.004417276
-0.001366026
0.0008307323
0.00131853
0.001806302
0.00363687
0.007115364
0.0112653
0.0144997
0.01504863
0.0121185
0.006624809
0.001985643
0.0009475091
0.003815637
0.008697973
0.01193237
0.01077229
0.006316246
0.00247051
0.001920656
0.005216044
0.01113594
0.01736109
0.01992415
0.01681102
0.009364273
0.001917404
-0.002355573
-0.00247821
0.001183368
0.007652588
0.01418288
0.01833287
0.01973625
0.01857611
0.01503566
0.009969277
0.00459771
0.001362294
0.001666943
0.005816833
0.01137059
0.01466603
0.01332284
0.008805799
0.004166682
0.002029919
0.002151518
0.002151052
-0.0002297619
-0.004380652
-0.006944665
-0.0057245
-0.0007811771
0.004894643
0.00739666
0.005382099
0.001109153
-0.001393818
0.0001925559
0.005746273
0.01288691
0.01886793
0.02088169
0.01789058
0.0119087
0.00488915
-0.00152004
-0.004572347
-0.002436673
0.003239103
0.008853864
0.01098972
0.009097179
0.005983881
0.004640616
0.005921851
0.008912079
0.01153614
0.01324465
0.01446494
0.01568518
0.01629506
0.01513495
0.01287622
0.01153294
0.0129973
0.01623164
0.02050374
0.02514195
0.02910871
0.03136658
0.03148826
0.02953471
0.02599419
0.02233163
0.02098838
0.02336827
0.02764025
0.03081364
0.03075223
0.02794418
0.0257464
0.02739384
0.03252045
0.03795216
0.04106443
0.04143027
0.04075849
0.04051397
0.04100175
0.04124554
0.04063483
0.03886449
0.03630047
0.03294322
0.02891444
0.0245806
0.02079589
0.01701136
0.01176187
0.005230682
-0.001056579
-0.00520739
-0.00594041
-0.003621496
-0.0001430224
0.00223696
0.002053369
-0.001364964
-0.006858647
-0.01174187
-0.01430592
-0.01516084
-0.0150393
-0.01467354
-0.01333133
-0.01070727
-0.006618374
-0.001003576
0.004489141
0.008395001
0.01046976
0.01175112
0.01278829
0.01352034
0.01284849
0.0103457
0.00588968
9.097479E-05
-0.005585815
-0.009675606
-0.0108969
-0.008639057
-0.004000832
8.812506E-05
0.0013084
-0.0002788954
-0.002476619
-0.00388083
-0.004186495
-0.003820676
-0.003882174
-0.004798099
-0.006019295
-0.006507971
-0.00675259
-0.008156768
-0.0120025
-0.01719089
-0.02164692
-0.02329537
-0.01975586
-0.01304243
-0.007610696
-0.00639036
-0.008160839
-0.009259908
-0.00767347
-0.003828689
0.0006264398
0.00355577
0.003555376
0.0008694907
-0.00230482
-0.004685585
-0.006089835
-0.007066792
-0.008043825
-0.008593531
-0.00877709
-0.008533339
-0.008655877
-0.009327659
-0.01067087
-0.01213613
-0.01274695
-0.01183187
-0.009268843
-0.005118873
-0.0001143954
0.004340813
0.006598715
0.005316649
0.0006775655
-0.004510786
-0.007868185
-0.008723075
-0.009089758
-0.01037187
-0.01238648
-0.01427894
-0.01525599
-0.01592777
-0.01635548
-0.01763759
-0.01934714
-0.0213617
-0.02343728
-0.02429218
-0.02172919
-0.01635853
-0.01092678
-0.007570198
-0.007143333
-0.009035761
-0.01196584
-0.01440761
-0.01587292
-0.01721607
-0.01904755
-0.02118418
-0.02277163
-0.02374859
-0.02448139
-0.02490904
-0.024055
-0.02118678
-0.01624335
-0.01093365
-0.007577077
-0.008187705
-0.01288776
-0.01862542
-0.02283734
-0.02497397
-0.02540173
-0.02521903
-0.02467031
-0.02448759
-0.02589163
-0.02906583
-0.03236215
-0.03480396
-0.03578091
-0.03492684
-0.03334041
-0.0324863
-0.0326087
-0.03291427
-0.03358608
-0.03456305
-0.03621138
-0.03785977
-0.03865376
-0.03804388
-0.03572481
-0.0323073
-0.0290728
-0.0271201
-0.02687629
-0.02730398
-0.02663304
-0.02443626
-0.02065238
-0.01577004
-0.0102772
-0.005028596
-0.0003902164
0.002905278
0.004613994
0.004430513
0.003087399
0.001744229
0.001743875
0.003025216
0.004978011
0.006259397
0.005648746
0.002901823
-0.001065825
-0.004667281
-0.00655978
-0.00631607
-0.004363305
-0.002105373
-0.001129141
-0.002106028
-0.003815361
-0.005158496
-0.005891278
-0.006501978
-0.007845096
-0.009737518
-0.01297275
-0.01730659
-0.02157943
-0.0244485
-0.02548653
-0.02493766
-0.02390044
-0.02268016
-0.02170407
-0.02072794
-0.01871402
-0.01462512
-0.008949162
-0.002785037
0.002341645
0.005026816
0.004599316
0.002218564
2.09671E-05
-0.0005897971
0.000386433
0.002888476
0.006062009
0.009052372
0.01076112
0.01045564
0.007891855
0.003741146
-0.0007757933
-0.004499295
-0.007307268
-0.009443878
-0.01115327
-0.01237437
-0.01267988
-0.01261926
-0.01127684
-0.008408597
-0.005051959
-0.002366778
-0.0009022205
-0.0004143391
-4.845283E-05
0.0008666655
0.002331173
0.00385665
0.005504288
0.007273935
0.009287819
0.01111852
0.01252203
0.01331514
0.01349797
0.01392484
0.0156335
0.0196004
0.02509338
0.03003697
0.03302739
0.03388164
0.03205038
0.02783872
0.02289457
0.01825564
0.01404392
0.01013737
0.007390417
0.005314925
0.002506977
-0.001216498
-0.004268655
-0.004330099
-0.001950114
0.0003688815
0.001467199
0.0008565362
-0.001524146
-0.004637264
-0.006529687
-0.006407964
-0.005675878
-0.00561516
-0.006714098
-0.007690998
-0.006714782
-0.003541308
0.001402257
0.005979579
0.008420802
0.008115362
0.006284013
0.004025396
0.002194017
0.001705388
0.002559546
0.004085105
0.005183471
0.005183177
0.004206305
0.002558049
0.000604603
-0.0003723028
-0.0004946626
-0.0003728966
5.406026E-05
0.0002979066
0.0001755404
-0.0001909762
-0.0003743816
-6.951725E-05
0.001089867
0.002554432
0.003652822
0.00359151
0.002126393
-0.0003763432
-0.00275702
-0.003306676
-0.002086276
0.0005989381
0.002368689
0.002917696
0.002978422
0.004015685
0.00743339
0.0128652
0.01866333
0.02226417
0.02244712
0.02024964
0.01701448
0.01323007
0.009384582
0.005844287
0.002914307
0.001205047
0.0005943924
0.001143401
0.001692427
0.001081801
-0.001176775
-0.00398464
-0.006548387
-0.007830409
-0.007464516
-0.00624411
-0.005267814
-0.005207065
-0.005451475
-0.005695879
-0.005329912
-0.004048441
-0.002156616
0.001016923
0.004617746
0.007608171
0.009316923
0.01059839
0.01236817
0.01505346
0.01810504
0.01956967
0.01859286
0.01578502
0.01297718
0.01187831
0.01193907
0.01199987
0.0112062
0.01035147
0.01035114
0.01126643
0.01187653
0.01230356
0.01193709
0.01096031
0.01010557
0.009922267
0.009372707
0.006931151
0.003390858
0.0004609599
-0.001065222
-0.001492684
-0.001431909
-0.002225566
-0.003751679
-0.005033629
-0.00546113
-0.005400283
-0.005339485
-0.005705874
-0.006987862
-0.009124293
-0.01181009
-0.0149231
-0.01748689
-0.01821957
-0.0170602
-0.01461903
-0.01205587
-0.01089638
-0.01168999
-0.01394847
-0.01706149
-0.01993036
-0.02194475
-0.02267742
-0.02225047
-0.02109108
-0.01913813
-0.01663595
-0.01419476
-0.01242496
-0.01211998
-0.01285262
-0.01370736
-0.01395173
-0.01376878
-0.01358593
-0.01328097
-0.01212156
-0.009741365
-0.006323641
-0.003272042
-0.001197056
-0.0004647931
-0.0002208832
0.0006334219
0.00240324
0.003989996
0.004111892
0.002585848
0.001486989
0.002585423
0.005881087
0.01009236
0.01351016
0.01503591
0.01454748
0.01338768
0.01302131
0.01326527
0.01222755
0.009114613
0.004231658
-0.0007124434
-0.003764414
-0.004375019
-0.002849349
-0.0006522597
0.0009955129
0.001849851
0.002093846
0.001666436
0.0003845575
-0.001141483
-0.002057175
-0.002301482
-0.002423709
-0.00260699
-0.002363015
-0.001691808
-0.001325739
-0.002119354
-0.004194693
-0.007063512
-0.00974924
-0.01066497
-0.009810679
-0.008651171
-0.00883442
-0.0109098
-0.01390069
-0.01634228
-0.01628147
-0.01347406
-0.009262827
-0.005539802
-0.003769912
-0.004136237
-0.005601246
-0.006577947
-0.00584573
-0.003526548
-0.0004749576
0.001356008
0.001172766
-0.000658373
-0.00328306
-0.005053243
-0.004504144
-0.001391516
0.003430055
0.008312802
0.01173062
0.01386687
0.01545366
0.01740661
0.02015304
0.02271646
0.02424222
0.02460836
0.02405896
0.02277722
0.02112918
0.02027456
0.02076274
0.02106783
0.01929773
0.01594066
0.01313292
0.01282763
0.01502477
0.01856465
0.02204362
0.02289809
0.01990739
0.01508553
0.01081301
0.00721183
0.003366522
-0.0003568056
-0.001272471
-0.000540199
-0.0007844222
-0.002188372
-0.002737806
-0.002860043
-0.002921204
-0.00212786
0.0009237595
0.005196128
0.008552987
0.009163277
0.006477693
0.001533753
-0.003044005
-0.004264859
-0.001335301
0.004279841
0.009406742
0.01081052
0.008369091
0.003852407
0.0003122547
-0.0001761687
0.002204093
0.006110267
0.009406157
0.009589269
0.005622025
-0.001275036
-0.007256553
-0.01000329
-0.009454079
-0.006951745
-0.005120755
-0.005425979
-0.007867423
-0.0110414
-0.01281153
-0.01244537
-0.01024822
-0.007501699
-0.004450037
-0.001642443
0.001348238
0.004094813
0.00592584
0.007207559
0.007451678
0.005925778
0.003057073
0.000371444
-0.00139865
-0.001825955
-0.001276678
-0.0008494484
-0.001459806
-0.003718136
-0.006708915
-0.009272477
-0.009455715
-0.007380622
-0.00426791
-0.001704423
-0.0002396281
0.0007979735
0.001713461
0.003239337
0.005009314
0.006596277
0.00659628
0.004643133
0.002201708
0.0008588982
0.0009199085
0.001591276
0.002384727
0.001774396
-5.667352E-05
-0.001704661
-0.00268126
-0.00310855
-0.002376184
6.519551E-05
0.003666229
0.007938746
0.01153983
0.01343193
0.01306574
0.01153987
0.01044123
0.01031914
0.01135671
0.01294364
0.0145916
0.01569022
0.01599542
0.01605649
0.01611756
0.01654482
0.0173383
0.01837601
0.01886436
0.018315
0.01636197
0.01337128
0.009770266
0.006840547
0.005619841
0.006047074
0.00745092
0.0091599
0.01019757
0.009892443
0.007878365
0.004704558
0.001164579
-0.001093754
-0.0009716447
0.0005542455
0.002324347
0.003117869
0.002324536
-0.0002999297
-0.004145083
-0.007257924
-0.008539645
-0.007685166
-0.005609929
-0.00396195
-0.003351525
-0.003900816
-0.004816275
-0.005670792
-0.00591487
-0.006281001
-0.007745756
-0.01024816
-0.01299468
-0.01482572
-0.01433742
-0.01122464
-0.007806624
-0.005426168
-0.004876771
-0.005303942
-0.005364913
-0.003777948
-0.0006650951
0.002142642
0.002631085
0.0003728962
-0.003899423
-0.008782194
-0.01293253
-0.01476358
-0.01366493
-0.01018591
-0.00573028
-0.002373198
-0.0006030499
-0.0006639598
-0.002311788
-0.005119334
-0.00823204
-0.01061242
-0.01250444
-0.01396917
-0.0144574
-0.01329769
-0.0109783
-0.008109556
-0.005423925
-0.003592747
-0.002860209
-0.002921102
-0.002859978
-0.001944353
0.0003140301
0.003610072
0.006112664
0.006662203
0.004526179
-0.0002344148
-0.005178133
-0.008290866
-0.008962168
-0.008412756
-0.008595738
-0.009877373
-0.0113421
-0.01225749
-0.01250154
-0.01201317
-0.01067031
-0.00871705
-0.006214495
-0.003711915
-0.002185877
-0.001636361
-0.001392083
-0.001391912
-0.001819025
-0.002978536
-0.004443263
-0.004748335
-0.002917191
0.0008061053
0.004712513
0.007032076
0.007154348
0.005689704
0.00330952
0.001417584
0.0006853002
0.0008075132
0.001356977
0.002577837
0.003615618
0.004653382
0.004775668
0.004165507
0.002883959
0.001297212
-0.0004115769
-0.002364528
-0.00462265
-0.006697719
-0.007674141
-0.00718576
-0.006453177
-0.006758146
-0.009199356
-0.01316648
-0.01627914
-0.01652315
-0.01353229
-0.009076545
-0.005780416
-0.005658049
-0.008282355
-0.011456
-0.01298179
-0.01157783
-0.00779354
-0.002971539
0.001179073
0.003254558
0.003376843
0.002583641
0.002339682
0.003194406
0.004415335
0.005270099
0.005636513
0.00618607
0.007651097
0.01027588
0.01363302
0.0163799
0.01753984
0.01705202
0.01613673
0.01552646
0.0144281
0.01223105
0.00893541
0.006372115
0.005639917
0.007104984
0.01052317
0.01491792
0.01851924
0.02047265
0.0202288
0.01839798
0.01626204
0.0148585
0.01400429
0.01247857
0.009305056
0.004971795
0.0001503399
-0.003694661
-0.005952676
-0.006318694
-0.006196343
-0.006501259
-0.007599597
-0.008759035
-0.009002878
-0.007965036
-0.006499921
-0.004851714
-0.003081414
-0.0008838649
0.001130573
0.003389148
0.005952896
0.009188015
0.01224008
0.01474287
0.01517049
0.01272938
0.007663845
0.001865767
-0.002162265
-0.00338275
-0.003138296
-0.003443203
-0.005701141
-0.009729169
-0.01406234
-0.01778524
-0.02010428
-0.02059231
-0.01973753
-0.01851656
-0.01747865
-0.01723416
-0.01741695
-0.01686735
-0.01491394
-0.01167878
-0.008443613
-0.006123953
-0.004414629
-0.002888369
-0.001240088
0.0007744269
0.003155146
0.00510863
0.005719348
0.005414547
0.004621467
0.003340082
0.001082134
-0.0008096149
-0.002029965
-0.00245689
-0.002517568
-0.002944471
-0.003981704
-0.005995507
-0.008253456
-0.00965696
-0.01002282
-0.009290069
-0.008496244
-0.008617951
-0.01014344
-0.01185204
-0.01246202
-0.01142409
-0.009409569
-0.007944363
-0.007699822
-0.008614987
-0.01032356
-0.01252042
-0.01496143
-0.01789076
-0.02161352
-0.02545836
-0.02832663
-0.02930289
-0.02795976
-0.02533479
-0.0224658
-0.02020711
-0.01874192
-0.01745979
-0.0153232
-0.01208795
-0.008059236
-0.004335587
-0.001954817
-0.0006725972
-0.0001228811
0.0003048188
0.0001831665
-0.0002436241
-0.0006704631
-0.0007310454
-0.0004864963
-0.0006081401
-0.0009128968
-0.001339704
-0.002010649
-0.002742642
-0.003535669
-0.004511768
-0.005732043
-0.00640301
-0.005670185
-0.004387985
-0.004387545
-0.005912954
-0.008598063
-0.01128316
-0.01280862
-0.0126251
-0.01054951
-0.00713109
-0.003651661
-0.001209762
-4.961951E-05
-0.0001101514
-0.0002317548
0.0002570154
0.000989915
0.0009904292
-0.0002908129
-0.002243445
-0.003402632
-0.003768349
-0.003584731
-0.004377679
-0.007475233
-0.01148355
-0.01597914
-0.01906971
-0.02002275
-0.01896058
-0.01649432
-0.01347858
-0.01095111
-0.009521778
-0.008580482
-0.007212158
-0.004258792
0.001436883
0.009140729
0.01647386
0.02051067
0.01997421
0.01657394
0.01317537
0.01148347
0.01125325
0.01157029
0.01121713
0.009890349
0.008017014
0.006631476
0.006584197
0.008420049
0.01079996
0.01275129
0.01360685
0.01348955
0.01258305
0.01167701
0.01119591
0.01107832
0.01041509
0.008601927
0.005701741
0.002261435
-0.0008104916
-0.002668323
-0.001985305
0.000629034
0.003842251
0.006144318
0.007054795
0.007179522
0.007183136
0.00712606
0.008031582
0.01061863
0.01542364
0.02189932
0.02757883
0.03042334
0.03002097
0.0277596
0.02550193
0.02492416
0.0260213
0.0274728
0.02778375
0.02647998
0.02404427
0.02161354
0.01984348
0.01861284
0.01786031
0.0174656
0.01671439
0.01507379
0.0123692
0.009553398
0.007456276
0.0062529
0.005525915
0.004623625
0.003605781
0.002473001
0.002168914
0.002749091
0.004327442
0.005723729
0.006057474
0.005744102
0.005548659
0.005997874
0.007322898
0.008876402
0.0102483
0.0117894
0.01285734
0.01374557
0.01457118
0.01527624
0.01528054
0.0137174
0.01024711
0.005574414
0.001498745
-0.001115698
-0.001583924
-0.0006665255
0.0007651293
0.001730335
0.001886714
0.002157021
0.002425835
0.002693256
0.002272823
0.0009400863
-0.0009001946
-0.00210491
-0.002108491
-0.001031699
0.0002670222
0.0007653773
-0.0006648157
-0.003672002
-0.007172575
-0.009470063
-0.009219254
-0.005929684
-0.001813521
0.001214723
0.001311681
-0.0009434777
-0.004752188
-0.008540129
-0.01096888
-0.01093359
-0.008395524
-0.00453839
-0.001423301
-0.0005404021
-0.002095188
-0.005021168
-0.007709501
-0.008840378
-0.008260138
-0.006420483
-0.004043347
-0.002336764
-0.001732984
-0.002441919
-0.004072271
-0.005692291
-0.006704627
-0.007222316
-0.007195025
-0.006681087
-0.006115988
-0.005500221
-0.005318187
-0.005834774
-0.006936986
-0.007817419
-0.007195905
-0.005138434
-0.001923429
0.001801139
0.005075723
0.00769178
0.009548903
0.01028412
0.009907124
0.009111252
0.008320164
0.00753395
0.006857251
0.006289152
0.005151449
0.003449585
0.00129277
-0.0006927692
-0.002094667
-0.002247315
-0.0009049375
0.0009926557
0.002926764
0.004333449
0.005064293
0.00538078
0.005846862
0.006969003
0.008537741
0.009941147
0.01082717
0.01155367
0.01217241
0.01243345
0.01239052
0.01169694
0.01030973
0.008883214
0.00816272
0.008636526
0.009698464
0.01010883
0.009234584
0.007924781
0.007213468
0.007387586
0.00819333
0.00884482
0.008809365
0.007852439
0.006032835
0.00374663
0.0007587956
-0.002297873
-0.004416293
-0.005033447
-0.00430978
-0.002926868
-0.001557027
-0.0004842522
0.0002474967
0.0008306317
0.001783601
0.002914333
0.003846342
0.004022307
0.002846572
0.000568204
-0.001919322
-0.003920249
-0.004979864
-0.005063789
-0.004551027
-0.004271707
-0.004952273
-0.00658012
-0.008689375
-0.01045925
-0.01108212
-0.01079773
-0.01033595
-0.01050436
-0.01156232
-0.01323063
-0.01434712
-0.01465334
-0.01416033
-0.01323115
-0.01235471
-0.0120555
-0.01236921
-0.0129826
-0.01354429
-0.01370863
-0.01335183
-0.01261043
-0.01204765
-0.01174651
-0.01119166
-0.01025934
-0.00920959
-0.008424618
-0.008027112
-0.008053466
-0.008413597
-0.008726624
-0.008285564
-0.007392351
-0.006674597
-0.007284463
-0.009407068
-0.01207601
-0.01319856
-0.01230967
-0.009684515
-0.006848246
-0.005015024
-0.00473234
-0.005254205
-0.005848569
-0.005837193
-0.005547298
-0.005062615
-0.00462295
-0.004109807
-0.003720313
-0.003686744
-0.004003175
-0.004702483
-0.00581664
-0.007184411
-0.008494052
-0.009402136
-0.009381605
-0.008714164
-0.007713967
-0.006839442
-0.006614732
-0.006841303
-0.007100783
-0.006537487
-0.004869744
-0.002486727
-0.0005786657
0.000239562
-0.0005602439
-0.002184795
-0.003640205
-0.004495932
-0.00454685
-0.004273573
-0.004074867
-0.003664906
-0.002764299
-0.001417844
-0.0004429429
-0.0003581805
-0.001495502
-0.003692198
-0.005923386
-0.007015432
-0.006749559
-0.005494357
-0.004530136
-0.004632011
-0.005981653
-0.007746002
-0.00911158
-0.009351271
-0.008221531
-0.006213933
-0.004534239
-0.003800363
-0.003927797
-0.004442816
-0.004915616
-0.004797803
-0.004005195
-0.002968444
-0.00204381
-0.001578498
-0.00156296
-0.001704303
-0.002030491
-0.00241258
-0.002662816
-0.002598348
-0.002226056
-0.001614075
-0.0007679155
0.0001854685
0.001001354
0.001471752
0.001694066
0.001763292
0.001682916
0.001367825
0.000970671
0.0006398628
0.000519495
0.000459822
0.0004018141
0.0007752898
0.001227328
0.001358798
0.0007828849
-0.0001455542
-0.001165905
-0.001803646
-0.001902824
-0.001340367
-0.0005158482
0.0001566275
0.000465171
0.0007141589
0.001118056
0.001672356
0.002162087
0.0022228
0.001996478
0.001620529
0.001304693
0.001174857
0.001048479
0.0008249597
0.0006322754
0.000767435
0.001392976
0.001979502
0.002284706
0.001906682
0.001178595
0.0004213826
0.0002272633
0.0006723144
0.001526099
0.002289357
0.002551443
0.002305853
0.001885932
0.001701503
0.001945083
0.002624093
0.003350707
0.003666286
0.003369141
0.002609187
0.001763922
0.001278931
0.001350485
0.00183446
0.002264139
0.00239698
0.001961361
0.001298586
0.000715077
0.0004049467
0.0002608645
0.00043112
0.0008653119
0.001173762
0.001248361
0.001284291
0.001283019
0.001428718
0.001534455
0.001619675
0.001738361
0.001783573
0.001584188
0.00115053
0.0006122984
0.000227978
0.000225804
0.0006559019
0.001269895
0.001750975
0.001831353
0.001560156
0.001188937
0.0009870421
0.001085766
0.001410714
0.001815782
0.002043627
0.001969436
0.001825714
0.001759945
0.001896849
0.002226772
0.002670595
0.003112172
0.003414955
0.003477569
0.003377969
0.003281729
0.003123953
0.002971978
0.002800422
0.002610509
0.0023911
0.002217263
0.002171343
0.00228257
0.002601449
0.002919452
0.003075765
0.002976831
0.002636327
0.002254912
0.001998474
0.00196795
0.002151177
0.002369157
0.002506349
0.002536505
0.002425482
0.002250546
0.002200709
0.002316972
0.002599118
0.002934401
0.003162737
0.003181099
0.003055356
0.002996681
0.003113938
0.003413389
0.003765631
0.004017481
0.004109188
0.004114587
0.004205104
0.004453035
0.004709873
0.004823425
0.004750422
0.004546666
0.004350362
0.004267473
0.004276807
0.00431741
0.004286058
0.004101456
0.003832773
0.003556604
0.003393546
0.003373289
0.003419213
0.003442977
0.003399092
0.00330959
0.003268342
0.003344131
0.003495559
0.003620247
0.003630303
0.00355971
0.003475231
0.003482338
0.003544816
0.003591223
0.00355214
0.003443224
0.003306098
0.0032228
0.003245622
0.003327808
0.003389328
0.003386559
0.003320469
0.003211838
0.003110308
0.003004221
0.002886815
0.002766489
0.002654331
0.002543031
0.002466486
0.002451543
0.002470271
0.002469088
0.00240642
0.002317859
0.002247107
0.002238733
0.002267353
0.002299124
0.002295902
0.002252839
0.002186375
0.002123735
0.002050045
0.001975994
0.001880934
0.001801031
0.00174384
0.001713692
0.00171627
0.00171551
0.00167778
0.001589367
0.001478273
0.001382069
0.001337056
0.001348425
0.001379623
0.001383807
0.001339631
0.001242987
0.001140665
0.001065987
0.001027601
0.001006337
0.0009747089
0.0009221611
0.0008537513
0.000793655
0.0007590011
0.0007572776
0.0007676725
0.0007657161
0.0007505743
0.0007277892
0.0007041319
0.0006787087
0.0006599859
0.0006416916
0.0006150578
0.0005744535
0.0005225568
0.0004672425
0.0004054547
0.0003412665
0.0002816455
0.0002330596
0.0001942743
0.0001622542
0.0001367833
0.0001146876
8.993849E-05
5.921242E-05
2.659278E-05
-4.011426E-06
-2.798249E-05
-4.713901E-05
-6.5251E-05
-8.456801E-05
-0.0001052808
-0.0001309935
-0.0001585747
-0.0001886345
-0.0002158095
-0.0002364776
-0.0002509765
-0.0002585246
-0.000262924
-0.0002727029
-0.000287534
-0.0003053103
-0.0003203054
-0.0003314346
-0.0003413524
-0.0003543932
-0.0003702055
-0.0003893437
-0.0004086763
-0.0004265885
-0.0004434215
-0.0004597537
-0.0004750611
-0.0004887114
-0.0005021352
-0.0005160638
-0.0005309131
-0.0005458127
-0.000560008
-0.0005733263
-0.0005855001
-0.0005969422
-0.0006088163
-0.0006213112
-0.0006339414
-0.0006457971
-0.0006574135
-0.0006691298
-0.0006810818
-0.0006938112
-0.0007071781
-0.0007209996
-0.0007342721
-0.0007465699
-0.0007580622
-0.0007690278
-0.0007797688
-0.0007905062
-0.0008015882
-0.0008129206
-0.0008243908
-0.0008358861
-0.0008474995
-0.0008591982
-0.0008709649
-0.0008828783
-0.0008949246
-0.0009069678
-0.0009189482
-0.0009307772
-0.0009423981
-0.0009537844
-0.0009650393
-0.0009763028
-0.0009875582
-0.0009987529
-0.001009831
-0.001020824
-0.001031789
-0.001042757
-0.001053719
-0.001064648
-0.00107552
-0.00108634
-0.001097124
-0.001107878
-0.001118592
-0.001129256
-0.00113987
-0.001150435
-0.001160956
-0.00117143
-0.001181853
-0.001192223
-0.001202536
-0.001212791
-0.001222987
-0.001233123
-0.001243199
-0.001253212
-0.001263163
-0.001273051
-0.001282875
