0.005
-0.00113
-0.00113
-0.00113
-0.00113
-0.00113
-0.00113
-0.00113
-0.00113
-0.00113
-0.00113
-0.00113
-0.00113
-0.00113
-0.00113
-0.001128333
-0.00112
-0.00112
-0.001115833
-0.00111
-0.00111
-0.0011
-0.0011
-0.00109
-0.00109
-0.00109
-0.001089167
-0.001088333
-0.00109
-0.00109
-0.001094167
-0.0011
-0.00111
-0.001116667
-0.0011275
-0.001138333
-0.001159167
-0.00117
-0.001190833
-0.001211667
-0.0012325
-0.001253333
-0.00126
-0.00127
-0.001264167
-0.001243333
-0.001215
-0.001191667
-0.001151667
-0.0011
-0.0010475
-0.000996667
-0.0009525
-0.00089
-0.000855833
-0.000835
-0.000814167
-0.000793333
-0.00078
-0.000771667
-0.00078
-0.0008
-0.000841667
-0.000883333
-0.0009225
-0.000943333
-0.000968333
-0.001005
-0.001035833
-0.001066667
-0.00108
-0.00108
-0.001089167
-0.0011
-0.00111
-0.0011
-0.001085
-0.001043333
-0.000983333
-0.00092
-0.000878333
-0.000826667
-0.0007775
-0.000716667
-0.000605
-0.00045
-0.0002725
-7.33333E-05
0.000135
0.000346667
0.0005475
0.000715
0.000829167
0.000916667
0.0009675
0.000953333
0.000883333
0.00077
0.000625
0.000476667
0.0003
0.000133333
-0.0000375
-0.000215
-0.000444167
-0.00066
-0.000815
-0.000895
-0.000901667
-0.00081
-0.000704167
-0.00056
-0.00044
-0.00037
-0.0003075
-0.000275
-0.000301667
-0.00036
-0.00039
-0.00038
-0.000341667
-0.00026
-0.000113333
6.33333E-05
0.00021
0.00024
0.000136667
-0.00006
-0.0002525
-0.00041
-0.0005175
-0.000531667
-0.000520833
-0.00052
-0.000531667
-0.000576667
-0.00066
-0.00074
-0.000901667
-0.00113
-0.001283333
-0.00138
-0.0015475
-0.001718333
-0.001826667
-0.00191
-0.001961667
-0.002015
-0.0020725
-0.002066667
-0.0018975
-0.001465
-0.000870833
-0.00027
0.0002175
0.000528333
0.000685
0.0008
0.0007625
0.000551667
0.0002825
1.66667E-05
-0.000116667
-0.000105
3.83333E-05
0.00029
0.000695
0.001125
0.001591667
0.00204
0.0023575
0.002531667
0.0026825
0.00272
0.002683333
0.00258
0.002425833
0.002103333
0.001675
0.001266667
0.0010075
0.00091
0.000898333
0.000868333
0.000875
0.000966667
0.001029167
0.000925
0.0007025
0.000343333
-0.00018
-0.000753333
-0.001300833
-0.00163
-0.001666667
-0.00157
-0.0014425
-0.00135
-0.0013275
-0.001225
-0.000929167
-0.000466667
0.0001125
0.000701667
0.00123
0.00172
0.002163333
0.002413333
0.0023775
0.002266667
0.002213333
0.00207
0.001851667
0.001796667
0.002055
0.002686667
0.003649167
0.00482
0.005940833
0.006906667
0.0074825
0.007423333
0.006769167
0.00583
0.004875
0.004093333
0.003685
0.003675
0.0036525
0.00345
0.003049167
0.002458333
0.00171
0.000793333
-0.0000575
-0.000575
-0.000633333
-0.000153333
0.0011075
0.003146667
0.005580833
0.00821
0.0107675
0.013048333
0.0147525
0.0157
0.0154825
0.013965
0.011624167
0.00918
0.0070175
0.005263333
0.0038025
0.00251
0.001483333
0.00068
0.00016
-0.000156667
-0.000105833
0.000225
0.000833333
0.001833333
0.003035
0.004311667
0.005398333
0.00597
0.0057975
0.004723333
0.0033525
0.001986667
0.0008475
-0.000185
-0.001528333
-0.003563333
-0.006145
-0.009151667
-0.0120475
-0.01468
-0.016808333
-0.018646667
-0.0202125
-0.021073333
-0.020726667
-0.018855
-0.015635833
-0.011513333
-0.0073175
-0.003818333
-0.001295
0.00086
0.002569167
0.00388
0.004695
0.004926667
0.00489
0.00499
0.005384167
0.006083333
0.00721
0.008666667
0.010521667
0.01251
0.014374167
0.015823333
0.0166675
0.01694
0.016870833
0.016815
0.01679
0.01675
0.016375
0.015831667
0.015165833
0.01459
0.014370833
0.014135
0.0135025
0.012336667
0.010690833
0.00929
0.0085375
0.008743333
0.01017
0.012731667
0.016295833
0.0204
0.024004167
0.026193333
0.0259775
0.023393333
0.0193
0.014875
0.011346667
0.009166667
0.0083225
0.00843
0.009345833
0.0105
0.01174
0.012575
0.0126525
0.011316667
0.008579167
0.004545
-0.000451667
-0.005383333
-0.00949
-0.012353333
-0.014051667
-0.01523
-0.016743333
-0.018776667
-0.02133
-0.02394
-0.0261525
-0.02815
-0.029644167
-0.030636667
-0.030945
-0.030288333
-0.0287875
-0.02655
-0.023466667
-0.01882
-0.011725
-0.002086667
0.0087475
0.018675
0.025601667
0.029336667
0.030815
0.031361667
0.031534167
0.03146
0.030870833
0.029315
0.0270175
0.024386667
0.021331667
0.01832
0.015464167
0.01291
0.010665
0.008395
0.006498333
0.00551
0.005589167
0.006225
0.00724
0.007966667
0.007523333
0.005495
0.002445833
-0.000593333
-0.00301
-0.004561667
-0.005593333
-0.00652
-0.007665833
-0.008878333
-0.010125
-0.01146
-0.013226667
-0.015655
-0.018935833
-0.02311
-0.0271575
-0.029723333
-0.02981
-0.027
-0.021043333
-0.01182
-0.001345
0.007163333
0.012275833
0.015325
0.015981667
0.014506667
0.0120225
0.010026667
0.008826667
0.00707
0.0038875
-0.000471667
-0.005155
-0.00935
-0.012834167
-0.015325
-0.0164875
-0.016593333
-0.0161825
-0.01558
-0.0147375
-0.01367
-0.0119825
-0.009185
-0.0053425
-0.00118
0.002761667
0.005585
0.007333333
0.00852
0.009665
0.011188333
0.0130425
0.01466
0.015118333
0.013738333
0.0109475
0.008186667
0.006441667
0.00674
0.008696667
0.011426667
0.014455
0.017193333
0.019518333
0.02183
0.024030833
0.025776667
0.0268175
0.027366667
0.027815833
0.02895
0.030860833
0.0331
0.0353225
0.037763333
0.040455
0.0438
0.047129167
0.049956667
0.0520875
0.053006667
0.0521
0.049195
0.044194167
0.03692
0.0277
0.017725
0.007933333
-0.00123
-0.008758333
-0.014513333
-0.0190975
-0.022313333
-0.024025833
-0.024505
-0.024046667
-0.02324
-0.0231825
-0.02441
-0.0267575
-0.02914
-0.03058
-0.030121667
-0.0271525
-0.02159
-0.0137425
-0.00518
0.001491667
0.004366667
0.0028825
-0.001966667
-0.00749
-0.01143
-0.014079167
-0.015933333
-0.01793
-0.02181
-0.028235833
-0.035755
-0.041985
-0.045406667
-0.0461125
-0.044618333
-0.0415
-0.03711
-0.031296667
-0.023716667
-0.01467
-0.005096667
0.003509167
0.008415
0.009874167
0.009873333
0.0095
0.009063333
0.008514167
0.00816
0.008181667
0.007506667
0.005095
0.000863333
-0.0042275
-0.00917
-0.012950833
-0.014856667
-0.0150625
-0.01437
-0.013845
-0.01383
-0.014110833
-0.013933333
-0.0128775
-0.0109
-0.0085475
-0.006495
-0.005448333
-0.00619
-0.0087575
-0.012343333
-0.0158575
-0.01803
-0.017055833
-0.011998333
-0.00202
0.01235
0.026438333
0.03492
0.0383125
0.037366667
0.03343
0.02958
0.0268325
0.02443
0.021909167
0.01923
0.0173325
0.017133333
0.018331667
0.02029
0.0222225
0.023276667
0.022795
0.021218333
0.019475833
0.01832
0.018253333
0.019058333
0.0207625
0.02387
0.029121667
0.03639
0.044026667
0.048313333
0.0482475
0.04352
0.036043333
0.02792
0.021493333
0.017785
0.01688
0.01859
0.0223425
0.027545
0.03355
0.038633333
0.041055
0.040601667
0.037363333
0.0334
0.030005
0.027818333
0.02776
0.029953333
0.033524167
0.036585
0.0366
0.03157
0.0215175
0.009226667
-0.003355
-0.01652
-0.030275833
-0.042571667
-0.0499525
-0.049433333
-0.042233333
-0.031305
-0.0197425
-0.011556667
-0.0081925
-0.00958
-0.0147325
-0.02238
-0.029695
-0.034396667
-0.0365975
-0.03656
-0.034935
-0.03285
-0.031199167
-0.031126667
-0.0335525
-0.038388333
-0.045186667
-0.05331
-0.060101667
-0.062923333
-0.0616375
-0.0573
-0.050485833
-0.04201
-0.032618333
-0.02266
-0.01261
-0.002673333
0.0065975
0.01374
0.016401667
0.012603333
0.00399
-0.00697
-0.0172275
-0.02578
-0.032520833
-0.038763333
-0.04437
-0.048778333
-0.052255833
-0.05401
-0.053551667
-0.051678333
-0.05025
-0.049903333
-0.050361667
-0.050485
-0.04994
-0.049123333
-0.0483475
-0.047003333
-0.044123333
-0.03842
-0.029095833
-0.016976667
-0.0055575
0.000483333
0.003031667
0.00446
0.006149167
0.009196667
0.0138425
0.018795
0.0224175
0.02451
0.025891667
0.027315
0.0290275
0.030653333
0.0312675
0.02974
0.025684167
0.019996667
0.0137775
0.009118333
0.007310833
0.00899
0.014573333
0.023743333
0.03391
0.04106
0.044286667
0.04442
0.042991667
0.042543333
0.045435
0.052938333
0.0653325
0.0797
0.089979167
0.091733333
0.086315
0.074813333
0.059456667
0.042775
0.025316667
0.00742
-0.0091775
-0.02138
-0.025894167
-0.02331
-0.01635
-0.006748333
0.001975
0.007926667
0.0101275
0.009735
0.007405
0.003836667
-0.00098
-0.006055
-0.010644167
-0.01381
-0.014559167
-0.01333
-0.011255
-0.009246667
-0.007795
-0.0073
-0.0082575
-0.01043
-0.013905
-0.019326667
-0.0270825
-0.03611
-0.043428333
-0.04708
-0.047395
-0.044196667
-0.037578333
-0.02848
-0.017935
-0.007743333
0.0007125
0.005821667
0.008629167
0.00922
0.008395833
0.007455
0.00709
0.00693
0.006610833
0.005505
0.003399167
1.66667E-05
-0.0041675
-0.008338333
-0.012025833
-0.01473
-0.016686667
-0.018233333
-0.0189275
-0.01879
-0.018295833
-0.01762
-0.016608333
-0.015646667
-0.0147725
-0.014421667
-0.0156575
-0.01836
-0.02215
-0.026551667
-0.0308075
-0.033986667
-0.035194167
-0.033145
-0.028325833
-0.021766667
-0.0157025
-0.010916667
-0.007113333
-0.00415
-0.00192
0.00008
0.00232
0.005543333
0.0105825
0.0192
0.033743333
0.05433
0.0738375
0.08684
0.092695833
0.09553
0.0957
0.092355
0.086095
0.079213333
0.075654167
0.076685
0.081099167
0.088543333
0.0981475
0.108565
0.118016667
0.12567
0.132486667
0.137888333
0.1414
0.142703333
0.141935833
0.138455
0.1311975
0.120066667
0.107295
0.094688333
0.08212
0.06953
0.056755833
0.043771667
0.0304075
0.01681
0.003469167
-0.008015
-0.016195833
-0.02098
-0.0243275
-0.027676667
-0.031326667
-0.03518
-0.038428333
-0.040245
-0.0393975
-0.034516667
-0.024575833
-0.009215
0.007829167
0.02093
0.0286
0.033055
0.035493333
0.03464
0.028403333
0.015335
-0.0032675
-0.022636667
-0.041935833
-0.061185
-0.0804025
-0.099646667
-0.1190675
-0.139008333
-0.159798333
-0.18113
-0.201296667
-0.216941667
-0.2244525
-0.22403
-0.220908333
-0.2168
-0.213440833
-0.212116667
-0.2132825
-0.215913333
-0.218364167
-0.21907
-0.217274167
-0.213716667
-0.2095475
-0.20596
-0.203685833
-0.203
-0.204068333
-0.206376667
-0.209295
-0.21223
-0.2151725
-0.21829
-0.221966667
-0.225341667
-0.2265525
-0.224283333
-0.217766667
-0.20641
-0.190868333
-0.176386667
-0.1653875
-0.155373333
-0.139799167
-0.11718
-0.09333
-0.069466667
-0.0453775
-0.02156
0.001936667
0.025225
0.048851667
0.073163333
0.09812
0.123608333
0.148315833
0.16933
0.181619167
0.183308333
0.1788675
0.169993333
0.1592875
0.150895
0.147305833
0.14874
0.1524
0.156566667
0.1591925
0.15714
0.147680833
0.13045
0.10837
0.086176667
0.064298333
0.042115
0.018924167
-0.005403333
-0.0298975
-0.0521
-0.068169167
-0.07518
-0.0763475
-0.076965
-0.078275
-0.081853333
-0.089191667
-0.099875
-0.110385833
-0.115026667
-0.1152525
-0.113748333
-0.111454167
-0.10952
-0.108591667
-0.1091
-0.1110475
-0.113733333
-0.116381667
-0.11881
-0.12139
-0.123673333
-0.1256525
-0.12736
-0.1286375
-0.12921
-0.129064167
-0.12878
-0.1287075
-0.1285
-0.127986667
-0.1273
-0.1267975
-0.12613
-0.124585
-0.121316667
-0.116145
-0.10943
-0.101746667
-0.09399
-0.0874125
-0.08239
-0.078426667
-0.074785
-0.072176667
-0.07074
-0.069995
-0.068375
-0.063781667
-0.05298
-0.033500833
-0.007475
0.01956
0.047233333
0.07565
0.10351
0.128169167
0.1457
0.15407
0.157713333
0.1591675
0.15668
0.147866667
0.13227
0.1138
0.095596667
0.077374167
0.058965
0.04019
0.020716667
0.0008375
-0.018585
-0.035206667
-0.04626
-0.0510825
-0.053705
-0.0553325
-0.05661
-0.05784
-0.058455
-0.0586025
-0.05858
-0.058955
-0.060156667
-0.06222
-0.06447
-0.066418333
-0.067505
-0.0672575
-0.066143333
-0.065113333
-0.064905
-0.066641667
-0.070766667
-0.0773675
-0.086701667
-0.097273333
-0.10488
-0.1046975
-0.094986667
-0.073535
-0.043273333
-0.01156
0.01946
0.046393333
0.06479
0.072345
0.07438
0.074005833
0.07288
0.073359167
0.076903333
0.0845925
0.09757
0.115246667
0.134235
0.1487925
0.15812
0.1676925
0.18009
0.192544167
0.20089
0.205278333
0.207611667
0.2091075
0.210333333
0.211676667
0.21297
0.2139425
0.214163333
0.212845
0.20955
0.204881667
0.20061
0.197416667
0.194711667
0.191765
0.187523333
0.182039167
0.175615
0.167383333
0.157413333
0.1470325
0.138368333
0.13235
0.12757
0.122760833
0.117775
0.113035
0.109293333
0.107028333
0.106085
0.1061225
0.106793333
0.1073375
0.106968333
0.1051225
0.10265
0.100528333
0.099388333
0.0995875
0.10026
0.100325
0.09961
0.098295
0.097056667
0.0964175
0.095923333
0.0950575
0.09293
0.089309167
0.08523
0.0822625
0.080843333
0.080843333
0.081405
0.0818325
0.082006667
0.08203
0.082095
0.082455833
0.08241
0.0817175
0.080786667
0.079355
0.078093333
0.077523333
0.077335
0.077683333
0.078306667
0.078565
0.078251667
0.077475
0.0762
0.073845833
0.069543333
0.0628725
0.054406667
0.046089167
0.038905
0.03332
0.029873333
0.0279475
0.026978333
0.026468333
0.02605
0.025976667
0.026481667
0.0270975
0.02784
0.028333333
0.02814
0.026858333
0.024743333
0.0225675
0.02027
0.018193333
0.01644
0.0150275
0.013871667
0.0119925
0.008726667
0.003906667
-0.00222
-0.0083175
-0.013636667
-0.0180575
-0.021566667
-0.024649167
-0.02721
-0.029660833
-0.032686667
-0.036745
-0.04161
-0.046506667
-0.05048
-0.05293
-0.053916667
-0.0540975
-0.054115
-0.054198333
-0.05442
-0.054865
-0.055953333
-0.0576175
-0.059233333
-0.060620833
-0.06159
-0.061514167
-0.060523333
-0.0589475
-0.056921667
-0.05495
-0.05373
-0.053431667
-0.054013333
-0.0550525
-0.056223333
-0.057275
-0.05857
-0.060059167
-0.061736667
-0.0632
-0.06466
-0.066235
-0.06798
-0.0696025
-0.07112
-0.0724925
-0.074026667
-0.076
-0.078785
-0.08212
-0.085256667
-0.08748
-0.088505
-0.088525833
-0.08786
-0.087118333
-0.086705
-0.086575
-0.086216667
-0.085821667
-0.085555
-0.08536
-0.08491
-0.0840025
-0.082376667
-0.080044167
-0.07665
-0.071595833
-0.064496667
-0.055695
-0.046803333
-0.038559167
-0.03113
-0.023214167
-0.014066667
-0.00325
0.008213333
0.018878333
0.02934
0.040496667
0.053033333
0.06679
0.07952
0.0900375
0.09778
0.10288
0.105863333
0.10718
0.106523333
0.104376667
0.1018
0.0993425
0.097656667
0.0964625
0.094263333
0.089986667
0.082495
0.07196
0.059076667
0.0457375
0.032558333
0.0193675
0.00622
-0.007093333
-0.020721667
-0.034675
-0.0485
-0.061554167
-0.07255
-0.080489167
-0.085656667
-0.087695
-0.08615
-0.081034167
-0.07296
-0.063300833
-0.054505
-0.04825
-0.044363333
-0.04118
-0.03889
-0.0374675
-0.036406667
-0.03516
-0.033301667
-0.0302725
-0.02644
-0.022230833
-0.018448333
-0.01503
-0.01171
-0.0089075
-0.007055
-0.006220833
-0.006176667
-0.0067475
-0.008646667
-0.012150833
-0.0166
-0.020905833
-0.024805
-0.0283125
-0.032066667
-0.036910833
-0.04276
-0.048130833
-0.051593333
-0.053505
-0.055018333
-0.056903333
-0.05983
-0.062884167
-0.065618333
-0.067945
-0.069613333
-0.070145
-0.069525
-0.067968333
-0.066326667
-0.06494
-0.06376
-0.062529167
-0.06181
-0.061705
-0.061036667
-0.059115
-0.055653333
-0.050251667
-0.041855
-0.030468333
-0.01814
-0.0057875
0.006941667
0.019646667
0.03215
0.043736667
0.053003333
0.05966
0.064716667
0.068425833
0.071235
0.0731025
0.074763333
0.0763325
0.0775
0.077401667
0.07597
0.074280833
0.073861667
0.0751875
0.077433333
0.079601667
0.081285
0.082351667
0.08267
0.0820175
0.080558333
0.0779375
0.07444
0.0705475
0.06726
0.065195
0.063873333
0.062578333
0.0611
0.0588625
0.056096667
0.0528475
0.048756667
0.043724167
0.03781
0.03156
0.024461667
0.0143125
0.00138
-0.011899167
-0.025345
-0.038984167
-0.052813333
-0.0661625
-0.07773
-0.086099167
-0.09167
-0.095605
-0.097971667
-0.09867
-0.0974
-0.092155833
-0.079645
-0.057891667
-0.030546667
-0.0028775
0.025011667
0.053694167
0.08235
0.107525833
0.124976667
0.1320925
0.127193333
0.111614167
0.08902
0.064455
0.04015
0.0155775
-0.009916667
-0.036741667
-0.0643
-0.090259167
-0.110578333
-0.1214475
-0.12416
-0.125224167
-0.125135
-0.123349167
-0.119826667
-0.1144075
-0.10669
-0.095711667
-0.08087
-0.06397
-0.047711667
-0.0327225
-0.019306667
-0.007416667
0.000865
0.00504
0.00664
0.00575
0.002388333
-0.003761667
-0.01192
-0.019833333
-0.026021667
-0.031565
-0.036463333
-0.0403925
-0.043025
-0.044618333
-0.045513333
-0.04628
-0.046851667
-0.046026667
-0.04315
-0.038220833
-0.03203
-0.025725
-0.020923333
-0.018009167
-0.016
-0.014003333
-0.0111
-0.0064275
0.000236667
0.007885833
0.0149
0.0210275
0.027606667
0.0347475
0.042536667
0.0503025
0.05778
0.065215833
0.0727
0.081035
0.090298333
0.099175833
0.10535
0.107839167
0.107603333
0.1044925
0.0981
0.088314167
0.07621
0.063939167
0.051833333
0.0395325
0.026806667
0.013506667
0.00036
-0.01114
-0.019028333
-0.0226825
-0.023296667
-0.021011667
-0.01674
-0.011926667
-0.007583333
-0.00467
-0.00307
-0.002291667
-0.00219
-0.00305
-0.004903333
-0.007595
-0.010646667
-0.014340833
-0.018575
-0.0231625
-0.02779
-0.0315075
-0.033368333
-0.033674167
-0.0331
-0.03243
-0.031251667
-0.029525
-0.027096667
-0.023990833
-0.021015
-0.018150833
-0.015283333
-0.0124525
-0.009721667
-0.007195833
-0.00503
-0.003338333
-0.001761667
0.0004225
0.00358
0.007465833
0.01125
0.014796667
0.01825
0.021975
0.025548333
0.028435833
0.03039
0.031351667
0.031785
0.0321825
0.03264
0.032405833
0.030275
0.025171667
0.016426667
0.005785
-0.004901667
-0.015590833
-0.02635
-0.037074167
-0.047926667
-0.05882
-0.069703333
-0.080860833
-0.09236
-0.103688333
-0.113856667
-0.12152
-0.125951667
-0.128509167
-0.13027
-0.131470833
-0.132596667
-0.133955
-0.13556
-0.1373875
-0.139335
-0.140685833
-0.140366667
-0.1377975
-0.133223333
-0.126200833
-0.11585
-0.102246667
-0.087065
-0.072655
-0.05921
-0.046493333
-0.03353
-0.02237
-0.01477
-0.01125
-0.009605
-0.00898
-0.00852
-0.00727
-0.004916667
-0.0016225
0.002273333
0.00696
0.012025
0.016845
0.020716667
0.0238525
0.027325
0.0314875
0.0358
0.0397275
0.0436
0.0469875
0.049106667
0.049545833
0.048125
0.045571667
0.04284
0.04027
0.03777
0.035681667
0.03415
0.032423333
0.029295
0.02336
0.01419
0.0037175
-0.006525
-0.016649167
-0.026923333
-0.037165
-0.047316667
-0.057583333
-0.06815
-0.078971667
-0.09003
-0.1007975
-0.109436667
-0.11431
-0.115505
-0.1148825
-0.113183333
-0.1111675
-0.10867
-0.104901667
-0.09745
-0.084634167
-0.067216667
-0.048995
-0.030503333
-0.012008333
0.00533
0.01912
0.02772
0.0332875
0.040575
0.050975
0.06177
0.069243333
0.073821667
0.0783025
0.082716667
0.08632
0.089015
0.0911
0.09345
0.09691
0.101703333
0.1078275
0.11428
0.120061667
0.124593333
0.1271575
0.127823333
0.12719
0.1262
0.124480833
0.121556667
0.1187075
0.117358333
0.1172675
0.11608
0.1112175
0.102826667
0.09307
0.083596667
0.074219167
0.064795
0.0551
0.045536667
0.0366925
0.029515
0.0236475
0.01769
0.012431667
0.008871667
0.006175
0.00337
0.0003625
-0.002735
-0.00524
-0.006356667
-0.0053375
-0.002356667
0.001313333
0.00421
0.005289167
0.006071667
0.00999
0.02015
0.035095833
0.047135
0.052689167
0.057003333
0.06336
0.070911667
0.076955
0.07908
0.077353333
0.073715
0.07015
0.067203333
0.065301667
0.064405
0.064306667
0.064673333
0.0655075
0.066613333
0.067705833
0.06854
0.068799167
0.06892
0.06967
0.071176667
0.073235833
0.07522
0.076006667
0.07545
0.0739875
0.07242
0.071404167
0.07035
0.068160833
0.065016667
0.0619575
0.058476667
0.052945
0.04526
0.037443333
0.03092
0.0236175
0.014368333
0.0044775
-0.00347
-0.009815833
-0.016616667
-0.0230075
-0.027756667
-0.030265
-0.032175
-0.034645833
-0.03771
-0.04025
-0.041441667
-0.040973333
-0.03866
-0.0349425
-0.030411667
-0.0260575
-0.02221
-0.018678333
-0.014985
-0.010561667
-0.0062
-0.0029625
-0.000786667
0.000981667
0.00235
0.002951667
0.002771667
0.002245
0.002376667
0.004791667
0.01018
0.017964167
0.026276667
0.0329025
0.037336667
0.040239167
0.04233
0.0436625
0.043741667
0.0423675
0.039846667
0.0366025
0.033165
0.029655833
0.02622
0.0225
0.017323333
0.010869167
0.00454
-0.000125
-0.002863333
-0.0042475
-0.005136667
-0.005691667
-0.005445
-0.003569167
0.00081
0.0079075
0.01709
0.027535
0.03899
0.0501675
0.059018333
0.0658175
0.07166
0.0765625
0.079925
0.0808075
0.07906
0.075835
0.073028333
0.071545
0.07081
0.070188333
0.068846667
0.06676
0.06429
0.061831667
0.05913
0.056134167
0.05336
0.0506725
0.047428333
0.0433775
0.03944
0.036569167
0.034863333
0.0337975
0.032866667
0.031388333
0.02806
0.0215625
0.012033333
0.00107
-0.010568333
-0.023383333
-0.03707
-0.05017
-0.061371667
-0.0691925
-0.07412
-0.078519167
-0.08219
-0.084633333
-0.08471
-0.0801575
-0.067926667
-0.046014167
-0.01779
0.010920833
0.038866667
0.0634875
0.08148
0.091905833
0.100355
0.110129167
0.118056667
0.121865
0.122238333
0.12151
0.12157
0.122754167
0.124168333
0.1244325
0.1217
0.1140425
0.10124
0.085051667
0.068513333
0.05166
0.034671667
0.018563333
0.00514
-0.003923333
-0.009776667
-0.0142775
-0.01877
-0.024105
-0.030305
-0.036476667
-0.042136667
-0.0467575
-0.049636667
-0.0504225
-0.05025
-0.050523333
-0.052511667
-0.0569475
-0.062963333
-0.069233333
-0.07446
-0.0781425
-0.08124
-0.08419
-0.086591667
-0.087885
-0.08773
-0.0868275
-0.085386667
-0.0832925
-0.08051
-0.0776025
-0.07493
-0.072709167
-0.07054
-0.0686825
-0.067355
-0.066348333
-0.06496
-0.0625675
-0.058401667
-0.0520425
-0.043436667
-0.032801667
-0.021435
-0.011275
-0.003493333
0.004065
0.012821667
0.022176667
0.03123
0.0396825
0.046675
0.0516425
0.055303333
0.05835
0.060925
0.063231667
0.065696667
0.0681775
0.070675
0.072699167
0.0743
0.076008333
0.07813
0.08083
0.083266667
0.085085
0.08593
0.08456
0.081273333
0.07681
0.071553333
0.065724167
0.05886
0.050119167
0.038796667
0.026
0.013243333
0.0018075
-0.0064
-0.010121667
-0.011
-0.011995
-0.01473
-0.019471667
-0.02485
-0.03011
-0.034586667
-0.0377075
-0.03857
-0.03778
-0.037725
-0.040273333
-0.04587
-0.053265
-0.06075
-0.067379167
-0.07294
-0.078708333
-0.085363333
-0.09303
-0.099796667
-0.104286667
-0.107395
-0.110295
-0.113876667
-0.11819
-0.122938333
-0.127866667
-0.13325
-0.139298333
-0.145536667
-0.1511975
-0.155236667
-0.1582025
-0.160825
-0.162950833
-0.164616667
-0.165875
-0.16684
-0.167345833
-0.16751
-0.168318333
-0.170503333
-0.1740375
-0.177343333
-0.17851
-0.1762
-0.169850833
-0.159706667
-0.146225
-0.130838333
-0.113073333
-0.09474
-0.076690833
-0.0586
-0.040005
-0.020656667
-0.000615833
0.018815
0.0353175
0.045706667
0.04992
0.049921667
0.047875
0.04502
0.0411425
0.03622
0.0308975
0.02488
0.017376667
0.008645
0.000515833
-0.006626667
-0.0146175
-0.025235
-0.037899167
-0.0508
-0.063824167
-0.077136667
-0.0907875
-0.103676667
-0.114396667
-0.12173
-0.1263675
-0.130546667
-0.1338925
-0.13548
-0.1353575
-0.13384
-0.1319225
-0.130298333
-0.12865
-0.126406667
-0.122696667
-0.11733
-0.110603333
-0.103333333
-0.096485
-0.090331667
-0.0846875
-0.07969
-0.074665833
-0.06842
-0.0598075
-0.050033333
-0.0425775
-0.03771
-0.033469167
-0.029103333
-0.0250075
-0.02177
-0.018838333
-0.01606
-0.014035
-0.013876667
-0.016555
-0.022623333
-0.0324475
-0.046725
-0.064404167
-0.082906667
-0.1018575
-0.120225
-0.13561
-0.14502
-0.147361667
-0.146298333
-0.14201
-0.13375
-0.121110833
-0.10371
-0.080554167
-0.055143333
-0.029595
-0.003803333
0.02166
0.04592
0.067895
0.08746
0.107215
0.127986667
0.14748
0.16002
0.165618333
0.16771
0.1679525
0.167648333
0.167041667
0.16575
0.16342
0.158545
0.149285
0.136113333
0.1210525
0.10596
0.0909925
0.075673333
0.0598075
0.043325
0.027269167
0.01352
0.0048375
0.001388333
0.001055
0.003006667
0.006481667
0.011675
0.019156667
0.02867
0.0385475
0.048006667
0.05638
0.06323
0.067106667
0.066031667
0.058475
0.045083333
0.028163333
0.01033
-0.007509167
-0.02537
-0.04354
-0.062333333
-0.0815175
-0.10061
-0.117859167
-0.131515
-0.14089
-0.147706667
-0.15344
-0.158865
-0.163778333
-0.16686
-0.1660025
-0.159113333
-0.144715
-0.12261
-0.095703333
-0.06802
-0.0404925
-0.013186667
0.012709167
0.035215
0.0540675
0.070916667
0.082605
0.085143333
0.079624167
0.06925
0.055873333
0.042056667
0.0290675
0.018013333
0.009201667
0.00254
-0.002728333
-0.006663333
-0.0093525
-0.009951667
-0.008128333
-0.00445
0.000958333
0.008445
0.01866
0.0318
0.04698
0.06234
0.076178333
0.08739
0.095475
0.10011
0.102756667
0.10478
0.106494167
0.107456667
0.1074075
0.106923333
0.106995
0.108235
0.110134167
0.112073333
0.1136275
0.114253333
0.113594167
0.11132
0.10797
0.104206667
0.100765
0.09798
0.095203333
0.09143
0.087091667
0.083013333
0.0807725
0.080511667
0.081138333
0.08084
0.0784675
0.074721667
0.0713625
0.069303333
0.068475
0.067715
0.0657825
0.061846667
0.0568975
0.052548333
0.049125833
0.04646
0.043569167
0.039786667
0.035825
0.032816667
0.030866667
0.029375
0.027956667
0.026506667
0.0240425
0.019565
0.0129825
0.00544
-0.001795
-0.00844
-0.015935
-0.025466667
-0.036718333
-0.04836
-0.0592
-0.068393333
-0.07567
-0.082661667
-0.090778333
-0.10038
-0.110389167
-0.119926667
-0.1282875
-0.134306667
-0.138195
-0.14152
-0.144930833
-0.148656667
-0.15174
-0.153778333
-0.1546775
-0.15479
-0.153698333
-0.150431667
-0.1443675
-0.135166667
-0.122975
-0.10761
-0.088298333
-0.065313333
-0.0420575
-0.018768333
0.004486667
0.02821
0.0526525
0.077415
0.1007375
0.120176667
0.133090833
0.139865
0.142166667
0.14135
0.13839
0.133196667
0.125329167
0.11531
0.1053325
0.09752
0.0928625
0.090566667
0.089563333
0.089525
0.089623333
0.089686667
0.08994
0.090693333
0.091539167
0.09185
0.091198333
0.09008
0.089065
0.088983333
0.0907
0.09438
0.099600833
0.105513333
0.1110575
0.114913333
0.115743333
0.11198
0.1023825
0.087685
0.0710225
0.054496667
0.03787
0.02101
0.004124167
-0.012803333
-0.0298225
-0.047053333
-0.064716667
-0.08288
-0.100264167
-0.114618333
-0.1236925
-0.1279
-0.130845833
-0.13319
-0.1344375
-0.134186667
-0.13251
-0.129991667
-0.126064167
-0.11905
-0.107005833
-0.089341667
-0.069105
-0.049073333
-0.029948333
-0.01284
0.001985833
0.016043333
0.0328675
0.04982
0.06447
0.07524
0.080209167
0.08278
0.0843525
0.08604
0.088336667
0.09104
0.093804167
0.096476667
0.09883
0.100513333
0.1013275
0.10158
0.101639167
0.101666667
0.1013375
0.099443333
0.095323333
0.089485
0.08365
0.07971
0.0783225
0.078906667
0.0804275
0.08209
0.083276667
0.083673333
0.08306
0.081363333
0.078855833
0.075165
0.070218333
0.06399
0.05551
0.043135
0.027965
0.01238
-0.0035825
-0.019825
-0.035075
-0.047346667
-0.054625833
-0.05784
-0.060103333
-0.061853333
-0.0628125
-0.062718333
-0.061069167
-0.05716
-0.050511667
-0.041183333
-0.030915
-0.021553333
-0.0125975
-0.00352
0.005623333
0.014066667
0.0220325
0.030888333
0.0394975
0.04651
0.051281667
0.054565
0.057415
0.061203333
0.066575
0.07289
0.078760833
0.082726667
0.08428
0.08384
0.082393333
0.08195
0.083935833
0.088761667
0.096125
0.10468
0.111593333
0.113525
0.107974167
0.095236667
0.0788725
0.062591667
0.046538333
0.0305
0.0140575
-0.002951667
-0.0206225
-0.0385
-0.055171667
-0.068275
-0.075894167
-0.07918
-0.0815075
-0.083258333
-0.084320833
-0.08384
-0.080785833
-0.073711667
-0.0617675
-0.045993333
-0.031376667
-0.021735
-0.016364167
-0.013506667
-0.0124275
-0.012698333
-0.012974167
-0.01274
-0.012040833
-0.01148
-0.01192
-0.013456667
-0.015731667
-0.01803
-0.020131667
-0.02237
-0.025495
-0.029495
-0.033868333
-0.03754
-0.039975
-0.041603333
-0.043425
-0.046516667
-0.051190833
-0.05763
-0.066105833
-0.075856667
-0.085895
-0.095948333
-0.105785
-0.1141
-0.119395
-0.121793333
-0.12185
-0.119913333
-0.116641667
-0.112955
-0.1097275
-0.10735
-0.1062
-0.104623333
-0.0994825
-0.08732
-0.066364167
-0.041528333
-0.016895
0.00831
0.0343375
0.06033
0.083396667
0.099513333
0.1060775
0.106108333
0.101440833
0.09236
0.079463333
0.064645
0.0494825
0.034216667
0.019355833
0.004505
-0.010686667
-0.02649
-0.042985
-0.059483333
-0.074249167
-0.08555
-0.091415833
-0.09305
-0.09203
-0.08776
-0.080318333
-0.07053
-0.06074
-0.05301
-0.0475325
-0.043808333
-0.041619167
-0.04121
-0.042708333
-0.045005
-0.04768
-0.051323333
-0.055699167
-0.060265
-0.064375833
-0.067763333
-0.070065
-0.071285
-0.070503333
-0.06658
-0.058005833
-0.045066667
-0.03113
-0.021086667
-0.0143325
-0.009305
-0.004904167
-0.000643333
0.0036525
0.008055
0.01255
0.01758
0.02362
0.030966667
0.0394875
0.049386667
0.060774167
0.07218
0.0803175
0.083706667
0.0823475
0.076281667
0.066244167
0.0535
0.0396225
0.025683333
0.01183
-0.00232
-0.016948333
-0.031875
-0.047124167
-0.061653333
-0.073465
-0.080823333
-0.083675833
-0.08387
-0.081490833
-0.076036667
-0.0670425
-0.054166667
-0.038544167
-0.02217
-0.005388333
0.011566667
0.0256925
0.036038333
0.046259167
0.05706
0.06797
0.077506667
0.08546
0.092553333
0.098525833
0.103245
0.105790833
0.104573333
0.0984525
0.087505
0.0738625
0.0602
0.046474167
0.032416667
0.0176975
0.002853333
-0.010625833
-0.020605
-0.025850833
-0.02797
-0.0287625
-0.028655
-0.0279025
-0.02706
-0.025880833
-0.024226667
-0.0220275
-0.018886667
-0.015074167
-0.01118
-0.007655
-0.00469
-0.002585
-0.001288333
-0.0004875
0.00022
0.0003575
-0.000398333
-0.001665
-0.003386667
-0.004866667
-0.0061
-0.007155833
-0.008186667
-0.009155
-0.010991667
-0.014806667
-0.02052
-0.0276175
-0.035471667
-0.0439425
-0.052576667
-0.061166667
-0.068915
-0.075283333
-0.079856667
-0.082825
-0.08442
-0.084561667
-0.08329
-0.080526667
-0.076081667
-0.0700725
-0.06293
-0.055163333
-0.04747
-0.040725
-0.034636667
-0.028105
-0.020755
-0.012371667
-0.00222
0.010320833
0.024881667
0.0412975
0.058233333
0.0749975
0.090725
0.103754167
0.113373333
0.1198325
0.123508333
0.125449167
0.12643
0.126835
0.126573333
0.1244325
0.11964
0.111876667
0.10123
0.08871
0.07516
0.0612325
0.046886667
0.0322175
0.01806
0.005925833
-0.002548333
-0.0068875
-0.00822
-0.006285833
-0.002375
0.0023025
0.007276667
0.012035
0.015431667
0.016821667
0.01538
0.010651667
0.003498333
-0.00433
-0.0111
-0.015884167
-0.018605
-0.019891667
-0.020246667
-0.0199525
-0.019433333
-0.019071667
-0.01905
-0.019583333
-0.020596667
-0.021415
-0.021213333
-0.019333333
-0.01553
-0.009731667
-0.001826667
0.0078
0.018528333
0.030063333
0.04142
0.052065833
0.061298333
0.0683125
0.072916667
0.075815
0.07724
0.077388333
0.076616667
0.074905
0.07148
0.0656075
0.05726
0.047679167
0.038413333
0.0305325
0.023623333
0.017074167
0.01083
0.0051025
-0.000716667
-0.00661
-0.012468333
-0.018414167
-0.02409
-0.028944167
-0.033016667
-0.036345
-0.038783333
-0.040025833
-0.040525
-0.040825833
-0.041066667
-0.041275
-0.041248333
-0.041125833
-0.04097
-0.040689167
-0.039905
-0.0380675
-0.035186667
-0.030918333
-0.024975
-0.017335
-0.008526667
-0.0001275
0.00639
0.010539167
0.01259
0.012955833
0.012031667
0.01039
0.00819
0.005900833
0.003975
0.002981667
0.00379
0.0066725
0.01204
0.020021667
0.02966
0.0393
0.047583333
0.054605
0.060116667
0.0641025
0.06705
0.069291667
0.07142
0.0741375
0.077691667
0.0815925
0.08526
0.087814167
0.088388333
0.0858825
0.080303333
0.0715575
0.059245
0.045036667
0.030736667
0.01617
0.00124
-0.014125
-0.02902
-0.041968333
-0.051105
-0.0565725
-0.059726667
-0.061240833
-0.0611
-0.059989167
-0.058333333
-0.05606
-0.053351667
-0.0504875
-0.04742
-0.044520833
-0.041396667
-0.0380075
-0.03413
-0.029461667
-0.023945
-0.017880833
-0.01122
-0.004515
0.00155
0.006965
0.01144
0.014850833
0.016841667
0.0171325
0.016013333
0.013893333
0.010715
0.006375833
0.00075
-0.0062925
-0.014266667
-0.022220833
-0.03014
-0.037698333
-0.043663333
-0.04821
-0.051233333
-0.053776667
-0.055565
-0.056655833
-0.056903333
-0.0563725
-0.05527
-0.053926667
-0.05214
-0.04987
-0.04723
-0.04429
-0.041743333
-0.0397625
-0.038255
-0.037063333
-0.03585
-0.0347725
-0.034023333
-0.033530833
-0.03297
-0.032820833
-0.03298
-0.033455
-0.03472
-0.037031667
-0.0405
-0.044639167
-0.049133333
-0.053065
-0.055783333
-0.0570925
-0.05752
-0.057509167
-0.05713
-0.05633
-0.05508
-0.053541667
-0.05162
-0.049524167
-0.047516667
-0.0454875
-0.042908333
-0.039310833
-0.03435
-0.027716667
-0.019755
-0.0110375
-0.002956667
0.004074167
0.009965
0.015420833
0.02071
0.02564
0.030181667
0.034141667
0.03749
0.040813333
0.044693333
0.0494825
0.055266667
0.061384167
0.067025
0.07079
0.07112
0.067395
0.060648333
0.051621667
0.04209
0.033215
0.024575
0.01581
0.00678
-0.002554167
-0.011465
-0.019146667
-0.025106667
-0.030065
-0.0347
-0.038556667
-0.04133
-0.042973333
-0.043515
-0.04313
-0.041853333
-0.0398775
-0.037115
-0.0337675
-0.029786667
-0.0255
-0.020828333
-0.016431667
-0.01239
-0.008683333
-0.00455
3E-05
0.004953333
0.01014
0.01563
0.021144167
0.026143333
0.0306275
0.034385
0.037399167
0.03959
0.04129
0.04258
0.0428975
0.04174
0.038935833
0.0349
0.0296
0.022756667
0.013715
0.002201667
-0.010099167
-0.02087
-0.0289225
-0.034683333
-0.0386825
-0.04056
-0.040026667
-0.03672
-0.030255
-0.020716667
-0.008785
0.003193333
0.012775
0.01912
0.0231225
0.025296667
0.0252675
0.023223333
0.020091667
0.01661
0.012936667
0.009666667
0.0069075
0.004838333
0.0033725
0.00242
0.002109167
0.002591667
0.00354
0.004066667
0.0031675
0.00058
-0.003576667
-0.009416667
-0.0170325
-0.025986667
-0.035296667
-0.04367
-0.0496975
-0.052835
-0.051565
-0.04617
-0.0395275
-0.03336
-0.027819167
-0.024146667
-0.022485
-0.02161
-0.02087
-0.02021
-0.0195575
-0.018681667
-0.01763
-0.016573333
-0.0155
-0.014385
-0.013098333
-0.011716667
-0.0097575
-0.007068333
-0.003696667
0.00044
0.004831667
0.00894
0.012825
0.016453333
0.019511667
0.021925
0.024055
0.02602
0.0276725
0.028993333
0.029820833
0.03056
0.031463333
0.032521667
0.033555
0.034413333
0.034724167
0.034575
0.033921667
0.032546667
0.0306225
0.028163333
0.025001667
0.02144
0.017588333
0.01386
0.0105
0.007543333
0.005481667
0.00444
0.004588333
0.006113333
0.0087675
0.012463333
0.017305
0.02285
0.028101667
0.03245
0.035875
0.038076667
0.039349167
0.03957
0.038971667
0.037816667
0.036405
0.03507
0.0339125
0.0329
0.031945
0.031381667
0.03113
0.03149
0.032531667
0.033735
0.034841667
0.035826667
0.036825
0.037708333
0.038105833
0.03684
0.032669167
0.025108333
0.014655
0.00261
-0.008830833
-0.01987
-0.030205833
-0.038826667
-0.046275
-0.052536667
-0.057495833
-0.06178
-0.065398333
-0.067776667
-0.0680075
-0.06572
-0.0611
-0.054155
-0.045015833
-0.03449
-0.022975
-0.01167
-0.001188333
0.00728
0.0136175
0.017673333
0.019975
0.021123333
0.021035833
0.019905
0.017883333
0.014933333
0.011135
0.007165
0.003080833
-0.00073
-0.003884167
-0.00622
-0.0079425
-0.009286667
-0.01029
-0.011155
-0.0118475
-0.012146667
-0.01201
-0.011536667
-0.011185833
-0.01115
-0.01138
-0.012028333
-0.013105
-0.01437
-0.015486667
-0.016235
-0.017085833
-0.01795
-0.01878
-0.019765
-0.020455
-0.02084
-0.020554167
-0.01935
-0.017185
-0.014166667
-0.010008333
-0.00444
0.00239
0.010363333
0.0185125
0.026141667
0.032668333
0.03816
0.042550833
0.04604
0.0487375
0.050686667
0.051995833
0.05257
0.052205
0.050913333
0.0492
0.0476
0.045815
0.04393
0.042105833
0.03967
0.0359725
0.031416667
0.0268075
0.022395
0.018795
0.01595
0.0138325
0.012635
0.012361667
0.01232
0.012168333
0.01179
0.01104
0.009976667
0.008454167
0.006175
0.003055
-0.001013333
-0.00633
-0.012933333
-0.020339167
-0.02795
-0.035045833
-0.040988333
-0.04542
-0.04823
-0.0498
-0.05036
-0.050226667
-0.049506667
-0.048115
-0.046115
-0.043424167
-0.04013
-0.036243333
-0.031658333
-0.0263075
-0.019523333
-0.0108
-0.000555
0.0101275
0.020026667
0.02945
0.037405
0.043576667
0.04812
0.051635833
0.05436
0.05629
0.057233333
0.056818333
0.054595
0.0505025
0.044366667
0.0364325
0.027756667
0.019078333
0.01034
0.001834167
-0.006581667
-0.015345
-0.024703333
-0.033986667
-0.04266
-0.049958333
-0.05504
-0.0582675
-0.06066
-0.061879167
-0.0616
-0.059918333
-0.056551667
-0.0514
-0.044403333
-0.036593333
-0.02958
-0.02382
-0.01878
-0.0140225
-0.009725
-0.005955
-0.0029
-0.00047
0.001381667
0.0030675
0.00466
0.005933333
0.007065
0.008268333
0.00951
0.010995
0.012543333
0.014421667
0.01608
0.017530833
0.01882
0.0203175
0.022103333
0.024036667
0.02567
0.026996667
0.0281
0.02917
0.030313333
0.031465833
0.03207
0.032293333
0.032003333
0.031245
0.030113333
0.0288875
0.027565
0.026015
0.024256667
0.0226025
0.020911667
0.019651667
0.01887
0.018425
0.018331667
0.0184925
0.01919
0.0205875
0.02256
0.024703333
0.0267
0.02839
0.029158333
0.028209167
0.02573
0.021785
0.01662
0.01077
0.004173333
-0.002870833
-0.00998
-0.017226667
-0.024336667
-0.0306825
-0.035715
-0.03947
-0.04272
-0.0455575
-0.047776667
-0.049565
-0.05082
-0.051834167
-0.052505
-0.052866667
-0.052793333
-0.052215
-0.050785
-0.048378333
-0.04502
-0.040704167
-0.036021667
-0.031265
-0.026656667
-0.022298333
-0.018605
-0.015413333
-0.012903333
-0.0113775
-0.010826667
-0.011471667
-0.0131
-0.0153125
-0.017721667
-0.020125
-0.02232
-0.024424167
-0.026265
-0.027614167
-0.02821
-0.0277675
-0.026343333
-0.023853333
-0.0206
-0.016868333
-0.01283
-0.00918
-0.006363333
-0.004598333
-0.003805
-0.003749167
-0.004113333
-0.00509
-0.006556667
-0.00824
-0.01014
-0.011995
-0.013875
-0.0155975
-0.01717
-0.018368333
-0.01906
-0.018896667
-0.017776667
-0.015855
-0.012678333
-0.0079275
-0.00183
0.004986667
0.011351667
0.01655
0.02088
0.02432
0.02736
0.029818333
0.031753333
0.0333325
0.034336667
0.0349225
0.03502
0.034561667
0.033363333
0.0314825
0.029
0.0258475
0.022065
0.017871667
0.012863333
0.0073475
0.001555
-0.00412
-0.0093
-0.014045833
-0.019005
-0.02408
-0.02909
-0.033813333
-0.03772
-0.040859167
-0.043386667
-0.0455225
-0.046833333
-0.047439167
-0.04778
-0.047844167
-0.047688333
-0.0474175
-0.046356667
-0.044228333
-0.040965
-0.0363675
-0.030626667
-0.02444
-0.018768333
-0.013741667
-0.00952
-0.006899167
-0.005931667
-0.0068025
-0.00941
-0.013200833
-0.017205
-0.0210475
-0.02446
-0.0272325
-0.029216667
-0.030221667
-0.03035
-0.0296375
-0.02805
-0.0256
-0.022183333
-0.0181725
-0.01396
-0.010056667
-0.006876667
-0.00436
-0.002545
-0.0011275
-0.00048
-0.00076
-0.002028333
-0.0039475
-0.006533333
-0.0093425
-0.012195
-0.015105833
-0.017506667
-0.019435
-0.02103
-0.022094167
-0.02251
-0.02232
-0.021648333
-0.0204825
-0.019056667
-0.0174475
-0.015775
-0.013984167
-0.012123333
-0.010105
-0.007616667
-0.004488333
-0.0011
0.00245
0.005765
0.0083475
0.01055
0.012241667
0.013755
0.01523
0.016793333
0.018555
0.020891667
0.023824167
0.02734
0.0315
0.036041667
0.0406525
0.04469
0.048089167
0.051205
0.054255
0.056943333
0.05913
0.060958333
0.061835833
0.06174
0.060679167
0.059041667
0.056685
0.053633333
0.049634167
0.04495
0.040410833
0.036076667
0.0320375
0.0283
0.0249575
0.02159
0.017929167
0.014175
0.0103925
0.006783333
0.003109167
-0.00026
-0.0033675
-0.006426667
-0.00944
-0.012316667
-0.014711667
-0.01679
-0.018193333
-0.019133333
-0.01972
-0.020136667
-0.020425
-0.0203
-0.0197875
-0.01879
-0.0169875
-0.014628333
-0.0114575
-0.00733
-0.002599167
0.00253
0.00769
0.01308
0.018313333
0.023325
0.027761667
0.03116
0.0336125
0.035303333
0.03645
0.03725
0.037491667
0.037136667
0.0363275
0.035256667
0.033806667
0.03218
0.030373333
0.028646667
0.0268575
0.024993333
0.0231375
0.02129
0.0199
0.019016667
0.0185625
0.01863
0.019069167
0.019585
0.02019
0.02037
0.0201425
0.019673333
0.0195225
0.01958
0.019401667
0.018783333
0.0177025
0.01641
0.015093333
0.01389
0.0127675
0.011543333
0.0101975
0.009035
0.008085
0.00741
0.006668333
0.00594
0.0052525
0.004603333
0.003856667
0.002975
0.002326667
0.002016667
0.001935
0.00173
0.00147
0.00139
0.001520833
0.001836667
0.0024725
0.003503333
0.0046875
0.00598
0.007410833
0.008746667
0.009945
0.010791667
0.01102
0.01037
0.008494167
0.005903333
0.0028525
-0.000533333
-0.004010833
-0.007065
-0.0092425
-0.01023
-0.0099675
-0.008548333
-0.0059375
-0.00228
0.002791667
0.008715
0.014845
0.020506667
0.024980833
0.02779
0.028970833
0.028663333
0.0267475
0.023423333
0.019176667
0.01467
0.010215833
0.006416667
0.00352
0.00141
-0.000199167
-0.00148
-0.002393333
-0.00326
-0.00392
-0.004573333
-0.005149167
-0.0054
-0.005411667
-0.005453333
-0.005495
-0.005513333
-0.005445
-0.005275
-0.0051425
-0.005313333
-0.0060775
-0.007388333
-0.00894
-0.01042
-0.011683333
-0.01263
-0.01328
-0.013966667
-0.014318333
-0.014265
-0.013876667
-0.013026667
-0.0119375
-0.010858333
-0.009701667
-0.00832
-0.006845
-0.00555
-0.004525
-0.00376
-0.003146667
-0.002615
-0.002194167
-0.001646667
-0.00136
-0.001155
-0.000568333
0.0004
0.001540833
0.003156667
0.0049975
0.00718
0.009856667
0.012785
0.015429167
0.017946667
0.02006
0.021853333
0.023195
0.02397
0.0243325
0.02433
0.0242725
0.024136667
0.02376
0.023245
0.022550833
0.021683333
0.0207875
0.019643333
0.018145833
0.01614
0.013571667
0.01042
0.006645
0.002313333
-0.002548333
-0.007545
-0.012003333
-0.01566
-0.01871
-0.021016667
-0.0220775
-0.02192
-0.020838333
-0.018736667
-0.0157
-0.011836667
-0.0073975
-0.002755
0.0019025
0.006236667
0.01058
0.014556667
0.017999167
0.02083
0.023505
0.025801667
0.027685
0.029213333
0.03032
0.031235
0.031765
0.032126667
0.03218
0.031756667
0.0308325
0.0294
0.027324167
0.024515
0.0208425
0.016586667
0.0121175
0.00769
0.003655
0.000123333
-0.002815
-0.004723333
-0.006071667
-0.00682
-0.007120833
-0.00671
-0.0058775
-0.004576667
-0.002908333
-0.00071
0.001886667
0.0046
0.0070525
0.00918
0.011246667
0.01358
0.01611
0.018823333
0.021495
0.02386
0.0259
0.027785
0.029303333
0.030523333
0.0314025
0.032053333
0.032590833
0.03276
0.032515833
0.03214
0.031815
0.03132
0.0303825
0.029065
0.027341667
0.025343333
0.0233625
0.021445
0.019479167
0.01722
0.01446
0.010955
0.00688
0.002686667
-0.001393333
-0.00531
-0.008839167
-0.011893333
-0.0143225
-0.016441667
-0.018434167
-0.02026
-0.021971667
-0.023593333
-0.0252125
-0.02681
-0.028511667
-0.030205
-0.0317675
-0.033333333
-0.0348525
-0.036361667
-0.037938333
-0.03935
-0.040815
-0.042136667
-0.04329
-0.044336667
-0.04531
-0.04634
-0.0472825
-0.048033333
-0.0485525
-0.048511667
-0.048061667
-0.04742
-0.046760833
-0.045616667
-0.044225
-0.042753333
-0.040856667
-0.038875
-0.036734167
-0.034303333
-0.03162
-0.029065
-0.026874167
-0.02476
-0.022921667
-0.021326667
-0.02016
-0.019426667
-0.019011667
-0.01902
-0.019073333
-0.019133333
-0.019085
-0.018755
-0.018385
-0.01798
-0.017710833
-0.017513333
-0.0174
-0.01747
-0.0178125
-0.01854
-0.019486667
-0.02046
-0.0215675
-0.023061667
-0.0249675
-0.02747
-0.029986667
-0.032256667
-0.0341675
-0.036046667
-0.037834167
-0.039415
-0.0403625
-0.04071
-0.0401825
-0.038786667
-0.03666
-0.03378
-0.029943333
-0.02541
-0.0208475
-0.016586667
-0.012735
-0.009155
-0.006010833
-0.003576667
-0.001635
-0.000175
0.001101667
0.00232
0.0033825
0.004048333
0.0043925
0.00494
0.005615
0.00628
0.007075
0.007926667
0.0090675
0.010321667
0.0113875
0.0126
0.0139425
0.015365
0.0169575
0.018666667
0.020500833
0.02227
0.023910833
0.025556667
0.02732
0.028841667
0.030044167
0.03112
0.032141667
0.0328
0.0327875
0.032366667
0.0314375
0.0299
0.027615833
0.024373333
0.0198725
0.014475
0.0083425
0.002
-0.0043875
-0.009906667
-0.014075
-0.017503333
-0.019904167
-0.021555
-0.022156667
-0.021716667
-0.02055
-0.018543333
-0.015960833
-0.01264
-0.008594167
-0.004156667
0.00048
0.005246667
0.009731667
0.013635
0.017026667
0.019676667
0.02169
0.023096667
0.0238075
0.02404
0.023573333
0.022158333
0.01982
0.016576667
0.012605
0.008025
0.0035625
-0.00037
-0.0033175
-0.005433333
-0.007013333
-0.00778
-0.0076875
-0.006915
-0.005495
-0.003406667
-0.001071667
0.00119
0.003250833
0.00504
0.0063725
0.006976667
0.007010833
0.00687
0.006465833
0.005768333
0.00455
0.003006667
0.001111667
-0.00108
-0.003524167
-0.005936667
-0.008395
-0.010708333
-0.012189167
-0.01306
-0.013249167
-0.013101667
-0.012435
-0.01143
-0.010098333
-0.00853
-0.006946667
-0.00524
-0.0033125
-0.000983333
0.001290833
0.00323
0.005001667
0.006486667
0.007735
0.008656667
0.0090975
0.009105
0.008843333
0.00825
0.0071575
0.005783333
0.004080833
0.00258
0.001419167
0.000855
0.00116
0.002083333
0.003505833
0.005245
0.006858333
0.00834
0.00971
0.010575
0.010894167
0.01049
0.0094525
0.007521667
0.0048125
0.001206667
-0.003315
-0.008405
-0.013604167
-0.018826667
-0.0239425
-0.028833333
-0.032885833
-0.03632
-0.038950833
-0.040725
-0.0417525
-0.04222
-0.0423925
-0.0424
-0.0423475
-0.04248
-0.0427925
-0.04326
-0.0436475
-0.04388
-0.0439225
-0.043983333
-0.04399
-0.043806667
-0.043558333
-0.04324
-0.042656667
-0.04195
-0.0408425
-0.03941
-0.0378275
-0.03611
-0.034370833
-0.03255
-0.0305025
-0.028506667
-0.026656667
-0.02508
-0.023765833
-0.022856667
-0.0222675
-0.022026667
-0.021818333
-0.02183
-0.022034167
-0.022568333
-0.023795
-0.02555
-0.027648333
-0.03003
-0.032675
-0.035396667
-0.03802
-0.040496667
-0.042413333
-0.0436
-0.04368
-0.042593333
-0.040385
-0.037266667
-0.033255833
-0.028785
-0.0241225
-0.019563333
-0.0150175
-0.010331667
-0.005710833
-0.00119
0.002979167
0.0069
0.010355
0.013566667
0.016615
0.019565
0.022475833
0.02528
0.0278375
0.030131667
0.032030833
0.03324
0.033956667
0.034243333
0.034055
0.03322
0.0318025
0.02981
0.027403333
0.024476667
0.0212875
0.01846
0.016071667
0.01393
0.012300833
0.011521667
0.011375
0.011706667
0.012504167
0.01368
0.015194167
0.01702
0.019145
0.021533333
0.023990833
0.0263
0.028426667
0.030176667
0.031435
0.032296667
0.032608333
0.0325
0.031954167
0.031176667
0.0304125
0.029678333
0.029035833
0.02816
0.027161667
0.026211667
0.025295
0.0244
0.023586667
0.02311
0.02319
0.02368
0.024645
0.025963333
0.027773333
0.02988
0.031911667
0.033208333
0.0336425
0.033163333
0.032264167
0.03121
0.029693333
0.027856667
0.0256425
0.02313
0.020240833
0.01706
0.013614167
0.009938333
0.006445
0.00316
5.91667E-05
-0.002565
-0.004485
-0.005613333
-0.00587
-0.005468333
-0.004486667
-0.00311
-0.001079167
0.001405
0.00467
0.008556667
0.012806667
0.01757
0.022599167
0.027673333
0.032395
0.036763333
0.040719167
0.04416
0.046925
0.04907
0.0504725
0.051303333
0.051273333
0.050615
0.049120833
0.047016667
0.0443575
0.040913333
0.036868333
0.03254
0.028215
0.023825
0.019485
0.015106667
0.010774167
0.0066
0.002755833
-0.00073
-0.003845
-0.006758333
-0.00938
-0.0117
-0.013646667
-0.0152
-0.01656
-0.017783333
-0.018778333
-0.019755
-0.020405833
-0.02065
-0.0207625
-0.020926667
-0.021056667
-0.0209
-0.0205325
-0.020025
-0.01933
-0.018526667
-0.017118333
-0.015195
-0.013134167
-0.011016667
-0.008865
-0.006418333
-0.003733333
-0.00034
0.003276667
0.00651
0.0096825
0.01297
0.016103333
0.018735
0.020995
0.022806667
0.023925
0.024573333
0.024785
0.02476
0.02451
0.024196667
0.023865
0.02347
0.023049167
0.02274
0.022250833
0.021676667
0.0210925
0.02031
0.019341667
0.01822
0.01708
0.015745
0.0143475
0.013176667
0.012121667
0.01117
0.010355833
0.009446667
0.00877
0.008341667
0.008051667
0.00781
0.007539167
0.00722
0.00688
0.00656
0.00608
0.00563
0.00505
0.00403
0.00291
0.00188
0.000880833
0.00001
-0.000745833
-0.001436667
-0.001995
-0.00235
-0.002490833
-0.002235
-0.002058333
-0.0022
-0.002515
-0.003053333
-0.004036667
-0.00533
-0.006936667
-0.009001667
-0.011405
-0.0141
-0.017194167
-0.020955
-0.02493
-0.02841
-0.0312775
-0.03362
-0.03529
-0.03646
-0.037396667
-0.037931667
-0.03806
-0.03786
-0.0370325
-0.03567
-0.0337025
-0.031026667
-0.0282675
-0.025546667
-0.022876667
-0.01999
-0.016979167
-0.013956667
-0.0109025
-0.00783
-0.004781667
-0.001785
0.0010225
0.00358
0.0057825
0.007675
0.009203333
0.01051
0.011595
0.012571667
0.013695
0.01485
0.0159525
0.016915
0.017794167
0.018506667
0.01885
0.018903333
0.018484167
0.01775
0.016691667
0.0151
0.01315
0.01059
0.007285833
0.003685
0.000205833
-0.002866667
-0.005645
-0.0081
-0.010256667
-0.01233
-0.013915833
-0.014946667
-0.015665
-0.015843333
-0.015559167
-0.014815
-0.013893333
-0.012933333
-0.0120025
-0.011293333
-0.01055
-0.01006
-0.009650833
-0.00959
-0.00993
-0.010133333
-0.01008
-0.00963
-0.0091125
-0.00853
-0.0081475
-0.007656667
-0.0069875
-0.00613
-0.005245
-0.004068333
-0.0029525
-0.001963333
-0.000985833
0.00018
0.001320833
0.00234
0.0032825
0.004235
0.005021667
0.00565
0.006199167
0.006901667
0.00741
0.00803
0.008519167
0.009075
0.009871667
0.01045
0.0108075
0.011133333
0.011364167
0.01119
0.010755833
0.010155
0.009615
0.009296667
0.008934167
0.00832
0.0076425
0.007263333
0.0072325
0.00738
0.007603333
0.00763
0.007334167
0.006895
0.0064875
0.005943333
0.0051025
0.0041
0.0030375
0.002123333
0.001475
0.000961667
0.000499167
0.00014
-0.000190833
-0.000396667
-0.00066
-0.000993333
-0.001463333
-0.002245
-0.002879167
-0.002903333
-0.00244
-0.001891667
-0.001285833
-0.00035
0.000698333
0.00169
0.002815
0.004116667
0.005480833
0.006685
0.007561667
0.00818
0.0083525
0.00834
0.008349167
0.00842
0.0086125
0.008961667
0.0093375
0.0097
0.010143333
0.01064
0.011166667
0.011576667
0.0121325
0.012781667
0.013220833
0.01382
0.0142375
0.014465
0.0148
0.015003333
0.0148475
0.01438
0.013561667
0.012303333
0.01073
0.008825
0.006535
0.00398
0.0013225
-0.000851667
-0.002555
-0.004133333
-0.005835833
-0.007535
-0.009054167
-0.01036
-0.011275
-0.011861667
-0.012006667
-0.01197
-0.01179
-0.011456667
-0.010865
-0.010086667
-0.009459167
-0.00874
-0.008024167
-0.007696667
-0.0075825
-0.00746
-0.007429167
-0.00768
-0.0079875
-0.008431667
-0.0087075
-0.00873
-0.008468333
-0.00799
-0.007368333
-0.00639
-0.005005
-0.003368333
-0.001845833
-0.00049
0.0008125
0.002141667
0.003065
0.00336
0.00342
0.00371
0.003993333
0.00406
0.003205
0.001488333
-0.00079
-0.00267
-0.004878333
-0.007256667
-0.0094725
-0.010973333
-0.011675833
-0.01186
-0.011685
-0.01094
-0.00949
-0.007726667
-0.005654167
-0.00362
-0.001531667
0.000608333
0.002315
0.003716667
0.004719167
0.00548
0.0060925
0.006766667
0.0070375
0.007043333
0.006804167
0.00615
0.0051075
0.003743333
0.002325
0.00092
-0.000333333
-0.001455
-0.002679167
-0.004053333
-0.005475
-0.006806667
-0.008221667
-0.01004
-0.012336667
-0.015443333
-0.0190825
-0.02284
-0.026211667
-0.02938
-0.0324325
-0.03521
-0.0375475
-0.039051667
-0.0397975
-0.04017
-0.040388333
-0.040536667
-0.040315
-0.039413333
-0.038043333
-0.036255
-0.034168333
-0.031876667
-0.029195
-0.026393333
-0.023794167
-0.02105
-0.018326667
-0.015725
-0.0131925
-0.01083
-0.008474167
-0.00635
-0.004496667
-0.003183333
-0.002205
-0.00109
0.000144167
0.00099
0.001533333
0.001821667
0.001835
0.001676667
0.001468333
0.00138
0.001376667
0.001283333
0.00129
0.00129
0.001270833
0.00124
0.0011975
0.001135
0.0010975
0.000893333
0.000551667
0.000355
0.000125833
-0.00005
0.00005
0.000505
0.001106667
0.00185
0.002655833
0.003613333
0.00469
0.005956667
0.007358333
0.008565
0.0096475
0.010773333
0.0118175
0.012835
0.01363
0.01409
0.0142525
0.013976667
0.0135075
0.012976667
0.012209167
0.01138
0.010265833
0.008386667
0.0063025
0.00414
0.0018125
-0.00021
-0.00201
-0.003701667
-0.0050925
-0.006393333
-0.0076175
-0.00863
-0.009275833
-0.009553333
-0.0094375
-0.009093333
-0.0085825
-0.00765
-0.006374167
-0.004738333
-0.0032625
-0.001943333
-0.001215833
-0.0007
-0.000466667
-0.000256667
-0.0001375
-0.000206667
-0.000628333
-0.00149
-0.002508333
-0.003533333
-0.0046275
-0.005866667
-0.007151667
-0.008355
-0.009319167
-0.010143333
-0.010845
-0.011396667
-0.011785833
-0.01214
-0.012245833
-0.012168333
-0.012055
-0.01167
-0.010703333
-0.00947
-0.0079175
-0.006376667
-0.004865
-0.00312
-0.001190833
0.00089
0.002856667
0.004661667
0.0062075
0.007426667
0.008295
0.008655
0.008676667
0.00851
0.0082525
0.007508333
0.006088333
0.00387
0.001299167
-0.001538333
-0.004605
-0.007496667
-0.009836667
-0.011575
-0.012673333
-0.0134
-0.0137925
-0.013968333
-0.01403
-0.01401
-0.013850833
-0.013196667
-0.0119225
-0.00983
-0.007305833
-0.004385
-0.001329167
0.00192
0.00532
0.008751667
0.011946667
0.01479
0.017285
0.019308333
0.0208525
0.021916667
0.02268
0.02317
0.023670833
0.02386
0.023745
0.023376667
0.022775833
0.02211
0.02126
0.020621667
0.020095
0.019316667
0.018288333
0.017405
0.016685
0.01608
0.015455
0.01494
0.0142225
0.0134
0.012889167
0.012403333
0.011915
0.011163333
0.010306667
0.00939
0.008500833
0.007493333
0.0062975
0.005006667
0.003675833
0.00227
0.0008625
-0.000218333
-0.000825
-0.000956667
-0.000775
-0.000425
-0.000200833
-0.000136667
0.00014
0.000735
0.001415
0.00186
0.002353333
0.002695
0.002935
0.00315
0.003225
0.002885
0.002439167
0.001986667
0.00152
0.00128
0.00108
0.00082
0.00076
0.000791667
0.0011575
0.001643333
0.002170833
0.00276
0.003405833
0.003696667
0.0036125
0.003141667
0.002385833
0.00113
0.0002
-0.000133333
-0.000125
0.000143333
0.000910833
0.002205
0.003800833
0.005573333
0.0075575
0.009506667
0.011426667
0.013
0.014339167
0.015526667
0.016645
0.01778
0.0187575
0.01953
0.020045
0.020306667
0.0202625
0.01962
0.01832
0.01652
0.014249167
0.011648333
0.00906
0.006896667
0.005095
0.003655
0.00275
0.00193
0.000825
-0.000586667
-0.001965
-0.00334
-0.00478
-0.00629
-0.007855
-0.009103333
-0.009965833
-0.01011
-0.009679167
-0.008706667
-0.0071425
-0.004645
-0.0013875
0.0025
0.00676
0.010775
0.0142025
0.017153333
0.019548333
0.02123
0.022394167
0.023106667
0.0233975
0.023381667
0.023049167
0.02235
0.02118
0.019548333
0.0176825
0.015946667
0.014209167
0.01235
0.010326667
0.008183333
0.0057775
0.003091667
0.000196667
-0.00274
-0.005806667
-0.0087
-0.0110825
-0.013073333
-0.014666667
-0.01591
-0.016681667
-0.017056667
-0.01709
-0.016913333
-0.01663
-0.01638
-0.016313333
-0.016056667
-0.0157025
-0.0152
-0.014795
-0.01436
-0.0138025
-0.013143333
-0.0122575
-0.011378333
-0.0103225
-0.00929
-0.007986667
-0.006703333
-0.005485
-0.00412
-0.002613333
-0.001025
0.000514167
0.001886667
0.00295
0.003606667
0.003989167
0.00406
0.004006667
0.003593333
0.0028325
0.002
0.001028333
0.000115
-0.000484167
-0.000963333
-0.0011425
-0.001048333
-0.000919167
-0.00077
-0.0004375
-9.83333E-05
0.000405
0.000796667
0.001066667
0.001375
0.001471667
0.001463333
0.0012575
0.00075
3.91667E-05
-0.00053
-0.001180833
-0.001508333
-0.001435
-0.001136667
-0.000558333
0.000135
0.000791667
0.001713333
0.0024975
0.003026667
0.003745833
0.00482
0.005754167
0.006655
0.00761
0.008536667
0.0095
0.010635
0.01193
0.013083333
0.0140525
0.01484
0.015635833
0.01643
0.016998333
0.017273333
0.0170075
0.016406667
0.015766667
0.01508
0.014311667
0.013556667
0.01267
0.011848333
0.01108
0.01052
0.010269167
0.010245
0.0101925
0.010133333
0.0101325
0.01026
0.010511667
0.01073
0.01051
0.009625
0.00818
0.00641
0.004364167
0.001776667
-0.00128
-0.004346667
-0.0072925
-0.009915
-0.012094167
-0.013993333
-0.01587
-0.017775
-0.019600833
-0.02103
-0.0221225
-0.022843333
-0.023195
-0.023166667
-0.022884167
-0.022215
-0.021309167
-0.020356667
-0.019265
-0.018291667
-0.017359167
-0.01643
-0.0152875
-0.013986667
-0.012635
-0.010943333
-0.0091
-0.007015
-0.004886667
-0.00267
-0.00036
0.002016667
0.004376667
0.00654
0.008413333
0.009871667
0.0109225
0.011573333
0.011851667
0.011935
0.011623333
0.010826667
0.009645
0.008101667
0.00622
0.00395
0.001536667
-0.000678333
-0.00259
-0.004303333
-0.005746667
-0.007075
-0.008088333
-0.008616667
-0.00877
-0.008713333
-0.008216667
-0.0074
-0.006168333
-0.004555
-0.0025225
-0.000323333
0.002105833
0.004595
0.007018333
0.009396667
0.0114675
0.013491667
0.015100833
0.01659
0.017858333
0.018736667
0.0192125
0.01916
0.0184925
0.017405
0.015575833
0.012996667
0.00985
0.00628
0.0024375
-0.00142
-0.004783333
-0.007741667
-0.0103675
-0.012733333
-0.01451
-0.015765
-0.0167725
-0.017573333
-0.0182275
-0.018781667
-0.019063333
-0.01911
-0.018969167
-0.018608333
-0.01817
-0.017726667
-0.017523333
-0.01736
-0.0172975
-0.017503333
-0.018115
-0.01914
-0.0202725
-0.02161
-0.023035
-0.024733333
-0.0262875
-0.02765
-0.028545833
-0.029175
-0.029821667
-0.030643333
-0.031545
-0.032715
-0.033801667
-0.03442
-0.034583333
-0.034461667
-0.0345475
-0.03458
-0.034101667
-0.032955
-0.0312175
-0.029046667
-0.02643
-0.023668333
-0.020978333
-0.01828
-0.015944167
-0.0138
-0.01152
-0.009296667
-0.0072
-0.005205
-0.0034275
-0.001763333
-0.0000925
0.001746667
0.00374
0.00554
0.007116667
0.008546667
0.00995
0.011676667
0.013436667
0.014835
0.016068333
0.01735
0.01863
0.020141667
0.021685833
0.02358
0.025650833
0.02797
0.0303625
0.032523333
0.034458333
0.03613
0.037575
0.03882
0.0397625
0.040213333
0.040375
0.04033
0.0402475
0.039983333
0.0395375
0.038863333
0.037995833
0.03658
0.034295833
0.031213333
0.027565
0.02333
0.0185925
0.01343
0.008071667
0.002676667
-0.0026
-0.00747
-0.011960833
-0.0161
-0.019878333
-0.02375
-0.02738
-0.030665
-0.033541667
-0.03613
-0.038330833
-0.040265
-0.0419
-0.043406667
-0.044529167
-0.045285
-0.0456125
-0.04569
-0.04576
-0.045853333
-0.045870833
-0.0457
-0.045200833
-0.044416667
-0.0436975
-0.0427
-0.041345833
-0.03975
-0.037993333
-0.036063333
-0.033905
-0.03169
-0.029309167
-0.02656
-0.023609167
-0.020761667
-0.017925
-0.01509
-0.0119525
-0.00848
-0.004773333
-0.000703333
0.0032825
0.007148333
0.011290833
0.01525
0.018678333
0.02184
0.02464
0.026963333
0.0292725
0.031325
0.0328625
0.034293333
0.035495
0.036866667
0.0382825
0.03961
0.0405575
0.040755
0.040105
0.038646667
0.0365575
0.034135
0.031338333
0.0283
0.0254
0.022666667
0.020078333
0.01818
0.016571667
0.01505
0.013195
0.011393333
0.009540833
0.00773
0.005950833
0.004006667
0.001935
-0.00047
-0.003311667
-0.00629
-0.008940833
-0.011263333
-0.0131675
-0.01515
-0.017290833
-0.019415
-0.021353333
-0.022913333
-0.0239525
-0.024776667
-0.025723333
-0.02655
-0.0270375
-0.02708
-0.0263825
-0.02477
-0.0220275
-0.01837
-0.0142175
-0.00957
-0.00527
-0.001358333
0.001851667
0.00414
0.006036667
0.007636667
0.009165
0.010793333
0.012454167
0.01429
0.016245
0.01809
0.019845
0.021546667
0.022954167
0.02419
0.025246667
0.02611
0.0267
0.026913333
0.026805
0.02634
0.025255833
0.02342
0.02071
0.01736
0.013689167
0.00996
0.0063175
0.002851667
-0.000635
-0.004033333
-0.00699
-0.009445
-0.011111667
-0.012056667
-0.0122025
-0.011588333
-0.010433333
-0.00886
-0.006843333
-0.004666667
-0.0023725
-0.000233333
0.001783333
0.003575
0.005080833
0.006226667
0.0070925
0.007651667
0.007903333
0.00767
0.006976667
0.005825
0.0045525
0.00341
0.002580833
0.001905
0.001389167
0.001013333
0.001
0.00149
0.0023525
0.00337
0.004458333
0.005318333
0.00602
0.006593333
0.007226667
0.007805
0.008436667
0.008893333
0.0089325
0.008903333
0.008861667
0.00885
0.008938333
0.009211667
0.0096425
0.009976667
0.009944167
0.009545
0.008930833
0.008336667
0.0077425
0.007111667
0.006743333
0.00646
0.006111667
0.00601
0.006015
0.006063333
0.0061325
0.006165
0.006041667
0.005966667
0.0059
0.005853333
0.005934167
0.00629
0.007005
0.007803333
0.00839
0.00892
0.0089775
0.008805
0.0083075
0.00744
0.0060625
0.004333333
0.002475833
0.00069
-0.0006425
-0.00159
-0.0024125
-0.003043333
-0.003476667
-0.003635
-0.0036175
-0.00363
-0.0038425
-0.004415
-0.005464167
-0.00713
-0.00961
-0.012866667
-0.0167825
-0.021226667
-0.026050833
-0.030575
-0.034374167
-0.03727
-0.0393375
-0.040791667
-0.041775833
-0.04236
-0.042296667
-0.041571667
-0.0405325
-0.03903
-0.037123333
-0.03504
-0.032928333
-0.030746667
-0.0283775
-0.02582
-0.023346667
-0.02083
-0.018216667
-0.015665
-0.0130125
-0.010226667
-0.007071667
-0.003855
-0.000528333
0.002713333
0.005705
0.00835
0.010434167
0.0121
0.013413333
0.014288333
0.0147
0.014756667
0.014644167
0.01428
0.013710833
0.01335
0.01339
0.013438333
0.013365
0.0131
0.0126075
0.012106667
0.01188
0.01169
0.011168333
0.010355
0.009356667
0.008183333
0.00707
0.006058333
0.005118333
0.00433
0.003580833
0.002883333
0.00204
0.00098
-2.41667E-05
-0.00084
-0.001620833
-0.00259
-0.0035775
-0.004135
-0.004441667
-0.0046
-0.004840833
-0.00485
-0.0048475
-0.004836667
-0.004848333
-0.00494
-0.005171667
-0.005496667
-0.00569
-0.005755
-0.00578
-0.00584
-0.006036667
-0.00646
-0.00692
-0.007593333
-0.0084425
-0.00915
-0.009816667
-0.010323333
-0.0107675
-0.01096
-0.010733333
-0.01031
-0.009544167
-0.008486667
-0.00727
-0.00648
-0.00601
-0.005805
-0.0056525
-0.005626667
-0.00572
-0.006046667
-0.006624167
-0.00751
-0.008361667
-0.00921
-0.0099175
-0.010313333
-0.010559167
-0.010875
-0.011074167
-0.011263333
-0.01168
-0.012348333
-0.013214167
-0.01426
-0.0154375
-0.016723333
-0.0183225
-0.020073333
-0.021898333
-0.023465
-0.0245175
-0.025043333
-0.025025
-0.024046667
-0.0220325
-0.01888
-0.014915833
-0.010118333
-0.005025
-0.000426667
0.003505833
0.006595
0.008993333
0.010716667
0.0119275
0.012583333
0.0131275
0.01352
0.0132275
0.012281667
0.0107475
0.00887
0.006695833
0.00441
0.0019275
-0.000366667
-0.002495
-0.00431
-0.005281667
-0.0055
-0.004745
-0.003103333
-0.0009925
0.001156667
0.00346
0.005535
0.0073425
0.008983333
0.010405
0.011558333
0.012468333
0.01306
0.013680833
0.014081667
0.01459
0.01536
0.016290833
0.016945
0.017229167
0.017176667
0.017115
0.017288333
0.017180833
0.01651
0.015551667
0.01434
0.013005
0.01148
0.0100025
0.00862
0.007324167
0.006033333
0.0045825
0.00303
0.00148
0.00023
-0.0006925
-0.001458333
-0.00212
-0.002633333
-0.003033333
-0.003485
-0.003708333
-0.003573333
-0.00323
-0.00259
-0.002020833
-0.00153
-0.000881667
-0.000256667
0.00037
0.00135
0.002334167
0.00287
0.00303
0.003043333
0.0030925
0.003155
0.003161667
0.00301
0.0026075
0.002038333
0.0016575
0.00126
0.000500833
-0.00039
-0.0012575
-0.00185
-0.0021975
-0.002451667
-0.002474167
-0.00239
-0.001991667
-0.00142
-0.0007575
2.66667E-05
0.00081
0.001655
0.002405
0.002953333
0.0030975
0.003256667
0.003376667
0.00321
0.002766667
0.001741667
0.0003225
-0.001156667
-0.002288333
-0.00336
-0.0041875
-0.00469
-0.00483
-0.004568333
-0.003958333
-0.00284
-0.000893333
0.001436667
0.004245
0.00715
0.010179167
0.013265
0.016320833
0.01909
0.021635
0.023921667
0.0256375
0.02708
0.02817
0.028793333
0.0292
0.029403333
0.029364167
0.02886
0.027823333
0.026013333
0.0236175
0.020566667
0.0169125
0.01276
0.008406667
0.003736667
-0.0008125
-0.005086667
-0.008959167
-0.01231
-0.0151
-0.017286667
-0.018955
-0.020008333
-0.020649167
-0.02086
-0.0206825
-0.020098333
-0.01906
-0.017473333
-0.015669167
-0.013715
-0.011496667
-0.009086667
-0.00656
-0.003673333
-0.000499167
0.00286
0.006349167
0.009855
0.0130575
0.016136667
0.018934167
0.02111
0.022493333
0.023203333
0.0231975
0.022555
0.021745
0.02018
0.018171667
0.015838333
0.0133925
0.010753333
0.008344167
0.00611
0.0037775
0.00126
-0.0015375
-0.004113333
-0.006225
-0.00809
-0.009791667
-0.011368333
-0.0131
-0.01464
-0.016076667
-0.017275
-0.018199167
-0.018943333
-0.01946
-0.019785
-0.019774167
-0.01959
-0.0194
-0.019055
-0.0184125
-0.017693333
-0.0169375
-0.016055
-0.014879167
-0.013073333
-0.01085
-0.008301667
-0.00561
-0.00272
0.0002
0.003268333
0.0066675
0.010226667
0.0136575
0.01703
0.020055
0.022683333
0.02474
0.026321667
0.027528333
0.02829
0.02843
0.028215
0.0275175
0.02656
0.02536
0.023655
0.021425833
0.019093333
0.0168325
0.014838333
0.013055833
0.01164
0.010751667
0.01039
0.010325
0.01042
0.010545833
0.01086
0.011225833
0.01129
0.0110325
0.010178333
0.008571667
0.00632
0.0033075
-0.0006
-0.0052625
-0.010163333
-0.015025
-0.01989
-0.024696667
-0.029003333
-0.0322825
-0.034936667
-0.036935
-0.03825
-0.038848333
-0.038715
-0.0382875
-0.037543333
-0.036155
-0.034145
-0.032
-0.029713333
-0.027245
-0.02478
-0.0224525
-0.02028
-0.018393333
-0.016463333
-0.0143525
-0.011823333
-0.009030833
-0.006155
-0.003584167
-0.001256667
0.0007425
0.0024
0.003846667
0.00503
0.0060125
0.006835
0.0077575
0.00847
0.008970833
0.009195
0.00927
0.009276667
0.0092
0.008923333
0.00822
0.00728
0.006314167
0.005173333
0.0042075
0.003423333
0.002814167
0.002335
0.002204167
0.002643333
0.003345
0.004045
0.004818333
0.00577
0.006943333
0.008425
0.01013
0.01187
0.013416667
0.014655
0.015661667
0.016796667
0.01781
0.01845
0.0189075
0.01858
0.017716667
0.016475
0.014645
0.012053333
0.009135833
0.00596
0.002315
-0.001493333
-0.004965
-0.00781
-0.010293333
-0.01239
-0.014181667
-0.015521667
-0.016435
-0.016916667
-0.0171275
-0.017085
-0.0166925
-0.01598
-0.0151375
-0.014208333
-0.013258333
-0.01219
-0.01089
-0.009318333
-0.007535
-0.005683333
-0.0038475
-0.002025
-0.000366667
0.001263333
0.0025275
0.003138333
0.003380833
0.00347
0.003029167
0.002178333
0.000915
-0.00054
-0.002298333
-0.004005
-0.005350833
-0.006453333
-0.00724
-0.007678333
-0.007776667
-0.00779
-0.007571667
-0.006971667
-0.0060675
-0.005043333
-0.003645
-0.00198
-0.0002975
0.00158
0.00347
0.005413333
0.0074975
0.00967
0.011895833
0.014333333
0.016745
0.018966667
0.021068333
0.023035
0.024803333
0.02624
0.0273275
0.02832
0.029256667
0.0299
0.030494167
0.030725
0.030185
0.028703333
0.0261875
0.02257
0.01824
0.01384
0.0096925
0.00603
0.002949167
0.00014
-0.002530833
-0.004938333
-0.00696
-0.00876
-0.010240833
-0.011425
-0.012199167
-0.012763333
-0.0133725
-0.013955
-0.014308333
-0.01446
-0.014665833
-0.014721667
-0.014295
-0.013323333
-0.011886667
-0.0097
-0.006765833
-0.003303333
0.000595
0.004545
0.008046667
0.01091
0.012980833
0.014276667
0.0146575
0.01394
0.0122375
0.009725
0.006579167
0.002863333
-0.00096
-0.004676667
-0.008021667
-0.01106
-0.013636667
-0.015835
-0.01729
-0.018446667
-0.0193075
-0.019875
-0.020036667
-0.0198
-0.019225
-0.018193333
-0.016556667
-0.01408
-0.010776667
-0.006653333
-0.002025
0.00267
0.0070275
0.0106
0.01372
0.016396667
0.0184025
0.019596667
0.020315
0.0206
0.0206875
0.020536667
0.020265
0.019696667
0.018949167
0.01798
0.016795
0.0158
0.01479
0.013673333
0.012324167
0.01117
0.0102025
0.009066667
0.0075025
0.00598
0.004305
0.00263
0.0008425
-0.000873333
-0.0022875
-0.003676667
-0.005235833
-0.00675
-0.0080425
-0.009393333
-0.01054
-0.01151
-0.01229
-0.01265
-0.012854167
-0.013153333
-0.01347
-0.013385
-0.012798333
-0.01189
-0.01079
-0.009528333
-0.00803
-0.006493333
-0.0049025
-0.00304
-0.001209167
0.000346667
0.0016775
0.003063333
0.00416
0.00532
0.006326667
0.007208333
0.0079775
0.008473333
0.0088375
0.00943
0.010236667
0.011053333
0.011815
0.012496667
0.013381667
0.01414
0.0147
0.015108333
0.0150725
0.014656667
0.01365
0.01211
0.009875
0.007153333
0.0039125
0.000388333
-0.003208333
-0.00639
-0.009426667
-0.012206667
-0.014455
-0.016163333
-0.017515
-0.018585
-0.019595833
-0.020556667
-0.021245
-0.021646667
-0.021681667
-0.02144
-0.02076
-0.019666667
-0.0184225
-0.017126667
-0.015255833
-0.01268
-0.009615
-0.005966667
-0.0019325
0.001883333
0.005314167
0.00839
0.010954167
0.012795
0.0139075
0.014503333
0.014658333
0.01444
0.013355833
0.011426667
0.008685
0.005556667
0.0023875
-0.00086
-0.003390833
-0.005
-0.0062025
-0.00696
-0.0073075
-0.007285
-0.006891667
-0.006443333
-0.0059975
-0.005181667
-0.003914167
-0.00244
-0.0011
0.000451667
0.00216
0.003983333
0.005784167
0.007765
0.009794167
0.011593333
0.0133975
0.015186667
0.016865833
0.01857
0.020021667
0.021203333
0.02198
0.02248
0.022696667
0.022705
0.022355833
0.021753333
0.02073
0.019378333
0.018015
0.0165
0.014493333
0.012101667
0.0097475
0.007223333
0.004489167
0.001485
-0.001685
-0.0046
-0.0072225
-0.009536667
-0.011195
-0.01226
-0.012975
-0.013275
-0.013125
-0.012516667
-0.011636667
-0.010475
-0.009105833
-0.007443333
-0.0056825
-0.00386
-0.0018325
-1E-05
0.001785833
0.003411667
0.0048025
0.006363333
0.007914167
0.00938
0.0106825
0.011763333
0.0123925
0.012496667
0.012329167
0.0118
0.0110925
0.009765
0.0081375
0.006453333
0.00455
0.002575
0.000888333
-0.0005
-0.001555
-0.002545
-0.003401667
-0.00394
-0.0040025
-0.004076667
-0.0041325
-0.00411
-0.0041875
-0.004405
-0.004628333
-0.004963333
-0.0055
-0.006283333
-0.007305833
-0.00862
-0.01006
-0.0112
-0.01194
-0.012223333
-0.01231
-0.012305
-0.011993333
-0.01138
-0.01059
-0.009875
-0.00912
-0.00857
-0.007956667
-0.007036667
-0.0060775
-0.00514
-0.003853333
-0.00253
-0.00112
0.000423333
0.0016225
0.002275
0.002590833
0.00294
0.0032325
0.00324
0.0030225
0.002486667
0.001725833
0.000835
-0.0004075
-0.001716667
-0.0028325
-0.003806667
-0.004663333
-0.00575
-0.007436667
-0.009513333
-0.0120275
-0.01512
-0.018338333
-0.02127
-0.02416
-0.026886667
-0.029205
-0.030703333
-0.031535
-0.03169
-0.0311775
-0.030493333
-0.0292475
-0.027246667
-0.024510833
-0.021115
-0.017043333
-0.01241
-0.00765
-0.00303
0.001213333
0.00479
0.007904167
0.011101667
0.01445
0.01764
0.020610833
0.02327
0.025533333
0.027476667
0.02896
0.029716667
0.029973333
0.02972
0.0289075
0.027486667
0.02565
0.02373
0.022061667
0.02071
0.019805833
0.01922
0.0185575
0.017428333
0.015990833
0.01381
0.010968333
0.007588333
0.0040525
0.000713333
-0.0022325
-0.004565
-0.006106667
-0.006853333
-0.0071375
-0.007123333
-0.006965833
-0.00672
-0.007033333
-0.008078333
-0.0096525
-0.011153333
-0.012463333
-0.013325
-0.013386667
-0.01266
-0.0110825
-0.00868
-0.006379167
-0.00437
-0.002909167
-0.001968333
-0.0014475
-0.00135
-0.001625
-0.002055
-0.002440833
-0.002803333
-0.0032125
-0.003648333
-0.004053333
-0.00455
-0.0046825
-0.004436667
-0.0039475
-0.003376667
-0.002981667
-0.002695
-0.002609167
-0.002823333
-0.0031975
-0.003591667
-0.004059167
-0.00446
-0.004688333
-0.004593333
-0.0042825
-0.003693333
-0.002916667
-0.001835
-0.000401667
0.001273333
0.00313
0.005265
0.00739
0.00909
0.010764167
0.012326667
0.0136325
0.014496667
0.015159167
0.01557
0.015805833
0.015613333
0.01482
0.013275
0.010931667
0.00808
0.004604167
0.000653333
-0.0031175
-0.006603333
-0.009845833
-0.01305
-0.016205
-0.019423333
-0.022235
-0.024358333
-0.025940833
-0.027
-0.027595833
-0.027888333
-0.027715
-0.027
-0.0256125
-0.02369
-0.021185
-0.01792
-0.013995
-0.009418333
-0.004359167
0.00078
0.005710833
0.010001667
0.0136975
0.016523333
0.018245
0.01907
0.019014167
0.01849
0.017445
0.016121667
0.014349167
0.01228
0.009965833
0.00767
0.0054025
0.003376667
0.001585833
0.000155
-0.000988333
-0.00169
-0.00211
-0.002406667
-0.002288333
-0.00189
-0.001309167
-0.000716667
-0.00007
0.000593333
0.00138
0.002205
0.0032675
0.004406667
0.00576
0.007551667
0.009673333
0.01176
0.013831667
0.015785
0.0174475
0.018556667
0.019036667
0.0188
0.017754167
0.015923333
0.0134475
0.010236667
0.006673333
0.00311
-0.000579167
-0.003918333
-0.0067675
-0.008853333
-0.010379167
-0.01127
-0.011320833
-0.010553333
-0.009455
-0.007926667
-0.00618
-0.00462
-0.0031975
-0.00228
-0.00181
-0.00174
-0.001726667
-0.001925
-0.002474167
-0.003316667
-0.004415
-0.00576
-0.007015
-0.00808
-0.009005
-0.009738333
-0.0103075
-0.01089
-0.011415
-0.01182
-0.012251667
-0.01296
-0.01387
-0.014821667
-0.015496667
-0.01569
-0.015630833
-0.01544
-0.015095
-0.014466667
-0.013743333
-0.012935
-0.011941667
-0.010733333
-0.009525
-0.0083
-0.007100833
-0.00583
-0.0044725
-0.003055
-0.0018
-0.00066
0.000500833
0.00151
0.002384167
0.002963333
0.00319
0.002885
0.002104167
0.00134
0.000521667
-0.00024
-0.0013275
-0.002563333
-0.003938333
-0.004965
-0.005735833
-0.00645
-0.0070025
-0.007293333
-0.007348333
-0.00741
-0.007439167
-0.007376667
-0.0071625
-0.00685
-0.006678333
-0.00677
-0.006985833
-0.00729
-0.007445
-0.00746
-0.007404167
-0.00716
-0.006610833
-0.005831667
-0.004735
-0.00329
-0.002100833
-0.001405
-0.00088
-0.00055
-0.0006725
-0.001065
-0.0017225
-0.00256
-0.003670833
-0.004665
-0.0056275
-0.006516667
-0.007335833
-0.00782
-0.007971667
-0.008076667
-0.00801
-0.007773333
-0.007406667
-0.00675
-0.00582
-0.004725
-0.00312
-0.00116
0.001013333
0.003565
0.006284167
0.009006667
0.01186
0.014531667
0.0171775
0.01958
0.021500833
0.02321
0.02493
0.026263333
0.027313333
0.028085
0.028674167
0.02904
0.0285125
0.026926667
0.024446667
0.02109
0.017055833
0.01267
0.0081575
0.003813333
-0.000106667
-0.00343
-0.0060325
-0.007923333
-0.0091575
-0.009995
-0.010646667
-0.01091
-0.010726667
-0.010458333
-0.00997
-0.008966667
-0.007570833
-0.006015
-0.0040925
-0.002026667
8.5E-05
0.002145
0.0039925
0.00553
0.006753333
0.007838333
0.0088225
0.009503333
0.009979167
0.010355
0.0108475
0.01153
0.012195
0.012848333
0.013304167
0.01387
0.014415833
0.014401667
0.0140675
0.013443333
0.012660833
0.011665
0.0103775
0.00891
0.00732
0.0057
0.004294167
0.00293
0.00144
-0.00003
-0.001155
-0.001853333
-0.002578333
-0.003325
-0.0040125
-0.00464
-0.0052575
-0.005958333
-0.0064775
-0.00716
-0.007751667
-0.008326667
-0.0088125
-0.00908
-0.009171667
-0.00908
-0.008651667
-0.00756
-0.0059525
-0.003951667
-0.001559167
0.00102
0.003635833
0.005848333
0.007605
0.009013333
0.0101625
0.01115
0.012145
0.01315
0.0140625
0.014746667
0.0151925
0.01561
0.015753333
0.015508333
0.015065
0.0143
0.012994167
0.011335
0.00952
0.00767
0.005995
0.004338333
0.002505
0.00066
-0.000798333
-0.001973333
-0.00331
-0.00458
-0.005645833
-0.00659
-0.007345
-0.007903333
-0.0082925
-0.008606667
-0.008701667
-0.0086
-0.008366667
-0.008045
-0.007595
-0.006736667
-0.005689167
-0.004435
-0.002905833
-0.001213333
0.00039
0.002151667
0.003809167
0.00526
0.006770833
0.008278333
0.00984
0.011156667
0.012293333
0.013015
0.013461667
0.01375
0.01417
0.014398333
0.014490833
0.01437
0.014128333
0.013795
0.013175
0.01224
0.011234167
0.010235
0.00897
0.007253333
0.00516
0.002653333
0.00031
-0.00159
-0.003371667
-0.005118333
-0.0066225
-0.007616667
-0.008189167
-0.00838
-0.008184167
-0.00783
-0.007435
-0.007241667
-0.006964167
-0.00646
-0.0055575
-0.004433333
-0.0030425
-0.001596667
8.83333E-05
0.00205
0.0041675
0.006176667
0.00805
0.009911667
0.0114775
0.01307
0.0142675
0.015088333
0.0156075
0.01584
0.015920833
0.01602
0.0160425
0.015806667
0.0151175
0.014006667
0.012541667
0.01089
0.009035
0.00685
0.0046675
0.002626667
0.000589167
-0.00156
-0.003823333
-0.00597
-0.007885
-0.009658333
-0.011345
-0.01264
-0.01366
-0.014555
-0.015165
-0.015466667
-0.01575
-0.015805
-0.015765
-0.015576667
-0.0150575
-0.014148333
-0.013101667
-0.01197
-0.010766667
-0.0095
-0.0082325
-0.006926667
-0.005813333
-0.004825
-0.004019167
-0.003506667
-0.00322
-0.00292
-0.002555833
-0.00207
-0.0017425
-0.00157
-0.001185
-0.00044
0.000348333
0.000705
0.000716667
0.000543333
0.00013
-0.000461667
-0.001026667
-0.00167
-0.002528333
-0.003501667
-0.00444
-0.005193333
-0.005633333
-0.00568
-0.005691667
-0.005733333
-0.0057775
-0.00579
-0.005714167
-0.00555
-0.005366667
-0.005353333
-0.005485
-0.00567
-0.006101667
-0.00663
-0.007091667
-0.00727
-0.0073825
-0.007556667
-0.007629167
-0.00772
-0.007533333
-0.007125
-0.006725
-0.00615
-0.00548
-0.004725
-0.003985
-0.003203333
-0.002415
-0.001941667
-0.0016975
-0.00153
-0.001488333
-0.00145
-0.0014825
-0.00164
-0.001949167
-0.0023
-0.002705833
-0.003263333
-0.0036825
-0.004336667
-0.005261667
-0.00603
-0.0066825
-0.00715
-0.0074675
-0.007796667
-0.007935
-0.007735
-0.007410833
-0.006956667
-0.006315
-0.00538
-0.004008333
-0.00242
-0.000674167
0.001046667
0.0027475
0.004186667
0.005456667
0.006665
0.007645833
0.008616667
0.009085
0.008828333
0.008244167
0.00771
0.0070875
0.006255
0.0052525
0.004063333
0.0026725
0.001285
-7.91667E-05
-0.001253333
-0.00252
-0.004033333
-0.00562
-0.00715
-0.00882
-0.010461667
-0.0119075
-0.013286667
-0.0145675
-0.015665
-0.016774167
-0.017896667
-0.018825
-0.019686667
-0.020156667
-0.0203
-0.020286667
-0.020146667
-0.0197775
-0.019226667
-0.0185975
-0.01783
-0.016735
-0.015543333
-0.0141825
-0.012611667
-0.011088333
-0.00949
-0.0074875
-0.005236667
-0.0030775
-0.00135
0.000136667
0.00142
0.0027075
0.003796667
0.0046825
0.005195
0.005536667
0.00585
0.00591
0.005845
0.005485
0.00466
0.003785
0.00295
0.001960833
0.000703333
-0.0006175
-0.001935
-0.003495
-0.00489
-0.006191667
-0.007508333
-0.0087075
-0.009373333
-0.0097925
-0.01001
-0.0100875
-0.01013
-0.010005
-0.009583333
-0.008870833
-0.00805
-0.007110833
-0.006128333
-0.005245
-0.00443
-0.003735833
-0.002875
-0.0021625
-0.00175
-0.0015825
-0.00151
-0.001500833
-0.0014
-0.001155833
-0.000768333
-0.000385
0.00015
0.000680833
0.001045
0.001664167
0.00236
0.0028375
0.003058333
0.0032225
0.00336
0.003430833
0.003461667
0.0033875
0.003253333
0.0031
0.00275
0.002373333
0.002036667
0.0018
0.001338333
0.000945833
0.0008
0.000428333
-0.000156667
-0.000655
-0.000966667
-0.001306667
-0.00161
-0.00206
-0.002473333
-0.0027525
-0.002918333
-0.002836667
-0.00251
-0.001935833
-0.001366667
-0.000835
-0.000156667
0.000411667
0.000975
0.001836667
0.002723333
0.0034775
0.004256667
0.005028333
0.00574
0.006296667
0.00703
0.0076725
0.00791
0.007731667
0.00747
0.007339167
0.007243333
0.0073875
0.007375
0.007236667
0.00699
0.006308333
0.005426667
0.0046375
0.003583333
0.00253
0.00149
0.000406667
-0.0007
-0.00171
-0.002801667
-0.003803333
-0.00481
-0.005858333
-0.00679
-0.007435
-0.00805
-0.0086025
-0.008765
-0.008808333
-0.008546667
-0.00805
-0.007096667
-0.0056625
-0.00407
-0.0024025
-0.00076
0.000615
0.00198
0.003371667
0.004465
0.0054625
0.00634
0.0070925
0.008066667
0.0089025
0.00958
0.01024
0.010816667
0.0113925
0.011973333
0.012775833
0.01371
0.014373333
0.01477
0.0151575
0.015535
0.015581667
0.01555
0.01548
0.015461667
0.0152825
0.0149
0.014430833
0.01422
0.013995833
0.01387
0.0136775
0.013421667
0.012968333
0.01263
0.0122125
0.01175
0.01133
0.011286667
0.011459167
0.01162
0.012091667
0.012773333
0.013495
0.013873333
0.0139375
0.01404
0.014140833
0.01409
0.0139225
0.013956667
0.01398
0.013935
0.013781667
0.013526667
0.0133
0.013271667
0.013155833
0.01287
0.012474167
0.012028333
0.01165
0.011213333
0.010570833
0.010065
0.009555
0.008986667
0.0088525
0.009013333
0.009345
0.00974
0.010054167
0.010405
0.010775
0.01104
0.011245
0.01141
0.0115975
0.011546667
0.0111575
0.01064
0.010160833
0.00946
0.0082575
0.006925
0.0056225
0.004563333
0.003669167
0.002775
0.001925833
0.00124
0.00058
8.66667E-05
-0.000121667
-0.00027
-0.000505
-0.000241667
0.00005
0.000473333
0.000778333
0.00105
0.001185
0.001333333
0.0014675
0.001666667
0.001679167
0.00175
0.001919167
0.002143333
0.00228
0.002353333
0.0023825
0.00243
0.0024225
0.002253333
0.001955
0.00181
0.001644167
0.00171
0.001758333
0.001681667
0.00166
0.001676667
0.001646667
0.0013
0.000745
0.000103333
-0.00063
-0.001288333
-0.002170833
-0.00325
-0.004193333
-0.005121667
-0.0060375
-0.006793333
-0.007509167
-0.00812
-0.008629167
-0.008853333
-0.0089825
-0.00911
-0.009398333
-0.00965
-0.009718333
-0.00958
-0.0091025
-0.008606667
-0.007943333
-0.0071
-0.006408333
-0.005966667
-0.0055325
-0.00493
-0.004381667
-0.00386
-0.003326667
-0.002733333
-0.0021125
-0.001546667
-0.0008525
0.000135
0.0010675
0.001756667
0.0024825
0.003076667
0.003851667
0.00489
0.005923333
0.0068
0.0074825
0.007706667
0.007825833
0.00792
0.007789167
0.007496667
0.0069075
0.006175
0.005509167
0.00484
0.004166667
0.003546667
0.0028725
0.00194
0.001253333
0.000825
0.00077
0.00076
0.0007425
0.000703333
0.0006525
0.00059
0.000538333
0.000536667
0.0006925
0.00106
0.00159
0.001985
0.002480833
0.00321
0.0037975
0.004356667
0.004709167
0.00482
0.0048225
0.004866667
0.0048525
0.00452
0.003840833
0.002965
0.001895833
0.000483333
-0.001005
-0.002388333
-0.003821667
-0.00521
-0.006405833
-0.00752
-0.0082125
-0.00862
-0.008754167
-0.008585
-0.008269167
-0.007813333
-0.00737
-0.006851667
-0.0061975
-0.00551
-0.00498
-0.004428333
-0.0039875
-0.00369
-0.003385833
-0.00318
-0.002945833
-0.00268
-0.002485
-0.002568333
-0.002940833
-0.00368
-0.004556667
-0.005411667
-0.006195
-0.006923333
-0.0077775
-0.008665
-0.009318333
-0.00958
-0.009525
-0.009425
-0.009098333
-0.00867
-0.008161667
-0.007801667
-0.0074925
-0.006953333
-0.006379167
-0.005715
-0.0051275
-0.00482
-0.0047475
-0.004881667
-0.004945833
-0.00498
-0.0049
-0.004995
-0.00545
-0.006026667
-0.006351667
-0.00662
-0.006963333
-0.007333333
-0.0075175
-0.007665
-0.007881667
-0.00813
-0.00836
-0.00855
-0.008385
-0.007933333
-0.007404167
-0.006925
-0.006359167
-0.005826667
-0.00545
-0.005013333
-0.004445
-0.00391
-0.003611667
-0.003446667
-0.0033525
-0.00302
-0.002418333
-0.001675
-0.000795833
0.000236667
0.00123
0.002065
0.002851667
0.00347
0.00414
0.004558333
0.0047975
0.004656667
0.00428
0.003805
0.003269167
0.002526667
0.00159
0.000603333
-0.000355833
-0.00113
-0.001685
-0.002116667
-0.0026775
-0.003106667
-0.00335
-0.003335
-0.003345833
-0.00343
-0.003605
-0.003813333
-0.00389
-0.00394
-0.00411
-0.004381667
-0.0047425
-0.004926667
-0.004934167
-0.00477
-0.004295833
-0.003406667
-0.002305
-0.001071667
0.000141667
0.00121
0.001935833
0.00255
0.0030175
0.003443333
0.003684167
0.003815
0.003821667
0.00385
0.0038725
0.003956667
0.0040075
0.00381
0.0033225
0.002611667
0.001715
0.000643333
-0.0004325
-0.00142
-0.002293333
-0.003163333
-0.0040875
-0.005223333
-0.006565833
-0.00795
-0.0089925
-0.009768333
-0.01035
-0.010823333
-0.0112675
-0.011605
-0.01164
-0.011603333
-0.01144
-0.01115
-0.010919167
-0.01086
-0.01098
-0.01125
-0.0116
-0.01184
-0.011831667
-0.01182
-0.011824167
-0.011796667
-0.0117375
-0.01156
-0.0113275
-0.01118
-0.010881667
-0.01037
-0.009745
-0.009003333
-0.008151667
-0.007295
-0.006504167
-0.00583
-0.005285
-0.004881667
-0.0045975
-0.00454
-0.004790833
-0.005053333
-0.0053525
-0.00551
-0.0054125
-0.00517
-0.004813333
-0.004273333
-0.0036125
-0.002851667
-0.001995833
-0.00113
-0.00036
0.00011
0.00047
0.000936667
0.001345
0.001765
0.002405833
0.003183333
0.003785
0.004213333
0.004603333
0.00485
0.004916667
0.004858333
0.0046375
0.00432
0.004025833
0.003665
0.0032175
0.002716667
0.002
0.001383333
0.000860833
0.00041
-0.000225833
-0.001128333
-0.001975
-0.00273
-0.003208333
-0.00345
-0.0035
-0.003446667
-0.0034125
-0.003345
-0.0031675
-0.00292
-0.002390833
-0.001655
-0.00089
-0.00011
0.0005625
0.00109
0.001665833
0.002163333
0.0025425
0.002803333
0.002774167
0.00252
0.0022425
0.00211
0.0021375
0.002233333
0.0023975
0.002585
0.002808333
0.003
0.0032875
0.003525
0.003750833
0.00398
0.004246667
0.004395
0.0043525
0.00426
0.004183333
0.004105
0.004085833
0.00407
0.0040825
0.004106667
0.004071667
0.00404
0.004029167
0.004018333
0.0039925
0.003896667
0.00371
0.003435
0.003240833
0.003166667
0.003025
0.002855
0.0026675
0.00254
0.002385
0.002281667
0.00223
0.002213333
0.0021575
0.002075
0.001970833
0.001923333
0.0018275
0.001648333
0.00137
0.00108
0.000589167
0.000065
-0.0003275
-0.00062
-0.000663333
-0.000555
-0.0004925
-0.000376667
-0.0001525
0.00011
0.000378333
0.00075
0.001079167
0.001283333
0.0014375
0.001643333
0.0019525
0.002225
0.002390833
0.00255
0.00266
0.002841667
0.003109167
0.00337
0.003725
0.004095
0.004375
0.00445
0.0044375
0.004355
0.004269167
0.004056667
0.0037525
0.00356
0.003455
0.00326
0.002979167
0.002748333
0.00256
0.002296667
0.0020325
0.00191
0.0018225
0.001783333
0.0017775
0.001843333
0.0020025
0.00217
0.002211667
0.002265
0.0023475
0.002496667
0.00269
0.002915
0.003059167
0.003043333
0.00296
0.002795
0.002570833
0.00234
0.002150833
0.001875
0.001565
0.001283333
0.001044167
0.000795
0.000524167
0.000316667
0.0001875
0.000163333
0.000103333
-0.00003
-0.000185
-0.000321667
-0.00049
-0.00073
-0.000975833
-0.00118
-0.001299167
-0.001426667
-0.00155
-0.001588333
-0.001571667
-0.00148
-0.001331667
-0.00111
-0.0008875
-0.000756667
-0.000691667
-0.000705
-0.000783333
-0.000883333
-0.0010475
-0.001216667
-0.001374167
-0.00151
-0.001654167
-0.001746667
-0.0018025
-0.001803333
-0.001729167
-0.001635
-0.001505
-0.001413333
-0.001315
-0.001181667
-0.000988333
-0.0008
-0.000644167
-0.000475
-0.0002675
-0.00011
8.33333E-07
0.0001
0.0001775
0.000226667
0.0002575
0.000288333
0.0003275
0.00035
0.000390833
0.0004
0.0003875
0.000336667
0.000239167
0.00013
0.0000525
-3.33333E-06
-0.0000625
-0.000116667
-0.000139167
-0.00016
-0.000201667
-0.000231667
-0.0002625
-0.00028
-0.000294167
-0.000295
-0.000248333
-0.000216667
-0.000185
-0.000135
-5.33333E-05
0.00002
4.91667E-05
4.16667E-05
0.000065
0.00012
0.000206667
0.0003
0.000389167
0.000493333
0.000605
0.000721667
0.000825833
0.00091
0.000961667
0.001
0.0010025
0.001013333
0.001024167
0.001035
0.001055833
0.001053333
0.00105
0.00104
0.001030833
0.00102
0.0009875
0.000936667
0.00087
0.000803333
0.000751667
0.00069
0.000596667
0.000503333
0.00041
0.000326667
0.0002525
0.00017
0.0000975
0.000045
-0.000005
-4.66667E-05
-7.41667E-05
-0.000085
-7.41667E-05
-6.33333E-05
-0.0000425
-2.16667E-05
1.83333E-05
0.00007
0.0001325
0.000196667
0.0002925
0.000383333
0.0004625
0.000535
0.000591667
0.00064
0.000685
0.000716667
0.000729167
0.00074
0.00074
0.000738333
0.0007275
0.000716667
0.000695833
0.000665
0.000628333
0.000586667
0.000555
0.000521667
0.000481667
0.00045
0.000429167
0.00041
0.0003975
0.000373333
0.000331667
0.00029
0.000248333
0.000216667
0.0001925
0.000161667
0.000140833
0.00013
0.000119167
0.000108333
0.0001
0.0001
0.000104167
0.00011
0.000115833
0.00012
0.00013
0.00013
0.000139167
0.00013
0.000139167
0.00013
0.00012
0.00011
0.00011
0.00011
0.000115833
0.00012
0.00013
0.00013
0.00013
0.00013
0.00014
0.00014
0.00014
0.00015
0.00015
0.000155
0.00016
0.00017
0.0001775
0.00018
0.00019
0.0002
0.0002
0.0002
0.0002
0.000196667
0.00019
0.00019
0.00019
0.00019
0.00019
0.00019
0.00019
0.00019
0.00019
0.00019
0.00019
0.00019
0.00019
0.00019
0.00019
0.00019
0.00019
0.00019
0.00019
0.00019
0.00019
0.00019
0.0001875
0.00018
0.00018
0.00018
0.00018
0.00017
0.00017
0.00017
0.00017
0.00016
0.00016
0.000158333
0.00015
0.00015
0.00014
0.00014
0.000134167
0.00013
0.00013
0.00012
0.00012
0.00011
0.00011
0.00011
0.0001
0.0001
0.0001
0.00009
0.00009
8.33333E-05
0.00008
0.00008
0.00007
0.00007
0.00007
6.83333E-05
0.00006
0.00006
0.00006
0.000055
0.00005
0.00005
0.00005
0.00005
0.00004
0.00004
0.00004
0.00004
0.00004
0.00003
0.00003
0.00003
0.00003
0.00003
0.00003
0.00002
0.00002
0.00002
0.00002
0.00002
0.00002
0.00002
0.00001
0.00001
0.00001
0.00001
0.00001
0.00001
0.00001
0.00001
0.00001
0.00001
0.0000075
0
0
0
0
0
0
0
0
0
0
0
0
0
0
0
0