0.005
-0.001459206
-0.001460087
-0.001461026
-0.001462319
-0.001464374
-0.001467499
-0.00147169
-0.001476071
-0.001479
-0.001479108
-0.001476645
-0.001473229
-0.001469065
-0.001464737
-0.001458846
-0.001450864
-0.001439629
-0.00142464
-0.001407463
-0.00138923
-0.001376427
-0.001369728
-0.001365522
-0.001366029
-0.001373886
-0.001383326
-0.001392231
-0.001402607
-0.001412868
-0.001417785
-0.001420746
-0.001413271
-0.00140466
-0.001399975
-0.001376985
-0.001332717
-0.001285669
-0.001235678
-0.001175058
-0.001118684
-0.001079203
-0.001069837
-0.001084029
-0.001137281
-0.001228165
-0.001354203
-0.001467013
-0.001552519
-0.00161223
-0.001654542
-0.001691862
-0.001701954
-0.001684338
-0.001666624
-0.001653163
-0.001656448
-0.001649734
-0.001649996
-0.001671896
-0.001685182
-0.001681227
-0.001670088
-0.001655642
-0.001636149
-0.001618141
-0.001579722
-0.001528157
-0.001441117
-0.001271345
-0.001005543
-0.000761986
-0.000579174
-0.000465798
-0.000441428
-0.000498434
-0.000650103
-0.00087916
-0.00115218
-0.001343335
-0.001454105
-0.001555421
-0.001647851
-0.001703137
-0.001715567
-0.001710279
-0.001714087
-0.001697979
-0.001706444
-0.001723202
-0.001754766
-0.001769606
-0.001744053
-0.001555225
-0.001146555
-0.000625676
-0.000244389
-0.00011192
-0.000217916
-0.000527529
-0.001024083
-0.001579935
-0.002024352
-0.002117364
-0.001843369
-0.001326955
-0.000830675
-0.000490313
-0.000364919
-0.000347731
-0.0003937
-0.000332211
-0.000118191
0.000198172
0.000545911
0.000811043
0.000947145
0.000861057
0.000406634
-0.000454881
-0.001583358
-0.002609795
-0.003310959
-0.003636641
-0.003365936
-0.002672074
-0.001746337
-0.000855508
-0.000294729
1.91161E-05
5.30748E-05
-0.000256174
-0.000898371
-0.001565067
-0.001976214
-0.002147071
-0.002155928
-0.002170041
-0.002104981
-0.002044953
-0.002087953
-0.002298821
-0.002933914
-0.003786574
-0.004639717
-0.004994329
-0.004338463
-0.002851588
-0.001037077
0.000659924
0.001870086
0.002744102
0.003178973
0.003249878
0.002857494
0.001805908
0.000390439
-0.001120439
-0.002683952
-0.003893396
-0.004264847
-0.003353196
-0.001416733
0.001125576
0.003625282
0.005605877
0.006741439
0.007200062
0.007062522
0.006847565
0.006896864
0.007245984
0.007881258
0.008179077
0.007671914
0.005664016
0.002441807
-0.000352468
-0.001820915
-0.002929583
-0.004274405
-0.006035328
-0.007892484
-0.009757514
-0.011627133
-0.012900797
-0.012899984
-0.01168637
-0.009306211
-0.005774792
-0.001478814
0.001522922
0.003002339
0.003563084
0.00391768
0.004222619
0.004633933
0.004623524
0.00348468
0.001197233
-0.002046123
-0.00524023
-0.006919005
-0.007042004
-0.005912843
-0.004604351
-0.003839645
-0.003597469
-0.003613946
-0.003481836
-0.00254685
-0.000129272
0.003869904
0.007981396
0.010870975
0.012288265
0.012442702
0.01147605
0.010025251
0.008488123
0.007054734
0.006789136
0.008072864
0.010435218
0.012899644
0.01396298
0.012351235
0.007835076
0.000568328
-0.0082011
-0.017306587
-0.02615045
-0.033105645
-0.03677215
-0.037359477
-0.034610665
-0.027686593
-0.01844704
-0.009112048
0.000486474
0.009354659
0.01525691
0.017614213
0.017999855
0.016060915
0.013355717
0.011147215
0.009447284
0.007831267
0.004456276
-0.000772811
-0.005910016
-0.008791141
-0.008624191
-0.007524864
-0.006461
-0.005859141
-0.005115918
-0.003325272
-0.000500898
0.002493901
0.003972589
0.002469527
-0.000892445
-0.003169938
-0.002071498
0.002734219
0.009679993
0.016398348
0.0188558
0.014114067
0.002684628
-0.011608551
-0.02085751
-0.01922839
-0.00966978
0.00386858
0.01400016
0.016191253
0.017377078
0.019727248
0.022118747
0.022689298
0.02055458
0.018124939
0.017728493
0.02039303
0.023719105
0.024557627
0.02122527
0.01305504
0.00140194
-0.010101597
-0.018430103
-0.024237146
-0.0260707
-0.021193018
-0.008582059
0.006719282
0.014961737
0.017186039
0.01766924
0.018108111
0.02014791
0.02363696
0.026098203
0.023901708
0.016161565
0.005276418
-0.00247452
-0.002896206
0.000184316
0.001134222
-0.003609065
-0.014285773
-0.025523873
-0.030718485
-0.024465813
-0.006526536
0.016902585
0.036330879
0.047128013
0.044403735
0.03185335
0.010774283
-0.01082119
-0.031900207
-0.04840371
-0.054264345
-0.051984667
-0.04534334
-0.03517702
-0.026670678
-0.022139803
-0.022346703
-0.025069302
-0.028724136
-0.02964261
-0.02663661
-0.021049595
-0.01489299
-0.008169946
0.001291778
0.01353389
0.025074988
0.03214674
0.03356519
0.029996028
0.022622799
0.01491941
0.008775017
0.003568897
-0.00234039
-0.009276625
-0.017369479
-0.023710215
-0.027019203
-0.023999523
-0.016364558
-0.0061351
0.003799907
0.01296479
0.022590553
0.030416492
0.03182657
0.025006813
0.01356859
0.003855111
0.000574121
0.004138566
0.011257553
0.017364023
0.021992761
0.02562872
0.028568081
0.031225695
0.030620403
0.023249347
0.007290637
-0.01562095
-0.039932908
-0.063705113
-0.082772915
-0.089154098
-0.08035287
-0.05663828
-0.022647153
0.001410411
0.012847593
0.021026783
0.031499347
0.041357515
0.048351804
0.050443713
0.047618015
0.041083227
0.03182642
0.02068939
0.009433213
-0.002822392
-0.01589958
-0.026066937
-0.032209589
-0.034275955
-0.027069582
-0.006747773
0.02179691
0.04293495
0.047821008
0.04124366
0.029908103
0.012263157
-0.003469901
-0.008235666
0.00152362
0.022045045
0.047136001
0.06065758
0.059252948
0.051899635
0.042361522
0.0338796
0.027735169
0.020822392
0.009820596
-0.00578782
-0.024401293
-0.043373045
-0.05599965
-0.05693518
-0.04442245
-0.019446435
0.008468849
0.0297909
0.039067948
0.03509701
0.023161863
0.009267948
0.001414198
0.002597321
0.010611864
0.021967733
0.028123003
0.021051378
0.004527323
-0.008960706
-0.010971022
0.001684507
0.019973093
0.03241928
0.03068368
0.01804897
0.004630529
-0.002191753
-0.003165885
-0.002948781
-0.004296586
-0.009208254
-0.017957293
-0.028658748
-0.040496295
-0.054048697
-0.068950328
-0.079943665
-0.080720391
-0.068446267
-0.04450798
-0.016349437
0.0096437
0.03000093
0.038041235
0.035758593
0.02897174
0.01879801
0.011365398
0.00885273
0.008401371
0.00726315
0.004381732
-0.000764077
-0.007737122
-0.01524029
-0.018113745
-0.013682033
-0.005382654
0.000425887
0.000258197
-0.003325765
-0.006441055
-0.005301628
0.00354496
0.02268455
0.048526373
0.06714466
0.068841163
0.051921172
0.02007695
-0.016633033
-0.049362483
-0.070402065
-0.067967116
-0.04409031
-0.005768271
0.031321638
0.057839133
0.06182832
0.043584352
0.011387283
-0.021045283
-0.034237403
-0.021221973
0.001624633
0.010060931
-0.005894761
-0.031063685
-0.047994225
-0.047546373
-0.03611053
-0.015305071
0.011331189
0.031775435
0.041163307
0.041109436
0.041142945
0.044110363
0.048953797
0.050969708
0.047239543
0.036299054
0.01698199
-0.005899251
-0.021344907
-0.025088128
-0.020156093
-0.01072224
-0.000935792
0.005375674
0.007520969
0.008315582
0.011427246
0.020635176
0.03637031
0.051280568
0.050894015
0.034890855
0.014398833
0.005146348
0.011867339
0.028149869
0.04751514
0.061870545
0.069468225
0.073401169
0.07565596
0.067786648
0.040311625
-0.003254815
-0.044148567
-0.076469788
-0.090965705
-0.087735444
-0.076558773
-0.0594439
-0.051669988
-0.060614209
-0.07219794
-0.071808536
-0.050263363
-0.012429833
0.02244725
0.036900829
0.025933445
0.003450903
-0.011577219
-0.008488267
0.005743723
0.024811628
0.04330976
0.055524007
0.060726947
0.059868485
0.047193243
0.01322333
-0.037258285
-0.087519307
-0.129410133
-0.14419615
-0.118237133
-0.073666561
-0.03176757
0.012055142
0.056543052
0.088343145
0.09533185
0.08677732
0.068050105
0.039578342
0.008376601
-0.024641958
-0.050092075
-0.05325968
-0.03208626
0.00057596
0.024750298
0.030020995
0.012510254
-0.016327625
-0.04273328
-0.056764197
-0.051867413
-0.031308313
-0.001187512
0.022692849
0.03311252
0.031670748
0.027680817
0.02358262
0.01923472
0.009131232
-0.01149342
-0.038935271
-0.056323357
-0.050980488
-0.024536107
0.020132945
0.06077457
0.08373122
0.078994108
0.055294288
0.028359823
0.008244059
-0.001879223
-0.002968566
-0.003258732
-0.004705659
-0.006648867
-0.003640139
0.01182304
0.03518107
0.048254417
0.043019965
0.02968959
0.016548538
0.012783385
0.017348858
0.019832313
0.0141819
3.89912E-05
-0.015584274
-0.02102502
-0.009408401
0.017666593
0.052909083
0.07753492
0.073367503
0.043165215
0.016734535
0.017330207
0.041145578
0.07300344
0.09380833
0.08524326
0.057914207
0.017475682
-0.012410238
-0.017180273
-0.014466668
-0.01447338
-0.014777098
-0.010542928
0.00381323
0.026654805
0.044273138
0.04225589
0.025821462
0.00535347
-0.000528101
0.014408773
0.038499868
0.0594044
0.062332662
0.052719197
0.039339
0.032544873
0.043734719
0.06538575
0.077346837
0.064775657
0.035178343
-0.003768629
-0.038068483
-0.0637868
-0.071155086
-0.058264443
-0.025568648
0.015258088
0.041892451
0.04489892
0.027519829
-0.001384086
-0.030175593
-0.040352727
-0.021959964
0.024954
0.0845608
0.1217376
0.12342115
0.09769235
0.065829541
0.03722785
0.006585248
-0.030896542
-0.073412213
-0.1145628
-0.141515933
-0.14186
-0.1198849
-0.08089418
-0.03855066
0.000614382
0.027829685
0.03125601
0.018681651
0.006183977
-0.003084931
-0.014832423
-0.028805622
-0.040077335
-0.048745555
-0.048457393
-0.02408313
0.030099538
0.086359235
0.1052258
0.082757202
0.047237672
0.01218889
-0.010543185
-0.020717161
-0.02818937
-0.050854403
-0.0838914
-0.104553025
-0.105397817
-0.095961536
-0.06693356
-0.021672476
0.013449742
0.027915038
0.022332093
0.010091054
-0.010012904
-0.030152182
-0.04369484
-0.045635498
-0.039604273
-0.030398728
-0.02407052
-0.023845957
-0.03019299
-0.036462095
-0.035516003
-0.023522289
0.000483508
0.027799236
0.043119857
0.044285553
0.038961843
0.025422228
0.001761739
-0.018641788
-0.021869463
-0.009672493
0.012694289
0.036205952
0.04763221
0.047413241
0.040105763
0.031038195
0.023048495
0.020511732
0.01871511
0.017375047
0.016138215
0.018455425
0.03009803
0.052613897
0.07252979
0.070043716
0.044716413
0.011670932
-0.005309247
-0.009963028
-0.03173416
-0.067391745
-0.084091198
-0.065920035
-0.036143887
-0.020385555
-0.01934808
-0.019033636
-0.021322403
-0.03558668
-0.066352197
-0.10315154
-0.1271358
-0.126038692
-0.102318772
-0.071036495
-0.042589533
-0.020907641
-0.01427112
-0.023744416
-0.037493397
-0.047397373
-0.047296237
-0.040640035
-0.03228568
-0.027900007
-0.031326183
-0.038277843
-0.045759643
-0.050424136
-0.04956205
-0.038769087
-0.013331111
0.020789811
0.053505363
0.081332055
0.0932499
0.081972337
0.060552857
0.03827219
0.017153593
-0.006113894
-0.032008275
-0.060492368
-0.0907467
-0.117782075
-0.13072505
-0.120060692
-0.08233162
-0.027873123
0.011334852
0.020793208
0.003105373
-0.016050699
-0.022251495
-0.009290408
0.010771882
0.022599975
0.01031261
-0.021078123
-0.06512904
-0.094508732
-0.102311967
-0.095865993
-0.07317625
-0.033349163
-0.005869269
-0.004018836
-0.0072427
-0.008561307
-0.009169562
-0.003699423
0.01698958
0.053840713
0.081791727
0.070833073
0.019129791
-0.037976459
-0.08909799
-0.125732025
-0.122418133
-0.071258335
0.002282082
0.07057149
0.09602049
0.072694957
0.035909225
-0.004463701
-0.042328837
-0.070963563
-0.07472144
-0.055025673
-0.031985277
-0.01983087
-0.011731118
0.028271802
0.1049784
0.178048675
0.22667405
0.227722
0.181675733
0.135369467
0.095214035
0.057854268
0.033817197
0.028976163
0.026001808
0.021457134
0.01797398
0.01736332
0.020384792
0.026800075
0.03811346
0.057523438
0.08162674
0.09617777
0.092727097
0.0744458
0.042922202
0.009642266
-0.02344569
-0.049341782
-0.05380891
-0.032734248
0.009146559
0.052218469
0.07528596
0.069280862
0.04088341
-0.005790235
-0.046565058
-0.066257458
-0.06281404
-0.053819725
-0.046961178
-0.055726925
-0.075825003
-0.090297976
-0.086929285
-0.064548145
-0.02365977
0.016366792
0.031599022
0.017243424
-0.009048616
-0.034272576
-0.033423232
-0.016868695
0.004268011
0.026800683
0.049741175
0.06874651
0.07487089
0.066410673
0.049769392
0.030180655
0.01925478
0.016312524
0.015630587
0.019473313
0.028141297
0.039851373
0.050049195
0.054178183
0.05283677
0.049925385
0.049797425
0.052875302
0.05373918
0.044994909
0.023484288
-0.007433062
-0.03666784
-0.062763793
-0.081560545
-0.090041749
-0.09424569
-0.09872044
-0.104813567
-0.108538158
-0.103196
-0.085647479
-0.061656228
-0.048056478
-0.050690917
-0.061864863
-0.074342815
-0.0856086
-0.090965847
-0.085116375
-0.062551162
-0.023952246
0.01583127
0.040693438
0.041762878
0.025504635
0.001444424
-0.022525024
-0.040109545
-0.05205495
-0.060501783
-0.064289395
-0.064209507
-0.061036908
-0.05961461
-0.062176353
-0.065580695
-0.064105465
-0.050387033
-0.018875007
0.024411065
0.064815686
0.09353308
0.095056248
0.065622705
0.017768018
-0.02764633
-0.069284276
-0.108206383
-0.1434378
-0.169579367
-0.166845667
-0.1432674
-0.11405825
-0.08583241
-0.049890248
-0.00797557
0.036796872
0.080766
0.111503
0.115389467
0.096386473
0.060793377
0.019917791
-0.01659116
-0.042474954
-0.049180663
-0.040306458
-0.008946208
0.041028875
0.07671041
0.083353405
0.070470822
0.046552873
0.01095912
-0.022525917
-0.051292425
-0.071735686
-0.086462987
-0.097369665
-0.101271733
-0.100400958
-0.09703985
-0.098112409
-0.108776883
-0.125268
-0.138439333
-0.145917533
-0.14749905
-0.144640675
-0.139548967
-0.1382526
-0.143631133
-0.143151058
-0.1201097
-0.078300164
-0.045537232
-0.028462103
-0.02560428
-0.026502007
-0.026985475
-0.026956479
-0.025052527
-0.020069523
-0.013655838
-0.008437469
-0.008131731
-0.014866031
-0.025798772
-0.03709045
-0.043865243
-0.042697315
-0.033588655
-0.019361593
-0.005631284
0.00758336
0.023782238
0.041914713
0.05284406
0.054527823
0.054440457
0.05600064
0.054050787
0.038882123
0.007822509
-0.024782568
-0.052383847
-0.073089925
-0.084592762
-0.08036433
-0.06212263
-0.049354992
-0.054444757
-0.0744614
-0.094664417
-0.1036345
-0.10151865
-0.097836277
-0.09905536
-0.10372925
-0.109382933
-0.111716525
-0.1043207
-0.081936808
-0.050008218
-0.026271453
-0.012311206
-0.002720828
0.003790316
0.001371499
-0.011233603
-0.027221788
-0.037938442
-0.042190426
-0.0415581
-0.03054872
-0.01033223
0.012082578
0.024003353
0.0304867
0.043833975
0.063353249
0.083695503
0.098323923
0.103029683
0.095541827
0.07173624
0.040710224
0.021496427
0.020510028
0.03214665
0.051144323
0.065980355
0.062974337
0.045541597
0.019204903
0.000189641
-0.002063878
-0.001577165
-0.007085306
-0.018776242
-0.03390189
-0.047573967
-0.056070356
-0.055574225
-0.041187996
-0.015911953
0.007450602
0.018819367
0.020547489
0.02003404
0.018581844
0.016924037
0.014984455
0.013336087
0.014304933
0.017604815
0.020608468
0.020544637
0.014717763
0.003509139
-0.009957567
-0.01969391
-0.02215826
-0.021205
-0.014897873
-0.001231741
0.021930494
0.046223115
0.056544878
0.045083913
0.018251043
-0.010851945
-0.021826022
-0.01639629
-0.004865339
0.007581327
0.01600691
0.022771073
0.037555139
0.055861175
0.064685824
0.055605127
0.033886945
0.008371678
-0.014504945
-0.0333015
-0.044645795
-0.050147138
-0.053234563
-0.05408423
-0.052550642
-0.04594599
-0.032423284
-0.013199185
0.006073072
0.021042913
0.032665883
0.04294507
0.050441585
0.053133103
0.051245905
0.04845218
0.051296978
0.063909015
0.083325051
0.099729987
0.101165625
0.089399602
0.074306828
0.06076805
0.054915728
0.054338383
0.059057655
0.066336883
0.071701755
0.073386655
0.073130073
0.072654047
0.072099633
0.069860493
0.061903828
0.04676226
0.030249916
0.019587373
0.015083295
0.01379955
0.017297598
0.023230645
0.030869066
0.0375564
0.041678738
0.040860698
0.036880563
0.03353361
0.030382058
0.026919107
0.022472953
0.01800759
0.014856015
0.01247525
0.011525878
0.011707203
0.015980113
0.027781643
0.046356072
0.06341156
0.071542586
0.07374064
0.07087275
0.065931797
0.062249431
0.061089885
0.063088848
0.067634117
0.071549778
0.072017388
0.065582909
0.05005851
0.026440712
0.002492732
-0.013938785
-0.023358363
-0.025353777
-0.014027526
0.013439612
0.04783613
0.070492355
0.08166937
0.083486641
0.07419009
0.055542102
0.039448947
0.035010018
0.037709743
0.042837727
0.04741207
0.049435739
0.04754331
0.04164852
0.031236152
0.016054399
-0.00097056
-0.013639339
-0.01675199
-0.00850756
0.010090354
0.02997895
0.03423403
0.030955308
0.032311503
0.039135753
0.044811113
0.041749618
0.02810823
0.007169496
-0.00962679
-0.006105811
0.009725848
0.034446751
0.063258535
0.079996658
0.076708083
0.06629955
0.06378068
0.074661638
0.09691706
0.119679917
0.128128533
0.12501175
0.117065867
0.102726104
0.08184186
0.058807869
0.038578803
0.02375776
0.013460688
0.006319109
0.008007179
0.022354947
0.045785527
0.0666382
0.077132267
0.078611778
0.07220522
0.056383609
0.036028447
0.019069903
0.008191953
0.004086802
0.005632395
0.013733144
0.026423032
0.03831324
0.047609917
0.052524716
0.055085495
0.058188142
0.063174483
0.070162148
0.077184303
0.080172579
0.07513258
0.058967502
0.034307048
0.013491396
0.008164664
0.004753092
-0.002970669
-0.013149948
-0.021026477
-0.023646228
-0.020335692
-0.011815943
-0.000228424
0.01289735
0.022472077
0.025597505
0.021681547
0.012864068
0.003530131
-0.000989233
0.002163014
0.010574496
0.019776192
0.028045013
0.0326511
0.030113185
0.020934508
0.012225058
0.008212631
0.012665483
0.0226301
0.03331468
0.04029931
0.038287315
0.023007212
-0.001945615
-0.02545863
-0.03040751
-0.016968751
0.002694596
0.0213739
0.037646887
0.05249953
0.059466468
0.054361897
0.038944608
0.01900602
0.006487553
0.001802056
0.003293356
0.005784826
0.006087059
0.005637883
0.003933856
0.000437451
-0.001786624
0.002951108
0.01069979
0.012132948
0.004665432
-0.00708039
-0.015337514
-0.017892113
-0.01759409
-0.016923703
-0.018426921
-0.025057455
-0.036724351
-0.048247703
-0.051704765
-0.048658933
-0.046569483
-0.05091344
-0.057292127
-0.056999805
-0.044878398
-0.02375197
-0.005511667
-0.000242838
-0.005149899
-0.01366017
-0.02274913
-0.029495638
-0.031251903
-0.02724172
-0.020709601
-0.02092822
-0.03240627
-0.054556987
-0.078778875
-0.09191554
-0.09505738
-0.08415736
-0.061235495
-0.037228397
-0.024586934
-0.02184015
-0.02544852
-0.029448892
-0.03157702
-0.033182053
-0.037177169
-0.046289075
-0.058736878
-0.068903423
-0.07358752
-0.076576228
-0.080924247
-0.0868024
-0.091658876
-0.090087028
-0.079099808
-0.064114497
-0.049268481
-0.03724313
-0.027508527
-0.02164153
-0.021537778
-0.028244785
-0.039682678
-0.04979279
-0.052049135
-0.045390225
-0.030386638
-0.013720917
-0.004568379
-0.002514319
-0.008158447
-0.02061029
-0.03680523
-0.04935003
-0.052529203
-0.05176805
-0.049396488
-0.04832949
-0.04842175
-0.04677313
-0.041171953
-0.031494125
-0.019060702
-0.009173279
-0.006552758
-0.010703075
-0.020839197
-0.03353917
-0.052506307
-0.074601228
-0.089140918
-0.095493893
-0.093864855
-0.089565805
-0.085439088
-0.085084113
-0.088936175
-0.094314322
-0.097927835
-0.09837348
-0.093839364
-0.083055143
-0.067497325
-0.053670917
-0.045702988
-0.046344745
-0.054894553
-0.068755133
-0.082694365
-0.090361423
-0.0896933
-0.08215789
-0.069288398
-0.052850743
-0.031190413
-0.011820761
-0.00148498
0.001124189
0.000340918
-0.000722792
-0.002017407
-0.004917632
-0.010715568
-0.01662566
-0.019099829
-0.020193428
-0.023177113
-0.029446373
-0.035872283
-0.03707964
-0.030433395
-0.02070539
-0.015358903
-0.016518473
-0.017762698
-0.0123023
0.004942098
0.030686677
0.053552362
0.070660223
0.077133003
0.074399685
0.070996203
0.06791534
0.065029525
0.059448797
0.048769911
0.03478871
0.026680865
0.031315165
0.04673687
0.065452653
0.074231355
0.07802563
0.082611835
0.080171773
0.064392485
0.038757138
0.021393197
0.02192276
0.022739865
0.020898755
0.016578658
0.012094773
0.011110723
0.01616527
0.025676389
0.03485982
0.039021658
0.03916123
0.039166173
0.04238517
0.049186578
0.05560204
0.056636923
0.050326583
0.039945961
0.0335782
0.037184491
0.05475797
0.081683112
0.100662948
0.101294492
0.09315329
0.088527809
0.084384175
0.0723236
0.05011578
0.028868148
0.01814801
0.023565307
0.043734097
0.071486892
0.08461166
0.078536744
0.0698078
0.063660151
0.058860048
0.052421718
0.048099247
0.050745043
0.0593142
0.068126833
0.069918197
0.060942053
0.042451355
0.018319242
2.33875E-05
0.005910319
0.022877208
0.042067768
0.050034267
0.043229281
0.029940505
0.021059093
0.023691933
0.04278802
0.079192128
0.117002217
0.1271156
0.100048932
0.053724915
0.01555718
0.008076645
0.02056994
0.02876951
0.032160293
0.034024297
0.03798438
0.036797335
0.022954128
-0.00120035
-0.018664163
-0.022576282
-0.02755464
-0.026985693
-0.011934655
0.01872168
0.052100044
0.08012819
0.094109748
0.085482482
0.060821768
0.02812819
-0.005496624
-0.039525473
-0.060151205
-0.05074
-0.015696933
0.019019715
0.026422818
0.02138951
0.02550961
0.030637942
0.025393329
0.004124343
-0.027891679
-0.054929487
-0.075860893
-0.090028243
-0.088158313
-0.071116615
-0.050814092
-0.034502107
-0.024290678
-0.021263463
-0.019421182
-0.01880175
-0.028035773
-0.049268743
-0.067799465
-0.05878678
-0.027893648
0.005021445
0.017018123
0.003807884
-0.01957751
-0.03832238
-0.041500946
-0.03732689
-0.034703421
-0.029349625
-0.018397548
-0.00601381
0.000296949
0.001815796
0.000334457
-0.004259658
-0.015001085
-0.034242935
-0.055957344
-0.06215815
-0.041705512
-0.004603173
0.0278196
0.03481727
0.016236697
-0.011975538
-0.03654839
-0.050040243
-0.048830648
-0.036645957
-0.011987807
0.01770917
0.033610969
0.021703233
-0.017502137
-0.063985387
-0.089161883
-0.09342129
-0.09707255
-0.096670697
-0.075969188
-0.03444728
-0.004502593
-0.00950446
-0.013369504
-0.013044385
-0.01427248
-0.017171823
-0.013355638
0.00221263
0.023780184
0.036021717
0.036338795
0.037807497
0.044015896
0.04928413
0.046906413
0.03495011
0.0167959
0.000107859
-0.011659398
-0.02248438
-0.028304359
-0.031522477
-0.033860643
-0.036733833
-0.037685574
-0.03268725
-0.02131417
-0.006724538
0.00257003
0.003653373
0.002741838
0.000783762
-0.003896179
-0.014239808
-0.033867045
-0.060719582
-0.083672934
-0.08884238
-0.07840947
-0.057404308
-0.030576393
-0.00804943
0.001711935
-0.007721888
-0.025680413
-0.038468833
-0.036359898
-0.028318518
-0.016266632
-0.000689397
0.016911494
0.036125375
0.054816903
0.056535567
0.037106352
0.005249328
-0.017966298
-0.02269122
-0.01870234
-0.009919198
0.003184788
0.01145848
0.009632273
-0.000905659
-0.017304358
-0.033218877
-0.039298545
-0.03743384
-0.03542639
-0.037100643
-0.038917158
-0.033004472
-0.015503993
0.002743607
-9.77797E-05
-0.024970983
-0.056791633
-0.074900497
-0.073885319
-0.05676791
-0.022827178
0.014280571
0.02999506
0.021265782
0.006288711
-0.005815684
-0.009651964
-0.006352686
-0.002701986
-0.005201873
-0.022895581
-0.05339495
-0.076587814
-0.082461637
-0.08528669
-0.08105728
-0.071928602
-0.06343797
-0.054871544
-0.038392663
-0.011158748
0.010110165
0.014643714
0.012306815
0.014624197
0.021746063
0.027478245
0.024066552
0.012588083
-0.000760353
-0.012758052
-0.028453608
-0.04370682
-0.042443163
-0.014965305
0.034004345
0.079204767
0.099688123
0.088740975
0.063519442
0.040554363
0.03211166
0.041073074
0.052717272
0.049515983
0.032455687
0.012063473
-0.002600575
-0.012106111
-0.015253693
-0.01330521
-0.013224227
-0.022617178
-0.03817331
-0.048312333
-0.047695435
-0.040029658
-0.02145179
0.014809149
0.05716227
0.081310105
0.086488817
0.088270315
0.078283895
0.037341399
-0.03278339
-0.092027983
-0.132988667
-0.161603275
-0.1637232
-0.120545183
-0.053375815
0.009899415
0.06304642
0.08846837
0.077186727
0.06134549
0.05782048
0.059273863
0.054008877
0.047034355
0.046890733
0.056401768
0.068209835
0.072182113
0.06172855
0.03871004
0.011135658
-0.003878784
0.004692013
0.030707319
0.06404051
0.07604015
0.070450407
0.067165101
0.06750026
0.076481435
0.097215867
0.125594125
0.139738933
0.130664742
0.1127713
0.077752087
0.032215913
-0.00352396
-0.017785977
-0.009213415
0.009305477
0.035340029
0.053703893
0.055522273
0.044566918
0.026548563
0.008217546
-0.000266575
-0.00106084
0.006424182
0.017447067
0.025473661
0.02359376
0.009297214
-0.010537709
-0.023654035
-0.020887953
-0.012375467
-0.006674321
-0.010924094
-0.027186308
-0.046875253
-0.05390809
-0.034850476
-0.000678271
0.032968103
0.054586653
0.049702553
0.031474642
0.009641167
-0.003148546
-0.003423468
0.000496034
0.00082189
-0.000462148
-0.001889311
-0.007520765
-0.025566674
-0.05876106
-0.08512159
-0.080427078
-0.058023234
-0.02341619
0.000429828
0.002709757
0.005616791
0.009629955
0.012739353
0.01618019
0.020849846
0.02561033
0.031435705
0.040934128
0.053783552
0.06424591
0.064189788
0.049785287
0.02548038
0.004524153
0.000762211
0.004915233
0.004853341
-0.003135585
-0.016133353
-0.027901878
-0.032158313
-0.02678834
-0.017429866
-0.013536762
-0.015201178
-0.017869317
-0.016471441
-0.010745327
-0.007677395
-0.016091893
-0.03914505
-0.071953858
-0.095271947
-0.1008747
-0.097178907
-0.087675738
-0.06947109
-0.04715819
-0.020985495
0.007585636
0.019001
0.007075099
-0.009695664
-0.023248178
-0.029921196
-0.03216765
-0.033221228
-0.039518965
-0.058235465
-0.090536413
-0.124142317
-0.1458512
-0.14398485
-0.114031433
-0.061394017
-0.002006514
0.027218102
0.01562478
-0.008841269
-0.039637333
-0.065445263
-0.08009821
-0.07625303
-0.049231675
0.002482419
0.059429657
0.108126675
0.1301588
0.106254642
0.04981575
-0.014335465
-0.061148337
-0.085675525
-0.092138053
-0.095714864
-0.080815
-0.042790153
-0.002643483
0.012001555
0.010773578
0.012604218
0.01504872
0.017052701
0.018234682
0.016542403
0.007490397
-0.013952797
-0.046330415
-0.071083113
-0.065058967
-0.033891795
-0.000765092
0.003471759
-0.01716905
-0.034253609
-0.035941725
-0.021447535
0.006573527
0.040952248
0.06074682
0.048781049
0.02211756
0.004111414
0.011802459
0.030817215
0.04505503
0.038101437
0.010509811
-0.027007543
-0.053757037
-0.051759378
-0.026549975
0.01167154
0.042779313
0.052151043
0.050246793
0.042001258
0.03198488
0.028083078
0.028313938
0.027155895
0.02438977
0.01895532
0.007861875
-0.009322792
-0.023486927
-0.022136048
-0.010889552
0.000732852
0.00843614
0.012908052
0.012559389
-0.000964234
-0.03152662
-0.069456588
-0.09507089
-0.100259035
-0.091017917
-0.086557278
-0.091711153
-0.097357318
-0.09484193
-0.078927966
-0.053759675
-0.029112867
-0.010203931
-0.00270489
-0.009161809
-0.019480171
-0.025149643
-0.03066949
-0.049548385
-0.083723642
-0.1087938
-0.106174733
-0.087906475
-0.061130447
-0.04471962
-0.053628909
-0.079167245
-0.096028835
-0.083274083
-0.04403964
-0.006835241
0.00479144
-0.0118453
-0.045241748
-0.081026762
-0.09993417
-0.09745238
-0.07977988
-0.05491826
-0.032836923
-0.01437165
0.007454034
0.031563072
0.044345177
0.03728606
0.015191713
-0.014556478
-0.037161923
-0.048098443
-0.047901464
-0.032448745
-0.003422634
0.017542597
0.00687923
-0.02611256
-0.060151446
-0.068026
-0.05024716
-0.017429752
0.022917183
0.058273047
0.086955433
0.1050761
0.11596465
0.1194937
0.1184072
0.11758785
0.122458742
0.1321705
0.141396992
0.1437512
0.134094
0.111791667
0.083539184
0.062365095
0.052313533
0.050569633
0.05978819
0.079311903
0.100207353
0.1063833
0.095515496
0.068172053
0.02965862
-0.00308758
-0.027304359
-0.03305894
-0.019264532
-0.000214633
0.00722445
-0.000142536
-0.007400598
-0.007902449
-0.002645535
0.006165897
0.01617293
0.026713837
0.032553469
0.027605295
0.012199336
-0.00525804
-0.01361256
-0.006432938
0.007084935
0.01552362
0.011379331
-0.004194953
-0.021076888
-0.026464113
-0.011223152
0.019749435
0.052796096
0.066307403
0.05226486
0.031114642
0.013745952
0.002806851
-0.011036426
-0.02866596
-0.04699105
-0.05720711
-0.054794357
-0.042017715
-0.028128657
-0.021212703
-0.024483145
-0.033391492
-0.043360534
-0.0481795
-0.040699083
-0.016327887
0.019252733
0.042401753
0.036547326
0.026146575
0.0241546
0.030826667
0.036659413
0.029149612
0.004869539
-0.0298367
-0.056105971
-0.061056755
-0.042598727
-0.004397094
0.033371973
0.04276247
0.024997571
0.003360348
-0.007821702
-0.004139154
0.0019567
0.004485616
-0.002416045
-0.015010585
-0.022922088
-0.017101067
-0.000409783
0.014139735
0.020952914
0.020520443
0.010578356
-0.01259272
-0.045116811
-0.06998325
-0.081276462
-0.067394093
-0.031571355
0.003297247
0.028610673
0.04459572
0.054546229
0.058115133
0.053210295
0.04087865
0.028617009
0.02215045
0.024457547
0.037039508
0.05786044
0.072588893
0.066581892
0.04647485
0.023168712
0.01032909
0.011900729
0.0265227
0.052067233
0.07282847
0.064257907
0.038828587
0.010979535
0.000899379
0.002978724
0.002309716
-0.005938226
-0.02258514
-0.045157318
-0.068831287
-0.084621603
-0.08636488
-0.068546002
-0.041722288
-0.016232886
0.009396361
0.032281553
0.039641295
0.02629821
0.007415044
-0.003434811
-0.001512934
0.00640639
0.01685924
0.025210808
0.029925337
0.032272473
0.03334118
0.033514914
0.033143285
0.033575318
0.036035567
0.039991693
0.041290192
0.035190732
0.02100501
0.003281543
-0.008400066
-0.013860843
-0.021706247
-0.030684202
-0.031921735
-0.019959927
0.004621517
0.03190131
0.051085027
0.059372763
0.0525122
0.038594432
0.031099535
0.037048668
0.049818213
0.058417565
0.0560157
0.041415787
0.02128693
0.005283928
9.45886E-05
0.003452264
0.01059029
0.020323063
0.0303355
0.03901688
0.04240829
0.037126797
0.02173067
0.001424634
-0.01288576
-0.01439992
-0.01069577
-0.008947284
-0.01320068
-0.024297824
-0.037591008
-0.04622059
-0.046494057
-0.039310695
-0.0243365
-0.002882049
0.018299213
0.026713675
0.02405607
0.016679085
0.007428675
0.00029425
-0.000304128
0.005128369
0.01156699
0.013265854
0.008689518
0.000444242
-0.009427846
-0.018966868
-0.02547171
-0.026756886
-0.02397281
-0.027083525
-0.04051923
-0.060861683
-0.076986113
-0.078933952
-0.06818154
-0.046219444
-0.021817403
-0.009242093
-0.00978877
-0.017527658
-0.02754874
-0.03567225
-0.039315118
-0.037794917
-0.029159703
-0.014217287
0.003213198
0.015674203
0.01808703
0.016123688
0.013525882
0.013195901
0.01881543
0.031903613
0.048646972
0.058173353
0.046959747
0.015854415
-0.021795085
-0.045665653
-0.051884047
-0.045149432
-0.020246302
0.023384984
0.06092906
0.077417665
0.066299148
0.03735404
-0.002816537
-0.035242775
-0.054056625
-0.059304883
-0.05616389
-0.048331632
-0.042517463
-0.043970013
-0.04917687
-0.052900527
-0.055681897
-0.058105485
-0.060072877
-0.057864749
-0.04618972
-0.023239237
0.004266203
0.019494898
0.020819283
0.016622887
0.009313082
-0.001656053
-0.014256023
-0.026705145
-0.03635323
-0.03985938
-0.032578115
-0.01558035
0.003820438
0.015154785
0.015197995
0.007966231
0.001312268
0.000266972
0.006992124
0.01418665
0.016529203
0.013672452
0.009288417
0.008401898
0.01350926
0.02332317
0.033705043
0.039926054
0.03851219
0.028517088
0.01235898
-0.006165944
-0.02344791
-0.039867453
-0.05149819
-0.050013566
-0.03308538
-0.002345227
0.030768117
0.062514589
0.08468629
0.083698766
0.06088329
0.029788897
0.005684205
-0.005354782
-0.001957167
0.010408359
0.028327153
0.036479085
0.025829782
0.00748056
-0.006899744
-0.006858476
-0.005333827
-0.007819663
-0.016767493
-0.029024049
-0.036794605
-0.033730078
-0.016369203
0.013663956
0.04615257
0.067147405
0.06864432
0.053530305
0.030464722
0.006364576
-0.011258665
-0.020162915
-0.02455163
-0.02790496
-0.027670877
-0.02397988
-0.015380638
-0.002323627
0.01114264
0.017657057
0.022907803
0.030316135
0.03560323
0.033652222
0.023935615
0.009864993
-0.001060463
-0.006487525
-0.010323096
-0.013313951
-0.01232889
-0.005836234
0.001438435
0.00501892
0.005594049
0.003986558
0.002277793
0.00238665
0.003426142
0.001913771
-0.004465715
-0.014593904
-0.02443855
-0.027041084
-0.02125978
-0.006503676
0.011373071
0.024867664
0.030586725
0.030877394
0.027908443
0.024278928
0.022620923
0.024775178
0.02948859
0.032742262
0.029887362
0.019149055
0.003147157
-0.011585494
-0.01612145
-0.015869254
-0.01524206
-0.017047885
-0.023161283
-0.031513158
-0.03962752
-0.045202475
-0.047219308
-0.04744879
-0.04676195
-0.045917238
-0.04457257
-0.042338014
-0.038783023
-0.034245767
-0.030282897
-0.02781983
-0.02555454
-0.02110961
-0.012403194
-0.000427718
0.010716971
0.016824973
0.01817433
0.017473284
0.015601063
0.01413218
0.013840733
0.014657599
0.01444189
0.012716935
0.010256614
0.007973385
0.007455112
0.009217107
0.013272055
0.01624349
0.015809667
0.01026112
0.001406102
-0.007882197
-0.01543771
-0.022435602
-0.032545895
-0.045249215
-0.05607294
-0.059906581
-0.055846075
-0.044422238
-0.02956451
-0.01798213
-0.012419593
-0.008782694
-0.00457468
-0.003764188
-0.008869759
-0.018993948
-0.030065243
-0.035115643
-0.030737055
-0.020822928
-0.009844439
-0.003951836
-0.004053238
-0.009741387
-0.0159157
-0.018602451
-0.015840852
-0.008617072
0.000375373
0.007909918
0.013295285
0.021168042
0.034350903
0.04843522
0.055210175
0.052172605
0.04531173
0.038413829
0.033570987
0.031999045
0.034588397
0.039109933
0.039990415
0.034117443
0.021259767
0.00449022
-0.007246217
-0.010659452
-0.01349273
-0.017840859
-0.021061437
-0.02233384
-0.0214252
-0.019322178
-0.01694582
-0.014383738
-0.012364677
-0.010794765
-0.006546774
0.003686918
0.0216972
0.04247335
0.054232513
0.05176837
0.04001089
0.021729041
0.007538373
0.005338392
0.006888435
0.007815432
0.007215651
0.004447697
-0.000270977
-0.005261855
-0.009817158
-0.01267207
-0.012526257
-0.010733608
-0.009601852
-0.010433551
-0.0125244
-0.012643243
-0.007480383
0.004531663
0.02215869
0.036416908
0.041377553
0.038374875
0.032066763
0.026557986
0.02281218
0.020487623
0.018965903
0.018317515
0.018909782
0.020017498
0.01971841
0.015318863
0.006980462
-0.0025547
-0.009781203
-0.01332478
-0.013039175
-0.010881862
-0.010332636
-0.014089745
-0.021362363
-0.028400341
-0.03065573
-0.025526827
-0.015196787
-0.005896419
0.000293875
0.00321373
0.00447166
0.005444071
0.007275628
0.010094267
0.011739873
0.009374126
0.00284255
-0.006229559
-0.013754453
-0.015536838
-0.011607843
-0.006205196
-0.002622711
0.000121945
0.003379835
0.007427891
0.010593162
0.011907046
0.01191938
0.011175947
0.009416986
0.007622672
0.007092054
0.008991515
0.012518795
0.015891551
0.01842801
0.019458635
0.01868365
0.017220608
0.01535459
0.013238943
0.01005991
0.005457554
-0.000177502
-0.006457746
-0.0118494
-0.015393891
-0.018271263
-0.019428328
-0.018596788
-0.017804654
-0.01874652
-0.020051334
-0.019597595
-0.014853725
-0.005447297
0.006249589
0.01778408
0.026275093
0.034662643
0.041032588
0.044097548
0.04235407
0.03810883
0.033223534
0.02923378
0.026686928
0.026997913
0.030037602
0.032498135
0.030942834
0.025313327
0.017650797
0.009704897
0.003115643
0.000871366
0.002684017
0.008072703
0.014790883
0.021247157
0.026051777
0.02809031
0.02552862
0.01969512
0.013741915
0.009651136
0.008056698
0.008815073
0.009904568
0.010198473
0.0119875
0.01657311
0.022907663
0.0286795
0.03100724
0.027012193
0.017769875
0.006125784
-0.006101841
-0.0136881
-0.017684826
-0.020904108
-0.022849618
-0.023174457
-0.021903123
-0.01913645
-0.015727854
-0.01167653
-0.006478522
-0.000370409
0.007329571
0.01662987
0.026312252
0.033142067
0.033876062
0.028443207
0.02116417
0.01419028
0.008486479
0.003584756
-0.00166726
-0.007621226
-0.01288662
-0.01543211
-0.013469859
-0.00593706
0.004085321
0.013112577
0.018297043
0.01743944
0.011382216
0.004297486
-0.000435265
-0.002342023
0.000988088
0.007442128
0.013518365
0.018014637
0.020659848
0.021023293
0.019899688
0.017604345
0.013447691
0.007608535
-0.000425702
-0.009267734
-0.016491488
-0.02180799
-0.025512088
-0.026446738
-0.024531575
-0.0219733
-0.020210892
-0.01901757
-0.018096637
-0.01712835
-0.015668168
-0.014120892
-0.013395687
-0.01387734
-0.014564305
-0.014368673
-0.011363983
-0.004705818
0.003293366
0.009997067
0.012777688
0.01111051
0.007052002
0.003075832
0.000124792
-0.001571449
-0.001312027
0.000137507
0.000903752
-2.36853E-05
-0.002712541
-0.005293656
-0.006984946
-0.006125266
-0.00197664
0.003057507
0.007444917
0.01079417
0.012087603
0.012438948
0.012666978
0.013400887
0.013440753
0.012113415
0.010046265
0.00790011
0.006778408
0.006360411
0.005662698
0.005237135
0.004673209
0.004401134
0.003915408
0.002469747
0.000344203
-0.000762966
0.001221649
0.00613308
0.011761264
0.01636452
0.018540865
0.01710312
0.013442811
0.009613222
0.005136945
0.000399716
-0.003222903
-0.006012139
-0.008415767
-0.010374278
-0.01156497
-0.011841402
-0.011762372
-0.01226486
-0.01407663
-0.01697567
-0.019814735
-0.02160139
-0.02151402
-0.01956326
-0.017372287
-0.01646034
-0.017524723
-0.019931873
-0.021750473
-0.02109917
-0.015865767
-0.006869658
0.002654603
0.008266501
0.009583255
0.009271595
0.008624559
0.008702131
0.009105987
0.008870347
0.007396528
0.005020534
0.003230582
0.001900141
0.001423644
0.001502498
0.002033994
0.002502635
0.003459681
0.005361806
0.007428321
0.008099765
0.006038483
0.001570219
-0.003619406
-0.008012921
-0.009705112
-0.00866957
-0.00586155
-0.003674365
-0.003478639
-0.003975533
-0.004346002
-0.002706023
0.001451514
0.006177678
0.010059787
0.012126503
0.012632455
0.01149757
0.008708871
0.004925169
0.000958702
-0.002371674
-0.003961264
-0.003467379
-0.001698002
-0.000534765
-0.000606185
-0.002369963
-0.005613784
-0.00901232
-0.010549865
-0.008839534
-0.003337561
0.00387042
0.012615809
0.020599465
0.025844676
0.02803698
0.026906858
0.024157905
0.021434502
0.018167377
0.014537472
0.011068295
0.007048483
0.003325923
0.001048074
-0.000490008
-0.002171889
-0.004532258
-0.006789483
-0.008495449
-0.009708337
-0.010433243
-0.011036114
-0.011297945
-0.010822881
-0.010142613
-0.010136115
-0.011094622
-0.012847129
-0.01345213
-0.012511558
-0.010035985
-0.007674165
-0.007029151
-0.007584131
-0.007798405
-0.006702574
-0.003599084
0.000275628
0.002921363
0.003628045
0.002370519
-0.001139186
-0.005964446
-0.010415811
-0.013592787
-0.016164113
-0.018109565
-0.019099161
-0.018827833
-0.017732903
-0.016600592
-0.016064253
-0.01639859
-0.018273263
-0.021141402
-0.024169838
-0.025790413
-0.025523939
-0.023880365
-0.023039927
-0.023364663
-0.02490789
-0.027547463
-0.030556015
-0.03256161
-0.03331469
-0.032815693
-0.031497285
-0.02921992
-0.025935438
-0.02053183
-0.013588849
-0.006030717
0.000417859
0.004664905
0.005708984
0.00372615
0.000587958
-0.002144103
-0.004153415
-0.004747002
-0.00415468
-0.0042168
-0.005708301
-0.007432082
-0.0087568
-0.008747393
-0.006985988
-0.004663259
-0.003005223
-0.002890158
-0.003393702
-0.003301199
-0.002285458
-0.000833556
0.00030593
0.000887978
0.000966898
0.001189252
0.001472634
0.001937908
0.002423341
0.003474959
0.004926966
0.006591089
0.00810995
0.009096826
0.010001129
0.010564233
0.010744073
0.010421903
0.010033793
0.009730784
0.009920577
0.010219713
0.010308385
0.010080713
0.009465465
0.008673516
0.007716655
0.006387868
0.004212778
0.001531797
-0.000863935
-0.002753519
-0.004621155
-0.006692014
-0.00883826
-0.01078765
-0.012036149
-0.012145335
-0.01107897
-0.009293179
-0.007705267
-0.00676818
-0.005540024
-0.003047301
0.000637541
0.004714076
0.008705044
0.011576283
0.013290563
0.013567825
0.012127349
0.008948921
0.004751412
-0.000304217
-0.005339222
-0.01109394
-0.015996408
-0.019391762
-0.021316665
-0.020391673
-0.016482365
-0.01187061
-0.007130976
-0.002338368
0.001425847
0.003866845
0.005879308
0.007863074
0.009010513
0.008759647
0.006995952
0.003908787
0.000980691
-0.001107841
-0.001353438
0.000295465
0.001474274
0.001034162
-0.000300851
-0.002955178
-0.006399326
-0.010044747
-0.01350059
-0.016216977
-0.017621659
-0.01791895
-0.017980003
-0.01857288
-0.019927673
-0.021847147
-0.022643485
-0.02096124
-0.016343913
-0.008996174
0.001073077
0.010865908
0.01706988
0.02025043
0.01950435
0.014775247
0.007872417
-0.000356357
-0.008138649
-0.01439417
-0.019706157
-0.02364984
-0.025948378
-0.025677277
-0.023870228
-0.02217462
-0.020777008
-0.019121557
-0.01708231
-0.014645163
-0.011824861
-0.008655098
-0.005022858
-0.001455218
0.000632882
-4.91918E-05
-0.003431039
-0.007857516
-0.013015717
-0.018312037
-0.022834675
-0.025655418
-0.026328302
-0.02471594
-0.022694285
-0.020967265
-0.01893538
-0.01636367
-0.012605447
-0.007486143
-0.002444745
0.000822714
0.002645113
0.00248651
0.000483034
-0.001597731
-0.003742066
-0.005948985
-0.007318119
-0.0078257
-0.007573595
-0.006891455
-0.005803143
-0.004246077
-0.003229819
-0.002346675
-0.001745628
-0.001623052
-0.001686787
-0.002594265
-0.00387051
-0.005026186
-0.005997365
-0.006418003
-0.005796852
-0.004273429
-0.002412256
-0.000531864
0.000869577
0.001171515
0.000799987
0.000289805
-0.000112782
0.00037804
0.001541747
0.00305012
0.004623287
0.005928336
0.006838684
0.006585092
0.005238502
0.002495648
-0.001474693
-0.005982458
-0.010573798
-0.014407877
-0.016855848
-0.01715029
-0.015947439
-0.014409473
-0.012910568
-0.010956233
-0.008918168
-0.007942186
-0.007281738
-0.006617547
-0.00545884
-0.003887882
-0.001954274
0.000460105
0.00295983
0.005319467
0.007253281
0.008902938
0.010513524
0.01163744
0.012913417
0.013872503
0.01449077
0.014528677
0.013888038
0.013370275
0.012757206
0.01132133
0.010117941
0.008993111
0.008128119
0.007158083
0.006191032
0.005266898
0.005123498
0.005656066
0.006179799
0.006964167
0.007847282
0.008477814
0.008930626
0.008864071
0.008645481
0.008052745
0.007134352
0.00615105
0.004770381
0.003451304
0.001821257
0.000243192
-0.001607674
-0.003823879
-0.005802613
-0.007350651
-0.007835763
-0.007061712
-0.005925016
-0.005277457
-0.004688463
-0.00391603
-0.002179875
0.001085544
0.006049778
0.013226557
0.020984188
0.026674445
0.029545388
0.03138431
0.032669435
0.033325155
0.03285167
0.031267117
0.028936455
0.026656235
0.024846038
0.02279389
0.02066595
0.018337878
0.01536029
0.01093229
0.006097755
0.00208059
-0.001115465
-0.003257364
-0.004189002
-0.004361992
-0.004146571
-0.003971754
-0.00445342
-0.004973946
-0.005263391
-0.004389545
-0.002110592
0.000628178
0.003055626
0.005003911
0.007061933
0.008262818
0.009039308
0.008983708
0.007973329
0.006682266
0.005382704
0.004353636
0.004388933
0.00497814
0.0059221
0.006785946
0.007718414
0.008883684
0.009735136
0.009994078
0.009557244
0.00839812
0.006555037
0.00474881
0.003114586
0.001453269
0.00051866
-0.00081426
-0.002319852
-0.003745562
-0.004509686
-0.004055862
-0.003593367
-0.003858907
-0.004484434
-0.004950697
-0.005887418
-0.007637943
-0.009357398
-0.010557277
-0.010678941
-0.009067608
-0.006513965
-0.004048901
-0.001644482
0.000259313
0.001487673
0.002696222
0.003868584
0.005696881
0.007640049
0.009970679
0.011536813
0.01222674
0.01235231
0.012630883
0.01344365
0.014328173
0.014874002
0.01505303
0.015290857
0.01520539
0.015000605
0.014007483
0.012273938
0.009844916
0.007031289
0.003914056
0.000602611
-0.002489607
-0.005829516
-0.008978147
-0.011841941
-0.013964783
-0.015449858
-0.01537497
-0.014266764
-0.012992525
-0.011728412
-0.01027637
-0.008915129
-0.00692574
-0.004654586
-0.002275338
0.000211835
0.002619187
0.004764908
0.005950774
0.006527587
0.007057217
0.00769185
0.008292121
0.008863397
0.009266559
0.010052408
0.01101136
0.011600495
0.011651422
0.01165106
0.01208356
0.012934237
0.013898765
0.014927976
0.015646023
0.015720483
0.01498437
0.013893148
0.01289888
0.012220394
0.0120457
0.012326835
0.012569483
0.012776472
0.01229657
0.011070027
0.009238918
0.006741806
0.003434572
-0.000543043
-0.003830332
-0.006563226
-0.008232137
-0.009120325
-0.009930939
-0.01065319
-0.01119499
-0.011205421
-0.011373127
-0.011946093
-0.012780488
-0.013331727
-0.01395178
-0.01416287
-0.0141144
-0.014044903
-0.014234367
-0.014735413
-0.01508619
-0.014630819
-0.013449913
-0.011881718
-0.009927723
-0.008360959
-0.006657846
-0.005224256
-0.003783404
-0.002304458
-0.000871207
9.57315E-05
0.000363946
-7.33386E-05
-0.00086578
-0.001653109
-0.002551311
-0.003126535
-0.003407598
-0.003692789
-0.004122952
-0.004177656
-0.004230848
-0.004524867
-0.005042664
-0.00561023
-0.005941313
-0.006359759
-0.006976208
-0.007666719
-0.008738296
-0.009869548
-0.011257558
-0.012636733
-0.013730107
-0.014944998
-0.01610039
-0.017196643
-0.018307547
-0.018976685
-0.019016525
-0.018893817
-0.0181048
-0.016520202
-0.014954178
-0.013242578
-0.011235823
-0.009273448
-0.008022064
-0.007655331
-0.007693521
-0.007530131
-0.007067404
-0.006141328
-0.004985531
-0.004261366
-0.003737624
-0.003689104
-0.003766221
-0.004156541
-0.004450947
-0.004570122
-0.00466934
-0.004876215
-0.004690088
-0.004736189
-0.005541092
-0.006748251
-0.008415317
-0.010053804
-0.010769717
-0.01032152
-0.009313518
-0.008120787
-0.007146718
-0.006770479
-0.007278543
-0.008517165
-0.009799249
-0.010787893
-0.01046071
-0.008337777
-0.004547553
-0.000210487
0.004181518
0.008305778
0.011595497
0.013884113
0.015007547
0.014838443
0.01474795
0.014904088
0.01529307
0.015740705
0.01569408
0.015323618
0.01437031
0.013335234
0.012717833
0.01207346
0.010983915
0.009727944
0.008284436
0.007318671
0.006932331
0.00754486
0.008674573
0.009779464
0.009971923
0.009509109
0.009200286
0.009681566
0.010602503
0.011669148
0.01198222
0.01196039
0.011760255
0.011380333
0.011607547
0.012402673
0.01415861
0.016377343
0.01862593
0.020867338
0.023031378
0.024008427
0.02392305
0.023329226
0.021899957
0.020074853
0.01864925
0.017559624
0.01667608
0.015489253
0.014149347
0.013062623
0.012246152
0.012030996
0.01277154
0.013809957
0.014815777
0.01609175
0.017192073
0.018176059
0.018879695
0.01949287
0.01996458
0.020084163
0.01966265
0.018429209
0.01626228
0.014168907
0.01231672
0.01147122
0.01175986
0.012362805
0.01295031
0.012924365
0.013002797
0.013060618
0.012890445
0.012068247
0.01072734
0.008974247
0.007254776
0.005997826
0.005362044
0.005522379
0.006057519
0.0063028
0.006229029
0.005658731
0.004639194
0.003733433
0.004221929
0.004931367
0.005429172
0.005595363
0.005409923
0.004301246
0.002829389
0.001040556
-0.000851039
-0.001901496
-0.002507449
-0.003120764
-0.004167739
-0.00441776
-0.004224998
-0.003714327
-0.002953137
-0.002146379
-0.001540305
-0.001045685
-0.000528891
-8.38128E-05
-0.000163027
-0.000412062
-9.2553E-05
-0.000502537
-0.001421014
-0.002344926
-0.003287199
-0.004248032
-0.004788349
-0.005074698
-0.004727342
-0.004019691
-0.003425619
-0.002750676
-0.002455021
-0.002641744
-0.003535773
-0.003997328
-0.004175445
-0.003589735
-0.002569168
-0.001889331
-0.001547027
-0.001178732
-0.000775138
-0.00058069
-0.000680674
-0.000943573
-0.000764944
3.48737E-05
0.001393552
0.002816192
0.003884278
0.005078823
0.005782616
0.005394447
0.004081508
0.002053352
-5.21729E-05
-0.001891561
-0.003713649
-0.00532809
-0.007188838
-0.008894636
-0.009741248
-0.009830591
-0.009965533
-0.009995193
-0.00984049
-0.009083384
-0.008129684
-0.007074809
-0.006484866
-0.00601819
-0.005976584
-0.005841101
-0.005849906
-0.005822913
-0.005944474
-0.005797878
-0.005601587
-0.005547369
-0.006097781
-0.007065625
-0.008512602
-0.009852087
-0.011036047
-0.012624228
-0.01395013
-0.014714743
-0.014986783
-0.01429124
-0.01348783
-0.013129377
-0.01295556
-0.012861029
-0.012629065
-0.012134015
-0.011036217
-0.009790781
-0.008548692
-0.007385205
-0.006625792
-0.005756839
-0.004915038
-0.004347467
-0.003886718
-0.003805426
-0.004011572
-0.004403633
-0.004685139
-0.004657098
-0.0044554
-0.00420191
-0.003751199
-0.003375352
-0.003221461
-0.003347784
-0.003253234
-0.002786629
-0.001950678
-0.001207867
-0.000758675
-0.000138614
0.000701381
0.001564402
0.002342448
0.002796268
0.002597982
0.001920919
0.001415422
0.000938095
0.001086951
0.000703145
-0.000909775
-0.00341031
-0.006466901
-0.009415247
-0.01169991
-0.014008238
-0.01644021
-0.018719446
-0.02023068
-0.021130124
-0.02049844
-0.018789973
-0.01648132
-0.014067318
-0.01177304
-0.009696201
-0.007806606
-0.006465844
-0.005231923
-0.004827404
-0.005049315
-0.005345517
-0.005327003
-0.004495614
-0.003160504
-0.001552553
-0.000251334
0.000284541
0.000820091
0.001364139
0.001254199
0.000484729
-0.000628413
-0.002100232
-0.003435688
-0.004605718
-0.005731832
-0.006842964
-0.007746182
-0.008335089
-0.008585303
-0.008733112
-0.008672268
-0.007979273
-0.007238658
-0.006291943
-0.005162173
-0.004014876
-0.00211693
0.00033414
0.002679915
0.00433312
0.005926225
0.007566437
0.008725441
0.009192816
0.009172484
0.009468262
0.009983948
0.010473078
0.010762913
0.010778801
0.00966145
0.00755832
0.004624431
0.001812429
-0.001050277
-0.003585582
-0.004475297
-0.00310436
-0.001302001
-0.000183009
0.000135327
-0.00014328
-0.000335368
-0.000763046
-0.001286393
-0.001599594
-0.001481315
-0.00155779
-0.001768723
-0.002089963
-0.002807563
-0.003677348
-0.004292256
-0.004810028
-0.005343248
-0.005168609
-0.003738067
-0.002359245
-0.001242958
-0.000370456
-0.000106662
-0.000179775
-0.000589304
-0.001451143
-0.002597124
-0.004129168
-0.005748067
-0.007130189
-0.007553567
-0.007044287
-0.006047537
-0.005091865
-0.004292813
-0.003528609
-0.00328844
-0.003260117
-0.003604097
-0.004710054
-0.006203998
-0.007450568
-0.008081662
-0.008268297
-0.00824524
-0.008024192
-0.007941754
-0.008237934
-0.008367471
-0.008130461
-0.007322824
-0.006509163
-0.005629416
-0.004749591
-0.004133991
-0.003887082
-0.003681825
-0.003737595
-0.004107958
-0.00513984
-0.006261444
-0.007648184
-0.009482919
-0.010880883
-0.01164087
-0.012117007
-0.012322187
-0.012159718
-0.011647807
-0.011329684
-0.01045369
-0.009368022
-0.008214362
-0.007119005
-0.006228983
-0.004868969
-0.002946861
-0.001426457
-0.000522303
1.01537E-05
0.000311331
0.000291497
0.000135794
-0.000966905
-0.002876666
-0.004975086
-0.006914377
-0.009075626
-0.010766435
-0.011744077
-0.011514513
-0.010494408
-0.009282511
-0.008467948
-0.00788775
-0.007485512
-0.007249866
-0.00682338
-0.005692325
-0.004376197
-0.003029723
-0.001300763
0.000871282
0.003663849
0.006711039
0.009951907
0.01349958
0.016716093
0.018835538
0.01970019
0.019994637
0.019717142
0.018389035
0.016315496
0.014426103
0.012804248
0.011749988
0.011671209
0.01206063
0.012114233
0.011463648
0.010292411
0.008911936
0.007844927
0.007362326
0.007663514
0.008443615
0.008830209
0.009260795
0.009425306
0.009420085
0.009568123
0.009684004
0.009710311
0.01008578
0.010537683
0.011097255
0.011967191
0.012720367
0.013179558
0.013569158
0.013750277
0.01367027
0.013277471
0.01266211
0.012588288
0.013390263
0.01467116
0.015977745
0.017215394
0.018871383
0.020791715
0.022336663
0.02314125
0.02290083
0.021809662
0.019607887
0.016537423
0.012624327
0.008861911
0.006082253
0.004295797
0.002752628
0.001172512
-0.000830409
-0.003119496
-0.005996211
-0.008766261
-0.010630965
-0.011341403
-0.011059123
-0.009620303
-0.008372237
-0.007475352
-0.00688293
-0.006517917
-0.006193489
-0.006142309
-0.006559624
-0.007419871
-0.00812746
-0.008087882
-0.006773653
-0.004169639
-0.000670133
0.003268675
0.007440876
0.011753785
0.015653953
0.019551868
0.02265653
0.024351796
0.024853888
0.024732205
0.024462733
0.024101447
0.023649695
0.023526957
0.023139833
0.022619388
0.021494972
0.020024712
0.01852101
0.017127712
0.015338853
0.013769243
0.011971193
0.009366986
0.005834651
0.001786608
-0.001826065
-0.004901158
-0.007491134
-0.00926158
-0.01013803
-0.010220184
-0.010164903
-0.009975487
-0.009630387
-0.009313
-0.00833089
-0.006946902
-0.005509934
-0.004094679
-0.002583918
-0.001003716
0.000346049
0.001618129
0.002627705
0.002465217
0.00170322
0.000906492
3.60475E-05
-0.000394291
-0.000293034
-4.31222E-05
-0.000193413
-0.000174199
3.73662E-06
-8.83204E-06
-0.000296793
-0.000467897
-0.001146451
-0.002004604
-0.002676848
-0.003425066
-0.004446969
-0.005881934
-0.007810694
-0.009462536
-0.01082514
-0.011669513
-0.011531058
-0.010870623
-0.010453107
-0.010177484
-0.009808876
-0.009114227
-0.00808953
-0.006960705
-0.005485407
-0.003607686
-0.001108631
0.00191385
0.005159286
0.008218562
0.010691493
0.012547188
0.01383979
0.014620883
0.0148584
0.01453258
0.013545863
0.012032844
0.0100317
0.007500056
0.005357883
0.003876834
0.002740794
0.002680355
0.00327322
0.003570262
0.003594007
0.003064008
0.002568796
0.002474686
0.002342127
0.001785798
0.001324234
0.000576452
-0.000366614
-0.000809671
-0.000697415
-0.000916073
-0.00151035
-0.002205916
-0.003066943
-0.00394712
-0.004776112
-0.005717425
-0.006880891
-0.00812735
-0.00917584
-0.00993755
-0.010366275
-0.010903662
-0.010989213
-0.01076798
-0.010328697
-0.010128093
-0.01028285
-0.010378698
-0.010484467
-0.010474443
-0.010415973
-0.010380762
-0.00974582
-0.008613059
-0.007387252
-0.006334957
-0.00544794
-0.004788146
-0.00463792
-0.00468029
-0.004799035
-0.005029589
-0.005553723
-0.006295993
-0.006793775
-0.007486099
-0.008071901
-0.008647911
-0.009391921
-0.009382276
-0.008823798
-0.007676913
-0.006403361
-0.004812039
-0.003140974
-0.001366714
0.000323006
0.001816192
0.002940366
0.00379301
0.004541308
0.004155433
0.00358017
0.003437594
0.003214679
0.003779037
0.005095413
0.006521729
0.007226795
0.007355672
0.007630239
0.008160205
0.00911996
0.010039773
0.01106025
0.011473664
0.011534088
0.011544083
0.011102543
0.00986527
0.008276037
0.006594014
0.004832544
0.003235697
0.002328122
0.002561784
0.002801166
0.002650844
0.00191377
0.001106466
0.000263004
-0.00040783
-0.00069242
-0.001014431
-0.002023447
-0.003242115
-0.00408176
-0.004959236
-0.005711432
-0.006234468
-0.005786704
-0.004941013
-0.004173809
-0.003281847
-0.002154846
-0.001361416
-0.000985605
-0.000515861
-0.000423906
-0.000815263
-0.001424559
-0.002076459
-0.002575039
-0.003755879
-0.004829252
-0.006187651
-0.007624234
-0.008417574
-0.008246928
-0.006865099
-0.005101614
-0.003164673
-0.001700704
-0.000701884
0.000791603
0.002366405
0.004102293
0.006093659
0.008081276
0.009916385
0.01135856
0.012275165
0.012787712
0.012870318
0.01264787
0.011727069
0.010505823
0.009305199
0.008748244
0.008704249
0.00942773
0.010697119
0.01248403
0.01381638
0.014445063
0.01518007
0.0155049
0.0155771
0.015275647
0.014641685
0.01354897
0.012164758
0.01062499
0.009015526
0.007644582
0.006869876
0.006443943
0.005775457
0.00467388
0.003741744
0.00250119
0.001110399
-0.000301797
-0.001936859
-0.003299945
-0.004466361
-0.005723248
-0.006850307
-0.007574881
-0.007709841
-0.007470881
-0.007166974
-0.007006881
-0.006711862
-0.00649207
-0.006145129
-0.006022585
-0.006227506
-0.006606782
-0.007255394
-0.007785001
-0.007743197
-0.007119635
-0.006598659
-0.006584831
-0.006642532
-0.00701795
-0.007733557
-0.008339556
-0.008821216
-0.009214002
-0.009133673
-0.00920514
-0.009383494
-0.009582132
-0.009617034
-0.009218467
-0.008717639
-0.007923404
-0.00703562
-0.005825458
-0.004199914
-0.002926169
-0.002094747
-0.001233094
-0.000477219
0.000267506
0.000311134
0.000187746
-0.000208712
-0.00082052
-0.001418708
-0.002208563
-0.002932927
-0.003647484
-0.004086841
-0.004762948
-0.00508032
-0.005018464
-0.004826496
-0.00432827
-0.003655344
-0.002631641
-0.001529319
-0.000274155
0.001014279
0.002192624
0.003350822
0.004780517
0.006081149
0.007211979
0.007942242
0.00803399
0.007563767
0.007109692
0.005960628
0.004351656
0.002216119
0.000599077
-0.001003118
-0.002982595
-0.004582853
-0.005269793
-0.005425189
-0.005963803
-0.006487962
-0.006172659
-0.005154481
-0.003874836
-0.002755432
-0.002156572
-0.001820931
-0.001530412
-0.001252865
-0.001249041
-0.000844511
-0.000519125
-0.000171557
1.45548E-05
-0.00034036
-0.001369794
-0.002967392
-0.004654473
-0.006336435
-0.007809581
-0.008364919
-0.007904587
-0.006953776
-0.005667142
-0.004760094
-0.003603803
-0.002683638
-0.001650357
-0.000448156
0.000729862
0.001626051
0.002223073
0.002587778
0.003374064
0.004231661
0.004867866
0.005356724
0.005708547
0.006174978
0.006311863
0.006130234
0.005520635
0.004821897
0.004322734
0.003376871
0.002230409
0.001494415
0.000876559
0.000694342
0.000534574
0.000533742
0.001199987
0.002613277
0.003868352
0.004344852
0.004054676
0.003222811
0.002483794
0.00175887
0.000783207
-0.00063606
-0.002128231
-0.003099497
-0.003246798
-0.002450625
-0.001411059
-0.000800962
-0.000347743
0.000187045
0.000445565
0.000511666
0.000275626
-0.000131379
-0.000515757
-0.001491898
-0.002687489
-0.004038674
-0.005099819
-0.005765267
-0.006134335
-0.006183187
-0.006392121
-0.006496812
-0.006207226
-0.005407183
-0.00446836
-0.00364433
-0.003408097
-0.003840621
-0.0043719
-0.004763262
-0.004876432
-0.004826647
-0.004365866
-0.003841625
-0.003594705
-0.003724565
-0.004056083
-0.004157683
-0.004619574
-0.004992833
-0.004900755
-0.004939072
-0.00507557
-0.005186579
-0.005110433
-0.005056695
-0.005250874
-0.005474615
-0.005668367
-0.006439825
-0.00735741
-0.008392906
-0.009512052
-0.01057033
-0.011543988
-0.012141115
-0.01244052
-0.012558888
-0.012482837
-0.0122322
-0.011994277
-0.012160014
-0.01213118
-0.012309854
-0.012862373
-0.013527603
-0.014008947
-0.014411539
-0.01407011
-0.013743506
-0.013516927
-0.01353259
-0.01353061
-0.013570648
-0.013888975
-0.014493508
-0.014831973
-0.014714123
-0.014892557
-0.015277564
-0.01546028
-0.014711175
-0.013526518
-0.01271554
-0.01183585
-0.010972168
-0.010636355
-0.010443183
-0.010285107
-0.010334068
-0.01063877
-0.011156298
-0.0116805
-0.011990221
-0.0121401
-0.012229675
-0.012142157
-0.012062714
-0.011946245
-0.011502521
-0.0107897
-0.010047977
-0.009725086
-0.009760738
-0.00917536
-0.00818655
-0.006960264
-0.005817111
-0.005036575
-0.004238445
-0.003530413
-0.002607768
-0.001527628
-0.000573653
-0.000387717
-0.000743244
-0.001195285
-0.001568309
-0.001535566
-0.001369875
-0.000996052
-0.000714687
-0.000145017
-0.00020869
-2.39202E-05
0.000572177
0.001276453
0.002134035
0.003476762
0.004550087
0.005256261
0.006011221
0.006733944
0.007128923
0.007286597
0.007462061
0.00741424
0.007590474
0.007863857
0.007868439
0.007975817
0.008183333
0.008252184
0.008441682
0.008595929
0.008695409
0.00859724
0.008731823
0.009271908
0.009873845
0.010342652
0.010687658
0.01125679
0.011732154
0.012120478
0.012731218
0.013122277
0.013286378
0.01325875
0.013321193
0.01338228
0.013382688
0.013303255
0.013201704
0.01327574
0.013467253
0.013737482
0.01426924
0.015056437
0.015915184
0.016410975
0.016532721
0.01590895
0.014794255
0.013552455
0.012249133
0.01052266
0.008833103
0.007931096
0.007607707
0.007155578
0.006669827
0.006535427
0.007096316
0.008280328
0.009044903
0.009461213
0.010466009
0.01171372
0.012406738
0.01259306
0.012302438
0.011747383
0.011165981
0.010960355
0.011111478
0.011505667
0.011405275
0.010950453
0.010483778
0.01047761
0.011098548
0.011756035
0.012056063
0.01246488
0.013226476
0.01397311
0.014260618
0.01409971
0.01391397
0.013751375
0.013187429
0.01225537
0.011150755
0.010700115
0.010942148
0.012230913
0.013399913
0.01410592
0.015079425
0.016321723
0.017106765
0.017499585
0.018225356
0.01870519
0.018977883
0.018900145
0.018830673
0.01871114
0.018628929
0.018191325
0.017231812
0.01565069
0.01477779
0.014519643
0.014524625
0.01446427
0.014242327
0.014640045
0.015076723
0.01536423
0.015568523
0.015425905
0.014999857
0.014116687
0.012459743
0.010482652
0.008615976
0.006797894
0.005391503
0.005320844
0.006205287
0.00649793
0.00626763
0.005741558
0.004529532
0.003290817
0.002296801
0.001339294
0.001073683
0.001157432
0.001038576
0.000640975
-0.000699008
-0.002973332
-0.005335686
-0.00715703
-0.008313255
-0.008887529
-0.009652979
-0.010202193
-0.010208144
-0.01047903
-0.011218161
-0.01227232
-0.013172948
-0.0141369
-0.014740469
-0.015070325
-0.015069059
-0.014837213
-0.01460109
-0.014438105
-0.013757769
-0.01243795
-0.010288983
-0.007314625
-0.003982832
-0.001656109
-0.000359591
0.000116629
0.0006813
0.001590749
0.002409021
0.002972012
0.002929837
0.002493509
0.002479282
0.002801816
0.002851741
0.003130644
0.004023083
0.005100283
0.00563027
0.005596847
0.00540651
0.005060064
0.004643221
0.004432528
0.004014857
0.002994817
0.002124343
0.001447436
0.000184979
-0.00170799
-0.003683051
-0.00528236
-0.006461453
-0.007589186
-0.008878921
-0.009993477
-0.010903563
-0.011663018
-0.012235698
-0.01290282
-0.013809409
-0.01438941
-0.014648938
-0.01492275
-0.015032893
-0.014731998
-0.013922036
-0.01234065
-0.010304995
-0.008135277
-0.00637911
-0.004839882
-0.004024634
-0.003491867
-0.003533636
-0.003752487
-0.004046934
-0.004428514
-0.005037069
-0.005547219
-0.006002996
-0.006800799
-0.007486074
-0.008283688
-0.008797172
-0.008879067
-0.009353637
-0.009929408
-0.00994184
-0.009606949
-0.008898373
-0.008259496
-0.007322273
-0.006525805
-0.00570289
-0.004779931
-0.003646876
-0.002369696
-0.002037674
-0.002378859
-0.003446586
-0.005196973
-0.006852384
-0.007988064
-0.008529481
-0.008853618
-0.009459081
-0.010134573
-0.010368246
-0.010314265
-0.010010926
-0.010083213
-0.010781303
-0.011723197
-0.012434396
-0.01245354
-0.011812958
-0.011072913
-0.010228665
-0.009389593
-0.008717728
-0.008687914
-0.00854344
-0.007798784
-0.006678203
-0.005904804
-0.005706676
-0.005611193
-0.005514073
-0.005498962
-0.005717958
-0.005577211
-0.005269116
-0.005172089
-0.005086705
-0.005012915
-0.004066197
-0.00271136
-0.001616385
-0.000808519
-0.000171763
4.53139E-05
0.000711844
0.001455013
0.001593534
0.001142363
0.000570949
0.000588951
0.000666828
0.000643958
0.000401756
0.000831719
0.001268992
0.001772556
0.002520132
0.003273524
0.004064727
0.004737214
0.005263047
0.005750262
0.005769323
0.005732057
0.005452505
0.004921173
0.004652935
0.004671927
0.004355083
0.003588302
0.002936819
0.002846767
0.002735482
0.003041087
0.003614878
0.004242948
0.004673728
0.004920048
0.005094171
0.005305112
0.005930877
0.006742058
0.007797019
0.008633104
0.008999227
0.009390215
0.010029275
0.010564528
0.010580992
0.01031186
0.009076339
0.007153352
0.004712161
0.001991071
-0.00025793
-0.002106656
-0.003299194
-0.004220408
-0.004863285
-0.00513327
-0.005373839
-0.005704474
-0.005878201
-0.005936538
-0.006249516
-0.006712379
-0.007232139
-0.007459806
-0.006878815
-0.006142893
-0.005549153
-0.004989053
-0.004600952
-0.004409727
-0.004423273
-0.004296763
-0.004241952
-0.004137973
-0.003937257
-0.003805582
-0.003456087
-0.002905559
-0.002209352
-0.001545538
-0.000801903
-0.000297053
-0.000378141
-0.000456052
-0.000735715
-0.000991212
-0.00129689
-0.001585597
-0.001896013
-0.002218063
-0.002562963
-0.002479351
-0.002291673
-0.002013439
-0.001898896
-0.001913788
-0.002136155
-0.002427711
-0.002529074
-0.002453137
-0.002545686
-0.002604495
-0.002266152
-0.000903821
0.00150461
0.003754098
0.005798658
0.0077248
0.009114713
0.009943955
0.010919129
0.01168638
0.012139852
0.01205278
0.011682703
0.0110686
0.010453186
0.009572042
0.00855943
0.007198271
0.005837541
0.004577592
0.003693253
0.003039212
0.002689909
0.003324354
0.005308095
0.0086295
0.01186656
0.01465508
0.016565247
0.017356882
0.017607168
0.01726476
0.016625917
0.01578821
0.015137016
0.015495357
0.016271873
0.015710782
0.012542782
0.006883929
-0.000623376
-0.007864672
-0.013163547
-0.016260877
-0.017975311
-0.018125025
-0.017023609
-0.016482163
-0.016030273
-0.015741292
-0.014962466
-0.01313205
-0.011156979
-0.010073647
-0.009672658
-0.009685147
-0.010012129
-0.01131635
-0.013110673
-0.013955367
-0.013654455
-0.011988605
-0.009190343
-0.006052012
-0.002775211
-0.000312998
0.000794944
0.000497368
-0.001244564
-0.004091547
-0.006192675
-0.006902598
-0.006735256
-0.006015944
-0.005750256
-0.005718961
-0.005853309
-0.006673322
-0.007851824
-0.009582929
-0.011056383
-0.011630905
-0.011456253
-0.01002696
-0.007762954
-0.005231905
-0.002206042
0.000249549
0.001497827
0.001876715
0.00221676
0.004228786
0.008042461
0.011615745
0.013494219
0.0137524
0.01303307
0.012181342
0.01199829
0.01338533
0.015643505
0.017042192
0.017023093
0.015666817
0.013781285
0.0130401
0.014142038
0.0153891
0.015064018
0.013271718
0.011733267
0.01156132
0.012911069
0.014391192
0.014894303
0.014767583
0.014393393
0.01405764
0.013831398
0.01436002
0.015175778
0.015378305
0.015410182
0.01582508
0.016121899
0.01589032
0.014775685
0.013329553
0.012726013
0.013366125
0.013952878
0.013424533
0.012439098
0.011545828
0.009807128
0.007741891
0.005796627
0.004289727
0.004166954
0.004151415
0.002881566
0.000462962
-0.002454653
-0.004851857
-0.006027272
-0.005928889
-0.004933038
-0.005011722
-0.005680253
-0.006649098
-0.00802957
-0.009606039
-0.010743157
-0.01148116
-0.011830281
-0.012634467
-0.014098073
-0.015397685
-0.016140818
-0.01655837
-0.017097823
-0.017533458
-0.017751635
-0.0178329
-0.017738331
-0.01759502
-0.0175995
-0.017944303
-0.01805236
-0.018502497
-0.019299646
-0.02065672
-0.022015193
-0.023187617
-0.023511473
-0.022990373
-0.021499908
-0.019612625
-0.017124101
-0.014597087
-0.012123973
-0.009597815
-0.007066149
-0.004590239
-0.00149415
0.001580121
0.004158287
0.005844112
0.006144618
0.005782517
0.005780457
0.006396854
0.007011677
0.00756554
0.007751666
0.008266804
0.008989127
0.009366594
0.00944897
0.009771448
0.010285397
0.01034769
0.00972181
0.008949505
0.00801262
0.007014677
0.005646973
0.004213784
0.003064927
0.002877113
0.003214947
0.00368999
0.004561641
0.004971244
0.004943503
0.004472457
0.004257599
0.004844161
0.005601475
0.005758689
0.005367148
0.004332133
0.002654713
0.000797657
-0.000769112
-0.001576024
-0.001657799
-0.001810565
-0.002509189
-0.003219431
-0.003909115
-0.004789193
-0.005065125
-0.005085366
-0.0057812
-0.006849398
-0.008089265
-0.009141569
-0.009949135
-0.010818873
-0.012082463
-0.013877783
-0.015949538
-0.01845137
-0.020233475
-0.021553088
-0.022971943
-0.0243552
-0.025075068
-0.02545369
-0.025376507
-0.02410773
-0.021937968
-0.019594625
-0.017701621
-0.01607348
-0.014914401
-0.013123013
-0.011223855
-0.009595593
-0.008382125
-0.007489328
-0.006267151
-0.004984405
-0.003365285
-0.00097571
0.001734427
0.003772153
0.005065398
0.006396433
0.008235043
0.010438693
0.012499044
0.014082815
0.014714705
0.015011747
0.01556223
0.016491863
0.01813479
0.01955165
0.020198003
0.019636465
0.017056033
0.01351341
0.009210026
0.004753576
0.00126025
-0.00163384
-0.003986441
-0.006321745
-0.008524669
-0.009822634
-0.009908303
-0.009436895
-0.009226863
-0.00876857
-0.008597014
-0.008562171
-0.008167935
-0.007778276
-0.007084241
-0.006172065
-0.005003277
-0.004128558
-0.002925601
-0.000908425
0.001654195
0.00449579
0.007471459
0.009790563
0.011053724
0.01186717
0.012500273
0.013351868
0.01464568
0.01681623
0.018858395
0.020227287
0.021050685
0.02193736
0.022764642
0.023478455
0.023691712
0.023134357
0.021421078
0.019034652
0.016110764
0.01221125
0.007730694
0.003045727
-0.001753035
-0.00609379
-0.009678562
-0.012038075
-0.012627401
-0.011581767
-0.010648168
-0.010356485
-0.010136829
-0.009793126
-0.008973628
-0.008024632
-0.007365075
-0.007087155
-0.007026457
-0.006421517
-0.004584793
-0.002235692
-0.000442658
0.000995994
0.001786664
0.002373377
0.002697702
0.002858677
0.003164311
0.003403641
0.003525165
0.003885319
0.004579715
0.005769921
0.006711888
0.007454485
0.007864757
0.007948221
0.007383945
0.005820606
0.003755402
0.001276937
-0.000496034
-0.0009533
-0.00098394
-0.001156064
-0.001794418
-0.00337234
-0.005922016
-0.008175802
-0.009907228
-0.011601362
-0.012425618
-0.01246692
-0.012592166
-0.01189245
-0.010309546
-0.008686287
-0.007419447
-0.006128856
-0.004766325
-0.0034498
-0.00186247
0.000200753
0.001898078
0.002646167
0.002511803
0.001731607
0.000879189
0.000130619
-2.73141E-05
0.000465935
0.000931042
0.001014171
0.000963379
0.001740156
0.003568612
0.005456295
0.00707636
0.007928631
0.008161131
0.008003143
0.007313934
0.006945454
0.007163799
0.007896409
0.008392624
0.008293258
0.007704769
0.006766543
0.005832638
0.005323084
0.004893876
0.004550931
0.004004549
0.003296086
0.002924478
0.002836686
0.00288248
0.003134869
0.003256963
0.003332269
0.003441888
0.003419735
0.003638785
0.003990811
0.004220153
0.003950238
0.003425284
0.002995887
0.002693923
0.00254392
0.002382384
0.002234963
0.001740823
0.000682361
-0.000353619
-0.001494177
-0.002627763
-0.003202901
-0.003384695
-0.003448253
-0.003721198
-0.003941583
-0.003605997
-0.003043965
-0.00237756
-0.001507717
-0.000498953
0.00032467
0.000712812
0.00089005
0.000539708
-8.45964E-05
-0.001137136
-0.002212314
-0.003190337
-0.004085682
-0.004400791
-0.004224566
-0.003706994
-0.003371056
-0.002654514
-0.001881371
-0.001528203
-0.001417373
-0.000911048
-0.000694304
-0.000561385
-0.000459432
-8.6308E-05
0.001108216
0.00272506
0.003908798
0.005012829
0.006019891
0.006835351
0.007658643
0.008080721
0.008119961
0.008221585
0.008034694
0.007274507
0.006116725
0.004534235
0.002603129
0.000676322
-0.00108561
-0.002386436
-0.003556694
-0.004915233
-0.006140129
-0.007145937
-0.007548566
-0.007520476
-0.007463007
-0.0076807
-0.007845329
-0.007945861
-0.007685876
-0.007244502
-0.00611035
-0.004485448
-0.002906038
-0.001022494
0.000744577
0.003017653
0.005238717
0.006994945
0.008302594
0.009117546
0.009271846
0.009347571
0.009297473
0.00901951
0.0084829
0.007923178
0.007328066
0.006823
0.006357028
0.00585188
0.005126976
0.004054331
0.003297099
0.002144631
0.000589815
-0.000401903
-0.001001931
-0.001560709
-0.00204002
-0.002286591
-0.002656111
-0.002905793
-0.002944084
-0.002752773
-0.002713728
-0.003171422
-0.004408178
-0.005319558
-0.005515837
-0.005265702
-0.005663868
-0.006197285
-0.006876849
-0.007063182
-0.00671935
-0.005782133
-0.004681286
-0.003658618
-0.003203954
-0.003314682
-0.00358556
-0.004072738
-0.004518691
-0.004832141
-0.004810684
-0.005110466
-0.005345856
-0.005576092
-0.006040577
-0.006800992
-0.00724647
-0.007558176
-0.007332847
-0.007067707
-0.006717022
-0.005699045
-0.005003749
-0.004393117
-0.003521616
-0.002996974
-0.002955683
-0.002754909
-0.002521592
-0.002428549
-0.002460388
-0.002471759
-0.003001166
-0.004231227
-0.006263928
-0.008237107
-0.009337479
-0.010088006
-0.011164077
-0.01247878
-0.01417825
-0.015720798
-0.016406835
-0.016535895
-0.01641726
-0.016324317
-0.0159333
-0.015569418
-0.014924457
-0.01400825
-0.013599262
-0.012717273
-0.01184604
-0.010854683
-0.010167183
-0.009822608
-0.009137274
-0.008183117
-0.007253051
-0.00615269
-0.004906257
-0.003959409
-0.002946987
-0.001954682
-0.000783327
0.00045333
0.000963025
0.001277547
0.001185257
0.0013229
0.002551189
0.0041293
0.00547951
0.006053405
0.006260288
0.006592323
0.006992715
0.00724083
0.007110045
0.006675275
0.006264492
0.00598796
0.005290987
0.004324236
0.003123176
0.001514744
-9.765E-08
-0.001730392
-0.003215937
-0.004433956
-0.005590324
-0.006713325
-0.007239792
-0.007044504
-0.00650027
-0.005586727
-0.004719441
-0.003749912
-0.002856545
-0.001660574
-0.000313719
0.000691878
0.001179128
0.001359719
0.001732885
0.002519835
0.00330618
0.003522666
0.003790412
0.003678974
0.003460307
0.003310158
0.003036226
0.00277788
0.002409042
0.002053966
0.001707209
0.00102152
0.000230791
-0.000456706
-0.000590567
-0.000556746
-0.000820117
-0.000722828
-0.000351496
9.31571E-05
0.000379361
0.001046102
0.001845932
0.002664285
0.00338872
0.003408667
0.003608171
0.003707696
0.003552824
0.003563126
0.003540125
0.003224285
0.002908815
0.002407852
0.001731961
0.00151008
0.002228493
0.003543799
0.004774423
0.006511938
0.008233801
0.009928727
0.01149904
0.012400616
0.01263933
0.01224171
0.011912003
0.011190795
0.010162589
0.009401968
0.008887839
0.008467176
0.007964406
0.007752563
0.007562239
0.00735393
0.006986096
0.006296363
0.005288007
0.003886616
0.002445616
0.00173855
0.001066617
0.001066097
0.001320613
0.001797218
0.002249413
0.002287388
0.002479986
0.002713779
0.003099502
0.00325004
0.003203571
0.003522235
0.004315509
0.005496523
0.006948138
0.008102326
0.009004637
0.009308852
0.009185179
0.008965147
0.009019163
0.009284556
0.009336867
0.009542168
0.009840985
0.010052765
0.010265098
0.010270571
0.01029893
0.010134643
0.00954423
0.008254994
0.006520545
0.004473448
0.002127402
-0.00027873
-0.002468064
-0.004156972
-0.00569044
-0.007594522
-0.008795738
-0.009618077
-0.010410145
-0.011125503
-0.011587157
-0.011838814
-0.011878185
-0.011622037
-0.01137206
-0.01093269
-0.01043245
-0.009752946
-0.008799169
-0.007628231
-0.005936274
-0.004115702
-0.002971106
-0.002401088
-0.001914777
-0.001199238
-0.000542532
-0.000114078
-3.92724E-05
-0.0001454
-0.000111767
-0.000142992
-0.000224769
-0.000674755
-0.001350832
-0.002126157
-0.002833392
-0.003639597
-0.004002936
-0.00395493
-0.003659219
-0.003048685
-0.002328398
-0.001197488
-9.51381E-06
0.000800686
0.00115817
0.001470407
0.001705565
0.001771553
0.002088631
0.002458272
0.003147282
0.004170913
0.004859296
0.005221015
0.005414378
0.005615487
0.005485573
0.005161013
0.005148713
0.005353141
0.005635785
0.005987652
0.005820255
0.005629993
0.005247621
0.005029913
0.004596379
0.004037746
0.003255313
0.002644264
0.00178674
0.000906507
-9.89043E-05
-0.000579021
-0.000953698
-0.001462752
-0.00167217
-0.001667714
-0.001534119
-0.001729842
-0.002100704
-0.002617129
-0.003405089
-0.004527928
-0.005820721
-0.006959435
-0.00779939
-0.008178621
-0.008639153
-0.009287823
-0.010297855
-0.011500305
-0.01268338
-0.013739926
-0.014863095
-0.015793615
-0.016504903
-0.016695258
-0.016590803
-0.016641936
-0.01665733
-0.015940153
-0.015267173
-0.014765078
-0.01428364
-0.013807918
-0.013732485
-0.013224499
-0.0123425
-0.011584025
-0.011004915
-0.009979553
-0.008786301
-0.007277862
-0.005854959
-0.004509313
-0.003315246
-0.002291416
-0.001230664
-0.00047707
0.000319086
0.00122056
0.001824187
0.002774549
0.003684877
0.005013841
0.006323788
0.007296456
0.007808201
0.007958048
0.007977767
0.008058078
0.008172954
0.008424362
0.008841289
0.00907103
0.008556294
0.007534929
0.006356087
0.005001671
0.003419317
0.002355459
0.000886057
-0.000412134
-0.001947386
-0.004072569
-0.006459632
-0.00918606
-0.01203498
-0.014107367
-0.015054978
-0.015064638
-0.014301073
-0.013993912
-0.01338028
-0.012233103
-0.01125864
-0.010281845
-0.008790243
-0.007371558
-0.006142852
-0.005328845
-0.005234466
-0.005100675
-0.004716203
-0.003782525
-0.002619776
-0.002004703
-0.001815597
-0.001842076
-0.001906289
-0.002214794
-0.002674852
-0.002935456
-0.003016886
-0.00292605
-0.00296934
-0.002991755
-0.002597619
-0.001787307
-0.000996877
-0.000507189
-0.000493097
-0.000199314
0.000524247
0.001146922
0.001651206
0.001707439
0.001482444
0.001068012
0.00014265
-0.000772714
-0.001632789
-0.003118293
-0.004734127
-0.0060543
-0.007215755
-0.00836251
-0.00926519
-0.009709335
-0.010014623
-0.01019361
-0.009546078
-0.007500256
-0.004240254
-0.000425404
0.003212173
0.006046541
0.007961351
0.008978695
0.009286868
0.009496106
0.009028889
0.007864458
0.006387421
0.00506276
0.004025457
0.003378543
0.00259418
0.001168349
-0.000443311
-0.001914938
-0.002744875
-0.00255254
-0.001172171
0.000967723
0.003485564
0.006285139
0.00904348
0.01043923
0.01100438
0.011080276
0.01138014
0.011700145
0.01201959
0.01229916
0.012185647
0.011599863
0.011007065
0.009430091
0.007597175
0.005562955
0.003258703
0.001443019
-0.000110272
-0.001206235
-0.002547792
-0.00386213
-0.004692172
-0.004957135
-0.004926904
-0.004641003
-0.003778118
-0.00245138
-0.000801897
0.001011904
0.002583829
0.003982123
0.00490205
0.005572878
0.005930374
0.005639317
0.004970623
0.003973683
0.002640914
0.001231962
0.000189228
-0.000693057
-0.001157778
-0.001562095
-0.001436128
-0.000935425
-0.000627325
-0.000235754
0.00078917
0.002001176
0.003104906
0.004259183
0.00551623
0.006210768
0.007166422
0.008532505
0.009894654
0.01175146
0.013463237
0.014602383
0.015249885
0.015875368
0.016299447
0.016305295
0.016010582
0.015398964
0.01438746
0.012735115
0.010915085
0.009706249
0.008874872
0.00791197
0.007306004
0.006759833
0.006105575
0.005495712
0.004956492
0.004870976
0.004110351
0.002848759
0.001460237
5.2225E-05
-0.000856397
-0.001550148
-0.002262739
-0.00279844
-0.002985947
-0.003304768
-0.003522197
-0.004072068
-0.004658753
-0.005416453
-0.006466894
-0.007429159
-0.008189804
-0.008920162
-0.009232296
-0.00855653
-0.00696924
-0.004518024
-0.001767995
0.000977806
0.004134121
0.007173262
0.010295613
0.01280759
0.01428946
0.014917453
0.01534634
0.015365467
0.015274273
0.01500716
0.013745827
0.011482101
0.008097898
0.004871642
0.00227913
0.00019863
-0.001514369
-0.003349237
-0.004717531
-0.005557271
-0.005445356
-0.004669967
-0.004100399
-0.004350192
-0.004747051
-0.004986923
-0.005078362
-0.004656408
-0.003430723
-0.001653384
0.000135699
0.001912536
0.003442319
0.004495365
0.005389611
0.006561323
0.008171596
0.009745845
0.010369607
0.0111367
0.011823337
0.012775795
0.01309235
0.012699778
0.011783887
0.010401193
0.008493298
0.00640325
0.003043588
-0.000588219
-0.003940895
-0.007405151
-0.010911997
-0.013683169
-0.01488357
-0.013848515
-0.011098013
-0.008650534
-0.006268786
-0.004421017
-0.003527746
-0.003350886
-0.003488981
-0.003559083
-0.003848926
-0.004176518
-0.005116347
-0.006525587
-0.008116317
-0.00911572
-0.008277652
-0.005717104
-0.002300182
0.000908333
0.003503943
0.006189698
0.008799207
0.011029855
0.0130199
0.014644059
0.01598768
0.016644318
0.016208562
0.014317277
0.01219546
0.010726828
0.009924482
0.009103308
0.008220232
0.007421921
0.006344106
0.004807226
0.002707446
0.000387224
-0.002281172
-0.004808874
-0.006730267
-0.00786521
-0.008599988
-0.008711422
-0.009271503
-0.010921627
-0.012911955
-0.01412455
-0.013725457
-0.012208373
-0.009721839
-0.00644732
-0.003006854
0.00023333
0.003608788
0.006723558
0.009376473
0.010574989
0.01044266
0.010041369
0.009698282
0.009175825
0.008517213
0.007019374
0.005106584
0.002780164
0.001423528
0.001007523
0.000941908
0.000747563
0.000777372
0.001350034
0.001483755
0.001136581
0.000465492
-0.000120622
-0.000248381
9.7214E-05
0.000232186
-0.000112477
-0.000551795
-0.001155817
-0.002111845
-0.002635531
-0.00287158
-0.00341186
-0.004286875
-0.004835412
-0.005650131
-0.007323196
-0.009059333
-0.01006353
-0.009308333
-0.005890825
-0.002616914
-0.000136069
0.000611978
5.32565E-06
-0.001103411
-0.001187313
0.000439726
0.002394898
0.002536557
0.000601514
-0.00200194
-0.004599163
-0.006433438
-0.007048873
-0.007314339
-0.008767834
-0.011096647
-0.013011247
-0.01401356
-0.014151667
-0.013204355
-0.01132764
-0.008669232
-0.005727877
-0.002440571
0.000766261
0.003794263
0.005933778
0.00703784
0.007531809
0.007540373
0.007135683
0.006710157
0.006220285
0.005476443
0.004465943
0.004189894
0.004366013
0.003824213
0.002490902
0.000700252
-0.001734921
-0.004324547
-0.006919239
-0.009067236
-0.01082798
-0.012241517
-0.013215206
-0.01307592
-0.012939689
-0.01298535
-0.013384865
-0.012765107
-0.010687373
-0.007937316
-0.005597089
-0.003853887
-0.00325937
-0.003112376
-0.003065375
-0.002270768
-0.000827227
0.000417272
0.000539829
-0.000153043
-0.001219158
-0.002553739
-0.003835727
-0.004773118
-0.005096415
-0.00520327
-0.005721368
-0.006758672
-0.008018572
-0.0086403
-0.008559496
-0.008756968
-0.009280746
-0.008796118
-0.007077174
-0.004601871
-0.002002493
-0.000110266
0.001082081
0.002150416
0.002682884
0.002411569
0.002080676
0.00163078
0.00219294
0.003223827
0.003773499
0.004116268
0.004196343
0.004115437
0.003684503
0.003780187
0.004340322
0.004947023
0.005302455
0.005708015
0.006447763
0.007511673
0.008604544
0.009155069
0.00880714
0.008748502
0.009411897
0.01056183
0.011348376
0.011280647
0.010122915
0.008255716
0.006289427
0.004740842
0.003524344
0.002248952
0.001150608
-6.64233E-07
-0.0008752
-0.001808042
-0.002802266
-0.003576566
-0.003932738
-0.00331449
-0.002411325
-0.001690033
-0.001106935
-0.000681758
-0.000851199
-0.001283913
-0.00133946
-0.001272616
-0.00113416
-0.000906156
-0.000402809
0.000488341
0.001968553
0.003577908
0.004965696
0.006317628
0.008099727
0.010177208
0.011922678
0.013182605
0.014118797
0.01494145
0.015527913
0.016265248
0.017101531
0.01773288
0.018386379
0.018866377
0.01893224
0.01792357
0.016727955
0.01536921
0.013788082
0.012189457
0.010693093
0.008704745
0.006446201
0.003833827
0.001932146
0.000556818
-0.000363487
-0.001442392
-0.002960694
-0.004438774
-0.005566954
-0.005858488
-0.006067549
-0.005998948
-0.006009735
-0.006260732
-0.006310425
-0.006193574
-0.00535158
-0.003750404
-0.002290667
-0.001392021
-0.000837652
-0.000565306
-0.000318585
-0.000432489
-0.000915609
-0.001440546
-0.001318997
-0.00139225
-0.001864417
-0.002499336
-0.002724109
-0.002615831
-0.002689293
-0.003091699
-0.003743328
-0.004133113
-0.004181381
-0.004543698
-0.005356667
-0.005942361
-0.006377002
-0.006708998
-0.006502544
-0.00631306
-0.006528753
-0.006698147
-0.006487173
-0.00620571
-0.005563564
-0.004787661
-0.003927455
-0.002988797
-0.002321365
-0.001924708
-0.001201863
-0.000381954
0.000178754
0.00028411
6.06231E-05
5.71148E-05
0.000135189
0.000534953
0.001405236
0.001980418
0.002387515
0.002594726
0.002624588
0.002161229
0.001530352
0.001232883
0.001216534
0.00116093
0.001219748
0.001181759
0.000997194
0.000871105
0.000385531
-0.000116313
-0.000302283
-0.000100362
0.000568785
0.001581178
0.002539652
0.003363383
0.004297164
0.004959849
0.005138212
0.005081886
0.005016253
0.005462592
0.005700001
0.005602646
0.005598378
0.005661999
0.005702366
0.005560016
0.005098055
0.004464348
0.004061176
0.003621085
0.003282481
0.0029774
0.002411945
0.001317312
0.000432231
7.01775E-05
-0.00031493
-0.001044449
-0.001535754
-0.001789756
-0.001841063
-0.001403964
-0.001135206
-0.000626664
-0.000189733
-0.000156683
0.000299422
0.001063176
0.001623455
0.002109141
0.00267017
0.002708657
0.002697348
0.002768026
0.002830698
0.002865053
0.002884365
0.00289553
0.002865937
0.002723281
0.002427169
0.002119527
0.001602988
0.001053635
0.000396827
0.000296813
0.00050476
0.000668285
0.000721739
0.000648162
0.000741965
0.001271183
0.002167575
0.003209996
0.004103297
0.00501683
0.005618675
0.005570882
0.005333661
0.005049001
0.004319286
0.003646595
0.003036656
0.002410392
0.000928287
-0.000575742
-0.001877406
-0.002965679
-0.003958087
-0.004835323
-0.005378056
-0.006586915
-0.007705622
-0.008728718
-0.009452297
-0.009553783
-0.009730534
-0.010118287
-0.010313146
-0.01045922
-0.010661871
-0.010426932
-0.010070033
-0.009871464
-0.009971727
-0.010420825
-0.010661855
-0.010229333
-0.009645577
-0.009111939
-0.008954092
-0.008710845
-0.008477068
-0.008046742
-0.007427519
-0.006561073
-0.00580965
-0.004732127
-0.003659562
-0.002790315
-0.002202912
-0.001601123
-0.000591559
0.000599645
0.001375039
0.001982848
0.002084293
0.002055025
0.001522449
0.000827664
0.000403032
-0.000359434
-0.001434817
-0.002552186
-0.003678872
-0.004357165
-0.00434278
-0.004393471
-0.004629025
-0.004826547
-0.004595643
-0.004235791
-0.003555432
-0.002684257
-0.002055447
-0.001481918
-0.00085191
-6.10939E-05
0.001018603
0.001729964
0.002125009
0.002448915
0.002834548
0.003104369
0.003364889
0.003833392
0.004221624
0.004348794
0.004270783
0.003690444
0.003407419
0.003391918
0.00365634
0.003829127
0.004344584
0.005019263
0.005544368
0.005459071
0.004811631
0.003962954
0.003410508
0.003067717
0.002152545
0.000707752
-0.000472033
-0.00134893
-0.002219816
-0.002836906
-0.003187249
-0.003233851
-0.003320034
-0.00339781
-0.00340496
-0.003328576
-0.003203322
-0.003081109
-0.00257958
-0.001974681
-0.001154085
-0.00067221
-0.000549329
-0.000286256
-9.35448E-05
-3.60578E-05
0.000136759
0.000453311
0.000668679
0.000595538
0.00018738
-2.30221E-05
1.56122E-05
-1.28423E-05
0.000120431
0.00041238
0.000423213
0.000394425
0.000651971
0.00151064
0.002596885
0.003000371
0.003087281
0.003185697
0.003146724
0.00302669
0.002954901
0.002977395
0.002860384
0.002521002
0.002140561
0.001911988
0.001424737
0.001166494
0.000661235
0.000138961
-0.000238869
-0.000758244
-0.000972577
-0.001069816
-0.001177708
-0.001571264
-0.002225975
-0.002568199
-0.002401243
-0.002271886
-0.002078384
-0.001889641
-0.001880508
-0.001946961
-0.001666615
-0.001537003
-0.001152525
-0.000589009
-3.50589E-06
-1.46453E-05
0.000181663
0.00069222
0.001163858
0.001822883
0.002272273
0.002423083
0.002677653
0.003005394
0.003078698
0.002962888
0.002995303
0.003100928
0.003322333
0.003065739
0.002275692
0.001183438
0.000553982
0.000251262
-0.000376793
-0.000868358
-0.001154883
-0.001405019
-0.001358495
-0.001553024
-0.001750408
-0.001790507
-0.001926534
-0.001906599
-0.002051336
-0.002323772
-0.00245079
-0.002099889
-0.001662426
-0.001090125
-0.000443749
0.000232671
0.001703987
0.002726235
0.003515447
0.004240753
0.004978893
0.005403408
0.005810554
0.006148867
0.006518227
0.006725098
0.006594389
0.005972289
0.005002363
0.004467346
0.004490208
0.004582578
0.004698671
0.004957989
0.005085745
0.005132296
0.005281984
0.00548921
0.005661076
0.005571297
0.005241052
0.005098547
0.00515034
0.004767181
0.003981518
0.003238077
0.002665631
0.002347916
0.00225481
0.002173739
0.002132338
0.002116629
0.001905708
0.001631397
0.00144819
0.001179292
0.000975116
0.001058553
0.001597877
0.002171813
0.002743313
0.003042247
0.003010923
0.003119796
0.003222549
0.003017206
0.00280466
0.002556717
0.002453162
0.002480248
0.002676722
0.002839323
0.002668748
0.002530696
0.002372854
0.001874959
0.0014239
0.000947289
0.000539231
0.000177077
-0.000382913
-0.001242662
-0.002038508
-0.002786333
-0.003263276
-0.003391609
-0.003266461
-0.003269591
-0.003045356
-0.002627736
-0.002064461
-0.001699675
-0.001474198
-0.001326983
-0.001021998
-0.000752895
-0.000758702
-0.000567283
-0.00029699
0.000324974
0.001219019
0.001767121
0.001777684
0.001854207
0.001882016
0.001554125
0.001442308
0.001090643
0.000719335
0.000273107
-4.50577E-05
-0.000185969
0.000135835
0.000372049
0.000173957
-4.53454E-05
-0.000291268
-0.000323772
-0.00033297
-0.000622381
-0.000733968
-0.000653019
-0.000719661
-0.000716911
-0.000574512
-0.000246624
-1.09606E-05
-8.75328E-05
-0.000542916
-0.000795912
-0.001266576
-0.001582107
-0.00159159
-0.00169119
-0.001960165
-0.002641836
-0.003399681
-0.003980015
-0.004474159
-0.004591741
-0.004472958
-0.004497735
-0.004700271
-0.004917403
-0.004627195
-0.004020393
-0.003359221
-0.003204315
-0.002783638
-0.001949093
-0.001076924
-0.000455511
-0.000238201
0.000226004
0.001088301
0.002015459
0.002772452
0.003599877
0.004305519
0.004547882
0.00476154
0.004984589
0.005312716
0.005408209
0.005209881
0.004881094
0.004589641
0.00444146
0.004396499
0.004401472
0.004572972
0.004345078
0.003928559
0.003536791
0.003309904
0.003061154
0.002854694
0.002413085
0.001996181
0.001271674
0.000553398
-0.000180945
-0.00096217
-0.001365183
-0.001786909
-0.002082094
-0.00226171
-0.002375173
-0.002404843
-0.002461472
-0.002109062
-0.001648796
-0.000871603
2.2325E-05
0.000787977
0.001648
0.002186437
0.002715819
0.003028881
0.002705093
0.00192126
0.000958303
0.000266715
-8.90142E-05
-0.000330336
-0.00083307
-0.001373249
-0.001418124
-0.001603098
-0.001830262
-0.001961672
-0.001978454
-0.00186187
-0.001441581
-0.000818299
-0.000472805
-0.000287877
0.000171387
0.000400812
0.000608305
0.000819203
0.000793577
0.000521672
0.000310526
-0.000126608
-0.000827052
-0.001344733
-0.001706513
-0.00202931
-0.002324688
-0.00240369
-0.002398204
-0.002516027
-0.002757843
-0.003015907
-0.002917834
-0.002584601
-0.002443018
-0.002453505
-0.002402779
-0.002283113
-0.00208471
-0.002245329
-0.002757696
-0.003246153
-0.003331979
-0.003706137
-0.004305512
-0.004447411
-0.004651937
-0.005024755
-0.005378251
-0.005480659
-0.005690584
-0.005780211
-0.005593864
-0.005353679
-0.005563245
-0.005697318
-0.005619972
-0.005577014
-0.005429012
-0.005408139
-0.00546429
-0.005494728
-0.005464239
-0.005297674
-0.004962744
-0.004663204
-0.004539879
-0.004185351
-0.00389365
-0.00331501
-0.002771598
-0.002701485
-0.002806192
-0.00288385
-0.002983245
-0.002972708
-0.003181072
-0.003880232
-0.004499567
-0.004966582
-0.005081021
-0.005273186
-0.005692766
-0.006103242
-0.006260174
-0.00647641
-0.006484668
-0.00664411
-0.006765131
-0.006760715
-0.006305463
-0.00567729
-0.004978777
-0.004298119
-0.003934325
-0.003498681
-0.003081126
-0.002919986
-0.002640202
-0.00221356
-0.001602138
-0.001447619
-0.001183321
-0.000545188
0.000229485
0.000567651
0.000629743
0.000892139
0.001259385
0.001068604
0.000658475
0.00021934
-0.000175371
-0.000817065
-0.001699179
-0.002600954
-0.003304645
-0.003693244
-0.003685583
-0.004006575
-0.004075593
-0.004235051
-0.004121329
-0.003318745
-0.002509363
-0.002033116
-0.001968953
-0.001611987
-0.001204766
-0.000953554
-0.000752046
-0.000668975
-0.00125575
-0.001934993
-0.00191977
-0.001745119
-0.001499175
-0.001076165
-0.000791418
-0.000422937
0.000182885
0.000513198
0.000382383
0.000161731
-0.000219624
-0.000120746
0.000484067
0.001299629
0.00198149
0.00263935
0.003441496
0.004185926
0.00464839
0.005003181
0.00537012
0.004944506
0.00419189
0.003437405
0.002901645
0.002067288
0.001335781
0.000681169
-0.000215776
-0.001357376
-0.002240488
-0.002366094
-0.002541582
-0.003040188
-0.003359489
-0.003491694
-0.00352552
-0.003386142
-0.003363941
-0.00325123
-0.002637872
-0.001647055
-0.000550491
0.000890445
0.00215472
0.003129184
0.003849823
0.004600215
0.004656889
0.004338716
0.0046429
0.005614289
0.006894638
0.008037635
0.008839758
0.009945518
0.010518065
0.010645858
0.010413917
0.010441518
0.010659952
0.010622588
0.01047704
0.01027662
0.010005816
0.010020082
0.01042439
0.010619484
0.01037294
0.010304427
0.010420563
0.010508855
0.010264118
0.009565467
0.008586123
0.007359728
0.006192064
0.005562706
0.005061487
0.004480846
0.003805054
0.003465962
0.003380362
0.003205958
0.00268151
0.001983712
0.001031891
0.000521172
0.000303599
0.000350221
0.000560229
0.000938865
0.001531362
0.001526431
0.000961411
0.000485937
3.94363E-05
-0.000607907
-0.000666086
-0.000600913
-0.000248372
0.000109447
-4.28081E-05
-0.000285483
-0.000530618
-0.000538085
-0.000471901
-0.000208159
0.000232901
0.000570236
0.000403659
0.000325913
0.000652833
0.000938405
0.001454423
0.001968162
0.002667293
0.003452574
0.004364276
0.005165369
0.005556843
0.00580269
0.005018388
0.003761671
0.002601114
0.001082951
-0.000615488
-0.001544343
-0.001954789
-0.002063087
-0.001520991
-0.001395321
-0.00157161
-0.001666754
-0.001827809
-0.002072504
-0.00203368
-0.001528914
-0.001164093
-0.001017197
-0.000987011
-0.000999891
-0.000891132
-0.000778284
-0.000847615
-0.001309343
-0.002157346
-0.002716071
-0.002822473
-0.002930008
-0.003285897
-0.003591364
-0.003785557
-0.003769441
-0.003295243
-0.002695766
-0.002200285
-0.001908279
-0.001503877
-0.000342488
0.001195906
0.002544764
0.003118248
0.003216201
0.002899499
0.002121701
0.001200969
0.000745732
0.000904929
0.000996805
0.000940165
0.000260433
-0.000395569
-0.000656191
-0.000421985
-0.000158164
-0.000162364
-0.000403857
-0.000960872
-0.001752552
-0.002229659
-0.00217758
-0.002275004
-0.002641677
-0.003312939
-0.003831889
-0.003794586
-0.003459325
-0.003106358
-0.002537
-0.00228184
-0.002442665
-0.002863848
-0.00364298
-0.004550308
-0.005153326
-0.005363924
-0.00567055
-0.006288227
-0.006589841
-0.006643761
-0.006927574
-0.007019096
-0.006871736
-0.006112204
-0.005423444
-0.005005549
-0.004521514
-0.00347099
-0.002588996
-0.002131128
-0.001649092
-0.000989241
-4.31221E-05
0.000493308
0.000730154
0.000303486
-0.000350462
-0.001182387
-0.00173903
-0.001476041
-0.001003444
-0.00084024
-0.000832647
-0.001113709
-0.001439913
-0.001650534
-0.001849625
-0.001993244
-0.001680302
-0.001376028
-0.001487685
-0.001750468
-0.001935017
-0.001855343
-0.001628135
-0.001572277
-0.001577443
-0.001549288
-0.001459895
-0.001427137
-0.001111486
-0.00047657
0.0006452
0.001527643
0.001756805
0.001738089
0.001536522
0.001680871
0.002157732
0.002356433
0.002371072
0.002290492
0.002031263
0.001606672
0.000906797
0.000323222
-0.00015225
-0.000971969
-0.001708205
-0.001708778
-0.001272823
-0.000960978
-0.000810545
-0.000792373
-0.000668842
-0.000448307
-0.00035681
-0.000307627
-0.000259511
-0.000824767
-0.0016721
-0.002090017
-0.002123234
-0.002203923
-0.00208097
-0.002084588
-0.002107529
-0.002073131
-0.002183707
-0.002727094
-0.003023921
-0.002592189
-0.002280629
-0.002023655
-0.001459824
-0.000547989
0.000356906
0.001159295
0.001612102
0.001430545
0.000757453
0.000388575
0.000591834
0.001299859
0.001800671
0.001792096
0.001955515
0.001777891
0.001234087
0.000472539
-8.05218E-05
-0.000337688
-0.0004938
-0.000490289
-0.000475471
-0.000219226
8.82056E-05
0.000269735
0.000589121
0.001130759
0.001407406
0.001414655
0.001573104
0.002084024
0.002366508
0.002282107
0.002155829
0.001634299
0.000328333
-0.001155964
-0.00220261
-0.002314429
-0.001889283
-0.00165105
-0.001555493
-0.001508264
-0.001625865
-0.001751474
-0.001899821
-0.001858523
-0.001812957
-0.001731289
-0.001504449
-0.001046496
-0.00035777
0.000360437
0.001031715
0.001707411
0.002270439
0.00308734
0.003958502
0.004719782
0.005634694
0.006013979
0.00592144
0.005714275
0.005568361
0.005407666
0.005277937
0.004797019
0.004146662
0.003286736
0.002223578
0.00141256
0.000899821
0.000730586
0.000523866
0.000339799
0.000229375
0.000131957
3.32337E-05
3.16865E-05
4.26981E-05
1.18508E-05
-0.00017158
-0.00034387
-0.000217743
7.6246E-05
0.00029585
0.000470207
0.000547201
0.000525981
0.000442211
0.000163386
-0.00021133
-0.000389652
-0.000184463
-4.78739E-05
4.9272E-06
0.000295049
0.000473156
0.000350367
4.66604E-05
-0.000386167
-0.000712532
-0.000976822
-0.000928961
-0.001036717
-0.001194281
-0.001557
-0.001856997
-0.001658719
-0.001522279
-0.001693671
-0.00199222
-0.002151769
-0.001907817
-0.001969957
-0.002041301
-0.002026982
-0.002244464
-0.002490577
-0.002678488
-0.002532649
-0.002380762
-0.002113245
-0.001732492
-0.001280977
-0.001021865
-0.000656561
-0.000357103
-0.000140876
-3.87888E-05
-0.000331694
-0.000859241
-0.001404823
-0.002122381
-0.002845918
-0.003303494
-0.003553804
-0.003638846
-0.003633943
-0.003698666
-0.003350613
-0.002973292
-0.002617059
-0.002670285
-0.002901093
-0.003371956
-0.00379701
-0.003806715
-0.003700347
-0.003842896
-0.003936758
-0.003973998
-0.004039191
-0.004012149
-0.003755078
-0.003657832
-0.003605862
-0.003499441
-0.003229276
-0.002764151
-0.002093551
-0.001500262
-0.001283042
-0.001221575
-0.001345468
-0.001503189
-0.001625151
-0.001836255
-0.00213715
-0.002162268
-0.00215813
-0.002030767
-0.00169415
-0.001395878
-0.001386596
-0.00122856
-0.00113395
-0.000980939
-0.000775574
-0.000676727
-0.000510577
-0.000386782
-0.000549451
-0.000740722
-0.001036253
-0.001326736
-0.001679378
-0.00178998
-0.001808507
-0.001912498
-0.002039963
-0.001940327
-0.001623652
-0.001428541
-0.001230101
-0.001107683
-0.000887431
-0.000547313
-0.000507372
-0.00081378
-0.001009233
-0.000931561
-0.00099996
-0.001252598
-0.00167638
-0.002005268
-0.002059751
-0.002112365
-0.002189585
-0.002184932
-0.002099949
-0.001858363
-0.001518292
-0.001223304
-0.000937215
-0.000650403
-0.000367825
-9.13246E-05
-1.45736E-05
1.09671E-05
4.70522E-05
-1.85588E-05
-0.000249649
-0.000541315
-0.000875527
-0.001211052
-0.001506285
-0.001673437
-0.001702854
-0.001771811
-0.001798467
-0.0017777
-0.001742078
-0.001570947
-0.001506693
-0.001342911
-0.000915511
-0.00047977
-0.000128416
0.00020747
0.000428179
0.000551696
0.000842665
0.001222367
0.001571057
0.001651642
0.001552873
0.00133532
0.001100646
0.000832502
0.000619618
0.000472023
0.000401556
0.00032522
0.00013583
8.76284E-05
9.90739E-05
6.38084E-05
7.73928E-05
0.000129081
0.000262667
0.000438275
0.000611159
0.000734704
0.000763799
0.000770025
0.000940409
0.001260627
0.001640669
0.001993612
0.00226962
0.002469994
0.002550517
0.002677868
0.002757561
0.002771245
0.002614201
0.002299727
0.002066798
0.001940915
0.001907085
0.001943861
0.001926607
0.001922438
0.001802688
0.001694663
0.001668241
0.001650098
0.001627795
0.001578686
0.001525289
0.001520157
0.001439506
0.00123385
0.0009859
0.000923704
0.00088017
0.000851483
0.000785374
0.000763064
0.000755794
0.0007225
0.000647045
0.00058597
0.000520654
0.000386647
0.000325679
0.000386737
0.000439737
0.000494811
0.000638137
0.000848103
0.001070156
0.001177573
0.001186326
0.001128328
0.001073765
0.000976254
0.000896735
0.000782189
0.000718447
0.000732622
0.000770706
0.000765068
0.000794718
0.000863995
0.00098408
0.001104216
0.001137853
0.001147045
0.001216612
0.001317093
0.001419928
0.00147144
0.001446359
0.001444606
0.001431204
0.001364565
0.001258397
0.001067083
0.000802787
0.000588045
0.000418708
0.000319613
0.000285219
0.000307582
0.000396436
0.000523973
0.000618365
0.000693994
0.000728137
0.000728725
0.000700394
0.000663859
0.000645419
0.00063177
0.000653452
0.000666966
0.000660538
0.000650346
0.00064606
0.000634645
0.000619109
0.000626458
0.000612314
0.000583837
0.000573529
0.000568297
0.000563008
0.000563318
0.000616174
0.000699061
0.000768906
0.000814287
0.000829401
0.000870143
0.000881977
0.000878852
0.000836064
0.000754352
0.000664438
0.000557789
0.000478706
0.000431449
0.000423326
0.000427625
0.000425603
0.000418345
0.000415361
0.000418568
0.000425325
0.000431207
0.00042762
0.000404673
0.000364695
0.000337874
0.000326583
0.000327232
0.000328648
0.00033098
0.00033584
0.000337055
0.000349253
0.000362342
0.000365844
0.000381533
0.000408724
0.000443667
0.000479457
0.000513554
0.000536723
0.000547482
0.00055373
0.000559329
0.000565369
0.000581775
0.000583747
0.000590802
0.000602268
0.000600572
0.000589683
0.000563987
0.000536786
0.000517629
0.000509393
0.000500525
0.000490497
0.00048646
0.000491217
0.000498641
0.00050759
0.000519605
0.000523043
0.000525712
0.000520867
0.000508043
0.000492381
0.000475775
0.000458803
0.000443977
0.000430796
0.00041497
0.000398692
0.00037882
0.000356187
0.00033398
0.000315339
0.000301626
0.000289347
0.000279051
0.000272211
0.000267663
0.00026409
0.00026071
0.000262682
0.000267163
0.000266308
0.000261669
0.000254522
0.00024348
0.0002292
0.000210639
0.000192489
0.000176874
0.000164042
0.000156838
0.000152176
0.000148011
0.000144066
0.000142801
0.000145615
0.000149682
0.000151173
0.000149377
0.000147193
0.0001459
0.000142919
0.000137698
0.000132269
0.00012717
0.000123038
0.000120475
0.000119137
0.000118284
0.000115522
0.000112321
0.00010915
0.000105372
0.000102072
9.80829E-05
9.43299E-05
9.0995E-05
8.94498E-05
8.91762E-05
8.84507E-05
8.70315E-05
8.49675E-05
8.2244E-05
7.91483E-05
7.52273E-05
7.00145E-05
6.44958E-05
5.97875E-05
5.57338E-05
5.26155E-05
5.12515E-05
5.03931E-05
4.94945E-05
4.79239E-05
4.56707E-05
4.29362E-05
4.03355E-05
3.80359E-05
3.61141E-05
3.4529E-05
3.31567E-05
3.20343E-05
3.07993E-05
2.94442E-05
2.80509E-05
2.64198E-05
2.4619E-05
2.27502E-05
2.08788E-05
1.90751E-05
1.74196E-05
1.58783E-05
1.44512E-05
1.30645E-05
1.1688E-05
1.03791E-05
9.13209E-06
7.93343E-06
6.78809E-06
5.70202E-06
4.65278E-06
3.66911E-06
2.75792E-06
1.91584E-06
1.13099E-06
4.09863E-07
-2.43907E-07
-8.35724E-07
-1.37349E-06
-1.86347E-06
-2.3087E-06
-2.70376E-06
-3.05885E-06
-3.3704E-06
-3.63704E-06
-3.85684E-06
-4.02666E-06
-4.14382E-06
-4.20897E-06
-4.22226E-06
-4.18408E-06
-4.09457E-06
-3.95323E-06
-3.7598E-06
-3.51354E-06
-3.21597E-06
-2.86744E-06
-2.46818E-06
-2.01838E-06
-1.51818E-06
-9.67737E-07