0.005
-0.00252
-0.002520833
-0.00253
-0.00253
-0.002533333
-0.00254
-0.00254
-0.002545833
-0.00255
-0.00255
-0.00255
-0.00256
-0.00256
-0.002560833
-0.00257
-0.00257
-0.00257
-0.00256
-0.00256
-0.00256
-0.00256
-0.00256
-0.00256
-0.002569167
-0.00257
-0.002570833
-0.00258
-0.00259
-0.002593333
-0.0026
-0.0026
-0.0026
-0.0026
-0.0025825
-0.002571667
-0.002550833
-0.00253
-0.002519167
-0.002498333
-0.00249
-0.00249
-0.002494167
-0.002515
-0.002545833
-0.002573333
-0.0025975
-0.002636667
-0.0026875
-0.00274
-0.002771667
-0.0028
-0.00281
-0.002813333
-0.002815833
-0.002805
-0.002778333
-0.00274
-0.0026875
-0.002606667
-0.002504167
-0.00239
-0.002275833
-0.002173333
-0.0020875
-0.002003333
-0.001961667
-0.00192
-0.001894167
-0.001883333
-0.001895
-0.001961667
-0.002075
-0.00224
-0.002406667
-0.002581667
-0.00272
-0.0028
-0.002834167
-0.002855
-0.002828333
-0.00275
-0.0026
-0.002433333
-0.002275833
-0.00217
-0.002076667
-0.002016667
-0.002
-0.002003333
-0.002038333
-0.002075
-0.0021
-0.002066667
-0.00201
-0.001926667
-0.001861667
-0.00184
-0.00182
-0.001811667
-0.001825
-0.001853333
-0.0018375
-0.001755
-0.001639167
-0.001463333
-0.0012875
-0.001213333
-0.001228333
-0.00131
-0.001425833
-0.001586667
-0.0018
-0.00206
-0.00232
-0.00254
-0.002690833
-0.00283
-0.002945
-0.003053333
-0.00309
-0.00306
-0.002943333
-0.002755
-0.0025925
-0.002426667
-0.002171667
-0.00185
-0.001575833
-0.001413333
-0.0013525
-0.00135
-0.001416667
-0.0016
-0.001829167
-0.002068333
-0.0023
-0.00253
-0.002735833
-0.00296
-0.0031625
-0.003383333
-0.0035375
-0.003615
-0.003715833
-0.0038
-0.003794167
-0.003621667
-0.0033975
-0.0032
-0.002925833
-0.002675
-0.002558333
-0.00261
-0.0026175
-0.002555
-0.002418333
-0.00217
-0.0018325
-0.001348333
-0.0008275
-0.000323333
9.66667E-05
0.00031
0.0002575
-4.66667E-05
-0.000415
-0.000825
-0.0011775
-0.00127
-0.001025833
-0.00061
-0.000125
0.000296667
0.000458333
0.000405
0.00017
-0.000196667
-0.0008225
-0.001698333
-0.002499167
-0.0031
-0.0036225
-0.003845
-0.00385
-0.003866667
-0.003883333
-0.00375
-0.0034725
-0.00308
-0.00268
-0.002171667
-0.001519167
-0.00063
0.0005825
0.0018
0.0026575
0.00319
0.003325833
0.00315
0.002805
0.002486667
0.002165
0.001993333
0.001854167
0.00154
0.000961667
0.000186667
-0.000625
-0.001596667
-0.002434167
-0.00311
-0.003565833
-0.003596667
-0.0031575
-0.002465
-0.001594167
-0.00068
0.000150833
0.000496667
0.000425
0.000196667
-6.16667E-05
-0.00032
-0.000735833
-0.00135
-0.0018025
-0.002213333
-0.0026175
-0.00286
-0.0031025
-0.00338
-0.003455
-0.003346667
-0.002689167
-0.001365
0.000285833
0.002163333
0.004145
0.005646667
0.006401667
0.00584
0.004248333
0.002321667
0.0001625
-0.00193
-0.003194167
-0.003575
-0.003274167
-0.002743333
-0.002145
-0.001441667
-0.000840833
-0.00047
-0.000245833
-0.000208333
-0.000275
-0.000306667
0.000114167
0.00094
0.001765833
0.002303333
0.002385
0.002068333
0.001594167
0.00112
0.0005475
-4.83333E-05
-0.0007275
-0.001216667
-0.001666667
-0.00193
-0.001755
-0.001323333
-0.00093
-0.000713333
-0.0006525
-0.00065
-0.001076667
-0.002221667
-0.004145
-0.006446667
-0.0083525
-0.009845
-0.0111325
-0.012406667
-0.0137175
-0.014793333
-0.0158925
-0.01699
-0.0178125
-0.018218333
-0.017595
-0.015366667
-0.011204167
-0.004895
0.002555833
0.009413333
0.01442
0.017685
0.019254167
0.01984
0.019920833
0.019496667
0.01854
0.01719
0.015495
0.013545
0.011573333
0.009696667
0.0075425
0.00517
0.002899167
0.00078
-0.000930833
-0.001558333
-0.00053
0.001743333
0.00488
0.00889
0.012688333
0.015136667
0.01494
0.012351667
0.008669167
0.00428
-9.58333E-05
-0.003765
-0.00674
-0.008853333
-0.009953333
-0.010375
-0.0104225
-0.01046
-0.0109075
-0.011513333
-0.011281667
-0.00975
-0.006755833
-0.003376667
0.0002
0.00359
0.0063525
0.008165
0.00861
0.007066667
0.004295
0.00056
-0.004144167
-0.00893
-0.013670833
-0.017998333
-0.0213775
-0.02355
-0.024400833
-0.023675
-0.021700833
-0.018863333
-0.0149025
-0.009665
-0.003715
0.00233
0.007661667
0.011486667
0.0135275
0.013586667
0.012835833
0.01165
0.0102225
0.008476667
0.0061825
0.003903333
0.002415833
0.00192
0.001876667
0.00175
0.001365
0.001113333
0.000940833
0.0008
0.000828333
0.001466667
0.003115
0.005618333
0.0086
0.01139
0.01289
0.011483333
0.007835
0.003443333
-0.001589167
-0.006755
-0.0114575
-0.015043333
-0.01738
-0.018723333
-0.01983
-0.02069
-0.021401667
-0.02133
-0.0206775
-0.01912
-0.016498333
-0.012695
-0.007325833
-0.000306667
0.006925
0.012261667
0.0146275
0.0138
0.010899167
0.00721
0.0029625
-0.001396667
-0.004634167
-0.00613
-0.0065075
-0.00658
-0.0067375
-0.006298333
-0.005123333
-0.00405
-0.003748333
-0.004183333
-0.005125
-0.006173333
-0.006581667
-0.00561
-0.002925
0.002133333
0.0099075
0.018931667
0.026054167
0.02913
0.027058333
0.021075
0.011855
0.001863333
-0.0066525
-0.011745
-0.014798333
-0.01686
-0.019
-0.021135
-0.022383333
-0.0212
-0.016985833
-0.009618333
0.0004575
0.01004
0.0166925
0.02166
0.026466667
0.030606667
0.033135
0.03336
0.031455
0.02878
0.0259025
0.022068333
0.0171125
0.011403333
0.0058825
0.00084
-0.003161667
-0.00588
-0.008495
-0.01075
-0.012698333
-0.01428
-0.015481667
-0.0158
-0.0140525
-0.00902
0.000665
0.014945
0.029344167
0.03805
0.041635
0.041256667
0.037189167
0.03114
0.024296667
0.016566667
0.009525
0.00207
-0.006629167
-0.016325
-0.025568333
-0.03318
-0.039845
-0.046011667
-0.0505475
-0.05387
-0.056415833
-0.058175
-0.0591575
-0.058743333
-0.055836667
-0.050475
-0.043160833
-0.034253333
-0.0247325
-0.016071667
-0.009071667
-0.00465
-0.001506667
0.002135
0.0083875
0.016863333
0.024713333
0.028205
0.025883333
0.01896
0.0103175
0.002738333
-0.002603333
-0.00676
-0.009054167
-0.009368333
-0.0071825
-0.00382
-0.0005925
0.001715
0.002581667
0.00221
0.000975
-0.000908333
-0.00426
-0.00851
-0.0125525
-0.01521
-0.01502
-0.011143333
-0.004424167
0.00425
0.0132975
0.021176667
0.0259875
0.028253333
0.026650833
0.02117
0.011511667
-0.001311667
-0.014365
-0.023896667
-0.02855
-0.030165
-0.029314167
-0.02695
-0.0234
-0.018103333
-0.010304167
-0.00196
0.004571667
0.008098333
0.008905
0.007423333
0.00522
0.003075
0.000454167
-0.00255
-0.0052575
-0.007106667
-0.006855
-0.00345
0.003425833
0.013111667
0.0233525
0.030143333
0.030795833
0.026155
0.019575833
0.014273333
0.010535
0.009236667
0.010506667
0.01379
0.0181625
0.022895
0.0255825
0.024003333
0.017660833
0.00741
-0.0046325
-0.01441
-0.0204175
-0.023801667
-0.024256667
-0.02046
-0.01165
0.000653333
0.0114375
0.015963333
0.0161775
0.01484
0.013966667
0.012783333
0.010985
0.009285
0.0092675
0.01192
0.016223333
0.018986667
0.01782
0.012663333
0.005835
-0.000315
-0.006305833
-0.011526667
-0.0152575
-0.01627
-0.0139
-0.00956
-0.004659167
0.000313333
0.004265
0.005686667
0.002716667
-0.00392
-0.013245
-0.024033333
-0.0326675
-0.037876667
-0.042456667
-0.0472
-0.0519575
-0.055795
-0.058415
-0.059106667
-0.057941667
-0.055365
-0.0513575
-0.04531
-0.0360225
-0.023395
-0.009379167
0.00366
0.01451
0.021828333
0.023235
0.019293333
0.012453333
0.005125
-0.0021025
-0.010433333
-0.020085
-0.029165
-0.034765
-0.03659
-0.03569
-0.033068333
-0.0296775
-0.026426667
-0.02339
-0.020015
-0.015830833
-0.009893333
-0.00249
0.004958333
0.0092275
0.00912
0.006010833
0.001775
-0.00332
-0.00901
-0.014225833
-0.01753
-0.0189875
-0.01967
-0.0212775
-0.024456667
-0.029025
-0.03458
-0.04063
-0.045848333
-0.0484275
-0.04701
-0.041224167
-0.031925
-0.021431667
-0.011626667
-0.0016075
0.009073333
0.018441667
0.0253
0.0307275
0.033793333
0.0333275
0.029003333
0.0217975
0.01373
0.007169167
0.003273333
0.00208
0.003246667
0.005626667
0.0079
0.009560833
0.010816667
0.0124025
0.01481
0.0176925
0.020555
0.022915
0.023686667
0.021395
0.016008333
0.008070833
-0.0013
-0.0101
-0.016493333
-0.021735
-0.025176667
-0.0262675
-0.024605
-0.020391667
-0.01404
-0.0060675
0.00259
0.010959167
0.01592
0.017900833
0.01687
0.0139625
0.008583333
0.000833333
-0.009015
-0.019034167
-0.026083333
-0.0292175
-0.029905
-0.030203333
-0.03178
-0.0366275
-0.046093333
-0.0594225
-0.071273333
-0.076301667
-0.07765
-0.0752425
-0.06641
-0.0488375
-0.02623
-0.003896667
0.01674
0.031808333
0.03727
0.0352375
0.026933333
0.0105325
-0.010655
-0.0302025
-0.043816667
-0.049765
-0.052006667
-0.053104167
-0.05254
-0.050315833
-0.046565
-0.0413725
-0.0336
-0.023079167
-0.010785
0.002135
0.014416667
0.0245175
0.030911667
0.036520833
0.03978
0.04056
0.03956
0.038135
0.036456667
0.033121667
0.02572
0.0123175
-0.00448
-0.0211825
-0.037985
-0.053936667
-0.06678
-0.0738
-0.076005
-0.07549
-0.070443333
-0.0596725
-0.044545
-0.029750833
-0.019866667
-0.013075
-0.008546667
-0.005609167
-0.00516
-0.007145
-0.007441667
-0.004715
0.000683333
0.00604
0.010745
0.014641667
0.019363333
0.0249775
0.029245
0.030525
0.03122
0.036721667
0.049931667
0.068495
0.082586667
0.086665833
0.08771
0.090201667
0.09274
0.09416
0.09458
0.095086667
0.09594
0.096935833
0.097428333
0.0965975
0.094373333
0.0913
0.086565
0.079273333
0.068786667
0.055425
0.04084
0.02622
0.01117
-0.003890833
-0.017301667
-0.0266825
-0.031716667
-0.034385833
-0.034365
-0.031890833
-0.027186667
-0.02032
-0.009961667
0.004053333
0.0179
0.0286475
0.03617
0.0383275
0.03223
0.0182475
-0.000025
-0.017715
-0.035883333
-0.05532
-0.075675
-0.0956575
-0.11242
-0.121685833
-0.12291
-0.1210775
-0.114203333
-0.100625
-0.08466
-0.068803333
-0.053916667
-0.041535
-0.03251
-0.024609167
-0.01445
-0.003078333
0.007256667
0.0125475
0.01344
0.011039167
0.007895
0.0062425
0.008016667
0.0130475
0.019803333
0.026061667
0.03054
0.0324825
0.03065
0.0263325
0.02174
0.017999167
0.016245
0.0158075
0.01512
0.0135975
0.012018333
0.012105833
0.01467
0.0188375
0.021858333
0.0206025
0.01386
0.0011025
-0.0151
-0.030911667
-0.047046667
-0.0642175
-0.082013333
-0.09937
-0.11399
-0.122994167
-0.126696667
-0.13015
-0.13339
-0.134376667
-0.129005
-0.112583333
-0.08527
-0.0562725
-0.02822
0.0000075
0.02854
0.057225833
0.086643333
0.1173425
0.149416667
0.181235833
0.20823
0.223108333
0.222223333
0.2148
0.207045
0.202796667
0.20293
0.204841667
0.207316667
0.2109075
0.217646667
0.228075833
0.239735
0.251555833
0.26254
0.269825
0.270928333
0.267130833
0.26217
0.258776667
0.257773333
0.258165
0.25705
0.249259167
0.2282
0.1923725
0.15341
0.1164275
0.079378333
0.041961667
0.00372
-0.035965833
-0.077413333
-0.1198875
-0.15952
-0.188835
-0.20061
-0.199575833
-0.198306667
-0.19593
-0.191211667
-0.183133333
-0.17116
-0.158055833
-0.147535
-0.1389225
-0.129403333
-0.117070833
-0.104115
-0.091675833
-0.079303333
-0.0655775
-0.05068
-0.037255
-0.02733
-0.021774167
-0.018345
-0.0161575
-0.015743333
-0.016400833
-0.01723
-0.017889167
-0.018103333
-0.0178875
-0.017411667
-0.016369167
-0.01449
-0.012636667
-0.01242
-0.0136925
-0.014983333
-0.014949167
-0.01275
-0.007995
-0.000243333
0.0101
0.020758333
0.031083333
0.04384
0.05914
0.076341667
0.09539
0.1146
0.133900833
0.15378
0.173775
0.192803333
0.2086625
0.219908333
0.228554167
0.23522
0.238709167
0.241836667
0.2463925
0.251593333
0.257356667
0.26502
0.274501667
0.281713333
0.27866
0.258276667
0.216699167
0.16546
0.116965
0.06879
0.0198925
-0.030243333
-0.0826
-0.13753
-0.192975
-0.24345
-0.2791425
-0.29195
-0.290103333
-0.28605
-0.274863333
-0.251293333
-0.21234
-0.167133333
-0.12296
-0.07848
-0.033629167
0.011343333
0.05645
0.101901667
0.148875
0.19832
0.248041667
0.291261667
0.3168825
0.317666667
0.305933333
0.29356
0.281576667
0.268656667
0.2556425
0.245695
0.2410175
0.23893
0.23603
0.231135
0.2245725
0.21766
0.211206667
0.207
0.205096667
0.20331
0.20066
0.198811667
0.198329167
0.19718
0.192995
0.186116667
0.1767275
0.164716667
0.150819167
0.13413
0.1153075
0.096123333
0.07841
0.062688333
0.047881667
0.0319
0.021395
0.01635
0.013765
0.013263333
0.014398333
0.016735
0.021038333
0.029223333
0.0425675
0.06117
0.08099
0.09604
0.104964167
0.111598333
0.11739
0.123513333
0.129309167
0.133535
0.135853333
0.13621
0.1362275
0.137378333
0.140073333
0.14366
0.1464925
0.148258333
0.1489775
0.149186667
0.149041667
0.147295
0.143178333
0.13721
0.131385
0.127268333
0.125215
0.12414
0.122989167
0.119971667
0.1141675
0.105703333
0.094555
0.081265
0.064930833
0.046896667
0.0302025
0.01441
-0.002846667
-0.02045
-0.038049167
-0.05212
-0.0623075
-0.07016
-0.07591
-0.079785
-0.0837875
-0.08786
-0.09141
-0.094211667
-0.095503333
-0.09512
-0.093641667
-0.091726667
-0.0903725
-0.089303333
-0.088031667
-0.08618
-0.083564167
-0.08007
-0.076055
-0.072093333
-0.06951
-0.06928
-0.0716475
-0.074751667
-0.07789
-0.081166667
-0.084290833
-0.08729
-0.090340833
-0.093606667
-0.0973925
-0.101565
-0.105896667
-0.11032
-0.114289167
-0.117145
-0.11931
-0.120496667
-0.121058333
-0.12118
-0.121345
-0.123056667
-0.12695
-0.132655
-0.138806667
-0.144
-0.147341667
-0.14961
-0.15098
-0.151596667
-0.151174167
-0.149765
-0.14851
-0.148703333
-0.15085
-0.154121667
-0.157649167
-0.16097
-0.1638625
-0.165868333
-0.16642
-0.16597
-0.165100833
-0.16419
-0.163305833
-0.162116667
-0.1602325
-0.157696667
-0.154925
-0.15216
-0.14986
-0.148393333
-0.14778
-0.147566667
-0.147284167
-0.14648
-0.144856667
-0.142676667
-0.1403275
-0.13858
-0.1378925
-0.13814
-0.139104167
-0.140023333
-0.140315
-0.139786667
-0.138901667
-0.13834
-0.1380375
-0.13788
-0.13767
-0.13755
-0.13802
-0.13925
-0.1402575
-0.140626667
-0.1401225
-0.138806667
-0.137185
-0.13549
-0.133023333
-0.12893
-0.1232125
-0.116155
-0.1085025
-0.10091
-0.091744167
-0.080256667
-0.06719
-0.052716667
-0.036635833
-0.018565
-0.000439167
0.01771
0.03575
0.053218333
0.069050833
0.08327
0.095079167
0.104281667
0.1100825
0.111086667
0.105964167
0.093755
0.075375
0.054723333
0.034615
0.014116667
-0.007301667
-0.02971
-0.051993333
-0.071921667
-0.086365
-0.09471
-0.100173333
-0.102315
-0.100034167
-0.09374
-0.084975
-0.07713
-0.0720175
-0.07006
-0.071721667
-0.075943333
-0.0802975
-0.08415
-0.086511667
-0.08753
-0.087488333
-0.086806667
-0.08541
-0.083478333
-0.080655833
-0.07698
-0.072455833
-0.067285
-0.06112
-0.052473333
-0.0409675
-0.028375
-0.0181975
-0.01233
-0.010055
-0.009995
-0.011669167
-0.01655
-0.026685
-0.041108333
-0.05565
-0.06455
-0.068395
-0.07044
-0.071645833
-0.072873333
-0.0745825
-0.076543333
-0.078096667
-0.07861
-0.077746667
-0.075813333
-0.07344
-0.071396667
-0.0706525
-0.071935
-0.074831667
-0.078366667
-0.0820725
-0.085121667
-0.087114167
-0.08813
-0.087580833
-0.086266667
-0.084705
-0.08316
-0.081239167
-0.07879
-0.075496667
-0.071343333
-0.06732
-0.064868333
-0.064119167
-0.06338
-0.061514167
-0.058335
-0.0546025
-0.050976667
-0.048043333
-0.04533
-0.043341667
-0.042253333
-0.0412525
-0.039975
-0.038596667
-0.03756
-0.037704167
-0.03927
-0.0418975
-0.04424
-0.04551
-0.04614
-0.047020833
-0.048143333
-0.048575
-0.047968333
-0.046238333
-0.04426
-0.0423475
-0.04076
-0.039815
-0.039686667
-0.040801667
-0.04359
-0.047713333
-0.052636667
-0.0574825
-0.061505
-0.064535
-0.06741
-0.07117
-0.076876667
-0.0843375
-0.09193
-0.0982175
-0.101995
-0.103873333
-0.10448
-0.1042975
-0.104228333
-0.104605
-0.10603
-0.107981667
-0.109113333
-0.1083275
-0.10539
-0.100908333
-0.09497
-0.087788333
-0.079756667
-0.0732225
-0.069436667
-0.066596667
-0.06294
-0.0569325
-0.04831
-0.0397975
-0.032963333
-0.029105
-0.02996
-0.0344025
-0.039496667
-0.0432575
-0.04343
-0.040920833
-0.03933
-0.03942
-0.039736667
-0.03794
-0.03419
-0.029729167
-0.02571
-0.023258333
-0.022033333
-0.0210675
-0.020265
-0.020648333
-0.02352
-0.02922
-0.03687
-0.04466
-0.050466667
-0.054239167
-0.05797
-0.062168333
-0.066386667
-0.069765
-0.071873333
-0.072776667
-0.07292
-0.072715833
-0.072673333
-0.0724925
-0.072233333
-0.072471667
-0.073395
-0.074205
-0.07318
-0.068925
-0.061358333
-0.05147
-0.04156
-0.033263333
-0.023161667
-0.010585
0.001093333
0.009365833
0.01571
0.020976667
0.025733333
0.0298875
0.033683333
0.036906667
0.03957
0.041665833
0.04318
0.04456
0.04611
0.047976667
0.050075
0.051765833
0.05255
0.0518975
0.04951
0.045748333
0.04196
0.039309167
0.038705
0.040285
0.04343
0.0474625
0.05191
0.05642
0.06049
0.0638525
0.066168333
0.0663175
0.06242
0.05155
0.031415
0.0051
-0.020453333
-0.045308333
-0.071135
-0.099485
-0.130006667
-0.15906
-0.178231667
-0.177259167
-0.15303
-0.115130833
-0.077663333
-0.0395075
0.00076
0.040381667
0.07285
0.091105
0.097733333
0.10225
0.105468333
0.107528333
0.10899
0.110529167
0.112308333
0.114165
0.115506667
0.115715
0.1142
0.1106725
0.104726667
0.0971
0.090206667
0.085815833
0.08408
0.083630833
0.084656667
0.0874125
0.092503333
0.100213333
0.10949
0.118110833
0.12541
0.132395
0.138968333
0.144189167
0.14857
0.152553333
0.155851667
0.158555
0.160903333
0.162896667
0.164045
0.163901667
0.16203
0.1575975
0.14812
0.132275
0.11255
0.094983333
0.08222
0.0739175
0.06549
0.055155
0.044365
0.035275833
0.02862
0.0238425
0.019758333
0.015641667
0.01096
0.0062675
0.002775
0.0011575
0.00115
0.00182
0.002405
0.002625
0.00327
0.0042575
0.005633333
0.008088333
0.01318
0.022905
0.037246667
0.0537475
0.06664
0.075010833
0.08128
0.087740833
0.093583333
0.0968875
0.0967
0.093609167
0.08914
0.084215
0.079285
0.07352
0.065916667
0.056200833
0.046245
0.038315833
0.033593333
0.03106
0.03007
0.029624167
0.02843
0.0257425
0.022106667
0.017245
0.01145
0.005071667
-0.001665
-0.007629167
-0.011006667
-0.01079
-0.007838333
-0.0036425
0.00091
0.007261667
0.018643333
0.036705
0.056873333
0.075954167
0.09382
0.110335
0.12576
0.1375175
0.142468333
0.142129167
0.13966
0.137383333
0.136506667
0.13652
0.136043333
0.133085
0.128005
0.122695833
0.118603333
0.1162825
0.115166667
0.1152225
0.11538
0.1144775
0.11048
0.10244
0.092396667
0.084448333
0.081585
0.079758333
0.077823333
0.0751925
0.071583333
0.067644167
0.06371
0.059184167
0.054601667
0.0502325
0.047053333
0.046908333
0.05033
0.056913333
0.065066667
0.073355
0.080126667
0.083403333
0.08355
0.0814175
0.078655
0.0766725
0.076553333
0.078755
0.082195
0.0846425
0.084603333
0.082535
0.079861667
0.076996667
0.07228
0.064056667
0.051986667
0.037795
0.026436667
0.019545833
0.01618
0.015824167
0.018333333
0.022925
0.027846667
0.031765833
0.03458
0.0356025
0.034501667
0.033535
0.035833333
0.0444175
0.059875
0.077411667
0.091093333
0.0990625
0.102271667
0.1054975
0.10992
0.1127175
0.11129
0.10592
0.097766667
0.08808
0.076095
0.059904167
0.040096667
0.0196
-0.000645
-0.0185225
-0.03107
-0.036798333
-0.039311667
-0.0395625
-0.037853333
-0.035408333
-0.034105
-0.034841667
-0.036966667
-0.0382225
-0.036343333
-0.028956667
-0.01493
0.003581667
0.018581667
0.02724
0.0301
0.031695
0.03261
0.032615
0.03135
0.0290975
0.026351667
0.022915833
0.0188
0.013655833
0.006348333
-0.0040525
-0.016036667
-0.026355833
-0.0335
-0.039116667
-0.044656667
-0.0498
-0.054228333
-0.058203333
-0.06214
-0.066209167
-0.07115
-0.078185
-0.088496667
-0.101636667
-0.11534
-0.124948333
-0.12966
-0.133835
-0.138078333
-0.1413675
-0.14322
-0.143008333
-0.140906667
-0.13848
-0.136366667
-0.135041667
-0.13473
-0.1352625
-0.13587
-0.1366425
-0.138396667
-0.141441667
-0.14494
-0.1475975
-0.148225
-0.1457625
-0.140716667
-0.134534167
-0.128575
-0.124475
-0.122823333
-0.1223675
-0.121553333
-0.119785833
-0.11646
-0.111803333
-0.105973333
-0.100075
-0.095553333
-0.092821667
-0.09271
-0.095778333
-0.10031
-0.1046125
-0.10792
-0.10954
-0.11042
-0.111689167
-0.113433333
-0.114985
-0.116486667
-0.117964167
-0.11922
-0.119650833
-0.118706667
-0.116455
-0.11331
-0.108738333
-0.10165
-0.090541667
-0.076251667
-0.0631525
-0.054643333
-0.05006
-0.045415
-0.038865
-0.03115
-0.0248425
-0.021793333
-0.021780833
-0.02384
-0.0264325
-0.02842
-0.02946
-0.03016
-0.030655
-0.031125
-0.031903333
-0.032423333
-0.0319975
-0.030186667
-0.026319167
-0.02046
-0.012820833
-0.004985
0.001535
0.009856667
0.020820833
0.030635
0.036510833
0.039263333
0.039915
0.038793333
0.036173333
0.03121
0.0224375
0.010971667
0.0006525
-0.00623
-0.009499167
-0.009565
-0.005365833
0.003833333
0.01646
0.027595
0.030110833
0.02426
0.014264167
0.004525
-0.00117
-0.005856667
-0.01165
-0.018125
-0.024036667
-0.02811
-0.02984
-0.029295
-0.027814167
-0.02601
-0.023429167
-0.018151667
-0.00968
-0.000973333
0.004381667
0.00758
0.0104725
0.012323333
0.0115625
0.008081667
0.002140833
-0.00625
-0.01511
-0.02222
-0.0269025
-0.030026667
-0.029714167
-0.02356
-0.010163333
0.007056667
0.01992
0.027296667
0.029875
0.02815
0.024851667
0.021515
0.01862
0.016446667
0.015539167
0.015675
0.016724167
0.017586667
0.016905
0.014213333
0.0106825
0.00785
0.006554167
0.006816667
0.0077075
0.007786667
0.00663
0.00451
0.002141667
0.000493333
-0.0002975
-0.000881667
-0.001228333
-0.00138
-0.001649167
-0.002658333
-0.0054225
-0.009103333
-0.0116725
-0.010435
-0.002855
0.012603333
0.03371
0.053123333
0.066470833
0.07305
0.076794167
0.079486667
0.0815575
0.083843333
0.086268333
0.08771
0.087561667
0.085886667
0.0839175
0.082676667
0.082615833
0.08402
0.08641
0.08892
0.0897725
0.087943333
0.08446
0.08125
0.0792725
0.07945
0.0812525
0.08296
0.083049167
0.0802
0.07349
0.06415
0.05488
0.04936
0.047629167
0.0482
0.050884167
0.05551
0.0605325
0.064616667
0.068345
0.07351
0.081119167
0.08864
0.09261
0.090586667
0.081501667
0.065925
0.0464975
0.027153333
0.007065
-0.013985
-0.033896667
-0.04883
-0.0554425
-0.057416667
-0.060295
-0.065256667
-0.07172
-0.0777
-0.0817175
-0.083596667
-0.0847375
-0.086255
-0.088561667
-0.09135
-0.0936775
-0.095465
-0.0965175
-0.097246667
-0.097474167
-0.0962
-0.09241
-0.08605
-0.07846
-0.07283
-0.070386667
-0.06991
-0.069844167
-0.068343333
-0.06441
-0.05739
-0.0470875
-0.033415
-0.016283333
0.00401
0.023925
0.042753333
0.059928333
0.07494
0.090821667
0.111548333
0.1294725
0.138933333
0.14065
0.13798
0.134435
0.133256667
0.135735
0.140995
0.147245
0.153
0.155105
0.152345
0.1441325
0.128466667
0.10697
0.086425
0.071859167
0.064496667
0.0605775
0.057843333
0.055964167
0.05451
0.052139167
0.045816667
0.03232
0.0111
-0.011793333
-0.028665
-0.0374975
-0.04163
-0.0427675
-0.039851667
-0.031993333
-0.01941
-0.004749167
0.01035
0.0228375
0.03011
0.034719167
0.03718
0.036306667
0.03233
0.0279725
0.025075
0.025024167
0.02799
0.030909167
0.031468333
0.029695
0.028193333
0.0296875
0.03591
0.046553333
0.05912
0.0677925
0.073021667
0.08002
0.09084
0.103185833
0.113425
0.1188825
0.119136667
0.115898333
0.11173
0.1078575
0.103486667
0.096185
0.084461667
0.069658333
0.05446
0.036113333
0.015323333
-0.005515
-0.025476667
-0.043234167
-0.057905
-0.0689625
-0.079373333
-0.0903175
-0.099891667
-0.10471
-0.1046
-0.101094167
-0.095273333
-0.0876175
-0.078853333
-0.0694175
-0.058265
-0.044206667
-0.026993333
-0.00727
0.0136
0.033629167
0.05169
0.067154167
0.08163
0.0956875
0.111573333
0.130791667
0.150675
0.163374167
0.163916667
0.1557125
0.140596667
0.119921667
0.09519
0.068875833
0.041618333
0.0162525
-0.003503333
-0.015238333
-0.02327
-0.031556667
-0.039256667
-0.044615
-0.045811667
-0.043769167
-0.04115
-0.0408825
-0.044365
-0.0496875
-0.05488
-0.0581925
-0.058465
-0.055495
-0.05022
-0.04264
-0.032801667
-0.021581667
-0.01066
-0.000983333
0.006481667
0.01147
0.015406667
0.0191025
0.023885
0.029648333
0.035863333
0.0416075
0.046056667
0.047065833
0.04298
0.0340075
0.022968333
0.01452
0.012123333
0.011799167
0.011765
0.011824167
0.012376667
0.01345
0.01426
0.014503333
0.01471
0.01433
0.013003333
0.0102525
0.004556667
-0.005135
-0.01844
-0.0327
-0.046563333
-0.058055
-0.066563333
-0.072315
-0.07616
-0.0794225
-0.082481667
-0.08537
-0.08798
-0.090375
-0.092225
-0.092163333
-0.089473333
-0.084005
-0.076833333
-0.069723333
-0.06466
-0.061480833
-0.058828333
-0.05651
-0.05366
-0.05033
-0.047025
-0.044190833
-0.042076667
-0.04121
-0.040923333
-0.040178333
-0.03896
-0.0384675
-0.04089
-0.047105
-0.05525
-0.062741667
-0.06619
-0.066159167
-0.065413333
-0.0663325
-0.06932
-0.073236667
-0.07787
-0.082431667
-0.086471667
-0.0903975
-0.094076667
-0.097165
-0.09892
-0.098469167
-0.09635
-0.0938075
-0.091981667
-0.091266667
-0.09148
-0.091959167
-0.092553333
-0.092805
-0.092446667
-0.091890833
-0.09211
-0.093418333
-0.09539
-0.0968775
-0.097375
-0.097675
-0.0992
-0.10288
-0.10691
-0.1095125
-0.11001
-0.1083975
-0.1053
-0.102286667
-0.100273333
-0.099235
-0.098101667
-0.095321667
-0.08981
-0.081090833
-0.07025
-0.05842
-0.04686
-0.033935
-0.020115
-0.009245
-0.001643333
0.0035425
0.005833333
0.004793333
-0.00011
-0.007921667
-0.01676
-0.02323
-0.02625
-0.0252975
-0.02183
-0.0165975
-0.009696667
-0.000935
0.008968333
0.01864
0.02689
0.033611667
0.040381667
0.048595
0.057153333
0.064621667
0.069145
0.0710525
0.07196
0.074615
0.081383333
0.0923375
0.10535
0.1171575
0.1258
0.1320875
0.137406667
0.143524167
0.150975
0.157591667
0.16074
0.15851
0.151435
0.139914167
0.12466
0.10656
0.086858333
0.064615
0.043516667
0.024179167
0.00512
-0.014601667
-0.033043333
-0.0478825
-0.056946667
-0.060876667
-0.05998
-0.055085833
-0.047031667
-0.0374925
-0.027856667
-0.019540833
-0.01513
-0.01658
-0.023816667
-0.034505
-0.044975
-0.0520625
-0.0589
-0.067409167
-0.076098333
-0.083905
-0.090473333
-0.096729167
-0.102995
-0.108861667
-0.113326667
-0.1150475
-0.113413333
-0.109434167
-0.10342
-0.094804167
-0.081755
-0.0626875
-0.040873333
-0.0202275
-0.003115
0.007600833
0.01212
0.0140725
0.015491667
0.017795
0.02134
0.026635
0.033623333
0.0426825
0.053596667
0.0643075
0.07191
0.075924167
0.079213333
0.0846975
0.093708333
0.1045475
0.11318
0.1174375
0.119848333
0.1219575
0.1239
0.124266667
0.122055
0.116490833
0.105776667
0.08877
0.067645
0.046610833
0.02628
0.007701667
-0.008221667
-0.021285
-0.028566667
-0.034489167
-0.04157
-0.049526667
-0.05682
-0.0633075
-0.069155
-0.074000833
-0.07636
-0.0751275
-0.070641667
-0.06307
-0.052946667
-0.0403975
-0.026895
-0.012315833
0.000973333
0.01065
0.014365
0.012806667
0.0071
-0.00181
-0.013021667
-0.0254825
-0.038333333
-0.049755
-0.05697
-0.061865833
-0.067716667
-0.0760175
-0.086836667
-0.098448333
-0.10687
-0.111731667
-0.114465
-0.11614
-0.117156667
-0.11848
-0.120415
-0.122465833
-0.124236667
-0.12453
-0.121658333
-0.114975833
-0.10411
-0.0904375
-0.079588333
-0.0745975
-0.072023333
-0.069978333
-0.0675
-0.063335833
-0.055896667
-0.0431625
-0.024816667
-0.006115833
0.01206
0.030273333
0.048676667
0.0674425
0.08692
0.106835833
0.126565
0.1448275
0.159666667
0.1701525
0.178231667
0.183495833
0.18477
0.1823775
0.177848333
0.1724075
0.166086667
0.157865833
0.1462
0.131383333
0.111976667
0.0883875
0.064391667
0.040138333
0.0151
-0.009673333
-0.030855
-0.045205
-0.0533
-0.05926
-0.061525
-0.057219167
-0.04397
-0.022075
0.001498333
0.023393333
0.04176
0.053216667
0.05777
0.0572475
0.05348
0.0465475
0.037915
0.030206667
0.025263333
0.0231725
0.024466667
0.028338333
0.03259
0.035090833
0.034168333
0.0297825
0.023083333
0.015981667
0.010515
0.007350833
0.006633333
0.00817
0.010556667
0.012065
0.01281
0.013034167
0.013378333
0.01409
0.014176667
0.013555833
0.013135
0.014464167
0.018633333
0.0259325
0.034825
0.043120833
0.0494
0.052256667
0.051183333
0.046375
0.03934
0.0321625
0.026765
0.0230825
0.02128
0.02202
0.024658333
0.027590833
0.03063
0.032645
0.033478333
0.0328775
0.031293333
0.029685
0.02804
0.026715
0.025846667
0.02527
0.024681667
0.0244975
0.02533
0.027260833
0.030255
0.0336575
0.036833333
0.0394575
0.04146
0.043055833
0.04417
0.044915
0.04412
0.040840833
0.035
0.02648
0.016318333
0.0067125
-0.000856667
-0.007670833
-0.01387
-0.019064167
-0.023333333
-0.0273175
-0.030865
-0.033155833
-0.03358
-0.0318375
-0.028406667
-0.024495
-0.020826667
-0.0170275
-0.011625
-0.0019325
0.01396
0.03399
0.052773333
0.0678175
0.07881
0.087356667
0.094606667
0.098425
0.097583333
0.092040833
0.082665
0.071070833
0.05989
0.04877
0.037951667
0.025666667
0.01259
0.0001375
-0.011465
-0.0232325
-0.03503
-0.047139167
-0.059925
-0.072364167
-0.083993333
-0.0943425
-0.101846667
-0.1072375
-0.1107
-0.112486667
-0.11259
-0.1107775
-0.107103333
-0.101389167
-0.092875
-0.081265833
-0.06729
-0.053445
-0.040858333
-0.028530833
-0.01541
-0.001193333
0.012505
0.02366
0.032443333
0.041699167
0.051525
0.061245
0.069446667
0.07477
0.076883333
0.076030833
0.07301
0.068964167
0.064383333
0.05932
0.054653333
0.0515025
0.05149
0.054854167
0.061583333
0.07118
0.081738333
0.091085
0.09678
0.098375833
0.094483333
0.0839025
0.06613
0.045061667
0.02379
0.001898333
-0.021306667
-0.04462
-0.06526
-0.0795225
-0.08603
-0.089865833
-0.092175
-0.0921425
-0.08807
-0.07821
-0.061505
-0.040916667
-0.021973333
-0.0063175
0.005461667
0.015068333
0.02229
0.026259167
0.025835
0.021025
0.01247
0.00126
-0.00942
-0.0164125
-0.019603333
-0.01992
-0.016986667
-0.009663333
0.00197
0.015683333
0.028975
0.038895
0.044753333
0.048328333
0.05056
0.0522225
0.054263333
0.0573525
0.061241667
0.065765
0.07039
0.075251667
0.080398333
0.0852775
0.089286667
0.090943333
0.089435
0.08393
0.073796667
0.05767
0.03715
0.017339167
0.00062
-0.012055
-0.023326667
-0.03637
-0.051316667
-0.065579167
-0.07677
-0.083593333
-0.088106667
-0.0913825
-0.093281667
-0.093370833
-0.09133
-0.086439167
-0.07724
-0.063575
-0.04644
-0.02868
-0.011655
0.003220833
0.013846667
0.02088
0.024196667
0.024235833
0.02191
0.0185875
0.014501667
0.0093
0.002346667
-0.006655
-0.016695
-0.026099167
-0.03333
-0.0381
-0.04175
-0.044723333
-0.04679
-0.04875
-0.050398333
-0.050975
-0.049903333
-0.047061667
-0.043225
-0.038884167
-0.034366667
-0.0310825
-0.030275
-0.031209167
-0.03383
-0.037988333
-0.043536667
-0.049625
-0.055696667
-0.061075833
-0.065355
-0.068938333
-0.071896667
-0.073985
-0.074816667
-0.0743525
-0.07246
-0.06921
-0.064091667
-0.0563325
-0.046563333
-0.03594
-0.025325
-0.014745833
-0.004613333
0.0049875
0.013596667
0.020174167
0.025
0.027679167
0.028568333
0.0281075
0.027306667
0.026175
0.02382
0.020045
0.01495
0.00916
0.003095
-0.002655833
-0.0076
-0.010974167
-0.01337
-0.014455
-0.013463333
-0.011074167
-0.007565
-0.003366667
0.000703333
0.003605
0.004526667
0.003795833
0.00209
-0.000230833
-0.003441667
-0.007355
-0.01174
-0.016778333
-0.022525
-0.029435
-0.037083333
-0.04465
-0.05215
-0.059040833
-0.06479
-0.0694625
-0.073378333
-0.0765175
-0.078906667
-0.080244167
-0.08033
-0.079499167
-0.07801
-0.0757475
-0.072433333
-0.067581667
-0.06072
-0.0514925
-0.040453333
-0.02845
-0.01812
-0.009985833
-0.002185
0.004904167
0.01062
0.014145
0.01565
0.014803333
0.01231
0.008990833
0.005173333
0.0014575
-0.0017
-0.0040375
-0.00561
-0.006545
-0.006886667
-0.0068375
-0.006335
-0.005180833
-0.00309
0.0001175
0.004396667
0.00958
0.015116667
0.0207125
0.025985
0.0298725
0.03174
0.031085
0.0277
0.022835833
0.01703
0.010666667
0.004135
-0.001945
-0.00688
-0.010693333
-0.01376
-0.016414167
-0.01853
-0.019955
-0.02063
-0.020648333
-0.01989
-0.017959167
-0.014626667
-0.0096625
-0.002986667
0.005103333
0.013375
0.021094167
0.028676667
0.0367425
0.045413333
0.054545833
0.0627
0.066870833
0.070038333
0.0724025
0.074603333
0.076068333
0.07607
0.0735525
0.068233333
0.0598725
0.049353333
0.039341667
0.03063
0.022769167
0.0158
0.00964
0.004516667
0.000749167
-0.002235
-0.004151667
-0.005396667
-0.0061775
-0.006798333
-0.007410833
-0.00822
-0.0083475
-0.006996667
-0.00406
0.000433333
0.005788333
0.0111
0.0152775
0.018453333
0.020795
0.022856667
0.024653333
0.0257
0.0256725
0.023223333
0.0182525
0.01098
0.002955833
-0.004855
-0.011138333
-0.014586667
-0.0180525
-0.022635
-0.027894167
-0.03351
-0.038799167
-0.043565
-0.0472775
-0.049776667
-0.05089
-0.05037
-0.048200833
-0.04473
-0.0397475
-0.033573333
-0.026646667
-0.02034
-0.015369167
-0.010768333
-0.006085
-0.00154
0.002529167
0.006135
0.009033333
0.011073333
0.01209
0.011956667
0.010454167
0.00843
0.0060925
0.003255
0.0003475
-0.00265
-0.0051325
-0.00691
-0.007659167
-0.00762
-0.0069825
-0.006616667
-0.006341667
-0.00616
-0.0061375
-0.006291667
-0.0062925
-0.006416667
-0.0069975
-0.008215
-0.010031667
-0.012086667
-0.013795
-0.015246667
-0.016485
-0.01769
-0.019033333
-0.019761667
-0.0191175
-0.016773333
-0.012628333
-0.00708
-0.000796667
0.005343333
0.0107725
0.015835
0.020541667
0.02541
0.030390833
0.035073333
0.0396625
0.04401
0.04834
0.052195
0.055305833
0.057896667
0.060515
0.063486667
0.066356667
0.06922
0.07104
0.071048333
0.0696825
0.066686667
0.0622225
0.056605
0.050119167
0.04295
0.036135
0.029543333
0.021518333
0.01216
0.0019225
-0.008641667
-0.01966
-0.03156
-0.041495
-0.04655
-0.047975
-0.0458
-0.040235
-0.031976667
-0.021526667
-0.01099
-0.002230833
0.00594
0.0134825
0.021216667
0.029283333
0.03689
0.04382
0.049656667
0.05338
0.054113333
0.0510975
0.04487
0.035613333
0.024625
0.014615
0.0051
-0.002795
-0.008665
-0.01287
-0.01555
-0.0167375
-0.016348333
-0.014998333
-0.01324
-0.011085833
-0.008986667
-0.006635
-0.003916667
-0.000853333
0.002285
0.005946667
0.009953333
0.0138425
0.017601667
0.021155
0.02423
0.025929167
0.026233333
0.0251075
0.02311
0.0199975
0.01547
0.009523333
0.00322
-0.0025875
-0.007451667
-0.011276667
-0.01399
-0.015888333
-0.017543333
-0.018745
-0.01935
-0.019138333
-0.018555
-0.017963333
-0.017616667
-0.01724
-0.01717
-0.017703333
-0.01852
-0.0192825
-0.019783333
-0.0201075
-0.020166667
-0.01979
-0.019215
-0.018640833
-0.017936667
-0.0170675
-0.016303333
-0.015310833
-0.01465
-0.014185833
-0.013978333
-0.0137975
-0.013023333
-0.011665833
-0.009865
-0.0077325
-0.005623333
-0.0038625
-0.002695
-0.0019725
-0.00148
-0.001095
-0.000873333
-0.001695
-0.004433333
-0.008648333
-0.01406
-0.0205525
-0.027636667
-0.034235
-0.039673333
-0.043605833
-0.04586
-0.046543333
-0.045246667
-0.042335
-0.038453333
-0.0334975
-0.028265
-0.023611667
-0.01919
-0.0150275
-0.011298333
-0.007871667
-0.00441
-0.0010875
0.00168
0.0037775
0.004963333
0.005004167
0.00413
0.002370833
-0.000733333
-0.00504
-0.009598333
-0.014045
-0.01845
-0.0217475
-0.023841667
-0.0245025
-0.02252
-0.0185975
-0.01317
-0.005845833
0.002326667
0.00964
0.016008333
0.021594167
0.02559
0.028518333
0.030718333
0.0322175
0.033213333
0.0337075
0.03383
0.033915833
0.033913333
0.03351
0.03262
0.031275833
0.02962
0.027791667
0.026166667
0.024805
0.023723333
0.022959167
0.02264
0.023154167
0.024966667
0.0274225
0.030093333
0.032535833
0.03396
0.032729167
0.02893
0.0221675
0.012356667
0.00069
-0.011115
-0.022289167
-0.032286667
-0.040785
-0.048001667
-0.052498333
-0.05474
-0.0544325
-0.051688333
-0.0472225
-0.041696667
-0.035728333
-0.03018
-0.026133333
-0.02352
-0.0219275
-0.021316667
-0.021076667
-0.02109
-0.021311667
-0.021345
-0.021105
-0.020463333
-0.019595
-0.018295
-0.016273333
-0.01316
-0.00879
-0.002853333
0.004835833
0.0137
0.022513333
0.031013333
0.0381075
0.043373333
0.04763
0.0508
0.0522575
0.05194
0.0505475
0.048616667
0.0460225
0.04285
0.039104167
0.035105
0.0305625
0.025863333
0.022066667
0.018885
0.015858333
0.012963333
0.0107925
0.009325
0.008345833
0.00781
0.007869167
0.0088
0.0104875
0.01273
0.015563333
0.01841
0.02093
0.023136667
0.024795
0.025815
0.026726667
0.02717
0.0274175
0.027826667
0.02832
0.028626667
0.0282925
0.027115
0.0248575
0.0217
0.0174825
0.011943333
0.005000833
-0.00192
-0.008650833
-0.015068333
-0.0207425
-0.025413333
-0.028833333
-0.031065
-0.032365
-0.03285
-0.0326175
-0.03184
-0.030770833
-0.02962
-0.028526667
-0.027638333
-0.026115
-0.023233333
-0.019024167
-0.013435
-0.007133333
-0.000973333
0.004935
0.010345
0.014999167
0.01868
0.021638333
0.023928333
0.0259975
0.027823333
0.029425833
0.03053
0.031349167
0.031826667
0.0317725
0.030495
0.0278925
0.02466
0.0210025
0.017155
0.0134175
0.00977
0.00603
0.001815
-0.0025075
-0.00673
-0.010775
-0.014318333
-0.017370833
-0.02016
-0.0225075
-0.023835
-0.02398
-0.022353333
-0.0192475
-0.01482
-0.009549167
-0.003626667
0.001695
0.005875
0.008633333
0.01066
0.012206667
0.013263333
0.0144325
0.01564
0.017091667
0.01873
0.0208475
0.02356
0.02671
0.030353333
0.034305833
0.03843
0.042619167
0.046396667
0.04958
0.052053333
0.053893333
0.055025
0.055680833
0.055676667
0.054695
0.052606667
0.049000833
0.04361
0.037020833
0.02953
0.0210875
0.012403333
0.0045425
-0.00214
-0.008043333
-0.012483333
-0.015575
-0.017678333
-0.019136667
-0.01989
-0.020125
-0.02026
-0.020385
-0.020496667
-0.0205725
-0.02059
-0.0204575
-0.02045
-0.0205475
-0.020661667
-0.020653333
-0.02048
-0.020104167
-0.019388333
-0.01869
-0.018243333
-0.018173333
-0.01854
-0.019135
-0.020446667
-0.022685
-0.025568333
-0.028549167
-0.03115
-0.033058333
-0.034521667
-0.0351425
-0.035216667
-0.034356667
-0.03245
-0.029546667
-0.025923333
-0.0218025
-0.017311667
-0.012725833
-0.00847
-0.004539167
-0.001338333
0.0010775
0.003193333
0.005395
0.007725
0.010115
0.01294
0.01672
0.021046667
0.025605
0.03024
0.034584167
0.037951667
0.0406125
0.042336667
0.043250833
0.043505
0.042900833
0.041333333
0.0388525
0.035235
0.0307875
0.02567
0.020595833
0.015565
0.0104525
0.004956667
-0.000796667
-0.00689
-0.013018333
-0.019493333
-0.0260675
-0.032625
-0.0393025
-0.0458
-0.051253333
-0.055521667
-0.0586675
-0.061026667
-0.062273333
-0.0623
-0.0607775
-0.05779
-0.0536725
-0.04811
-0.041509167
-0.0344
-0.027446667
-0.02048
-0.0139625
-0.00854
-0.004338333
-0.001155
0.001453333
0.00319
0.0041575
0.004596667
0.004765833
0.00508
0.005600833
0.006103333
0.006635
0.0073
0.007820833
0.008405
0.008541667
0.00851
0.0080475
0.006811667
0.0050425
0.00314
0.000741667
-0.001751667
-0.0042675
-0.006296667
-0.007805
-0.009185
-0.010245833
-0.010826667
-0.0109525
-0.011001667
-0.01119
-0.01157
-0.012075
-0.01234
-0.0124575
-0.0126
-0.012745
-0.012765
-0.01267
-0.0122
-0.0112575
-0.009415
-0.007040833
-0.00422
-0.000645
0.003461667
0.0069225
0.009826667
0.012015
0.013255
0.013488333
0.01308
0.01258
0.011725
0.010545833
0.0095
0.008520833
0.007806667
0.0073
0.006946667
0.0070125
0.00719
0.00748
0.007733333
0.007735
0.007438333
0.006710833
0.00545
0.0036325
0.001318333
-0.0017825
-0.00579
-0.010368333
-0.01514
-0.019875
-0.02471
-0.0290425
-0.032486667
-0.035095833
-0.03697
-0.037945
-0.038428333
-0.0381125
-0.037213333
-0.0356825
-0.03335
-0.029889167
-0.025686667
-0.02084
-0.015696667
-0.010403333
-0.00492
0.000625833
0.006168333
0.01144
0.015783333
0.01914
0.021925
0.024179167
0.025363333
0.0254225
0.024513333
0.022810833
0.0201
0.016240833
0.010716667
0.0033825
-0.004403333
-0.012005833
-0.01918
-0.025474167
-0.030416667
-0.03429
-0.036996667
-0.038520833
-0.03933
-0.0391475
-0.03831
-0.0375875
-0.036916667
-0.036348333
-0.035935
-0.035510833
-0.03509
-0.0343125
-0.0332
-0.031533333
-0.02918
-0.025559167
-0.02024
-0.0136075
-0.006036667
0.002099167
0.009745
0.015675
0.019996667
0.0227525
0.023275
0.021294167
0.01787
0.01309
0.007031667
0.0002525
-0.006453333
-0.012839167
-0.01845
-0.022810833
-0.02622
-0.02819
-0.029181667
-0.029695833
-0.02965
-0.028846667
-0.026556667
-0.022995
-0.018613333
-0.0134125
-0.00768
-0.002483333
0.00228
0.006115
0.008755
0.010015833
0.01011
0.009551667
0.008893333
0.00768
0.005856667
0.003485833
0.00131
-0.000928333
-0.00302
-0.0045975
-0.005956667
-0.006993333
-0.00779
-0.008236667
-0.008395
-0.008575
-0.00837
-0.0080025
-0.00725
-0.005959167
-0.004546667
-0.0034125
-0.00251
-0.001975
-0.00169
-0.001456667
-0.00113
-0.000715
-0.000223333
-0.000398333
-0.000695
-0.000996667
-0.00138
-0.0018475
-0.0021
-0.002458333
-0.00235
-0.002030833
-0.001453333
-0.0008175
0.000126667
0.001090833
0.00184
0.002225
0.00226
0.0024
0.002498333
0.001835833
0.00085
-0.000329167
-0.001506667
-0.002575
-0.003753333
-0.004930833
-0.005875
-0.006624167
-0.007093333
-0.007295
-0.00734
-0.007054167
-0.00654
-0.0061275
-0.005826667
-0.0053275
-0.00478
-0.004225
-0.00363
-0.003135833
-0.00252
-0.00178
-0.00079
0.000504167
0.00182
0.0036425
0.005731667
0.007555
0.00904
0.010485833
0.01167
0.0124175
0.012856667
0.0131525
0.013395
0.013493333
0.01286
0.011685833
0.010118333
0.008495
0.006636667
0.004239167
0.001725
-0.001200833
-0.004513333
-0.0083575
-0.011921667
-0.0149175
-0.0173
-0.019618333
-0.02129
-0.0221925
-0.022376667
-0.022239167
-0.021545
-0.0201925
-0.018293333
-0.015855
-0.013081667
-0.010310833
-0.00782
-0.006025
-0.005078333
-0.0045925
-0.004223333
-0.004058333
-0.00422
-0.0051125
-0.006713333
-0.0090575
-0.011583333
-0.0143575
-0.01744
-0.020196667
-0.022296667
-0.0237825
-0.024773333
-0.025389167
-0.025375
-0.024665
-0.023336667
-0.021775
-0.019765
-0.017108333
-0.01369
-0.009794167
-0.005336667
-0.0003825
0.004793333
0.009844167
0.01432
0.018325
0.021496667
0.02377
0.025456667
0.026408333
0.02657
0.02644
0.025383333
0.023665
0.021286667
0.018181667
0.01437
0.010426667
0.00702
0.004105
0.001696667
4.16667E-05
-0.00109
-0.001519167
-0.001666667
-0.001245
-0.00006
0.002034167
0.004685
0.007458333
0.009963333
0.01203
0.013691667
0.0148125
0.01557
0.016035833
0.016193333
0.0163075
0.016223333
0.01609
0.01573
0.0153125
0.01522
0.01519
0.014728333
0.01429
0.01367
0.012933333
0.011871667
0.010585
0.009376667
0.007899167
0.006175
0.004208333
0.00186
-0.000925
-0.00384
-0.00674
-0.00975
-0.012998333
-0.016053333
-0.0186225
-0.020563333
-0.022235833
-0.02358
-0.024388333
-0.024733333
-0.02461
-0.024026667
-0.023016667
-0.02118
-0.019001667
-0.016461667
-0.01363
-0.0103
-0.006699167
-0.00301
0.000943333
0.005193333
0.00933
0.013151667
0.01726
0.02144
0.025403333
0.029646667
0.033915
0.036873333
0.039053333
0.04105
0.042639167
0.043783333
0.044435
0.044718333
0.0447825
0.04477
0.044456667
0.044046667
0.04366
0.043206667
0.042581667
0.042105
0.041709167
0.041306667
0.040895
0.04053
0.040074167
0.04028
0.0407075
0.041326667
0.0415825
0.04185
0.04191
0.04192
0.042006667
0.04197
0.041705
0.041216667
0.040698333
0.04002
0.039145833
0.037891667
0.036265
0.034013333
0.031060833
0.02776
0.024255833
0.02058
0.016455
0.012266667
0.0083175
0.00492
0.002375
0.000486667
-0.00079
-0.001363333
-0.001493333
-0.00115
-9.91667E-05
0.0016
0.0037725
0.00616
0.008605
0.01078
0.0128675
0.014721667
0.01633
0.017353333
0.018115833
0.01848
0.018658333
0.018946667
0.01928
0.01981
0.020051667
0.02035
0.020580833
0.020446667
0.0200475
0.019203333
0.018138333
0.01667
0.0145225
0.011576667
0.00796
0.003918333
-0.000345
-0.00478
-0.008994167
-0.012775
-0.016205
-0.01922
-0.0215575
-0.023265
-0.024330833
-0.025113333
-0.0254825
-0.025505
-0.0254175
-0.02505
-0.024551667
-0.024215
-0.02411
-0.02402
-0.024045
-0.02409
-0.024188333
-0.024186667
-0.0242325
-0.024251667
-0.02409
-0.0236
-0.022819167
-0.022003333
-0.02114
-0.020296667
-0.019461667
-0.018665
-0.018069167
-0.017876667
-0.01801
-0.018406667
-0.018858333
-0.01957
-0.020145
-0.020506667
-0.02099
-0.02123
-0.021179167
-0.020885
-0.0204325
-0.019963333
-0.01965
-0.019411667
-0.019160833
-0.019
-0.019253333
-0.019681667
-0.020545
-0.021496667
-0.022525
-0.023775
-0.024990833
-0.026033333
-0.02649
-0.02617
-0.025214167
-0.02363
-0.021099167
-0.017336667
-0.011975
-0.005866667
0.0009875
0.008235
0.015395833
0.021966667
0.0282675
0.033695
0.038078333
0.04153
0.043661667
0.044681667
0.044875
0.044893333
0.045095
0.044975
0.04426
0.043143333
0.0419875
0.041156667
0.04061
0.0405
0.040505
0.04074
0.041395
0.042256667
0.042955833
0.04363
0.044440833
0.045146667
0.045635
0.046031667
0.0465125
0.04633
0.045020833
0.042486667
0.0391225
0.035003333
0.0304025
0.025615
0.0209675
0.016826667
0.0134
0.0107
0.008348333
0.00617
0.004339167
0.00278
0.0011625
-0.000386667
-0.0020925
-0.003845
-0.006054167
-0.008973333
-0.0123475
-0.015983333
-0.0200725
-0.02491
-0.030064167
-0.03578
-0.041695
-0.04773
-0.053590833
-0.058785
-0.063224167
-0.067086667
-0.069805
-0.071791667
-0.0732325
-0.07404
-0.074141667
-0.073418333
-0.071925
-0.069406667
-0.065601667
-0.060325
-0.055315833
-0.049866667
-0.0444
-0.038798333
-0.032993333
-0.02706
-0.020444167
-0.012833333
-0.0046775
0.003886667
0.012588333
0.021385
0.030321667
0.038633333
0.04679
0.054858333
0.061811667
0.0672
0.071225833
0.074586667
0.07717
0.078436667
0.078329167
0.077085
0.0751025
0.072296667
0.0683
0.063023333
0.056876667
0.04942
0.0401
0.030255
0.0202225
0.010386667
0.001168333
-0.00674
-0.012695833
-0.017316667
-0.0208625
-0.022923333
-0.02414
-0.02445
-0.023770833
-0.022665
-0.0212075
-0.019316667
-0.0174825
-0.01619
-0.015365833
-0.014643333
-0.0141125
-0.01363
-0.013106667
-0.01289
-0.012778333
-0.012785
-0.0128575
-0.013453333
-0.014435833
-0.015745
-0.017508333
-0.01984
-0.022415
-0.025615
-0.029610833
-0.03393
-0.036905833
-0.03956
-0.04178
-0.043663333
-0.044756667
-0.045045
-0.044841667
-0.043883333
-0.04195
-0.038943333
-0.034684167
-0.02957
-0.024060833
-0.017916667
-0.01105
-0.00453
0.001289167
0.006865
0.011759167
0.015653333
0.018635
0.021016667
0.022978333
0.02441
0.02537
0.025961667
0.026185
0.025996667
0.0250125
0.02292
0.020028333
0.016256667
0.01138
0.005098333
-0.002555
-0.01013
-0.017055833
-0.023726667
-0.0302875
-0.036263333
-0.041776667
-0.046585
-0.0503775
-0.053296667
-0.0554925
-0.056956667
-0.057655
-0.0577
-0.057383333
-0.056435
-0.0544725
-0.05172
-0.0482625
-0.04454
-0.0408675
-0.037436667
-0.034075
-0.030983333
-0.028624167
-0.02708
-0.02628
-0.026226667
-0.026305
-0.026603333
-0.02699
-0.02757
-0.028423333
-0.0291
-0.029655
-0.02992
-0.029954167
-0.02973
-0.029276667
-0.028686667
-0.02766
-0.026323333
-0.024863333
-0.023715
-0.0226775
-0.02159
-0.0206475
-0.019946667
-0.019144167
-0.01824
-0.017249167
-0.015953333
-0.014695
-0.01324
-0.0115575
-0.00944
-0.006854167
-0.004183333
-0.0017025
0.000735
0.0033425
0.00591
0.008703333
0.011603333
0.0147025
0.017853333
0.020930833
0.02374
0.026808333
0.03011
0.033165
0.035846667
0.038228333
0.04052
0.042565
0.044101667
0.0451125
0.045633333
0.045746667
0.046085
0.046593333
0.046853333
0.0468075
0.046223333
0.045148333
0.04341
0.0408025
0.03771
0.0339525
0.02967
0.0250575
0.02044
0.01593
0.01216
0.0087925
0.005451667
0.002710833
0.00043
-0.00126
-0.002355
-0.00313
-0.003696667
-0.0043425
-0.005105
-0.005655
-0.005743333
-0.005835
-0.005863333
-0.005568333
-0.00473
-0.003905833
-0.00311
-0.0022875
-0.001413333
-0.00068
0.00016
0.000770833
0.00103
0.00099
0.000618333
0.000305
-0.00022
-0.0007975
-0.00165
-0.002775
-0.004046667
-0.005139167
-0.0059
-0.006368333
-0.006326667
-0.0058575
-0.004851667
-0.003643333
-0.00203
0.000144167
0.002448333
0.0047225
0.006826667
0.008549167
0.00985
0.010765833
0.011123333
0.0112
0.010971667
0.010179167
0.00896
0.007490833
0.006163333
0.005235
0.004313333
0.0037875
0.003575
0.003524167
0.003586667
0.003925
0.00451
0.005104167
0.00585
0.006444167
0.006996667
0.0076675
0.008223333
0.008929167
0.00975
0.010505
0.010963333
0.011085
0.011213333
0.011343333
0.01152
0.011560833
0.011231667
0.0107775
0.010173333
0.009970833
0.01011
0.0104225
0.011003333
0.0116
0.01221
0.013084167
0.01405
0.015144167
0.01625
0.0172675
0.018316667
0.019503333
0.020935
0.022518333
0.02436
0.02648
0.029085
0.031499167
0.03344
0.0347975
0.035915
0.0364825
0.036903333
0.036913333
0.036085
0.034576667
0.032276667
0.02944
0.02591
0.021613333
0.01739
0.013495
0.010273333
0.00746
0.005126667
0.003301667
0.00194
0.0011175
0.000663333
0.00092
0.001521667
0.00204
0.00249
0.002948333
0.003436667
0.0034775
0.00313
0.0022525
0.001025
-0.0000225
-0.00091
-0.0017425
-0.002698333
-0.003493333
-0.00409
-0.004534167
-0.004923333
-0.005305
-0.005433333
-0.005015833
-0.004635
-0.004528333
-0.004456667
-0.004495
-0.004616667
-0.004905833
-0.0053
-0.005690833
-0.006243333
-0.00718
-0.008253333
-0.009608333
-0.01081
-0.01214
-0.01367
-0.015065
-0.01618
-0.017318333
-0.01803
-0.0182625
-0.01811
-0.0176025
-0.016203333
-0.013703333
-0.01066
-0.007989167
-0.00547
-0.0034675
-0.002256667
-0.001695
-0.00176
-0.0020225
-0.002435
-0.0028325
-0.003083333
-0.003001667
-0.00244
-0.001235833
0.000406667
0.00243
0.004868333
0.0076025
0.00992
0.011565833
0.012633333
0.0135575
0.014633333
0.01569
0.01662
0.017235
0.017926667
0.01878
0.019833333
0.020919167
0.02178
0.02243
0.022396667
0.02206
0.021626667
0.020934167
0.019845
0.0186625
0.01715
0.0154725
0.013426667
0.0109425
0.00848
0.0059825
0.00333
0.0009225
-0.001253333
-0.0035425
-0.00614
-0.0084075
-0.010186667
-0.01159
-0.012776667
-0.013694167
-0.01427
-0.014566667
-0.01462
-0.0142225
-0.013313333
-0.0116525
-0.00982
-0.007999167
-0.00637
-0.0049525
-0.003985
-0.003839167
-0.00371
-0.003949167
-0.005063333
-0.00673
-0.008286667
-0.009834167
-0.011455
-0.0126325
-0.013546667
-0.0139675
-0.013813333
-0.01301
-0.01161
-0.009224167
-0.006391667
-0.00309
0.000593333
0.003924167
0.00651
0.008276667
0.00935
0.0097275
0.009498333
0.0089225
0.00811
0.00693
0.005588333
0.004095
0.00267
0.00125
-0.000295
-0.001871667
-0.003366667
-0.0052325
-0.007546667
-0.009935
-0.01167
-0.013060833
-0.014203333
-0.01496
-0.015226667
-0.01496
-0.01408
-0.0129475
-0.01197
-0.0113675
-0.010883333
-0.010259167
-0.0095
-0.008901667
-0.008588333
-0.0086875
-0.00885
-0.0087225
-0.00838
-0.008031667
-0.007346667
-0.0064625
-0.005406667
-0.004001667
-0.00221
-0.00042
0.001576667
0.003245
0.004916667
0.006711667
0.008365
0.009731667
0.011
0.0121825
0.01337
0.014595
0.01537
0.016073333
0.01627
0.0161975
0.015853333
0.014985
0.013755
0.0124375
0.010956667
0.0094175
0.007621667
0.005391667
0.00296
0.000548333
-0.001065
-0.002135
-0.002996667
-0.003741667
-0.003925
-0.003595833
-0.003043333
-0.002215
-0.001155
0.000365
0.00227
0.004280833
0.006341667
0.008335
0.010223333
0.01227
0.01421
0.015950833
0.01757
0.018795
0.019601667
0.020079167
0.02023
0.019991667
0.019145
0.0176975
0.015406667
0.012189167
0.00836
0.003970833
-0.00075
-0.0048425
-0.007945
-0.0099975
-0.01148
-0.012291667
-0.01262
-0.0127025
-0.012856667
-0.013040833
-0.01305
-0.012751667
-0.012466667
-0.01234
-0.012541667
-0.012686667
-0.01246
-0.011913333
-0.01116
-0.0103175
-0.00954
-0.0089425
-0.008165
-0.007440833
-0.006846667
-0.0062225
-0.005875
-0.005634167
-0.00515
-0.004789167
-0.004241667
-0.0037325
-0.00284
-0.002124167
-0.00167
-0.000869167
4.66667E-05
0.00085
0.001355
0.001564167
0.00192
0.0024425
0.00255
0.002175
0.001523333
0.00052
-0.00031
-0.00103
-0.001713333
-0.002835
-0.004083333
-0.005169167
-0.00618
-0.00729
-0.008281667
-0.009225
-0.010233333
-0.011100833
-0.01201
-0.0129125
-0.01362
-0.014265
-0.01482
-0.015361667
-0.01546
-0.0150225
-0.014248333
-0.01339
-0.01229
-0.010763333
-0.00898
-0.007321667
-0.006186667
-0.0054425
-0.004668333
-0.00401
-0.00334
-0.002916667
-0.002836667
-0.002855
-0.003146667
-0.003430833
-0.00353
-0.003968333
-0.004526667
-0.0052775
-0.005695
-0.005690833
-0.00555
-0.005279167
-0.00495
-0.0045725
-0.00386
-0.002740833
-0.00171
-0.000814167
4.66667E-05
0.0011375
0.002513333
0.003735833
0.00488
0.006116667
0.007313333
0.008705
0.010073333
0.011039167
0.011435
0.01166
0.011936667
0.0123025
0.012473333
0.012296667
0.01205
0.011668333
0.011145
0.010705
0.010106667
0.009545833
0.00894
0.008031667
0.006963333
0.005775
0.00451
0.00326
0.00181
-0.000185
-0.00239
-0.004915
-0.007826667
-0.011125833
-0.014395
-0.017299167
-0.019866667
-0.021915
-0.02331
-0.024478333
-0.02537
-0.025731667
-0.025618333
-0.02531
-0.025336667
-0.0256025
-0.02594
-0.026216667
-0.02647
-0.0267075
-0.027001667
-0.027290833
-0.02729
-0.027233333
-0.026973333
-0.02642
-0.025706667
-0.024616667
-0.023105
-0.021479167
-0.019586667
-0.0173475
-0.014873333
-0.012291667
-0.00994
-0.007811667
-0.005505
-0.003235
-0.000666667
0.001616667
0.00368
0.005893333
0.007706667
0.0093325
0.010656667
0.012301667
0.01397
0.0152275
0.015798333
0.0159125
0.015546667
0.015055833
0.014305
0.013205833
0.01201
0.0108875
0.009805
0.00836
0.00682
0.005366667
0.00394
0.0026775
0.00158
0.0005875
-0.000495
-0.001734167
-0.002946667
-0.004345
-0.006003333
-0.008134167
-0.01005
-0.012055833
-0.013986667
-0.0158675
-0.017306667
-0.018525833
-0.019555
-0.019946667
-0.019543333
-0.017875
-0.013908333
-0.007830833
-0.00123
0.0047775
0.010321667
0.013595
0.014706667
0.0152075
0.01555
0.0157575
0.015333333
0.0145175
0.013735
0.0132
0.01297
0.013091667
0.013501667
0.01423
0.01484
0.01492
0.014625
0.014195833
0.01357
0.0127625
0.011578333
0.010014167
0.00854
0.00699
0.00579
0.00477
0.003986667
0.0032575
0.0027
0.002444167
0.002056667
0.0016175
0.001008333
0.00024
-0.00062
-0.001569167
-0.002628333
-0.0037525
-0.005133333
-0.006410833
-0.00731
-0.0077775
-0.007976667
-0.0080525
-0.00792
-0.007273333
-0.00609
-0.004563333
-0.002801667
-0.000765
0.001456667
0.003550833
0.005345
0.007131667
0.008543333
0.009625
0.01069
0.011884167
0.01289
0.013533333
0.014143333
0.0149625
0.015693333
0.016184167
0.016385
0.016550833
0.01625
0.015935
0.01552
0.014845833
0.01407
0.013171667
0.01225
0.0113675
0.010686667
0.010275833
0.009895
0.00951
0.009293333
0.0092475
0.009033333
0.008580833
0.00805
0.007771667
0.00747
0.0069275
0.006646667
0.007109167
0.007875
0.008816667
0.009853333
0.0109925
0.012073333
0.012719167
0.01292
0.013058333
0.013213333
0.01331
0.013146667
0.012605
0.0117
0.010755833
0.009653333
0.00836
0.007073333
0.0060525
0.00518
0.0044875
0.003746667
0.0034725
0.003363333
0.003185833
0.003215
0.003395833
0.00369
0.0038375
0.003796667
0.003219167
0.00266
0.002214167
0.001785
0.001435
0.001223333
0.001163333
0.00109
0.001156667
0.001226667
0.0014275
0.001796667
0.002510833
0.00298
0.0031075
0.003063333
0.00312
0.003196667
0.003185
0.00292
0.002331667
0.0015
0.0004425
-0.000638333
-0.001605
-0.00235
-0.003
-0.003511667
-0.0036775
-0.00326
-0.002518333
-0.001505
-0.00004
0.00138
0.0024325
0.002946667
0.003274167
0.0035
0.003566667
0.003578333
0.0034125
0.003253333
0.0029975
0.00259
0.0022475
0.002113333
0.00193
0.00183
0.0014875
0.00098
0.0002625
-0.000371667
-0.001125
-0.001986667
-0.002975833
-0.004045
-0.005113333
-0.00615
-0.00734
-0.008891667
-0.010623333
-0.01219
-0.01382
-0.015223333
-0.016275
-0.017186667
-0.017915
-0.018095
-0.017995
-0.017476667
-0.016475
-0.015463333
-0.014440833
-0.01348
-0.0125
-0.011486667
-0.01043
-0.009453333
-0.008845833
-0.007915
-0.007136667
-0.006793333
-0.00686
-0.00697
-0.007124167
-0.00742
-0.007775
-0.008353333
-0.009285
-0.010336667
-0.011275833
-0.011755
-0.011813333
-0.011556667
-0.01101
-0.010101667
-0.008603333
-0.0074
-0.006408333
-0.00523
-0.0037175
-0.00222
-0.0007225
0.001085
0.003109167
0.00515
0.0069175
0.00823
0.009156667
0.00977
0.010329167
0.010753333
0.01113
0.01148
0.012014167
0.01243
0.012871667
0.013216667
0.0131775
0.01275
0.011625
0.00954
0.007090833
0.004408333
0.0015025
-0.0011
-0.003440833
-0.005255
-0.0065225
-0.007253333
-0.00766
-0.007836667
-0.007956667
-0.00787
-0.007731667
-0.00782
-0.008185
-0.008573333
-0.008710833
-0.008575
-0.0082575
-0.008153333
-0.008165
-0.00813
-0.00785
-0.00735
-0.006559167
-0.005741667
-0.0048375
-0.003783333
-0.001960833
0.000495
0.003669167
0.00719
0.0107175
0.013886667
0.016311667
0.0178
0.018343333
0.018318333
0.01817
0.017626667
0.016426667
0.014875
0.013356667
0.011806667
0.01051
0.009528333
0.0091725
0.00872
0.008276667
0.00773
0.0073425
0.007113333
0.007261667
0.00731
0.007256667
0.007133333
0.0069025
0.006603333
0.006248333
0.00544
0.004228333
0.002545
0.0006925
-0.001533333
-0.003899167
-0.00633
-0.0086025
-0.01081
-0.0127975
-0.01417
-0.015620833
-0.01733
-0.019366667
-0.021081667
-0.0222775
-0.02311
-0.023448333
-0.02399
-0.024880833
-0.025556667
-0.0260025
-0.025858333
-0.025104167
-0.0241
-0.023064167
-0.021743333
-0.02026
-0.018636667
-0.017358333
-0.01582
-0.013698333
-0.010966667
-0.0078575
-0.004715
-0.001406667
0.0017
0.004081667
0.00573
0.0068525
0.007403333
0.007335833
0.00658
0.005101667
0.003203333
0.000965
-0.001938333
-0.004921667
-0.00772
-0.010100833
-0.012231667
-0.013675
-0.014333333
-0.014043333
-0.01255
-0.0099475
-0.006343333
-0.001655
0.003753333
0.008868333
0.01374
0.017794167
0.021166667
0.0239075
0.025986667
0.027099167
0.027535
0.0273025
0.02666
0.02561
0.024028333
0.021919167
0.01931
0.0165125
0.013148333
0.00957
0.005846667
0.00213
-0.00141
-0.004334167
-0.006266667
-0.00746
-0.008423333
-0.009280833
-0.00958
-0.009120833
-0.008333333
-0.0074025
-0.00655
-0.005775833
-0.004975
-0.004284167
-0.003893333
-0.003595
-0.00313
-0.002604167
-0.00187
-0.000805
0.000341667
0.00151
0.002396667
0.002965833
0.003325
0.003429167
0.00291
0.0014025
-0.000976667
-0.004039167
-0.00763
-0.012036667
-0.016958333
-0.0217575
-0.02617
-0.030380833
-0.03398
-0.036896667
-0.038906667
-0.0405
-0.041611667
-0.041920833
-0.04125
-0.0393725
-0.036703333
-0.03344
-0.029536667
-0.025035833
-0.020835
-0.017345
-0.01393
-0.010305
-0.006653333
-0.0029
0.00076
0.004630833
0.008308333
0.011495
0.014203333
0.0166
0.018685
0.020826667
0.023506667
0.0267825
0.030721667
0.035124167
0.03982
0.044893333
0.049261667
0.0531825
0.05681
0.059430833
0.06076
0.060885833
0.059966667
0.0584675
0.056236667
0.052875833
0.04777
0.041006667
0.03316
0.0247325
0.01583
0.007424167
-0.000585
-0.0080825
-0.014983333
-0.0207275
-0.024793333
-0.02778
-0.03019
-0.032316667
-0.033786667
-0.0348625
-0.035603333
-0.035936667
-0.035935
-0.0352175
-0.033516667
-0.03129
-0.028536667
-0.02527
-0.02161
-0.0178725
-0.01409
-0.01009
-0.006026667
-0.001604167
0.00348
0.0093375
0.016113333
0.0228675
0.028971667
0.0342475
0.03872
0.041984167
0.043845
0.044035
0.042753333
0.040239167
0.035905
0.02906
0.020246667
0.0107675
0.001988333
-0.006124167
-0.01294
-0.018365
-0.022131667
-0.0246225
-0.025666667
-0.024745833
-0.02217
-0.018673333
-0.01428
-0.0095475
-0.004816667
-0.0005275
0.00322
0.006928333
0.010646667
0.013155
0.015553333
0.017921667
0.020145
0.0218525
0.02305
0.0237175
0.024015
0.024014167
0.02404
0.0236875
0.022913333
0.0215425
0.019723333
0.0176775
0.0154
0.013245833
0.010856667
0.008265
0.005571667
0.003229167
0.00064
-0.002765
-0.006203333
-0.0095725
-0.012506667
-0.0152025
-0.017425
-0.01908
-0.020586667
-0.021825
-0.022583333
-0.023025833
-0.02336
-0.023443333
-0.023493333
-0.023325
-0.022806667
-0.022068333
-0.021285
-0.02046
-0.019656667
-0.0188025
-0.018108333
-0.01754
-0.01687
-0.015865
-0.015018333
-0.01392
-0.012186667
-0.0097025
-0.006915
-0.0036875
-0.000523333
0.0022825
0.004658333
0.006510833
0.00822
0.009515
0.010486667
0.0111575
0.011506667
0.011985833
0.01226
0.012076667
0.01181
0.0112775
0.010371667
0.0087975
0.00707
0.004904167
0.002505
-8E-05
-0.002933333
-0.005248333
-0.00697
-0.008234167
-0.009413333
-0.01007
-0.010041667
-0.009698333
-0.00896
-0.008208333
-0.00769
-0.00735
-0.006883333
-0.006625
-0.006545
-0.006378333
-0.006373333
-0.006495
-0.006826667
-0.0073
-0.00808
-0.008906667
-0.009393333
-0.0094775
-0.00944
-0.0096125
-0.01004
-0.010611667
-0.010983333
-0.0111575
-0.011321667
-0.01104
-0.01027
-0.008619167
-0.006035
-0.00283
0.000806667
0.004675
0.00805
0.010933333
0.013253333
0.0149275
0.016153333
0.016868333
0.01703
0.016815
0.016
0.014485
0.012823333
0.01096
0.008965
0.006950833
0.005246667
0.0038225
0.002955
0.0026825
0.00285
0.003335
0.004428333
0.00568
0.006716667
0.007579167
0.008245
0.008204167
0.00739
0.0054425
0.002463333
-0.001241667
-0.00483
-0.0085325
-0.012191667
-0.0152225
-0.01776
-0.020061667
-0.021945
-0.023515
-0.024836667
-0.026035
-0.027141667
-0.028090833
-0.02879
-0.029436667
-0.030328333
-0.03118
-0.03208
-0.032755833
-0.032945
-0.0321925
-0.030486667
-0.027905
-0.024141667
-0.019314167
-0.01348
-0.00705
-0.000768333
0.004685
0.009
0.012280833
0.0147
0.0159375
0.015846667
0.01516
0.014316667
0.013104167
0.01163
0.009956667
0.007968333
0.005625
0.003076667
0.0005275
-0.00204
-0.004721667
-0.00785
-0.0113025
-0.01494
-0.018539167
-0.02195
-0.0250675
-0.027635
-0.0292275
-0.03031
-0.0308025
-0.03059
-0.0299725
-0.028546667
-0.0263025
-0.023455
-0.020006667
-0.01578
-0.0112575
-0.006816667
-0.00288
0.00099
0.004371667
0.00711
0.009383333
0.01124
0.0125275
0.013178333
0.013505833
0.01355
0.0133925
0.013425
0.01335
0.013306667
0.013306667
0.01359
0.014329167
0.015776667
0.0177275
0.019778333
0.021926667
0.0238
0.025230833
0.02663
0.0278325
0.028843333
0.029655
0.030225
0.030571667
0.0307
0.03055
0.029748333
0.028085833
0.02594
0.022978333
0.019158333
0.014655
0.010053333
0.005741667
0.001475
-0.002939167
-0.007116667
-0.010675
-0.0137
-0.016261667
-0.01831
-0.019750833
-0.02098
-0.0220175
-0.022826667
-0.023179167
-0.023085
-0.022704167
-0.02206
-0.0208675
-0.019096667
-0.016581667
-0.0134
-0.009858333
-0.005593333
-0.00088
0.003956667
0.008386667
0.01268
0.016405
0.01925
0.02169
0.023791667
0.0255375
0.02672
0.02765
0.028548333
0.0292475
0.02974
0.02993
0.02995
0.029936667
0.029516667
0.0282175
0.02634
0.0239
0.02099
0.0170225
0.012571667
0.00814
0.003923333
-5.33333E-05
-0.004
-0.008049167
-0.01179
-0.015245
-0.018568333
-0.0215575
-0.0242
-0.026361667
-0.027746667
-0.0288525
-0.029546667
-0.029900833
-0.029845
-0.0292375
-0.028166667
-0.0264575
-0.024333333
-0.0217475
-0.01884
-0.015265
-0.011493333
-0.0080075
-0.004843333
-0.00188
0.00051
0.002193333
0.003286667
0.0037875
0.0038
0.003729167
0.00344
0.002596667
0.001175
-0.0002375
-0.00213
-0.00453
-0.00726
-0.009848333
-0.012383333
-0.01471
-0.016313333
-0.017285
-0.01791
-0.01781
-0.017078333
-0.0157775
-0.013383333
-0.010331667
-0.007165
-0.0038125
-0.00024
0.0030125
0.005508333
0.007433333
0.00884
0.009796667
0.010076667
0.00993
0.009863333
0.009379167
0.008475
0.0076075
0.00669
0.005695
0.004718333
0.0040325
0.00351
0.0030275
0.002431667
0.0018975
0.001556667
0.001400833
0.001235
0.000976667
0.00048
-0.0001475
-0.000933333
-0.00169
-0.00264
-0.003245
-0.003611667
-0.0038975
-0.003893333
-0.003285
-0.00201
-0.000193333
0.001796667
0.0041225
0.006611667
0.009005
0.01114
0.012388333
0.01297
0.0130125
0.012893333
0.012524167
0.0117
0.010631667
0.009363333
0.007835
0.005763333
0.003343333
0.00129
-0.000723333
-0.002968333
-0.00512
-0.00741
-0.009271667
-0.01087
-0.012155833
-0.013363333
-0.01405
-0.01453
-0.0150375
-0.01517
-0.014745833
-0.014141667
-0.0134325
-0.012293333
-0.010580833
-0.00874
-0.0071775
-0.005816667
-0.0042425
-0.002448333
-0.000649167
0.00117
0.0030825
0.004935
0.00659
0.0081
0.009654167
0.011595
0.01329
0.014633333
0.01592
0.0171
0.018103333
0.0186
0.01907
0.019278333
0.019425
0.01946
0.019545
0.0197
0.019880833
0.020096667
0.0203775
0.020653333
0.020968333
0.02122
0.021328333
0.021083333
0.020195
0.01885
0.017085
0.015125
0.012829167
0.01018
0.007255
0.004551667
0.002084167
-0.00017
-0.002139167
-0.003875
-0.0051525
-0.006226667
-0.006938333
-0.00716
-0.006823333
-0.006353333
-0.00544
-0.004126667
-0.002860833
-0.00155
-0.0001075
0.001493333
0.003105
0.004386667
0.005448333
0.006155
0.006665
0.00704
0.0075475
0.008048333
0.0080175
0.00761
0.007198333
0.006988333
0.0069375
0.006833333
0.006841667
0.006995
0.0074925
0.008456667
0.00952
0.010476667
0.011363333
0.01198
0.012393333
0.012678333
0.0126325
0.012416667
0.012048333
0.011385
0.010273333
0.008656667
0.0069175
0.004558333
0.0018825
-0.00117
-0.00455
-0.008003333
-0.011335
-0.014376667
-0.0172775
-0.02005
-0.022498333
-0.02447
-0.02576
-0.026636667
-0.0271975
-0.02764
-0.027658333
-0.027243333
-0.0264425
-0.02525
-0.0235675
-0.02154
-0.019239167
-0.01697
-0.0147225
-0.012025
-0.009495833
-0.00716
-0.004696667
-0.002011667
0.0007025
0.00338
0.006088333
0.009005
0.0118875
0.01465
0.017285
0.019685
0.021353333
0.02239
0.022946667
0.022995
0.0226375
0.02188
0.020648333
0.01915
0.0177575
0.016286667
0.01489
0.013425
0.012085
0.01035
0.008398333
0.005928333
0.002695
-0.000893333
-0.005105833
-0.010125
-0.015549167
-0.020873333
-0.0260375
-0.030778333
-0.034349167
-0.03708
-0.0390925
-0.040405
-0.0407925
-0.040333333
-0.038808333
-0.03616
-0.032693333
-0.0286
-0.0236625
-0.018405
-0.013349167
-0.00841
-0.003930833
0.000185
0.0035325
0.006016667
0.007984167
0.00936
0.010165833
0.010663333
0.0113825
0.012213333
0.013008333
0.01372
0.014891667
0.016226667
0.0176275
0.01895
0.020410833
0.021865
0.02286
0.023443333
0.0237875
0.024006667
0.024135833
0.02387
0.022765833
0.021061667
0.01888
0.01618
0.012921667
0.008945
0.0042625
-0.00108
-0.0060625
-0.010625
-0.014323333
-0.017
-0.019155833
-0.020281667
-0.02007
-0.018326667
-0.015416667
-0.01137
-0.00689
-0.002256667
0.0021425
0.00559
0.008053333
0.00893
0.0088975
0.007895
0.0063825
0.004333333
0.0020825
-0.00029
-0.00287
-0.005113333
-0.00687
-0.008438333
-0.0098375
-0.01085
-0.011205833
-0.01099
-0.01026
-0.008916667
-0.007236667
-0.00518
-0.002818333
-0.000773333
0.0009
0.002063333
0.002689167
0.00274
0.002669167
0.002641667
0.002375
0.00199
0.001658333
0.00143
0.001244167
0.001066667
0.00062
-0.000295
-0.00107
-0.00186
-0.0025725
-0.003161667
-0.003525
-0.003976667
-0.004261667
-0.00415
-0.003836667
-0.00305
-0.00203
-0.000613333
0.00068
0.0021
0.003250833
0.003846667
0.004205
0.00426
0.004008333
0.003
0.001560833
-0.000133333
-0.00182
-0.00335
-0.0048125
-0.00613
-0.0068925
-0.007323333
-0.0075075
-0.007506667
-0.007244167
-0.006805
-0.0059575
-0.00508
-0.00409
-0.002906667
-0.001506667
4E-05
0.001804167
0.003585
0.00509
0.00649
0.007598333
0.008265
0.008755
0.009143333
0.009165
0.008115
0.006255
0.0035
-4.33333E-05
-0.003706667
-0.0070825
-0.010253333
-0.013195
-0.01568
-0.017815833
-0.01916
-0.0200875
-0.02094
-0.021635
-0.02233
-0.022730833
-0.023295
-0.023765
-0.02411
-0.024465833
-0.024495
-0.024243333
-0.023546667
-0.0224175
-0.02092
-0.018755
-0.01618
-0.013415833
-0.010085
-0.0061425
-0.001736667
0.002396667
0.006555
0.010850833
0.015063333
0.0189875
0.022296667
0.025160833
0.02735
0.0289425
0.030058333
0.0305725
0.0309
0.0310025
0.03055
0.0296025
0.028276667
0.026415
0.023853333
0.020579167
0.01681
0.012923333
0.009048333
0.0053475
0.001856667
-0.000939167
-0.0031
-0.004703333
-0.005596667
-0.00576
-0.005465
-0.0046775
-0.00365
-0.002579167
-0.001435
-0.0005025
0.000113333
0.000599167
0.000845
0.001173333
0.00146
0.001395
0.001046667
0.0007375
0.00071
0.000439167
6.33333E-05
-0.000655
-0.002056667
-0.003900833
-0.006195
-0.009028333
-0.012316667
-0.0158775
-0.019446667
-0.022821667
-0.0257
-0.027991667
-0.03019
-0.0320925
-0.03345
-0.034216667
-0.034585
-0.034365
-0.033606667
-0.0324625
-0.030448333
-0.02775
-0.02487
-0.021435833
-0.01744
-0.0129575
-0.008163333
-0.003225833
0.00211
0.007776667
0.01363
0.01945
0.025031667
0.029675833
0.03349
0.036435
0.038616667
0.0400475
0.04072
0.040635833
0.040125
0.038814167
0.036633333
0.0337125
0.030481667
0.0266975
0.02267
0.018948333
0.015481667
0.012105
0.009073333
0.006203333
0.003345
0.000573333
-0.00212
-0.0049425
-0.007673333
-0.0102775
-0.01284
-0.014886667
-0.016121667
-0.01677
-0.017193333
-0.017214167
-0.016815
-0.015923333
-0.014373333
-0.0122425
-0.00995
-0.007663333
-0.00543
-0.003141667
-0.001191667
0.000425
0.001853333
0.002871667
0.00343
0.0035575
0.003393333
0.002875
0.001981667
0.0011025
0.00026
-0.000971667
-0.002691667
-0.0046075
-0.00653
-0.008070833
-0.009425
-0.010504167
-0.011373333
-0.011915
-0.01183
-0.011165833
-0.00969
-0.00794
-0.006186667
-0.00446
-0.002893333
-0.001878333
-0.00124
-0.00094
-0.000876667
-0.001005
-0.001356667
-0.0017
-0.00158
-0.001083333
-0.000556667
0.0003325
0.001613333
0.00301
0.004125
0.004930833
0.00544
0.00558
0.005581667
0.004863333
0.00308
0.000868333
-0.001115
-0.0026825
-0.003913333
-0.004585833
-0.00499
-0.005228333
-0.00538
-0.0050875
-0.003948333
-0.001975833
0.00051
0.003290833
0.006016667
0.0089725
0.011696667
0.014440833
0.016885
0.018981667
0.02045
0.021385
0.022101667
0.023011667
0.02376
0.024370833
0.024835
0.0252075
0.02526
0.024816667
0.02332
0.020735
0.017683333
0.014005
0.009578333
0.004630833
-1E-05
-0.003653333
-0.00648
-0.00846
-0.00944
-0.009258333
-0.008175
-0.006289167
-0.003363333
0.0006225
0.005283333
0.010230833
0.01532
0.020166667
0.024593333
0.02807
0.03101
0.03307
0.03398
0.033443333
0.031576667
0.0284425
0.023805
0.0178675
0.01123
0.003744167
-0.003713333
-0.0102075
-0.014903333
-0.01809
-0.02021
-0.021635
-0.022346667
-0.02277
-0.023228333
-0.023863333
-0.02437
-0.024706667
-0.025191667
-0.0256775
-0.0262
-0.0268075
-0.02683
-0.026085
-0.024026667
-0.0203025
-0.015386667
-0.0096825
-0.00425
0.000525
0.004226667
0.006615
0.007826667
0.008044167
0.00774
0.0068575
0.005456667
0.00391
0.002391667
0.000866667
-0.00092
-0.00324
-0.00564
-0.007805
-0.009423333
-0.010545
-0.010905
-0.010900833
-0.01066
-0.0101
-0.009535
-0.009118333
-0.00882
-0.008648333
-0.008623333
-0.00874
-0.00912
-0.009696667
-0.0103
-0.01078
-0.010973333
-0.0105525
-0.010055
-0.009724167
-0.00889
-0.008016667
-0.007336667
-0.0069525
-0.00677
-0.006566667
-0.005995
-0.005159167
-0.004106667
-0.00268
-0.000435
0.00262
0.00628
0.009841667
0.012993333
0.01592
0.01855
0.020814167
0.022695
0.024086667
0.02505
0.0257925
0.026548333
0.027088333
0.02754
0.0278425
0.027476667
0.0263975
0.02459
0.022246667
0.0193
0.015759167
0.011253333
0.0056375
-0.000645
-0.007365833
-0.01331
-0.018094167
-0.02184
-0.02484
-0.027013333
-0.028059167
-0.028115
-0.0272475
-0.025293333
-0.0226025
-0.019253333
-0.015033333
-0.01043
-0.005719167
-0.000823333
0.00382
0.007506667
0.010099167
0.01152
0.012355
0.01277
0.0126975
0.012325
0.011709167
0.01118
0.010824167
0.011063333
0.01135
0.011743333
0.012254167
0.01263
0.012838333
0.01296
0.0127675
0.012646667
0.012446667
0.01203
0.0113425
0.010536667
0.01008
0.010213333
0.010560833
0.010835
0.011061667
0.011303333
0.0116875
0.012301667
0.012800833
0.01325
0.013611667
0.013865
0.01394
0.013933333
0.013911667
0.013675
0.012908333
0.01172
0.01049
0.00924
0.007638333
0.0058
0.003775833
0.001295
-0.0016325
-0.004633333
-0.007518333
-0.01001
-0.011789167
-0.012736667
-0.0130325
-0.012986667
-0.012240833
-0.01093
-0.00945
-0.00805
-0.0074075
-0.00695
-0.006495
-0.005955
-0.0055
-0.00481
-0.0037925
-0.002576667
-0.0009475
0.00077
0.002726667
0.00436
0.0051125
0.005346667
0.005605
0.00546
0.004808333
0.003413333
0.0014375
-0.000601667
-0.0024
-0.00424
-0.00581
-0.006826667
-0.0072725
-0.00742
-0.0072375
-0.006965
-0.006605833
-0.00616
-0.0059275
-0.005956667
-0.006073333
-0.00645
-0.007028333
-0.007293333
-0.0072175
-0.007053333
-0.006619167
-0.00578
-0.004530833
-0.003103333
-0.0019325
-0.000931667
-0.000490833
-0.00013
-0.0001775
-0.000755
-0.0017975
-0.00313
-0.004765
-0.00624
-0.007115
-0.007543333
-0.0077075
-0.00757
-0.006934167
-0.00566
-0.003733333
-0.001461667
0.0010175
0.00308
0.004835833
0.00649
0.0079975
0.008983333
0.0096875
0.010096667
0.01038
0.01055
0.010831667
0.011075
0.0109925
0.010963333
0.011039167
0.01132
0.011753333
0.012453333
0.0130875
0.013593333
0.01388
0.01402
0.014049167
0.013751667
0.01282
0.011036667
0.008839167
0.00623
0.003146667
0.00043
-0.002055
-0.003981667
-0.005665833
-0.007
-0.0080025
-0.008978333
-0.0095175
-0.009743333
-0.009729167
-0.009485
-0.008846667
-0.007826667
-0.0062925
-0.004431667
-0.002695
-0.00117
0.000401667
0.001913333
0.00334
0.004386667
0.005059167
0.00537
0.0055075
0.0055
0.0052
0.004561667
0.0039725
0.00324
0.002038333
0.00074
-0.0007325
-0.002523333
-0.004301667
-0.00584
-0.007103333
-0.008073333
-0.0087225
-0.00887
-0.008575833
-0.00802
-0.007479167
-0.006775
-0.0054125
-0.003553333
-0.001716667
0.00023
0.001975833
0.003543333
0.0047825
0.005533333
0.006049167
0.00649
0.006908333
0.00701
0.006905
0.006733333
0.006541667
0.006085
0.005395833
0.004506667
0.00369
0.003025
0.002511667
0.00226
0.002153333
0.002416667
0.00279
0.003593333
0.0047425
0.00585
0.007151667
0.008296667
0.0090775
0.009538333
0.009696667
0.00995
0.00989
0.009506667
0.0087375
0.007943333
0.00703
0.005945
0.004805833
0.003493333
0.002415
0.00132
0.000381667
-0.00028
-0.000636667
-0.000798333
-0.00083
-0.000726667
-0.0005675
0.000005
0.001066667
0.002106667
0.003045
0.00378
0.004365833
0.00486
0.005171667
0.00551
0.005725
0.00581
0.0058625
0.006065
0.0066025
0.007336667
0.007955
0.008511667
0.008676667
0.00895
0.009318333
0.009523333
0.0095525
0.00897
0.007695833
0.00559
0.003061667
0.00019
-0.002605
-0.005183333
-0.007503333
-0.009
-0.010018333
-0.010721667
-0.01098
-0.010866667
-0.010323333
-0.009375
-0.008509167
-0.00778
-0.007355
-0.007395
-0.007381667
-0.00733
-0.007223333
-0.007018333
-0.0066975
-0.006296667
-0.005761667
-0.005155
-0.004290833
-0.003766667
-0.00342
-0.003353333
-0.00338
-0.00332
-0.003095833
-0.00268
-0.0022225
-0.00191
-0.001513333
-0.00125
-0.001058333
-0.001143333
-0.001235
-0.001548333
-0.001773333
-0.002
-0.002465833
-0.002871667
-0.0033525
-0.003953333
-0.004624167
-0.005215
-0.005671667
-0.00581
-0.005735
-0.005396667
-0.004664167
-0.00382
-0.0029525
-0.001938333
-0.0006
0.000723333
0.002150833
0.003775
0.004835833
0.00532
0.0054475
0.005653333
0.005789167
0.0058
0.005816667
0.005213333
0.004235
0.00339
0.002604167
0.001865
0.001283333
0.000993333
0.0006525
0.000306667
-0.000156667
-0.00075
-0.0013225
-0.001906667
-0.0026975
-0.00386
-0.005033333
-0.00607
-0.0069125
-0.007536667
-0.0084275
-0.009186667
-0.009596667
-0.00978
-0.009969167
-0.010143333
-0.010215
-0.01021
-0.010116667
-0.009905
-0.009575833
-0.009293333
-0.00905
-0.008688333
-0.008094167
-0.00751
-0.006760833
-0.005783333
-0.0045225
-0.00286
-0.000925833
0.001155
0.00337
0.005613333
0.007735
0.009635
0.011373333
0.01276
0.013420833
0.013636667
0.013735
0.013823333
0.013734167
0.013365
0.012786667
0.012016667
0.01116
0.009953333
0.008628333
0.00708
0.005468333
0.003963333
0.0022875
0.000393333
-0.001310833
-0.00267
-0.0035875
-0.004306667
-0.005105
-0.005575
-0.0057375
-0.00583
-0.005875833
-0.005765
-0.0058625
-0.00599
-0.006100833
-0.00643
-0.0068775
-0.007263333
-0.0075
-0.008011667
-0.0086575
-0.00899
-0.009018333
-0.009003333
-0.009035
-0.009076667
-0.009104167
-0.00912
-0.009104167
-0.009083333
-0.00907
-0.009123333
-0.009291667
-0.00955
-0.009730833
-0.00991
-0.01003
-0.01002
-0.009829167
-0.009315
-0.008661667
-0.008
-0.00733
-0.006701667
-0.00579
-0.0051
-0.004741667
-0.004691667
-0.0046225
-0.004783333
-0.005121667
-0.00588
-0.006691667
-0.007583333
-0.0087325
-0.01016
-0.011499167
-0.01263
-0.013646667
-0.014745
-0.0156225
-0.0165
-0.017183333
-0.01743
-0.0173825
-0.017196667
-0.01665
-0.016026667
-0.015055833
-0.01376
-0.012485833
-0.011101667
-0.009845
-0.008476667
-0.007284167
-0.00609
-0.005045
-0.004033333
-0.003485
-0.002971667
-0.002213333
-0.00154
-0.001125833
-0.000683333
-0.000145
0.00016
0.0003925
0.000665
0.000964167
0.001216667
0.0015225
0.001843333
0.0020825
0.00228
0.002253333
0.002161667
0.0020225
0.00205
0.002161667
0.002455
0.002921667
0.00362
0.0042375
0.0047
0.00527
0.00632
0.007395
0.008425
0.0091675
0.009626667
0.009810833
0.01004
0.010543333
0.01107
0.0114825
0.011878333
0.011904167
0.0118
0.011686667
0.011543333
0.0110225
0.010233333
0.0089575
0.00725
0.005268333
0.003203333
0.0011625
-0.000493333
-0.0018475
-0.0034
-0.004608333
-0.005296667
-0.005915
-0.00656
-0.007103333
-0.00708
-0.006895833
-0.0066
-0.0061525
-0.00557
-0.005046667
-0.00456
-0.003903333
-0.003535
-0.003105
-0.002606667
-0.001985833
-0.00147
-0.000900833
-0.000396667
0.0004775
0.001656667
0.0026275
0.00358
0.004549167
0.005686667
0.0069375
0.00802
0.008588333
0.008825
0.00912
0.009226667
0.009295
0.009223333
0.008859167
0.00819
0.007383333
0.006336667
0.005285
0.004323333
0.003466667
0.00267
0.002024167
0.001473333
0.00089
0.000405
-9.08333E-05
-0.00047
-0.000795833
-0.001238333
-0.0016775
-0.002143333
-0.002646667
-0.003255
-0.003901667
-0.00437
-0.0047225
-0.005143333
-0.005414167
-0.00565
-0.005801667
-0.005853333
-0.0058325
-0.005553333
-0.004921667
-0.00417
-0.00352
-0.002856667
-0.00202
-0.001138333
-0.000655833
-0.00007
0.000934167
0.001563333
0.002025
0.002186667
0.002274167
0.002235
0.002379167
0.002386667
0.0022675
0.001983333
0.001445833
0.00066
8.66667E-05
-0.000171667
-0.000445
-0.000526667
-0.0005825
-0.000615
-0.000501667
-0.00017
0.0002975
0.00065
0.000979167
0.00146
0.001915833
0.00211
0.0022525
0.002393333
0.002549167
0.00268
0.002658333
0.00257
0.0023775
0.002095
0.0015625
0.0008
-3.41667E-05
-0.000896667
-0.0015625
-0.002156667
-0.002765
-0.003105
-0.003091667
-0.003173333
-0.00326
-0.003245
-0.0030025
-0.00251
-0.002045833
-0.001978333
-0.001915
-0.001793333
-0.0015175
-0.00126
-0.001251667
-0.00123
-0.0010575
-0.000693333
-6.33333E-05
0.0012
0.002495
0.003393333
0.0043475
0.00516
0.005923333
0.006575
0.007025833
0.007183333
0.0073025
0.007115
0.006641667
0.00609
0.005831667
0.00523
0.00436
0.003653333
0.002958333
0.002005
0.0008575
-0.000396667
-0.0014525
-0.002746667
-0.004066667
-0.00524
-0.006395833
-0.007463333
-0.008405
-0.009356667
-0.01009
-0.01071
-0.011353333
-0.011816667
-0.0121
-0.012141667
-0.011615
-0.01096
-0.010029167
-0.008698333
-0.00756
-0.006436667
-0.004763333
-0.002785
-0.00096
0.000703333
0.002205
0.003361667
0.004155
0.00485
0.0058225
0.006741667
0.007255
0.007243333
0.007140833
0.006945
0.006685833
0.006463333
0.0058775
0.0051
0.004300833
0.00337
0.002841667
0.002408333
0.0021575
0.001856667
0.00135
0.00093
0.000769167
0.000426667
-0.0001725
-0.00061
-0.0008375
-0.00136
-0.001883333
-0.002305
-0.00255
-0.002316667
-0.001760833
-0.001185
-0.000770833
-0.00025
0.000855
0.001983333
0.002886667
0.00412
0.005348333
0.00636
0.007325
0.008326667
0.0092025
0.00978
0.010100833
0.01055
0.01088
0.011171667
0.011171667
0.01103
0.01066
0.010171667
0.01001
0.009953333
0.0098375
0.009775
0.009783333
0.010046667
0.010645
0.011311667
0.011898333
0.01233
0.012816667
0.013145
0.01316
0.013163333
0.013010833
0.01266
0.012144167
0.011536667
0.010555
0.009681667
0.008845833
0.00797
0.006755
0.005461667
0.004405
0.003206667
0.0022375
0.0014
0.000694167
0.000376667
-0.0000275
-0.00056
-0.000878333
-0.00126
-0.001658333
-0.002076667
-0.0025675
-0.003116667
-0.0036725
-0.004155
-0.004363333
-0.00451
-0.0046825
-0.004933333
-0.0049125
-0.00479
-0.004569167
-0.00434
-0.0041075
-0.003566667
-0.0028875
-0.00204
-0.001275
-0.000693333
-0.000265
0.000298333
0.000775833
0.00088
0.000801667
0.000505
0.0001475
-0.000303333
-0.000533333
-0.000855
-0.001476667
-0.002146667
-0.0029525
-0.003935
-0.004948333
-0.00605
-0.007069167
-0.007918333
-0.0089775
-0.010206667
-0.0111825
-0.01231
-0.01333
-0.014143333
-0.0147725
-0.015626667
-0.016391667
-0.01702
-0.01754
-0.017881667
-0.01807
-0.01825
-0.018305
-0.01814
-0.01791
-0.01771
-0.0173875
-0.016835
-0.016005
-0.01496
-0.013913333
-0.012838333
-0.0115075
-0.00989
-0.008069167
-0.006245
-0.0044475
-0.002723333
-0.001095
0.000545
0.002121667
0.00315
0.004099167
0.004755
0.00538
0.00586
0.006213333
0.00622
0.006075833
0.00573
0.0052575
0.004491667
0.0036025
0.00294
0.002414167
0.001791667
0.001215
0.00083
0.000675833
0.000345
-0.00004
-0.000446667
-0.0007125
-0.000913333
-0.001195
-0.00187
-0.002649167
-0.003133333
-0.0033875
-0.003516667
-0.0037575
-0.003755
-0.003391667
-0.002883333
-0.00216
-0.00125
-0.000233333
0.001
0.002084167
0.002916667
0.0038775
0.004436667
0.004901667
0.00535
0.005805
0.006116667
0.00607
0.005915
0.005768333
0.00547
0.005120833
0.004735
0.00428
0.003766667
0.0034375
0.00303
0.002618333
0.00235
0.002075
0.00193
0.001726667
0.00146
0.001098333
0.000603333
0.00016
-0.000366667
-0.000884167
-0.001235
-0.001549167
-0.00189
-0.0022725
-0.002396667
-0.002436667
-0.00224
-0.001900833
-0.001491667
-0.001125
-0.000796667
-0.000510833
0.000095
0.000913333
0.00169
0.00258
0.00327
0.003709167
0.00372
0.00384
0.004113333
0.004345
0.004203333
0.003880833
0.00331
0.002813333
0.00229
0.0018175
0.001088333
0.000289167
-0.00046
-0.001110833
-0.001931667
-0.00264
-0.003073333
-0.003421667
-0.003575
-0.003690833
-0.003823333
-0.0039025
-0.003998333
-0.004295
-0.00475
-0.0049675
-0.004783333
-0.0044525
-0.004226667
-0.004120833
-0.00401
-0.0038075
-0.003723333
-0.0035825
-0.003366667
-0.003055833
-0.00279
-0.002693333
-0.002435
-0.0020625
-0.001546667
-0.000526667
0.000675
0.0021825
0.003916667
0.0058875
0.007803333
0.00925
0.01004
0.0104275
0.01053
0.0104625
0.010223333
0.0098275
0.00952
0.009081667
0.008683333
0.008275
0.007831667
0.007654167
0.00769
0.007641667
0.00731
0.0064875
0.005116667
0.003218333
0.00099
-0.00143
-0.004
-0.0062675
-0.00775
-0.008500833
-0.00869
-0.008813333
-0.008796667
-0.00828
-0.00716
-0.00566
-0.004365
-0.003615833
-0.00321
-0.00279
-0.00219
-0.001820833
-0.00164
-0.0013975
-0.001068333
-0.0008525
-0.000413333
0.00045
0.00163
0.002755833
0.00391
0.005155
0.006121667
0.006846667
0.00713
0.0070275
0.006668333
0.0063025
0.00605
0.005550833
0.00467
0.003485833
0.002253333
0.0011225
0.00014
-0.000689167
-0.00135
-0.0018625
-0.002391667
-0.002825
-0.003016667
-0.003064167
-0.003115
-0.00315
-0.003253333
-0.003325
-0.003491667
-0.0035775
-0.00347
-0.00333
-0.003123333
-0.0030375
-0.002946667
-0.002964167
-0.003115
-0.0034625
-0.003953333
-0.0042725
-0.004423333
-0.004421667
-0.0044
-0.004324167
-0.004103333
-0.00373
-0.003356667
-0.003043333
-0.00269
-0.002158333
-0.001746667
-0.0014475
-0.001195
-0.000786667
-0.0004
-0.0001575
-9.66667E-05
-0.0001
-0.00019
-0.000229167
-0.000055
0.0002175
0.000566667
0.00087
0.001138333
0.001295
0.00139
0.001534167
0.00165
0.0016175
0.001423333
0.0009775
0.00038
-0.000186667
-0.00058
-0.0010975
-0.001535
-0.001895833
-0.00229
-0.002598333
-0.002765
-0.0026725
-0.0025
-0.0022175
-0.001975
-0.0019
-0.001836667
-0.0016825
-0.001495
-0.001286667
-0.0013
-0.001246667
-0.001141667
-0.0010975
-0.001036667
-0.000835833
-0.000515
-0.000255
-0.00016
0
0.0002
0.000420833
0.0007
0.001125
0.001478333
0.0017875
0.00187
0.001993333
0.00219
0.002465833
0.002706667
0.0029075
0.003003333
0.0032475
0.00365
0.004005
0.004331667
0.004625
0.004913333
0.005211667
0.005455
0.005603333
0.00572
0.00578
0.005588333
0.005321667
0.00508
0.0047375
0.004201667
0.00375
0.003423333
0.003151667
0.002915
0.002816667
0.00274
0.00269
0.002676667
0.002869167
0.0032
0.003436667
0.00358
0.00368
0.00374
0.003798333
0.00379
0.003774167
0.003706667
0.0035575
0.003323333
0.002955833
0.00255
0.001955833
0.001375
0.00078
0.00012
-0.00044
-0.00095
-0.001365
-0.001673333
-0.00181
-0.001831667
-0.0017825
-0.00168
-0.0015525
-0.001308333
-0.0008625
-0.00033
0.000260833
0.000835
0.0013675
0.001793333
0.0020175
0.002133333
0.00217
0.00212
0.002053333
0.001895
0.00167
0.001443333
0.001163333
0.000845
0.000558333
0.0003
0.0001275
-6.66667E-06
-0.0001925
-0.00039
-0.000616667
-0.000775
-0.000955
-0.001183333
-0.001464167
-0.001725
-0.00199
-0.002236667
-0.002435
-0.002608333
-0.002735833
-0.00278
-0.002790833
-0.002811667
-0.00279
-0.00269
-0.002544167
-0.002305
-0.00206
-0.001863333
-0.00164
-0.001361667
-0.001109167
-0.0009
-0.000704167
-0.000558333
-0.00041
-0.00024
-0.000110833
0.000035
0.000186667
0.000323333
0.0004
0.000501667
0.000644167
0.00077
0.0008425
0.000893333
0.0009325
0.000953333
0.00098
0.000965
0.000926667
0.00081
0.0006575
0.000456667
0.000219167
0
-0.000195833
-0.000313333
-0.00034
-0.000353333
-0.000374167
-0.00036
-0.0003225
-0.00023
-0.000105
1.16667E-05
7.91667E-05
0.0001
0.000121667
0.000143333
0.0001575
0.000146667
0.0001075
0.00003
-0.0000475
-0.000116667
-0.0001925
-0.000216667
-0.000248333
-0.00026
-0.000249167
-0.000238333
-0.0002275
-0.000203333
-0.000184167
-0.00019
-0.000174167
-0.000136667
-0.000095
-7.16667E-05
-5.08333E-05
-0.00005
-0.00003
-0.00002
-0.0000075
0
-0.00001
-0.00001
-3.58333E-05
-0.00004
-0.00004
-6.83333E-05
-0.000108333
-0.00017
-0.000221667
-0.000276667
-0.0003575
-0.000433333
-0.000506667
-0.000585
-0.000635833
-0.00068
-0.0007425
-0.000786667
-0.0008
-0.00081
-0.000799167
-0.000778333
-0.0007475
-0.000723333
-0.000681667
-0.00064
-0.0005925
-0.000546667
-0.0004875
-0.000425
-0.000381667
-0.00035
-0.0002975
-0.000236667
-0.000185
-0.000143333
-0.000105833
-0.00007
-4.41667E-05
-2.33333E-05
-0.00001
0
0
0.00001
-8.33333E-07
-2.16667E-05
-0.0000425
-5.33333E-05
-7.41667E-05
-0.000085
-9.58333E-05
-0.0001
-0.0001
-0.0001
-9.08333E-05
-0.00007
-4.91667E-05
-2.83333E-05
0.0000025
3.33333E-05
4.41667E-05
0.00006
0.00007
0.00008
0.00009
0.00009
0.00009
0.00009
7.91667E-05
6.83333E-05
0.0000575
4.66667E-05
3.58333E-05
0.000025
4.16667E-06
-1.66667E-05
-0.0000275
-3.83333E-05
-0.00004
-0.00005
-0.00005
-0.00005
-0.0000525
-0.00006
-0.00006
-0.00005
-0.00005
-0.00005
-0.0000575
-5.16667E-05
-0.00005
-0.00005
-0.00004
-3.83333E-05
-0.00003
-0.00002
-0.00001
0
5.83333E-06
1.66667E-05
0.00002
0.00003
3.91667E-05
0.00004
0.00005
0.00006
0.00006
0.00007
0.00007
0.000075
0.00008
0.00008
0.00008
0.00008
8.91667E-05
0.00009
0.00009
0.00009
0.00009
8.66667E-05
0.00008
0.00008
0.00008
0.00007
0.00007
6.16667E-05
0.00006
0.00006
0.00005
0.00005
0.00004
0.00004
0.00004
0.00004
0.00003
0.00003
0.00003
0.00003
0.00003
0.00003
0.00003
0.00003
0.00003
0.00003
0.00003
0.00003
2.41667E-05
0.00002
0.00002
0.00002
0.00002
0.00002
0.00002
0.00002
0.00002
0.00002
1.58333E-05
0.00001
0.00001
0.00001
0.00001
0.00001
0.00001
0.00001
0.00001
0.00001
0.00001
0.00001
0.00001
0.00001
0.00001
0.00001
0.00001
0.00001
0.00001
0.00001
0.00001
0.00001
0.00001
0.00001
0.00001
0.00001
0.00001
0.00001
0.00001
0.00001
0.00001
0.00001
0.00001
0.00001
0.00001
0.00001
0.00001
0.00001
0.00001
0.00001
0.00001
0.00001
0.00002
0.00002
0.00002
0.00002
0.00002
0.00002
0.00002
0.00002
0.00002