0.01
0.00766
0.00766
0.00766
0.00766
0.00766
0.00766
0.00766
0.00765
0.00765
0.00765
0.00765
0.00764
0.00763
0.00762
0.00761
0.0076
0.0076
0.0076
0.0076
0.00759
0.00758
0.00757
0.00756
0.00754
0.00752
0.0075
0.00746
0.00743
0.00739
0.00736
0.00731
0.00727
0.00721
0.00715
0.00708
0.00701
0.00693
0.00686
0.00679
0.00672
0.00655
0.00632
0.00602
0.00569
0.00581
0.00645
0.00723
0.00769
0.00714
0.00641
0.00569
0.00519
0.00472
0.00449
0.00439
0.00423
0.00411
0.0042
0.00437
0.00444
0.0046
0.00563
0.00687
0.0065
0.00552
0.00452
0.0036
0.00325
0.00292
0.00257
0.00226
0.00193
0.00159
0.00124
0.00089
0.00059
0.00027
-0.00004
-0.00035
-0.0007
-0.00106
-0.00095
-0.00047
0.00007
0.00046
0.00062
0.00077
0.00095
0.00112
0.00132
0.00131
0.00108
0.00082
0.00057
0.00031
0.00005
-0.00047
-0.00106
-0.0017
-0.00231
-0.00226
-0.0021
-0.002
-0.00182
-0.00167
-0.00147
-0.00127
-0.00111
-0.00094
-0.00003
0.00127
0.00255
0.00383
0.00521
0.00673
0.00706
0.00494
0.00258
0.00022
-0.00226
-0.00274
-0.00284
-0.00285
-0.00154
-0.00008
0.0015
0.00307
0.00192
-0.00027
-0.0022
-0.00432
-0.00684
-0.00909
-0.00754
-0.00533
-0.00407
-0.00222
0.00323
0.00992
0.00623
-0.00029
-0.00559
-0.005
-0.00045
0.00359
0.0082
0.01311
0.01827
0.01988
0.0168
0.0132
0.00986
0.00581
0.00214
-0.00002
-0.00188
-0.00411
-0.0043
-0.00342
-0.00235
-0.00156
-0.00042
0.00214
0.00634
0.01092
0.01442
0.01016
0.00503
0.00061
-0.00484
-0.0102
-0.01233
-0.01091
-0.00947
-0.00798
-0.00586
-0.00366
-0.00145
0.00059
0.00257
0.00468
0.00638
0.00553
0.00442
0.00346
0.00223
0.00169
0.00209
0.00267
0.00323
0.00262
0.00067
-0.00133
-0.00335
-0.00523
-0.00686
-0.00847
-0.00897
-0.00867
-0.00846
-0.00795
-0.00721
-0.00915
-0.01496
-0.02084
-0.02688
-0.03373
-0.03564
-0.02962
-0.02314
-0.02159
-0.02283
-0.02409
-0.02571
-0.02719
-0.02549
-0.02336
-0.02156
-0.0194
-0.01734
-0.01536
-0.01338
-0.01143
-0.00929
-0.00752
-0.00809
-0.00895
-0.00954
-0.01041
-0.01134
-0.01226
-0.01192
-0.01098
-0.01074
-0.01179
-0.01285
-0.01389
-0.01509
-0.01621
-0.01779
-0.01971
-0.02142
-0.02323
-0.02517
-0.02715
-0.02926
-0.03142
-0.0322
-0.03117
-0.02997
-0.02862
-0.02729
-0.02697
-0.02765
-0.02844
-0.02929
-0.02974
-0.03007
-0.03055
-0.03016
-0.02801
-0.02574
-0.02389
-0.02029
-0.01185
-0.00292
0.00465
0.01242
0.0196
0.02468
0.02929
0.03436
0.03903
0.04186
0.04405
0.04679
0.04686
0.04213
0.03676
0.0314
0.02563
0.02484
0.02589
0.02665
0.0253
0.02256
0.02026
0.01756
0.01256
0.00663
-0.00105
-0.01132
-0.02289
-0.03366
-0.03019
-0.02108
-0.01286
-0.00336
0.00351
0.0092
0.01504
0.02065
0.02334
0.0256
0.02775
0.03341
0.0455
0.05773
0.0633
0.06457
0.06521
0.06586
0.07167
0.08039
0.08866
0.09825
0.10719
0.1065
0.09946
0.09273
0.08581
0.07891
0.06633
0.04849
0.02996
0.01174
-0.00534
-0.02117
-0.03731
-0.04841
-0.05481
-0.06053
-0.06672
-0.07324
-0.07764
-0.06835
-0.05722
-0.04704
-0.04081
-0.04081
-0.04111
-0.04148
-0.03851
-0.03393
-0.02966
-0.02505
-0.02048
-0.01605
-0.01135
-0.00634
-0.00495
-0.00873
-0.01287
-0.0167
-0.02146
-0.02593
-0.0264
-0.02199
-0.01758
-0.01303
-0.00827
-0.00339
0.00127
0.00602
0.01066
0.01543
0.01981
0.02411
0.02796
0.03229
0.03722
0.03876
0.03031
0.02193
0.01025
-0.01189
-0.02055
-0.01291
-0.0063
0.00118
0.01075
0.01301
-0.00131
-0.01696
-0.02625
-0.03115
-0.03551
-0.04025
-0.04456
-0.04474
-0.03903
-0.03367
-0.03755
-0.04277
-0.02799
-0.00291
0.01851
0.03194
0.04489
0.05522
0.06371
0.07435
0.08339
0.07882
0.07012
0.06374
0.05567
0.0408
0.01384
-0.01438
-0.04402
-0.0566
-0.04352
-0.02716
-0.01189
-0.00534
-0.01895
-0.0363
-0.05188
-0.03009
0.00304
0.02901
0.03737
0.04369
0.05218
0.04361
0.02849
0.01323
-0.00223
-0.01753
-0.03106
-0.04537
-0.06069
-0.07018
-0.05895
-0.04477
-0.03181
-0.02789
-0.03749
-0.04694
-0.05134
-0.0531
-0.05522
-0.05697
-0.05869
-0.05735
-0.05581
-0.05406
-0.05206
-0.05117
-0.05619
-0.06156
-0.06473
-0.06503
-0.06534
-0.06417
-0.06006
-0.04824
-0.03582
-0.02424
-0.01021
0.00313
-0.00173
-0.0171
-0.0313
-0.0467
-0.06335
-0.07954
-0.08689
-0.09314
-0.10236
-0.10637
-0.0886
-0.06747
-0.04665
-0.02431
-0.03315
-0.05066
-0.06592
-0.06684
-0.05475
-0.04302
-0.03016
-0.01581
-0.00815
-0.01087
-0.01299
-0.00865
-0.00869
-0.01032
-0.01137
-0.01319
-0.01292
-0.00221
0.01098
0.01737
0.00446
-0.0112
-0.02594
-0.03725
-0.03453
-0.03079
-0.03152
-0.03496
-0.03861
-0.04353
-0.04813
-0.03803
-0.02411
-0.01157
0.0024
0.01616
0.02944
0.04245
0.05567
0.06885
0.08183
0.09499
0.10804
0.12036
0.13123
0.1441
0.15615
0.15469
0.1297
0.10242
0.07627
0.04898
0.0209
-0.00985
-0.02856
-0.0059
0.02153
0.04525
0.07381
0.10148
0.12911
0.15595
0.18507
0.20372
0.21571
0.22826
0.24275
0.24434
0.21617
0.18414
0.15484
0.13607
0.12296
0.10894
0.09605
0.08271
0.07105
0.05953
0.04992
0.03003
-0.00528
-0.03557
-0.04235
-0.04867
-0.05601
-0.05859
-0.06094
-0.06395
-0.06041
-0.05014
-0.03932
-0.02932
-0.01801
-0.00541
0.00096
-0.01544
-0.03426
-0.05125
-0.07076
-0.09025
-0.11031
-0.12857
-0.14249
-0.15669
-0.17154
-0.18454
-0.1985
-0.21362
-0.22865
-0.23016
-0.2209
-0.21203
-0.20237
-0.18861
-0.17498
-0.16076
-0.14739
-0.13493
-0.10544
-0.06363
-0.02217
0.01987
0.06218
0.10595
0.14964
0.17449
0.18298
0.19257
0.19934
0.20452
0.20284
0.19789
0.19373
0.17463
0.13266
0.08897
0.05235
0.0287
0.00577
-0.01613
-0.02637
-0.03638
-0.04379
-0.0381
-0.03129
-0.0192
-0.00422
-0.00971
-0.03771
-0.06723
-0.09656
-0.11848
-0.13469
-0.15183
-0.15641
-0.13408
-0.10885
-0.08534
-0.05928
-0.03274
-0.00632
0.00408
0.00547
0.00022
-0.01393
-0.02893
-0.04383
-0.05936
-0.07505
-0.08979
-0.10475
-0.12279
-0.13105
-0.10185
-0.06772
-0.03812
-0.00488
0.03333
0.06858
0.04438
0.00871
0.01814
0.02758
0.03328
0.04336
0.05182
0.06087
0.08449
0.11502
0.13914
0.15397
0.17112
0.18892
0.17224
0.12801
0.09361
0.07408
0.05269
0.03464
0.0254
0.01691
0.00972
0.00615
0.00238
-0.0014
-0.00518
-0.00611
-0.0056
-0.00499
-0.00477
-0.00402
0.00046
0.00575
0.01044
0.0158
0.02082
0.02595
0.03036
0.03477
0.03879
0.04401
0.04895
0.04232
0.02533
0.00905
-0.00759
-0.02677
-0.04532
-0.04043
-0.02177
-0.00394
0.01547
0.03523
0.0547
0.07544
0.09673
0.09994
0.08308
0.06523
0.04719
0.02749
0.01347
0.00237
-0.00859
-0.01979
-0.0299
-0.04072
-0.05446
-0.06263
-0.03174
0.00413
0.03794
0.07447
0.09204
0.10803
0.1206
0.10147
0.07923
0.06024
0.03143
0.00331
-0.02518
-0.05446
-0.08346
-0.09861
-0.11293
-0.12816
-0.13473
-0.13838
-0.1423
-0.12187
-0.0858
-0.05447
-0.03717
-0.02222
-0.00628
0.01808
0.05075
0.05354
0.0436
0.03655
0.02722
0.01394
-0.00476
-0.02316
-0.034
-0.03818
-0.04277
-0.04567
-0.04652
-0.04757
-0.04801
-0.0423
-0.036
-0.02978
-0.02286
-0.02207
-0.02676
-0.03174
-0.03458
-0.03941
-0.06024
-0.07518
-0.04732
-0.01655
0.01053
0.04436
0.07575
0.08518
0.09028
0.1096
0.13448
0.16315
0.19001
0.2084
0.22206
0.23799
0.23387
0.21988
0.20886
0.19764
0.17059
0.13457
0.09878
0.06193
0.02717
-0.00218
-0.03374
-0.06423
-0.06316
-0.04826
-0.03561
-0.02086
-0.0052
0.01284
0.01827
-0.00424
-0.03052
-0.05194
-0.07246
-0.0916
-0.10994
-0.1175
-0.12612
-0.13367
-0.14204
-0.14898
-0.15642
-0.16226
-0.17041
-0.17808
-0.18538
-0.17922
-0.16283
-0.14499
-0.12593
-0.10758
-0.10598
-0.10493
-0.0939
-0.06882
-0.04505
-0.02446
0.00217
0.0758
0.1248
0.1624
0.1948
0.21856
0.21893
0.20918
0.20646
0.20597
0.21026
0.2001
0.15739
0.11018
0.07448
0.03438
-0.00348
-0.02764
-0.0432
-0.06162
-0.07697
-0.09363
-0.11039
-0.12759
-0.12408
-0.11917
-0.11593
-0.11062
-0.09435
-0.07164
-0.04809
-0.02552
-0.00159
0.02434
0.04682
0.03427
0.01717
0.0035
-0.00617
-0.01159
-0.0138
-0.0133
-0.01307
-0.00548
0.0085
0.02245
0.03664
0.05115
0.06596
0.08026
0.09417
0.10931
0.12556
0.12619
0.11318
0.10092
0.08846
0.07454
0.06137
0.04694
0.03248
0.03039
0.0449
0.05974
0.07503
0.09054
0.10581
0.12375
0.14124
0.12987
0.10564
0.08784
0.07711
0.06635
0.05663
0.04688
0.0225
-0.00974
-0.04457
-0.07552
-0.06162
-0.04229
-0.02791
-0.007
0.01354
0.01572
-0.00845
-0.0349
-0.05207
-0.04591
-0.03855
-0.04525
-0.05082
-0.05593
-0.0619
-0.06618
-0.06955
-0.07292
-0.07578
-0.08754
-0.10393
-0.12075
-0.13779
-0.15628
-0.17283
-0.19409
-0.21935
-0.23599
-0.2204
-0.19834
-0.17911
-0.18139
-0.20324
-0.22559
-0.22404
-0.19037
-0.16386
-0.16506
-0.16773
-0.1691
-0.14975
-0.13392
-0.13715
-0.11829
-0.03971
-0.02823
-0.03838
-0.03176
-0.03544
-0.03896
-0.03055
0.0243
0.07308
0.08951
0.10399
0.12296
0.13807
0.15529
0.16752
0.18027
0.19324
0.2052
0.21624
0.25742
0.30062
0.32753
0.34958
0.37394
0.38862
0.38394
0.36935
0.35499
0.3376
0.3164
0.29798
0.27676
0.20135
0.13949
0.12437
0.11686
0.11037
0.10773
0.10535
0.08864
0.06565
0.04095
0.0088
-0.02877
-0.06701
-0.10013
-0.12796
-0.15495
-0.17325
-0.17357
-0.17111
-0.17377
-0.18014
-0.18702
-0.19562
-0.19918
-0.19137
-0.18439
-0.17698
-0.16817
-0.16564
-0.1664
-0.1663
-0.16495
-0.16351
-0.16715
-0.17887
-0.19209
-0.20457
-0.20135
-0.17834
-0.15398
-0.13152
-0.12542
-0.12762
-0.11986
-0.05045
-0.01938
-0.00693
0.01473
0.03194
0.09181
0.13905
0.13133
0.11971
0.113
0.09981
0.09118
0.07199
0.03506
0.00464
0.00386
0.00111
-0.00055
-0.00133
-0.00297
-0.01431
-0.0247
-0.03635
-0.04637
-0.05842
-0.07147
-0.07897
-0.04982
-0.0176
0.01257
0.04455
0.07837
0.11354
0.13169
0.11396
0.09538
0.10057
0.11951
0.13712
0.15793
0.17846
0.18427
0.17047
0.15648
0.15156
0.15541
0.15874
0.16421
0.16777
0.1723
0.17525
0.18764
0.20181
0.21589
0.19712
0.17458
0.15437
0.13233
0.11105
0.08596
0.06251
0.07743
0.10446
0.12839
0.15882
0.18797
0.18183
0.15756
0.13512
0.11032
0.08265
0.05544
0.02917
0.00073
-0.03324
-0.0646
-0.06975
-0.071
-0.07502
-0.07517
-0.08661
-0.10732
-0.13239
-0.15315
-0.14506
-0.1322
-0.1242
-0.10938
-0.09916
-0.08528
-0.06801
-0.04504
-0.02432
0.00108
-0.0006
-0.02164
-0.04818
-0.06971
-0.09754
-0.1207
-0.15779
-0.17404
-0.17805
-0.21317
-0.4044
-0.38921
-0.32398
-0.30334
-0.25241
-0.20839
-0.15491
-0.12485
-0.13179
-0.14713
-0.15643
-0.17541
-0.18212
-0.18589
-0.18562
-0.18893
-0.18693
-0.18929
-0.19446
-0.20291
-0.20845
-0.21677
-0.22229
-0.23333
-0.24879
-0.26686
-0.28482
-0.30899
-0.33202
-0.34078
-0.32318
-0.30659
-0.28841
-0.27023
-0.25107
-0.23348
-0.21498
-0.19637
-0.17882
-0.18652
-0.20332
-0.21844
-0.23287
-0.25487
-0.28131
-0.2949
-0.30066
-0.30531
-0.30114
-0.29684
-0.29199
-0.27992
-0.26667
-0.25344
-0.239
-0.23955
-0.25188
-0.26395
-0.27397
-0.28852
-0.30297
-0.29527
-0.26392
-0.23683
-0.20048
-0.12002
-0.03493
0.0476
0.13533
0.2029
0.24922
0.28082
0.30778
0.3297
0.31282
0.28899
0.27228
0.24884
0.22437
0.20459
0.22292
0.24586
0.26598
0.27145
0.25544
0.23745
0.22042
0.2007
0.18213
0.16438
0.14548
0.12394
0.11808
0.14253
0.17178
0.20014
0.21375
0.21702
0.23406
0.25713
0.27549
0.27396
0.27124
0.26894
0.26618
0.2612
0.25707
0.27529
0.3007
0.32233
0.34511
0.37114
0.40917
0.41851
0.42226
0.42896
0.43182
0.42612
0.4175
0.4123
0.40818
0.38111
0.30791
0.26411
0.26287
0.25866
0.25556
0.2519
0.24456
0.23725
0.20728
0.1491
0.1166
0.09614
0.08859
0.08588
0.08108
0.07951
0.07758
0.06651
0.03995
0.01363
-0.0141
-0.04392
-0.05633
-0.04098
-0.02404
-0.00869
0.01029
0.03267
0.04493
0.03983
0.03452
0.0278
0.01914
0.03336
0.06699
0.08691
0.07734
0.06569
0.05557
0.04456
0.04447
0.04484
0.04507
0.04578
0.04671
0.04706
0.04952
0.05615
0.06375
0.07104
0.07538
0.07345
0.0716
0.06952
0.06736
0.06472
0.06256
0.06173
0.0617
0.06088
0.06082
0.06311
0.06805
0.07447
0.08061
0.06636
0.04031
0.01438
-0.01256
-0.03567
-0.0558
-0.07599
-0.09582
-0.1158
-0.13673
-0.15688
-0.16626
-0.16722
-0.16833
-0.17093
-0.17988
-0.18944
-0.1986
-0.2083
-0.21772
-0.22637
-0.22702
-0.22723
-0.22772
-0.22779
-0.22766
-0.22773
-0.22773
-0.22802
-0.22734
-0.22734
-0.2346
-0.2448
-0.25238
-0.26162
-0.27064
-0.27847
-0.28321
-0.275
-0.26476
-0.25527
-0.22551
-0.19302
-0.15992
-0.12623
-0.09191
-0.05799
-0.02386
0.00995
0.04418
0.07793
0.11252
0.14524
0.1801
0.21261
0.24796
0.28592
0.30038
0.25214
0.19748
0.15599
0.14144
0.13144
0.11863
0.11085
0.10077
0.09187
0.08249
0.07182
0.0502
0.0276
0.005
-0.00999
-0.01591
-0.01918
-0.01836
-0.01593
-0.01424
-0.012
-0.01049
-0.00794
-0.00572
-0.00968
-0.02207
-0.03454
-0.0473
-0.05671
-0.06451
-0.07185
-0.07998
-0.08857
-0.08791
-0.07125
-0.05359
-0.03651
-0.01795
0.00046
0.01834
0.03695
0.05991
0.08317
0.10544
0.13077
0.15462
0.16609
0.1725
0.18175
0.18874
0.19511
0.20291
0.20961
0.21538
0.22407
0.22638
0.19163
0.08185
-0.0076
-0.02957
-0.05176
-0.07739
-0.10006
-0.11278
-0.08318
-0.04969
-0.01977
0.01762
0.05261
0.05408
0.0392
0.02746
0.0123
-0.00267
-0.01828
-0.03239
-0.0494
-0.06488
-0.0618
-0.04483
-0.03031
-0.01356
0.00559
0.02169
0.00571
-0.014
-0.03082
-0.04468
-0.05637
-0.06796
-0.07984
-0.09291
-0.09343
-0.07165
-0.0482
-0.02593
-0.00167
0.02301
0.04736
0.06486
0.07894
0.093
0.1078
0.12308
0.11553
0.09172
0.06882
0.04502
0.01984
-0.00469
-0.02891
-0.05527
-0.0811
-0.08098
-0.06412
-0.04811
-0.02976
-0.01306
-0.00834
-0.00577
0.0038
0.02131
0.0398
0.06018
0.08022
0.07129
0.05336
0.0379
0.01958
0.00163
-0.01685
-0.03461
-0.05349
-0.07065
-0.08851
-0.10989
-0.12646
-0.09703
-0.06202
-0.03185
0.00405
0.03797
0.07224
0.10875
0.14536
0.1451
0.11099
0.07591
0.04093
0.0029
-0.03561
-0.07385
-0.09604
-0.1117
-0.12796
-0.14271
-0.14742
-0.14682
-0.14118
-0.13236
-0.12549
-0.11717
-0.10902
-0.10127
-0.09239
-0.08397
-0.08776
-0.09774
-0.10678
-0.11651
-0.12683
-0.13822
-0.14496
-0.14627
-0.13422
-0.12087
-0.10842
-0.09393
-0.08043
-0.0667
-0.05202
-0.03748
-0.03903
-0.04755
-0.05531
-0.06499
-0.07516
-0.07335
-0.06065
-0.04732
-0.03386
-0.02154
-0.00704
0.02622
0.0491
0.05104
0.05402
0.05719
0.0593
0.05959
0.05566
0.05123
0.04713
0.04245
0.03801
0.0337
0.02884
0.02356
0.02614
0.03914
0.05257
0.06575
0.07999
0.09401
0.10767
0.12112
0.13785
0.14795
0.13411
0.11719
0.10191
0.08365
0.06782
0.05979
0.0532
0.04535
0.03873
0.03284
0.02874
0.02442
0.02015
0.01565
0.01277
0.00858
-0.00885
-0.02968
-0.04855
-0.0694
-0.08959
-0.11062
-0.12971
-0.15073
-0.17262
-0.19414
-0.19189
-0.17385
-0.15532
-0.13689
-0.1174
-0.09669
-0.07717
-0.06868
-0.06179
-0.0537
-0.04597
-0.03861
-0.04151
-0.04787
-0.05366
-0.05997
-0.06611
-0.07417
-0.08067
-0.06715
-0.04841
-0.0323
-0.01339
0.00454
0.02375
0.04094
0.05917
0.08019
0.09792
0.0736
0.04292
0.02132
0.01078
0.00265
-0.00688
-0.01468
-0.02337
-0.02618
-0.02441
-0.02226
-0.01951
-0.01634
-0.02249
-0.03526
-0.04792
-0.06095
-0.07387
-0.08735
-0.10182
-0.11103
-0.10414
-0.09581
-0.0886
-0.07992
-0.0714
-0.06182
-0.05494
-0.06116
-0.06893
-0.07544
-0.08335
-0.09073
-0.09964
-0.10731
-0.10294
-0.09522
-0.08923
-0.08173
-0.07401
-0.06625
-0.06423
-0.06473
-0.06528
-0.06585
-0.06506
-0.06252
-0.06006
-0.05768
-0.05537
-0.05002
-0.04255
-0.03507
-0.0276
-0.01986
-0.01224
-0.00451
0.00309
0.01073
0.01843
0.02621
0.03294
0.03914
0.04545
0.04836
0.04877
0.04907
0.04921
0.05
0.05046
0.04283
0.02954
0.01642
0.00143
-0.01294
-0.01085
-0.00245
0.00449
0.01312
0.02159
0.03042
0.03852
0.04738
0.05652
0.06083
0.05408
0.04689
0.04001
0.03228
0.02431
0.01642
0.01293
0.01286
0.01253
0.01261
0.01277
0.01279
0.01273
0.01617
0.02095
0.02583
0.03123
0.03648
0.03418
0.03003
0.02648
0.0222
0.01806
0.01403
0.00936
0.0049
0.00881
0.01755
0.02569
0.03447
0.04342
0.05255
0.06103
0.07061
0.08038
0.08112
0.06779
0.05397
0.04004
0.02573
0.01132
-0.00504
-0.01972
-0.01002
0.00302
0.0134
0.02661
0.03921
0.05264
0.06365
0.07061
0.07727
0.08162
0.07581
0.0695
0.06372
0.05701
0.05043
0.04394
0.03697
0.03033
0.02872
0.02853
0.02769
0.02795
0.02778
0.02396
0.01776
0.01212
0.00588
-0.00003
-0.00652
-0.01306
-0.0152
-0.01011
-0.00482
0.00054
0.00615
0.01204
0.01773
0.02295
0.02622
0.02953
0.03313
0.03657
0.03495
0.03061
0.02655
0.02206
0.01717
0.01527
0.01609
0.01708
0.01833
0.01965
0.01561
0.01104
0.00663
0.00127
-0.00157
0.00385
0.00997
0.01548
0.02253
0.02788
0.02339
0.01751
0.01279
0.00685
0.0009
-0.00535
-0.00655
-0.00455
-0.00237
-0.00025
0.00231
0.00481
0.00717
0.00763
0.00792
0.00852
0.00823
0.00472
0.00102
-0.00233
-0.00622
-0.00997
-0.01225
-0.01437
-0.01659
-0.01867
-0.02087
-0.02299
-0.02385
-0.02438
-0.025
-0.0254
-0.02612
-0.02689
-0.0241
-0.01721
-0.0102
-0.00319
0.004
0.01218
0.02155
0.03087
0.04022
0.05002
0.05781
0.0613
0.06526
0.06891
0.06192
0.0523
0.04367
0.03403
0.02433
0.01452
0.00788
0.00466
0.00771
0.01175
0.01515
0.01918
0.02374
0.0279
0.02466
0.0204
0.01678
0.01237
0.0083
0.00395
-0.00028
-0.00453
-0.00878
-0.01309
-0.0173
-0.02159
-0.02568
-0.0298
-0.03389
-0.03804
-0.04194
-0.04616
-0.05077
-0.0519
-0.04431
-0.03581
-0.02801
-0.01926
-0.01079
-0.00213
0.00668
0.01432
0.01743
0.0201
0.02293
0.02527
0.02809
0.03068
0.02923
0.02666
0.02459
0.02205
0.01939
0.01669
0.0158
0.01652
0.01724
0.01802
0.01884
0.01958
0.02058
0.02115
0.02176
0.02618
0.03365
0.04122
0.04892
0.05569
0.06106
0.06631
0.07167
0.07677
0.0817
0.08711
0.09237
0.09285
0.09103
0.09025
0.08844
0.08703
0.0861
0.08678
0.08787
0.08868
0.08977
0.09064
0.09187
0.09361
0.09456
0.09618
0.09836
0.09036
0.07943
0.06947
0.05802
0.04962
0.04713
0.04483
0.0322
0.01559
-0.00005
-0.01645
-0.03489
-0.05182
-0.05475
-0.05692
-0.05892
-0.04721
-0.03416
-0.02185
-0.01012
-0.00094
0.00846
0.03282
0.03551
0.03287
0.03016
0.02762
0.02452
0.02109
0.01775
0.01996
0.02494
0.02967
0.03566
0.04118
0.03638
0.02865
0.02168
0.01371
0.00609
-0.0015
-0.00978
-0.01783
-0.01543
-0.00653
0.00159
0.01057
0.02061
0.02561
0.01833
0.01022
0.00293
-0.00604
-0.01393
-0.01463
-0.01439
-0.01509
-0.01475
-0.01477
-0.01445
-0.01449
-0.01442
-0.01441
-0.0141
-0.01424
-0.01705
-0.02032
-0.02312
-0.02638
-0.02925
-0.03227
-0.03508
-0.03797
-0.04064
-0.04334
-0.046
-0.04867
-0.04942
-0.0491
-0.04876
-0.04839
-0.04788
-0.04743
-0.04692
-0.04647
-0.04594
-0.04546
-0.04494
-0.04449
-0.04368
-0.04239
-0.04103
-0.03979
-0.03843
-0.03713
-0.03603
-0.03482
-0.03141
-0.0274
-0.0233
-0.02028
-0.02197
-0.02424
-0.026
-0.02816
-0.03008
-0.03204
-0.03388
-0.03567
-0.03736
-0.03839
-0.03847
-0.03856
-0.03858
-0.03855
-0.03848
-0.03841
-0.03829
-0.03816
-0.03804
-0.03789
-0.03748
-0.03771
-0.0405
-0.04346
-0.04591
-0.04854
-0.05096
-0.05285
-0.05317
-0.05322
-0.05327
-0.05346
-0.0531
-0.04987
-0.04629
-0.04324
-0.03978
-0.03654
-0.03367
-0.03095
-0.02446
-0.01638
-0.00922
-0.00668
-0.00624
-0.00561
-0.00533
-0.00509
-0.00554
-0.00617
-0.00672
-0.00724
-0.00774
-0.00811
-0.00846
-0.0087
-0.00893
-0.0091
-0.00909
-0.00911
-0.01007
-0.01114
-0.01193
-0.01263
-0.01286
-0.01193
-0.01034
-0.00891
-0.00749
-0.00617
-0.00495
-0.00377
-0.00273
-0.00255
-0.00247
-0.00222
-0.002
-0.00173
-0.00123
-0.00022
0.00075
0.0016
0.00243
0.00317
0.00386
0.00447
0.00496
0.00535
0.00573
0.00609
0.00643
0.00677
0.00709
0.00741
0.00772
0.008
0.00827
0.00854
0.00881
0.00908
0.00935
0.00962
0.00988
0.01013
0.01039
0.01063
0.01087
0.0111
0.01133
0.01155
0.01176
0.01196
0.01215
0.01234
0.01252
0.01268
0.01284
0.01299
0.01313
0.01325
0.01337
0.01348
0.01358
0.01367
0.01375
0.01382
0.01387
0.01392
0.01396
0.01399
0.014
0.01401
0.01401
0.01399
0.01397
0.01394
0.01389
0.01384
0.01377
0.01369