0.01
-0.00475
-0.00474
-0.00473
-0.00473
-0.00472
-0.00471
-0.0047
-0.00469
-0.00468
-0.00467
-0.00466
-0.00465
-0.00464
-0.00462
-0.00461
-0.0046
-0.00459
-0.00457
-0.00455
-0.00453
-0.00451
-0.00448
-0.00445
-0.00442
-0.00439
-0.00436
-0.00433
-0.00429
-0.00425
-0.00423
-0.00421
-0.00421
-0.00421
-0.0042
-0.00419
-0.0042
-0.00421
-0.00415
-0.00395
-0.00367
-0.00351
-0.00363
-0.00389
-0.00402
-0.00387
-0.00358
-0.00325
-0.00293
-0.00281
-0.00279
-0.0028
-0.00277
-0.00256
-0.00222
-0.00186
-0.00167
-0.00189
-0.00233
-0.00251
-0.00186
-0.00106
-0.00132
-0.00247
-0.00343
-0.00304
-0.00189
-0.00066
0.00032
0.00071
0.00094
0.00114
0.0011
0.00078
0.00035
-0.00007
-0.00048
-0.00092
-0.00142
-0.00201
-0.00247
-0.0024
-0.00191
-0.00134
-0.0007
-0.00002
0.00057
0.00081
0.00095
0.00101
0.00076
0.00018
-0.0007
-0.00178
-0.00264
-0.00253
-0.00153
-0.00033
0.00092
0.00219
0.00345
0.00464
0.00608
0.00783
0.00888
0.00665
0.00195
-0.00219
-0.00291
-0.00166
-0.00085
-0.001
-0.00164
-0.00063
0.00433
0.00918
0.00835
0.0053
0.00275
0.0019
0.00262
0.00343
0.00344
0.00294
0.00499
0.01239
0.01721
0.00951
-0.00061
-0.00371
-0.00389
-0.00394
-0.00334
-0.00105
0.00193
0.00495
0.00796
0.01077
0.01312
0.0153
0.01719
0.01763
0.01631
0.01367
0.01001
0.00596
0.00278
0.0025
0.00359
0.00468
0.00587
0.00712
0.00824
0.00852
0.00819
0.00776
0.00712
0.00551
0.00323
0.00086
-0.00146
-0.0039
-0.00652
-0.00874
-0.009
-0.00748
-0.00566
-0.00391
-0.00213
-0.00032
0.00153
0.00356
0.00545
0.00605
0.00459
0.00248
0.0004
-0.00168
-0.0037
-0.00576
-0.00813
-0.01053
-0.01084
-0.00681
-0.00102
0.00387
0.00546
0.00419
0.00234
0
-0.00305
-0.00646
-0.01024
-0.01416
-0.01629
-0.01444
-0.01106
-0.00767
-0.00446
-0.00261
-0.00174
-0.00115
-0.00041
0.00024
0.00045
-0.00035
-0.00146
-0.00258
-0.00332
-0.0035
-0.00339
-0.00343
-0.00411
-0.00569
-0.00742
-0.0092
-0.01093
-0.01279
-0.01459
-0.01629
-0.01795
-0.02007
-0.02232
-0.02249
-0.01736
-0.01039
-0.00326
0.0039
0.00899
0.0102
0.01006
0.01005
0.00987
0.00961
0.00958
0.01078
0.01265
0.01434
0.01535
0.01687
0.02266
0.03308
0.03904
0.03535
0.02885
0.02344
0.01927
0.01551
0.01157
0.00753
0.00323
-0.00068
-0.00297
-0.0038
-0.00436
-0.00491
-0.00547
-0.00619
-0.00759
-0.00957
-0.0139
-0.02231
-0.03018
-0.03041
-0.02428
-0.01652
-0.00868
-0.00177
0.00193
0.00444
0.00701
0.00953
0.01209
0.01463
0.0171
0.01955
0.02279
0.02795
0.03377
0.03999
0.04671
0.05157
0.05038
0.04593
0.04153
0.03825
0.03538
0.02717
0.00896
-0.00293
0.00144
0.0102
0.01513
0.01097
0.00391
-0.00286
-0.00981
-0.0163
-0.02159
-0.02598
-0.03076
-0.03837
-0.04678
-0.04541
-0.02676
-0.00451
0.00323
-0.01049
-0.02717
-0.03134
-0.03014
-0.02886
-0.02786
-0.02702
-0.0262
-0.02387
-0.01764
-0.01001
-0.00087
0.01277
0.02643
0.03481
0.03988
0.04338
0.04486
0.04631
0.04806
0.04535
0.03113
0.00434
-0.02414
-0.04287
-0.05038
-0.055
-0.05767
-0.0526
-0.04453
-0.03623
-0.0282
-0.02218
-0.01879
-0.01625
-0.01335
-0.0099
-0.00734
-0.00932
-0.01479
-0.01383
-0.00276
0.01216
0.02787
0.03942
0.0378
0.03104
0.02789
0.02709
0.02723
0.02738
0.02623
0.02059
0.01335
0.00615
-0.00108
-0.00838
-0.01566
-0.02269
-0.02931
-0.0365
-0.04442
-0.05002
-0.0464
-0.03622
-0.02446
-0.01226
-0.00211
0.00153
0.00263
0.00388
0.0049
0.00618
0.00792
0.0102
0.01188
0.01636
0.03038
0.04742
0.05097
0.03961
0.02506
0.01062
-0.00776
-0.03183
-0.05667
-0.0672
-0.0494
-0.02031
0.00758
0.02631
0.0262
0.02031
0.01464
0.00898
0.00319
-0.00311
-0.01012
-0.01553
-0.01434
-0.00664
0.00296
0.01072
0.0102
0.00346
-0.0042
-0.00834
-0.0073
-0.00814
-0.01808
-0.0312
-0.0459
-0.06131
-0.06757
-0.05133
-0.02662
-0.00228
0.02191
0.04221
0.05799
0.07074
0.07632
0.07002
0.06012
0.04923
0.03808
0.0312
0.03424
0.03745
0.03018
0.01796
0.0059
-0.00116
0.00419
0.01382
0.0255
0.03886
0.04226
0.0199
-0.00368
-0.01156
-0.01586
-0.02071
-0.02386
-0.01932
-0.01197
-0.00466
0.00274
0.01045
0.01739
0.02149
0.02369
0.02577
0.02764
0.02989
0.03275
0.03661
0.04072
0.04644
0.05219
0.04987
0.03002
0.00356
-0.01788
-0.02396
-0.02258
-0.02154
-0.02052
-0.01992
-0.01944
-0.01929
-0.01642
-0.00748
0.00385
0.01551
0.02858
0.04017
0.0453
0.04749
0.04986
0.05195
0.05519
0.0582
0.05652
0.04462
0.03106
0.02568
0.03128
0.04029
0.04824
0.05172
0.05056
0.04819
0.04582
0.0431
0.04102
0.03947
0.03603
0.02448
0.00766
-0.00976
-0.02789
-0.05032
-0.07466
-0.09082
-0.08442
-0.06953
-0.05971
-0.06261
-0.0706
-0.07825
-0.08724
-0.09403
-0.09206
-0.08208
-0.07023
-0.05666
-0.04454
-0.04294
-0.05591
-0.06971
-0.07112
-0.06159
-0.04961
-0.0373
-0.0262
-0.02001
-0.01855
-0.01832
-0.01831
-0.01714
-0.0135
-0.0088
-0.00432
0.00038
0.00499
0.00974
0.01425
0.01875
0.02352
0.02903
0.03301
0.03065
0.0224
0.01297
0.00354
-0.00544
-0.01483
-0.02612
-0.03956
-0.04875
-0.05135
-0.05204
-0.05292
-0.05366
-0.0545
-0.05516
-0.05593
-0.05644
-0.05708
-0.05801
-0.0593
-0.05696
-0.04399
-0.01501
0.02668
0.07229
0.11343
0.14119
0.16227
0.18456
0.20797
0.22761
0.22678
0.20804
0.18551
0.16352
0.14071
0.11823
0.09491
0.07159
0.04891
0.03117
0.01825
0.00802
-0.00572
-0.03269
-0.07222
-0.11401
-0.1477
-0.1596
-0.16628
-0.18109
-0.20447
-0.20386
-0.19031
-0.17764
-0.16629
-0.15586
-0.13766
-0.10328
-0.06967
-0.04481
-0.02141
0.00138
0.02442
0.04909
0.07567
0.09346
0.08388
0.06213
0.03954
0.01909
0.01469
0.02712
0.04433
0.058
0.06651
0.07426
0.08415
0.08908
0.07606
0.04923
0.01898
-0.01345
-0.04003
-0.0451
-0.03391
-0.02046
-0.00562
0.01081
0.02385
0.02002
0.00399
-0.00383
-0.00629
-0.00986
-0.01308
-0.01556
-0.01491
-0.0135
-0.01423
-0.02286
-0.03469
-0.04671
-0.05961
-0.07395
-0.08367
-0.07834
-0.06501
-0.05182
-0.03844
-0.02544
-0.01074
0.00408
0.01419
0.01112
0.00369
-0.00429
-0.01258
-0.01783
-0.01453
-0.00817
-0.00189
0.00415
0.00997
0.01646
0.02469
0.03056
0.02285
-0.0007
-0.02657
-0.04372
-0.04979
-0.05274
-0.05361
-0.05008
-0.04437
-0.03499
-0.02055
-0.0087
-0.00922
-0.01785
-0.02731
-0.03626
-0.04244
-0.04786
-0.05305
-0.06067
-0.06911
-0.06866
-0.04484
-0.0151
0.00388
0.0122
0.01693
0.01659
0.00867
-0.00188
-0.01223
-0.02219
-0.03171
-0.04371
-0.05754
-0.06237
-0.03822
-0.00159
0.03568
0.07085
0.09367
0.10518
0.11362
0.12459
0.1385
0.1431
0.11685
0.07139
0.03767
0.00424
-0.02702
-0.03916
-0.04527
-0.05148
-0.05314
-0.04529
-0.03327
-0.02114
-0.01157
-0.00833
-0.0039
0.01268
0.03928
0.06629
0.08578
0.09527
0.10334
0.11283
0.11797
0.10732
0.08475
0.05441
0.0135
-0.02006
-0.0319
-0.03762
-0.04896
-0.06793
-0.07516
-0.07043
-0.06473
-0.05865
-0.04909
-0.0326
-0.01397
0.00434
0.02113
0.03676
0.05221
0.06753
0.08223
0.09736
0.11499
0.1318
0.13219
0.10616
0.07047
0.03595
0.0103
0.00058
-0.00373
-0.01
-0.0244
-0.04634
-0.06792
-0.08348
-0.09494
-0.10246
-0.10327
-0.10257
-0.1027
-0.09782
-0.08056
-0.06015
-0.04586
-0.03529
-0.01977
-0.00067
0.01797
0.03392
0.04451
0.05377
0.06384
0.07489
0.08256
0.08187
0.08104
0.09358
0.11265
0.11922
0.08883
0.04624
0.02623
0.02358
0.02428
0.02451
0.02485
0.02303
0.01721
0.00944
0.00208
-0.00281
-0.00359
-0.00318
-0.00422
-0.00976
-0.01697
-0.02465
-0.03326
-0.0398
-0.03767
-0.02761
-0.01606
-0.00332
0.01118
0.02131
0.01293
-0.00927
-0.03112
-0.04665
-0.05711
-0.05809
-0.05191
-0.04648
-0.0479
-0.05543
-0.05632
-0.04632
-0.03298
-0.02028
-0.00666
0.00771
0.0194
0.02032
0.01547
0.00974
0.00586
0.00739
0.01117
0.01468
0.01872
0.02308
0.02776
0.03221
0.03764
0.04276
0.04395
0.03638
0.02633
0.01503
-0.00068
-0.02058
-0.04208
-0.06769
-0.09198
-0.09428
-0.05901
-0.03015
-0.01912
-0.0099
0.00134
0.01452
0.02396
0.02446
0.02128
0.01968
0.01652
0.00531
-0.01692
-0.04047
-0.0553
-0.05476
-0.04737
-0.03207
-0.01126
0.00525
0.00411
-0.00957
-0.0249
-0.03703
-0.04107
-0.04726
-0.05919
-0.07346
-0.08478
-0.08315
-0.06938
-0.05314
-0.03654
-0.01876
-0.00237
0.00439
-0.00031
-0.00931
-0.01838
-0.02168
-0.01143
0.00418
0.01697
0.01971
0.01444
0.00804
0.00127
-0.00612
-0.0125
-0.013
-0.0078
-0.00084
0.00607
0.01077
0.01139
0.01205
0.01916
0.03356
0.04989
0.066
0.08258
0.09947
0.11489
0.12505
0.13321
0.1415
0.15153
0.15929
0.15517
0.13914
0.11923
0.10215
0.09366
0.09179
0.09026
0.08607
0.07992
0.07158
0.05605
0.03551
0.01371
-0.00726
-0.0238
-0.03607
-0.04669
-0.06315
-0.09573
-0.12947
-0.13839
-0.11857
-0.08937
-0.0593
-0.03367
-0.02791
-0.03762
-0.05173
-0.06689
-0.0784
-0.07655
-0.06917
-0.06797
-0.08063
-0.09876
-0.11438
-0.12417
-0.12803
-0.13189
-0.13653
-0.13802
-0.12727
-0.11066
-0.09618
-0.09089
-0.08952
-0.07456
-0.04023
-0.01322
0.003
0.01847
0.03288
0.04492
0.05503
0.06545
0.07339
0.07651
0.07655
0.07616
0.07881
0.09373
0.11501
0.13743
0.15946
0.18093
0.20268
0.2276
0.25042
0.25417
0.22983
0.19692
0.16503
0.13249
0.10003
0.06745
0.0333
-0.00105
-0.02785
-0.0374
-0.04092
-0.04602
-0.05127
-0.05107
-0.03787
-0.0204
-0.007
-0.00116
0.00257
0.00666
0.00539
-0.00481
-0.01885
-0.03299
-0.04644
-0.05335
-0.05456
-0.05549
-0.06602
-0.08717
-0.10447
-0.09822
-0.08002
-0.06102
-0.04099
-0.01706
0.00861
0.03566
0.06426
0.08785
0.09208
0.08296
0.07127
0.06039
0.05413
0.05336
0.05408
0.05495
0.05568
0.05571
0.05499
0.05456
0.05444
0.05315
0.04545
0.03002
0.00284
-0.03495
-0.06228
-0.06805
-0.07123
-0.08596
-0.10753
-0.12965
-0.15089
-0.16784
-0.18048
-0.18415
-0.18182
-0.17968
-0.17989
-0.17143
-0.14042
-0.07993
-0.04699
-0.03213
-0.01424
0.00817
0.03805
0.06908
0.09754
0.11326
0.11968
0.1242
0.12935
0.13344
0.13723
0.14238
0.14826
0.14634
0.12558
0.0977
0.07041
0.04301
0.01603
-0.01246
-0.04243
-0.06832
-0.07667
-0.07028
-0.06071
-0.05137
-0.04402
-0.03876
-0.03431
-0.02842
-0.02236
-0.02101
-0.0332
-0.04767
-0.06229
-0.08898
-0.13608
-0.16312
-0.17613
-0.19178
-0.20877
-0.22438
-0.22253
-0.19511
-0.1585
-0.12396
-0.08831
-0.05002
-0.00787
0.03427
0.0766
0.11876
0.16221
0.2043
0.2442
0.2865
0.33836
0.38427
0.36808
0.26189
0.14853
0.09748
0.06847
0.03759
0.01185
-0.00761
-0.02333
-0.03795
-0.05063
-0.07001
-0.10348
-0.13343
-0.14415
-0.14649
-0.13967
-0.12964
-0.11885
-0.10827
-0.09614
-0.08537
-0.08627
-0.10334
-0.12474
-0.14087
-0.14474
-0.14461
-0.1454
-0.14567
-0.14252
-0.13437
-0.12515
-0.11575
-0.10844
-0.10671
-0.10542
-0.09814
-0.08715
-0.07637
-0.06977
-0.07157
-0.07603
-0.08045
-0.08455
-0.08765
-0.09024
-0.09277
-0.09514
-0.09768
-0.10076
-0.10334
-0.10327
-0.10212
-0.10057
-0.09897
-0.09711
-0.09599
-0.09595
-0.09433
-0.0888
-0.08718
-0.11699
-0.18335
-0.25077
-0.25097
-0.18754
-0.10961
-0.02876
0.0429
0.07936
0.08756
0.09264
0.10696
0.13681
0.1462
0.14751
0.16106
0.18172
0.20254
0.21415
0.21264
0.20277
0.1873
0.16955
0.15237
0.13511
0.11708
0.09826
0.08069
0.07013
0.06876
0.06992
0.07103
0.07237
0.07369
0.07451
0.07545
0.08014
0.09181
0.10601
0.12103
0.13654
0.14672
0.14862
0.15092
0.16188
0.17687
0.19261
0.21054
0.22673
0.22743
0.208
0.18306
0.16359
0.15037
0.14045
0.13126
0.11757
0.08353
0.03701
-0.00662
-0.028
-0.01943
-0.00249
0.01197
0.02147
0.03189
0.0524
0.07298
0.08069
0.08123
0.08059
0.07844
0.07429
0.06912
0.06421
0.06214
0.05964
0.04318
0.00331
-0.0226
-0.02565
-0.0246
-0.02314
-0.02133
-0.0178
-0.01381
-0.01225
-0.01903
-0.0285
-0.03769
-0.04801
-0.05971
-0.06669
-0.05737
-0.04014
-0.02529
-0.0217
-0.03238
-0.0464
-0.05304
-0.04183
-0.02694
-0.0186
-0.01175
-0.00204
0.01081
0.02429
0.03758
0.05088
0.06441
0.07787
0.09096
0.10385
0.11861
0.1347
0.14342
0.1294
0.10643
0.08425
0.06184
0.03894
0.01266
-0.01569
-0.04484
-0.07568
-0.10858
-0.13445
-0.13387
-0.11986
-0.10537
-0.09136
-0.08111
-0.07255
-0.06545
-0.05392
-0.03188
-0.01014
-0.00708
-0.01774
-0.03163
-0.04248
-0.04633
-0.04833
-0.05488
-0.06313
-0.06826
-0.06984
-0.07157
-0.07264
-0.07236
-0.06954
-0.06571
-0.06437
-0.07541
-0.0931
-0.10229
-0.09377
-0.07994
-0.06768
-0.05937
-0.05215
-0.04431
-0.03638
-0.03125
-0.02876
-0.02045
0.00568
0.03932
0.0767
0.11726
0.15843
0.20048
0.24366
0.28472
0.31478
0.33069
0.34301
0.35042
0.34228
0.32322
0.28843
0.24121
0.19244
0.14289
0.09339
0.04176
-0.00669
-0.03967
-0.05579
-0.06506
-0.06163
-0.04426
-0.02321
-0.00275
0.01966
0.04424
0.06279
0.05621
0.0334
0.01585
0.00669
0.00004
-0.00596
-0.01565
-0.0369
-0.06399
-0.08848
-0.1055
-0.12176
-0.1537
-0.18338
-0.19229
-0.19334
-0.19673
-0.2042
-0.2139
-0.22323
-0.23365
-0.24307
-0.25038
-0.25571
-0.27692
-0.32172
-0.35032
-0.30765
-0.24315
-0.20646
-0.19314
-0.17701
-0.14868
-0.11671
-0.0863
-0.06422
-0.05175
-0.03655
-0.00675
0.03388
0.07744
0.13038
0.18047
0.18084
0.09556
0.02492
-0.00564
-0.03047
-0.05483
-0.08114
-0.10844
-0.13622
-0.14906
-0.13182
-0.10376
-0.07669
-0.04926
-0.02725
-0.01129
0.00217
0.0161
0.02917
0.04238
0.05629
0.07187
0.08283
0.07823
0.06311
0.04726
0.0321
0.01833
0.00503
-0.00309
-0.00288
0.00063
0.00454
0.00843
0.00651
-0.00439
-0.01848
-0.03186
-0.04638
-0.06164
-0.07435
-0.07595
-0.07077
-0.06426
-0.05828
-0.05284
-0.04587
-0.0319
-0.01173
0.01013
0.03191
0.05396
0.07568
0.09712
0.11899
0.1434
0.16674
0.17217
0.14713
0.11209
0.07757
0.04143
0.00579
-0.02075
-0.03041
-0.0335
-0.03377
-0.0322
-0.0305
-0.02962
-0.03217
-0.03593
-0.04001
-0.04397
-0.04646
-0.04591
-0.04493
-0.04113
-0.02837
-0.01422
-0.01471
-0.03193
-0.0532
-0.07344
-0.09676
-0.12293
-0.13761
-0.1129
-0.07121
-0.03042
0.01038
0.05177
0.09779
0.14026
0.15729
0.13697
0.10664
0.07733
0.048
0.01617
-0.0183
-0.0442
-0.04084
-0.02161
-0.00143
0.01868
0.03838
0.05977
0.08282
0.10226
0.10379
0.0882
0.06854
0.04922
0.02961
0.0097
-0.00995
-0.02759
-0.04309
-0.05431
-0.06351
-0.07347
-0.08418
-0.09235
-0.09036
-0.08238
-0.07334
-0.06399
-0.05541
-0.04902
-0.04435
-0.04096
-0.04013
-0.04007
-0.03991
-0.03964
-0.03992
-0.04076
-0.0395
-0.03093
-0.01819
-0.00456
0.00901
0.01842
0.02065
0.02034
0.02035
0.02037
0.02072
0.0209
0.02166
0.02344
0.02619
0.02926
0.03091
0.02653
0.0184
0.00974
0.00117
-0.00819
-0.01773
-0.02381
-0.02182
-0.01698
-0.0126
-0.00872
-0.00351
0.00679
0.02124
0.03643
0.05178
0.06702
0.08214
0.09689
0.11273
0.12994
0.14377
0.14064
0.12488
0.10693
0.0888
0.06927
0.04997
0.03835
0.04075
0.04763
0.05537
0.06456
0.06898
0.05698
0.0359
0.01449
-0.00685
-0.02975
-0.05466
-0.07254
-0.06775
-0.05254
-0.03748
-0.02153
-0.00662
0.0046
0.01094
0.01617
0.02134
0.02766
0.03349
0.03338
0.02231
0.00796
-0.00608
-0.02096
-0.03672
-0.04944
-0.05172
-0.04911
-0.04702
-0.04553
-0.04246
-0.03106
-0.01183
0.01026
0.03371
0.05433
0.06005
0.05093
0.03801
0.02541
0.01274
-0.00036
-0.01424
-0.02695
-0.03469
-0.03737
-0.03896
-0.0406
-0.04226
-0.04388
-0.04527
-0.04575
-0.04589
-0.04663
-0.04577
-0.03692
-0.0201
-0.00098
0.01861
0.03764
0.05166
0.05891
0.06393
0.06607
0.06104
0.0542
0.04807
0.03963
0.02348
0.00502
-0.00583
-0.0032
0.00415
0.01073
0.01784
0.02503
0.03191
0.0359
0.03866
0.04104
0.04441
0.04831
0.04895
0.03943
0.02641
0.01393
0.00146
-0.01255
-0.0271
-0.03448
-0.02501
-0.00959
0.00554
0.02131
0.03604
0.04725
0.05555
0.06372
0.0722
0.07973
0.08325
0.08404
0.08537
0.0875
0.08589
0.07287
0.05555
0.03853
0.02154
0.00489
-0.01241
-0.03103
-0.04855
-0.05602
-0.04857
-0.0365
-0.02403
-0.01039
0.00017
-0.0011
-0.01111
-0.02319
-0.03614
-0.04543
-0.04394
-0.03818
-0.03295
-0.02734
-0.02188
-0.01604
-0.01053
-0.00475
0.00085
0.00656
0.01195
0.01767
0.02378
0.02952
0.03113
0.02755
0.02296
0.02187
0.02473
0.02882
0.03261
0.03679
0.04142
0.04636
0.05128
0.0571
0.06258
0.06347
0.05516
0.04368
0.03175
0.02016
0.01245
0.01078
0.01097
0.01076
0.01078
0.01278
0.01807
0.0244
0.02996
0.03361
0.03634
0.03859
0.03809
0.03427
0.02933
0.02431
0.01975
0.01709
0.01548
0.01382
0.01186
0.01059
0.01215
0.01506
0.01499
0.00772
-0.00237
-0.01227
-0.02185
-0.02958
-0.03685
-0.04427
-0.05216
-0.05908
-0.06245
-0.06261
-0.06214
-0.06167
-0.06141
-0.0607
-0.05865
-0.05565
-0.05281
-0.04991
-0.04558
-0.03817
-0.0298
-0.02147
-0.0131
-0.00476
0.00343
0.01178
0.02034
0.02742
0.02697
0.01697
0.0042
-0.00852
-0.02176
-0.03415
-0.04319
-0.04905
-0.05404
-0.05758
-0.06005
-0.06213
-0.06435
-0.06684
-0.06972
-0.07267
-0.07654
-0.08076
-0.08043
-0.0688
-0.05324
-0.03807
-0.02235
-0.00618
0.00849
0.01716
0.02236
0.02693
0.03034
0.03249
0.03412
0.0358
0.03752
0.03927
0.04086
0.04254
0.04452
0.04622
0.04517
0.04065
0.03505
0.02966
0.02397
0.01811
0.01301
0.01076
0.0098
0.00932
0.00931
0.0079
0.00105
-0.00887
-0.01783
-0.02126
-0.01853
-0.01407
-0.00927
-0.00512
-0.00475
-0.00848
-0.01329
-0.01806
-0.02306
-0.02812
-0.03234
-0.0348
-0.03694
-0.03929
-0.04085
-0.03971
-0.03727
-0.03486
-0.0324
-0.02966
-0.02692
-0.02597
-0.02864
-0.03251
-0.03634
-0.04035
-0.04433
-0.04814
-0.05137
-0.05452
-0.05755
-0.05877
-0.05618
-0.05238
-0.04877
-0.04516
-0.04122
-0.03675
-0.03387
-0.03618
-0.04097
-0.0458
-0.05108
-0.05644
-0.06086
-0.062
-0.06228
-0.06297
-0.06212
-0.0561
-0.04739
-0.03855
-0.02953
-0.02063
-0.01226
-0.0049
0.00257
0.01041
0.01661
0.0176
0.0165
0.0155
0.01427
0.01315
0.01296
0.01457
0.0167
0.01883
0.02096
0.02311
0.02526
0.02742
0.02957
0.03175
0.03389
0.03606
0.03826
0.04037
0.04239
0.04469
0.04731
0.04909
0.04709
0.04161
0.03514
0.02843
0.02233
0.01905
0.01838
0.0183
0.01821
0.01816
0.01815
0.018
0.01757
0.0171
0.01689
0.01669
0.01499
0.0102
0.00432
-0.00146
-0.00732
-0.01307
-0.0189
-0.02479
-0.03093
-0.03671
-0.04036
-0.04161
-0.04222
-0.04282
-0.04374
-0.04427
-0.0448
-0.04446
-0.0421
-0.03891
-0.03599
-0.03316
-0.02935
-0.0226
-0.0149
-0.00727
0.00041
0.00803
0.01553
0.02307
0.03076
0.03817
0.04392
0.04775
0.0513
0.05399
0.05278
0.04866
0.04402
0.03942
0.03472
0.03011
0.02557
0.02107
0.01636
0.0116
0.00818
0.00822
0.00965
0.01211
0.01643
0.0212
0.02588
0.03064
0.03556
0.03965
0.04109
0.04084
0.04035
0.03984
0.03933
0.0387
0.03799
0.0372
0.03694
0.038
0.03947
0.04077
0.04228
0.04402
0.04495
0.04234
0.03655
0.03007
0.02374
0.01753
0.01148
0.00558
-0.00035
-0.0064
-0.01155
-0.01365
-0.01345
-0.01296
-0.01244
-0.01187
-0.0112
-0.01073
-0.01034
-0.00933
-0.00677
-0.00376
-0.00066
0.00228
0.004
0.00379
0.00295
0.00219
0.00141
0.00065
-0.0001
-0.00082
-0.00162
-0.00252
-0.00339
-0.00415
-0.00507
-0.00649
-0.0081
-0.00962
-0.01107
-0.0124
-0.01371
-0.01498
-0.01624
-0.01716
-0.01711
-0.01632
-0.0154
-0.01449
-0.0136
-0.01272
-0.01184
-0.01095
-0.01017
-0.00975
-0.00945
-0.0092
-0.00899
-0.00854
-0.00734
-0.0057
-0.00413
-0.00267
-0.00131
-0.00001
0.00125
0.00246
0.00326
0.00291
0.00207
0.00126
0.00058
0.00042
0.00087
0.00143
0.00191
0.00236
0.00279
0.00315
0.00323
0.00292
0.0025
0.00213
0.00179
0.00146
0.00112
0.00088
0.00096
0.00139
0.00182
0.00217
0.00243
0.00262
0.00273
0.00279
0.00281
0.00272
0.00234
0.0017
0.00103
0.00044
-0.00009
-0.00056
-0.00098
-0.00135
-0.00167
-0.00192
-0.00213
-0.00229
-0.00244
-0.00256
-0.00266
-0.00273
-0.00279
-0.00283
-0.00287
-0.00289
-0.00291
-0.00291
-0.00292
-0.00291
-0.00289
-0.00284
-0.00279
-0.00275
-0.00272
-0.00269
-0.00267
-0.00264
-0.00262
-0.0026
-0.00257
-0.00255
-0.00253
-0.0025
-0.00247
-0.00243
-0.00239
-0.00234
-0.00229
-0.00224
-0.00218
-0.00212
-0.00205
-0.00199
-0.00192
-0.00184
-0.00177
-0.00169
-0.00161
-0.00153
-0.00145
-0.00136
-0.00128
-0.00119
-0.0011
-0.00101
-0.00091
-0.00082
-0.00072
-0.00062
-0.00052
-0.00042
-0.00032
-0.00021
-0.00011