0.005
0.0003332146
0.0003321591
0.0003311369
0.0003300836
0.0003290458
0.0003279894
0.0003269349
0.0003258645
0.0003247474
0.0003234241
0.0003220066
0.0003205445
0.0003187633
0.0003172886
0.0003167343
0.0003159831
0.0003152809
0.0003170616
0.0003180165
0.0003190936
0.0003220736
0.0003233511
0.0003220456
0.0003184342
0.0003123228
0.0003073864
0.0003032258
0.0002985321
0.0002856294
0.0002650447
0.0002594421
0.0002580323
0.000251981
0.0002661456
0.0002677391
0.0002711311
0.0002686368
0.0002234983
0.0002241584
0.0002942526
0.0003471379
0.0003860669
0.0004475015
0.0004849773
0.0004510023
0.0003759732
0.0003148876
0.0001895753
7.719433E-05
6.841628E-05
8.188306E-05
5.173978E-05
-5.074007E-05
-9.296489E-05
-0.0001189273
-0.0001618053
-0.0001615171
-9.054824E-06
0.0001816322
0.0003433623
0.0005026025
0.0005990166
0.0007307433
0.0008641407
0.0008181963
0.0005675668
0.0002223955
2.208657E-05
-0.0002134452
-0.0006544307
-0.000784589
-0.0005227516
-0.0001775275
0.0001283248
0.0005383903
0.001023035
0.001507697
0.001814181
0.001578712
0.001120208
0.001189563
0.00134755
0.001108217
0.001005451
0.00116205
0.001158635
0.001072228
0.0009167527
0.0009366528
0.001112345
0.001316478
0.001495863
0.001552003
0.0009968138
0.0004724022
-0.0004598075
-0.001515724
-0.002137924
-0.002697393
-0.002943819
-0.003900394
-0.005187925
-0.005959645
-0.005352697
-0.004099177
-0.002262138
8.304272E-05
0.002016923
0.003457405
0.004322379
0.004691085
0.004389681
0.003811915
0.0034165
0.002177942
0.0004330907
-0.001559365
-0.003932116
-0.005828947
-0.007257492
-0.008413653
-0.00808847
-0.006382894
-0.004485869
-0.002632858
-3.916602E-05
0.002822025
0.004335371
0.005932651
0.005753836
0.002488832
-0.001049917
-0.002846838
-0.004042991
-0.002791986
-0.0006495365
0.0005568703
0.002131448
0.004299333
0.003964494
0.001419077
0.0008761238
0.002170021
0.00186744
0.0009864864
0.0004045383
0.0009242917
0.003295099
0.005185988
0.006107015
0.005684866
0.003376301
0.0008121856
-0.0004209539
0.001781403
0.00452731
0.005174731
0.005334492
0.006341894
0.007641267
0.007732866
0.006304687
0.004900415
0.003829769
0.002200811
-0.0005141071
-0.003503222
-0.004361439
-0.0003580408
0.005825395
0.01048641
0.01317744
0.0158245
0.01638379
0.01276687
0.009155794
0.009273243
0.0093614
0.006922829
0.003297747
2.03461E-05
-0.005052385
-0.009792068
-0.01106424
-0.01020584
-0.009222778
-0.006310914
-0.00270874
0.001609105
0.005676569
0.00655717
0.006480271
0.006550002
0.005878869
0.005761852
0.001443819
-0.005323351
-0.008092061
-0.01012731
-0.01276506
-0.0144786
-0.01321747
-0.007904446
-0.002307763
-0.0006777091
0.002188016
0.006581895
0.007393175
0.006386762
0.002943018
-0.002593408
-0.006436594
-0.009663121
-0.01104145
-0.008080906
-0.003372666
0.001832508
0.006781731
0.01030299
0.01266353
0.0137589
0.01155289
0.01051964
0.009313481
0.003437871
-0.004822175
-0.009893067
-0.01010279
-0.007142143
-0.005829798
-0.007804288
-0.0090082
-0.007187909
-0.007489588
-0.007555955
-0.005480224
-0.00471908
-0.005560853
-0.005765769
-0.003088134
0.0009689666
0.00437123
0.00650563
0.006295739
0.003705592
0.001804766
0.003563841
0.004825287
0.0007477471
-0.006500643
-0.01405837
-0.02232098
-0.02909933
-0.03008291
-0.03243131
-0.03538768
-0.03582067
-0.03224562
-0.02290017
-0.007478005
0.01088965
0.02701299
0.03913852
0.04428944
0.04548915
0.03901585
0.02669054
0.01405843
0.004360053
-2.098813E-05
0.001567279
0.002806633
-0.00133783
-0.003399068
-0.0005433559
0.001608086
-0.00360635
-0.009443951
-0.01081042
-0.01110761
-0.01313637
-0.01243949
-0.008248053
-0.003460693
0.002566507
0.002353013
-0.006218742
-0.0150705
-0.02077497
-0.02639888
-0.03030464
-0.03061287
-0.03207415
-0.03342532
-0.03018476
-0.0249005
-0.01699318
-0.005894428
0.004485955
0.009322805
0.01488739
0.02303422
0.02752572
0.024686
0.01867189
0.01480541
0.01043703
0.005845955
0.006896885
0.0117221
0.01281779
0.00980975
0.00462099
0.0004732162
-0.003962552
-0.009970243
-0.01695964
-0.02279071
-0.02353005
-0.02238923
-0.0218912
-0.01938429
-0.01427384
-0.008574027
-0.005368898
-0.005912679
-0.008477548
-0.008672315
-0.009018228
-0.01036169
-0.004055512
0.005697216
0.008327007
0.00643072
-0.00557424
-0.01789179
-0.02473379
-0.02882884
-0.03408298
-0.03079256
-0.01585543
-0.002228545
0.001000678
0.005997193
0.008108648
-0.008307906
-0.02414988
-0.02379262
-0.01522972
0.004851909
0.03028688
0.04619391
0.04420726
0.02277213
-0.0006913479
-0.0198101
-0.03143856
-0.04143839
-0.05237791
-0.0538869
-0.03818227
-0.01235163
0.01821931
0.03907732
0.06104365
0.07899276
0.06461117
0.02003902
-0.008933968
-0.02992051
-0.04700477
-0.04046874
-0.03133723
-0.02618906
-0.0108481
0.008452973
0.01672195
0.01763016
0.0210006
0.02389188
0.02231522
0.01692392
0.01643448
0.01642076
0.009130642
-0.002482103
-0.01563849
-0.02586357
-0.02799985
-0.02463222
-0.01063255
0.01200554
0.03081105
0.03678723
0.03321066
0.01963372
-0.006916496
-0.02448976
-0.02302684
-0.01546143
-0.001978674
0.01642733
0.02946559
0.03248174
0.0310845
0.01836969
0.003616646
-0.006241808
-0.004963596
-0.003497548
-0.003472822
-0.000398
0.003030392
0.005151113
0.01163189
0.01805183
0.02498474
0.03430889
0.03662584
0.03158791
0.02262857
0.01094622
0.008177378
0.01646324
0.02969822
0.04008826
0.04316126
0.04441906
0.04643291
0.04721603
0.04003274
0.02505272
0.00196558
-0.02940639
-0.05328863
-0.06336834
-0.0653797
-0.05244553
-0.02487032
0.004887189
0.03628004
0.05030895
0.04323984
0.025756
0.001352255
-0.02397677
-0.04423081
-0.05270511
-0.03983156
-0.01339642
0.007295181
0.01371273
0.01912011
0.01621146
0.007167624
0.00512072
0.01053307
0.02133296
0.0282831
0.0289436
0.02313719
0.01542325
0.00615125
0.0007580186
-0.000334825
-0.0009354271
0.001515346
0.005374075
0.003106047
-0.002196387
-0.004387836
-0.002561803
0.006399455
0.01626695
0.02433805
0.03703156
0.05093069
0.05783017
0.056558
0.04330674
0.02863088
0.009061656
-0.01503338
-0.03111177
-0.04121512
-0.04660157
-0.05276722
-0.06126526
-0.06610081
-0.06097656
-0.04290827
-0.01588687
0.006018281
0.01540529
0.02110168
0.02608472
0.02301851
0.01547665
0.006962002
-0.0006504771
0.005928652
0.01705727
0.01472403
0.006734376
9.873113E-05
-0.01136583
-0.0250335
-0.03354261
-0.02672429
-0.008928728
0.005104148
0.01293871
0.01725768
0.01347084
-0.001618228
-0.02078553
-0.03737218
-0.0491855
-0.0604044
-0.06163656
-0.04236079
-0.01177869
0.01994102
0.0503793
0.0754811
0.08573771
0.08303279
0.06883152
0.04678026
0.02173
-0.01106309
-0.05801122
-0.0801626
-0.09314734
-0.09843346
-0.08089237
-0.05958694
-0.05677314
-0.05654531
-0.05759769
-0.06308674
-0.06038848
-0.0393684
-0.007167526
0.02278112
0.04517033
0.0551773
0.04855086
0.02508261
-0.01194872
-0.04804405
-0.07020001
-0.07452562
-0.06724039
-0.04554579
-0.01394547
0.01884587
0.03363671
0.0331422
0.02662886
0.0114534
-0.008735948
-0.0351049
-0.06166541
-0.06752993
-0.04960263
-0.01644879
0.01976732
0.04222767
0.04953213
0.04487608
0.02972022
0.001302768
-0.0356559
-0.07007454
-0.099799
-0.1157195
-0.1154835
-0.1062392
-0.08141975
-0.04224852
-0.003359343
0.028006
0.04418117
0.04065982
0.02685498
0.006555488
-0.01862164
-0.03646626
-0.04478155
-0.04927604
-0.04512948
-0.03788225
-0.03828981
-0.04328504
-0.04517474
-0.03059204
0.001889672
0.02628189
0.0238165
0.006876472
-0.01138882
-0.0341094
-0.05400851
-0.06065364
-0.05758675
-0.05094419
-0.03520388
-0.01632326
0.01328828
0.0569304
0.09588202
0.1285714
0.1412206
0.1297047
0.1050597
0.07796726
0.05394816
0.03530895
0.02269589
0.008227813
-0.006675065
-0.01249031
-0.007930347
0.002285091
0.01507229
0.03954391
0.06096369
0.06900795
0.07631362
0.08200236
0.08540153
0.08745623
0.07604857
0.05214368
0.02714403
0.0107193
-0.01186482
-0.03642407
-0.05645422
-0.06829007
-0.0740936
-0.06973458
-0.05062343
-0.01476509
0.03411052
0.06986721
0.0876984
0.07284044
0.0469307
0.03627849
0.02487278
-0.001628072
-0.03228944
-0.05033575
-0.046522
-0.0265373
-0.002228767
0.0179925
0.03030746
0.03268568
0.02872
0.02070525
0.008869775
-0.009133401
-0.02449581
-0.03388896
-0.039776
-0.04518891
-0.04441352
-0.03473599
-0.02625163
-0.02359601
-0.02127837
-0.01760326
-0.006031237
0.00820303
0.008421633
-0.008278564
-0.02285897
-0.02422368
-0.02315856
-0.01697205
-0.004409203
0.005150329
0.008120275
0.007732811
-0.008291056
-0.0351875
-0.06158318
-0.07955888
-0.0898655
-0.08966354
-0.08414675
-0.07772428
-0.06925542
-0.046632
-0.01701032
0.01272711
0.04333142
0.0605201
0.04734801
0.01833412
0.002628292
0.006995073
0.01183653
-0.004517403
-0.03503401
-0.05183728
-0.04929065
-0.04613136
-0.04336601
-0.03541127
-0.02308185
-0.008328691
0.008962121
0.03594339
0.07905284
0.1134621
0.1084574
0.06646231
0.01557828
-0.02052863
-0.036578
-0.036326
-0.02960377
-0.02601368
-0.01755154
-0.00335491
0.007704267
0.01430009
0.01198251
1.424556E-05
-0.01460311
-0.01762613
-0.01263765
0.001797577
0.02344608
0.04660052
0.07570788
0.1044702
0.1133351
0.09612926
0.06226482
0.03456587
0.02945107
0.03550173
0.035311
0.02346438
0.01949191
0.01966443
-0.0009099837
-0.03108996
-0.04241863
-0.02223206
0.02247767
0.04335124
0.03385856
0.0290476
0.03487472
0.04712594
0.04651388
0.0259368
-0.007115649
-0.04951343
-0.07806651
-0.08778877
-0.08601368
-0.07735473
-0.06263976
-0.03818411
-0.01199942
0.004772289
0.02443862
0.06008877
0.09191275
0.09388441
0.06287616
0.02410776
0.007146146
-0.002141239
-0.02595551
-0.05047291
-0.0574832
-0.03614119
-0.002859651
0.01197418
0.00141615
-0.01457791
-0.0365201
-0.06374043
-0.08319777
-0.06399616
0.0006098923
0.08470339
0.1470237
0.1391441
0.07834303
0.02309096
-0.01574078
-0.0507608
-0.07096985
-0.06389111
-0.03422703
-0.007413746
-0.007929461
-0.03672024
-0.06397829
-0.06634215
-0.06677528
-0.05641602
-0.02008542
0.0199093
0.02867316
0.01389386
-0.004642694
-0.02906042
-0.06366034
-0.09852676
-0.1215099
-0.1213746
-0.09139367
-0.05499629
-0.03388105
-0.02190156
-0.01424607
-0.002715405
0.03275895
0.07506708
0.09215149
0.08225387
0.07101975
0.07047084
0.06833949
0.04709324
0.008573029
-0.03461034
-0.05436545
-0.0455169
-0.02361477
-0.003696006
0.01870572
0.04178178
0.05244504
0.04614065
0.01483787
-0.02696323
-0.03815137
-0.01739012
0.009580244
0.02270109
0.0332133
0.06048289
0.1028711
0.1343047
0.1287664
0.09483585
0.06192315
0.02455601
-0.007372565
-0.01874471
-0.01451438
0.01514131
0.056549
0.07298286
0.05507153
0.005258547
-0.0483717
-0.07492461
-0.07062124
-0.06852054
-0.07656296
-0.07951673
-0.06971385
-0.05443907
-0.04719779
-0.05354586
-0.06965487
-0.07310367
-0.05656566
-0.03463589
-0.02149113
-0.006094193
0.01766221
0.04247707
0.06951329
0.09084701
0.09578852
0.07895212
0.04762245
0.03367854
0.04163335
0.04742489
0.03531449
0.006695664
-0.01775151
-0.02722068
-0.02215838
-0.01199819
-0.005517245
-0.02540674
-0.06638867
-0.09000172
-0.08473168
-0.05668364
-0.0259715
-0.01646535
-0.01660423
-0.00381108
0.006505896
-0.007656347
-0.02781589
-0.02224418
0.01434759
0.0533076
0.06516987
0.05258753
0.03373563
0.02385739
0.02304152
0.03002888
0.02887627
0.0107036
-0.009696886
-0.02111708
-0.01906272
-0.01468697
-0.02426155
-0.04670968
-0.07877072
-0.09890413
-0.08962967
-0.06648232
-0.04288459
-0.01992742
0.01001338
0.02856921
0.01021906
-0.03222516
-0.06925541
-0.0883379
-0.09607669
-0.1011496
-0.08917296
-0.04216387
0.02915643
0.09415575
0.1391882
0.1663585
0.1713967
0.1436403
0.07819215
-0.01086018
-0.08729214
-0.1141168
-0.1143571
-0.1206997
-0.1077889
-0.06367482
-0.009512949
0.02959646
0.03367513
0.008533557
-0.0274758
-0.07393154
-0.1131742
-0.1160371
-0.09774302
-0.09339355
-0.1056739
-0.1252957
-0.1396578
-0.1212385
-0.06647179
0.01709207
0.116983
0.1813167
0.20315
0.1825956
0.09615388
-0.03637777
-0.1079798
-0.1198159
-0.09471142
0.00940616
0.093026
0.04876266
-0.03504001
-0.0860509
-0.104171
-0.09033692
-0.03026473
0.07023301
0.1701459
0.2124294
0.1984804
0.1679491
0.1368454
0.1047936
0.06045284
0.01247051
-0.02746887
-0.05026496
-0.06368749
-0.08616304
-0.1118518
-0.1318992
-0.1154731
-0.03769363
0.06534229
0.1113332
0.09657584
0.06834193
0.02980069
-0.04416891
-0.1370607
-0.177153
-0.1715901
-0.1703418
-0.1849576
-0.1902738
-0.1691342
-0.1221456
-0.06202877
-0.01681197
0.02698355
0.1141627
0.1809667
0.2115547
0.2261296
0.2114374
0.1599641
0.08707538
-0.009172239
-0.1218009
-0.130596
-0.1601834
-0.2255656
-0.1991306
-0.09001941
-0.009999796
0.03112332
0.07022365
0.08993836
0.09008134
0.0692139
0.02211886
-0.03939691
-0.08146592
-0.07999352
-0.0650759
-0.05795005
-0.02145891
0.0634915
0.1384245
0.1293334
0.05475144
-0.01544368
-0.04870478
-0.03914361
-0.02538371
-0.01940315
-0.00591629
0.01436049
0.04120163
0.06987453
0.07271229
0.0582998
0.01875444
-0.03594775
-0.07794979
-0.1003381
-0.06976676
0.03813023
0.1415385
0.1699404
0.1492516
0.1060349
0.02386967
-0.08254356
-0.1740233
-0.2582629
-0.330573
-0.3957024
-0.3880012
-0.2795198
-0.07816214
0.05739776
0.1382763
0.2180692
0.2637913
0.250818
0.1986135
0.1298134
0.04512872
-0.04718593
-0.1304317
-0.1860566
-0.2055133
-0.1795973
-0.1133289
0.008151204
0.04781094
-0.02341904
-0.07254099
-0.05716241
-0.0216623
0.006563786
0.02833359
0.05112008
0.06781225
0.09396677
0.1175486
0.118811
0.10675
0.09238237
0.05712617
-0.005985633
-0.05894966
-0.05860117
-0.01719853
0.02677655
0.05394343
0.07840308
0.10544
0.1206296
0.1405839
0.1706089
0.1812295
0.1522602
0.08914304
0.04039285
0.03616776
0.06215923
0.08639819
0.09300333
0.08040772
0.05722614
0.0340438
0.008654459
-0.0152535
-0.01735742
0.04390277
0.1800452
0.3273456
0.3659288
0.283487
0.2193929
0.1640182
0.07686478
0.005961754
-0.01784415
-0.02382151
-0.03001551
-0.03256336
-0.01971143
0.02917793
0.1167878
0.234794
0.3213759
0.3119972
0.2680432
0.2414029
0.2183909
0.1786058
0.1171041
0.04338312
-0.01230115
-0.03848835
-0.04042688
-0.02502247
-0.0003452593
0.03131959
0.07105867
0.1003626
0.1210455
0.1217118
0.0756226
0.00469864
-0.04780759
-0.06470973
-0.04702086
0.0004698139
0.07095179
0.1572779
0.2092057
0.1829465
0.09970221
-0.006167407
-0.08015454
-0.07375915
-0.01231056
0.08626203
0.1860454
0.2170315
0.2133809
0.212259
0.1861952
0.1322137
0.09105696
0.08993331
0.1104914
0.1335596
0.1328161
0.101622
0.05182687
-0.0005574821
-0.04245466
-0.06183385
-0.05437915
-0.04839489
-0.06883676
-0.08746342
-0.06398711
-0.009927519
0.01662466
-0.02412533
-0.09354643
-0.1116999
-0.0392733
0.07533072
0.1381899
0.1492364
0.1617806
0.189734
0.185543
0.1342959
0.06246942
-0.01201824
-0.07549369
-0.1277854
-0.1533209
-0.1306323
-0.07920543
-0.04037833
-0.04605903
-0.06257449
-0.06951003
-0.06877792
-0.04143552
0.04573859
0.1492375
0.1627886
0.07849248
-0.002121166
-0.04565506
-0.09523602
-0.1641354
-0.2345341
-0.2603143
-0.237779
-0.1974423
-0.1659861
-0.1449816
-0.1028572
-0.08630514
-0.09325559
-0.09268078
-0.09789673
-0.1210445
-0.1628075
-0.2244743
-0.2545962
-0.2371443
-0.1600094
-0.01966782
0.1557554
0.2037368
0.1879123
0.1922554
0.1663789
0.1095039
0.07165318
0.05451989
0.02237819
-0.02588052
-0.06916326
-0.09582636
-0.08696893
-0.05543004
-0.03994665
-0.0264162
0.02213538
0.1124918
0.1661338
0.1235485
0.08619532
0.0758295
0.04877353
0.006288951
-0.04885184
-0.07605911
-0.05928149
-0.0274843
0.01144434
0.05395348
0.07506078
0.06335571
0.06219555
0.09894018
0.165307
0.2002891
0.1536785
0.09583978
0.09357298
0.1224242
0.1523909
0.1624158
0.12441
0.04634356
-0.02725549
-0.04866048
-0.03878529
-0.05391544
-0.08852461
-0.1069139
-0.08912251
-0.03810966
0.01758306
0.03886632
0.02740134
0.02707606
0.04724291
0.0712379
0.06557498
0.01993979
-0.03922006
-0.09554172
-0.1496557
-0.1879218
-0.2091746
-0.2387475
-0.2667881
-0.2150264
-0.08835461
0.04060112
0.04032168
0.01034218
0.02120513
0.001392545
-0.04347516
-0.06115657
-0.05852662
-0.06546313
-0.08827621
-0.106821
-0.1087818
-0.1025029
-0.09315517
-0.09265232
-0.1022421
-0.1040545
-0.07462988
-0.01650392
0.01090039
-0.04919724
-0.1428546
-0.1865153
-0.1767199
-0.1420673
-0.09418718
-0.0653099
-0.05567709
-0.03407571
0.01202421
0.04696558
0.0546354
0.05474174
0.07121215
0.1029779
0.1241913
0.1126928
0.06881266
0.01825004
-0.01627395
-0.04025813
-0.0632011
-0.08364271
-0.1056908
-0.1304464
-0.1457385
-0.130157
-0.07523357
-0.002087634
0.04978655
0.03988266
0.01619827
0.02906904
0.05814181
0.06297409
0.02873267
-0.01182103
-0.03336368
-0.03386194
-0.0349784
-0.04822045
-0.06151364
-0.06342678
-0.03369709
0.02685973
0.09088313
0.132133
0.1437113
0.1312511
0.08885833
0.05086608
0.02345508
-0.01726144
-0.05159579
-0.07036028
-0.06997352
-0.03092047
0.04801721
0.1386527
0.2293059
0.2795167
0.2423978
0.1618218
0.1020436
0.06278935
0.01498556
-0.05916766
-0.1349743
-0.1791119
-0.170317
-0.1280929
-0.05206852
0.01460394
0.05232435
0.08758052
0.1196576
0.1348026
0.1529803
0.173721
0.1824752
0.1651767
0.1160079
0.04317061
-0.03283701
-0.08538302
-0.1072563
-0.1040209
-0.07574686
-0.0307413
0.01646976
0.05756697
0.1112251
0.1617759
0.1442998
0.07900613
0.008954149
-0.04580208
-0.06985036
-0.0775692
-0.07467644
-0.03001651
0.05009544
0.1188291
0.1389664
0.1199559
0.08072116
0.02882985
-0.03088047
-0.07763517
-0.09420736
-0.08598808
-0.04653874
0.03116631
0.1128087
0.1120231
0.06464628
0.03727282
0.01988777
0.002369779
-0.01378741
-0.04109635
-0.07971607
-0.116312
-0.1411672
-0.1396475
-0.09581246
-0.01511719
0.07191589
0.1047024
0.04661469
-0.01405003
-0.02544755
-0.03131578
-0.06302732
-0.11393
-0.156402
-0.1631161
-0.1437349
-0.1303489
-0.1310664
-0.1375844
-0.146821
-0.1489437
-0.1363451
-0.120245
-0.09696289
-0.06227181
-0.02315446
-0.00133118
-0.0002681529
0.0122798
0.02940446
0.02290645
-0.003804717
-0.03016681
-0.05082035
-0.06797233
-0.08799625
-0.1082808
-0.1114927
-0.08698351
-0.06115056
-0.06337895
-0.09702388
-0.1302284
-0.1356941
-0.1206909
-0.1067313
-0.1134912
-0.1312155
-0.1228942
-0.08974836
-0.05787344
-0.036941
-0.0287547
-0.02765251
-0.02785337
-0.02440599
-0.02886179
-0.04873273
-0.06861006
-0.06546341
-0.04813239
-0.03939964
-0.03812529
-0.03972887
-0.03751518
-0.02098765
0.01068254
0.04004691
0.05131787
0.04359958
0.04024735
0.05003934
0.05511855
0.04300106
0.02395768
0.01171074
0.0105359
0.01838754
0.02150618
0.002712603
-0.02246924
-0.0372161
-0.0514583
-0.07397625
-0.09415133
-0.0979866
-0.07602804
-0.03622897
0.002401482
0.03400637
0.04919865
0.04836096
0.04985062
0.06561485
0.09529192
0.1236408
0.1401199
0.137895
0.1103039
0.0700471
0.03497622
0.01212235
0.01058127
0.02646252
0.03388319
0.0254131
0.01193532
-0.0008810951
-0.007302353
0.01129918
0.04857012
0.07716398
0.07995368
0.05655766
0.02688188
0.01473628
0.01897478
0.02765728
0.02936387
0.03153873
0.05599913
0.1104209
0.1432138
0.1403452
0.1254773
0.09565315
0.05263333
0.01695999
-0.01528797
-0.04241206
-0.05087776
-0.04158623
-0.03000457
-0.02566954
-0.03358754
-0.04496243
-0.04911767
-0.04621066
-0.04818403
-0.06008274
-0.07384172
-0.07652136
-0.05872312
-0.04850274
-0.07669847
-0.1171282
-0.1200002
-0.07961102
-0.009592232
0.04647466
0.0666555
0.07552826
0.09214113
0.09315858
0.04873802
-0.02484187
-0.08881938
-0.1364024
-0.1586447
-0.1482202
-0.1047288
-0.04934962
-0.01978317
-0.01016828
0.002682348
0.00510572
-0.0107544
-0.03683191
-0.06298509
-0.08142712
-0.09576622
-0.09512592
-0.07823314
-0.05114872
-0.02165088
-0.0005700173
0.02778524
0.06578099
0.08054738
0.07693347
0.06644982
0.04527771
0.02520696
0.002737151
-0.02765646
-0.0408141
-0.03408002
-0.01191648
0.01819373
0.03988637
0.04353768
0.03831049
0.02042728
-0.008719978
-0.03599869
-0.05093303
-0.05646397
-0.06224994
-0.06179459
-0.0493131
-0.03795832
-0.04195192
-0.05732695
-0.06644169
-0.0540692
-0.02321977
0.01008056
0.03201178
0.04274947
0.05069244
0.06123463
0.07005575
0.07169928
0.0622177
0.05254813
0.06078329
0.07936015
0.09472618
0.1017762
0.1035926
0.08460842
0.06025593
0.06360583
0.07379744
0.06150505
0.03496402
0.02087365
0.02708123
0.04047451
0.04319817
0.03559356
0.03264907
0.04274124
0.05550684
0.058078
0.04644412
0.04274678
0.05759414
0.07310823
0.08154739
0.08461198
0.08849861
0.0889698
0.07707306
0.05589795
0.02628385
-0.005228321
-0.02607562
-0.02876287
-0.02818964
-0.0391418
-0.06168243
-0.07655302
-0.07361269
-0.05163333
-0.02119589
0.005457547
0.01919828
0.02190449
0.02648365
0.0142513
-0.02528856
-0.04959118
-0.04001441
-0.02723831
-0.03457786
-0.06258014
-0.08715029
-0.08887442
-0.06870032
-0.04326239
-0.02637875
-0.009462786
0.006355119
0.01589997
0.03058434
0.0388258
0.02873438
0.004300735
-0.01783731
-0.02980071
-0.04140321
-0.05319893
-0.06071957
-0.07149702
-0.08460894
-0.09531766
-0.1005006
-0.100354
-0.08885458
-0.07344795
-0.07386131
-0.08498975
-0.08846422
-0.08089653
-0.07712056
-0.07470271
-0.07102722
-0.06650675
-0.06282132
-0.05493625
-0.05014567
-0.05630334
-0.06250855
-0.06204068
-0.05900013
-0.05991351
-0.06842843
-0.08054813
-0.08015656
-0.07144434
-0.06905099
-0.07567154
-0.08470579
-0.0890441
-0.09201582
-0.09938985
-0.1081497
-0.1134725
-0.1210059
-0.1294801
-0.1250857
-0.1138197
-0.1090681
-0.1109569
-0.1169682
-0.1208623
-0.1150885
-0.1017695
-0.08365126
-0.04803679
0.001505119
0.02673332
0.02292325
0.02236822
0.02543649
0.01542937
0.0009601924
-0.01250692
-0.02510504
-0.02916568
-0.02210141
-0.01187412
0.001300596
0.01279088
0.01007494
-0.00257289
-0.008240577
-0.003975431
-0.001957968
-0.0180616
-0.04943867
-0.06901478
-0.07179246
-0.06749504
-0.0654946
-0.07318048
-0.08535252
-0.08105676
-0.06137435
-0.04859431
-0.04655644
-0.03577618
-0.01846095
-0.01659083
-0.03653303
-0.05874976
-0.0662731
-0.05821031
-0.04750715
-0.03087986
-0.01115845
-0.003139241
0.003234184
0.01856954
0.03487484
0.0557082
0.08124758
0.09406775
0.1018117
0.1080389
0.1157493
0.1222028
0.1215715
0.1120388
0.09106104
0.06141272
0.03978141
0.02401058
0.005337975
-0.0005994854
0.005833903
0.02285707
0.0484451
0.06570037
0.06995158
0.07936736
0.0870464
0.08595806
0.08435614
0.0848392
0.08308124
0.08112121
0.08027503
0.07812891
0.07145777
0.05532179
0.03984758
0.03638391
0.03465876
0.03818338
0.0449662
0.05421528
0.06423466
0.06545495
0.0478157
0.02858584
0.03147912
0.04866809
0.05615668
0.05281925
0.05458191
0.06423766
0.06858642
0.06971752
0.06832838
0.06353251
0.06363731
0.07087673
0.07661576
0.07974855
0.08048701
0.08194517
0.07766018
0.0708289
0.06387068
0.05206182
0.02852781
0.01555548
0.01262707
0.004985338
0.004355411
0.01342618
0.02509348
0.03051914
0.03971073
0.04623177
0.04148601
0.03798798
0.04960317
0.06743929
0.07313194
0.06733987
0.05295987
0.03477781
0.01623408
0.007363868
0.0238981
0.04922559
0.06356215
0.06729677
0.07568577
0.07433648
0.05460277
0.03198678
0.02465498
0.03051272
0.04318952
0.06463087
0.09249098
0.1049134
0.1015895
0.08758569
0.0686778
0.05059156
0.04308315
0.04648344
0.0452975
0.03988354
0.02961534
0.01682674
0.009861102
0.01285003
0.02866478
0.04759859
0.06327569
0.07158085
0.06431134
0.04757261
0.03152287
0.02126479
0.01429165
0.009583111
0.005116321
-0.006800166
-0.02268706
-0.04126844
-0.0576069
-0.06320981
-0.06429908
-0.05995742
-0.0572478
-0.05897293
-0.05839024
-0.05192827
-0.04507558
-0.04449116
-0.04434323
-0.0462905
-0.05542248
-0.06575388
-0.06976811
-0.0743042
-0.08652666
-0.09523012
-0.1012987
-0.1112529
-0.1162385
-0.1113369
-0.1033369
-0.09656274
-0.07979117
-0.05664067
-0.03605024
-0.02542829
-0.02722901
-0.02975144
-0.02909524
-0.03619513
-0.06178939
-0.08933164
-0.1006039
-0.1105003
-0.1098214
-0.08752457
-0.05723655
-0.04154132
-0.02982284
-0.03075426
-0.05010944
-0.06545454
-0.07157966
-0.07301315
-0.07139585
-0.06849482
-0.06465715
-0.05790689
-0.04752564
-0.03569821
-0.03040571
-0.03035083
-0.02906445
-0.03190771
-0.03574966
-0.03454407
-0.02868491
-0.0193051
-0.01013449
-0.006451791
-0.01553099
-0.02622911
-0.03136825
-0.03305862
-0.03630842
-0.0428515
-0.04771876
-0.05596508
-0.06453612
-0.06914314
-0.06143601
-0.04713813
-0.04105106
-0.04308533
-0.04885722
-0.0471944
-0.03420376
-0.02440608
-0.0245941
-0.02897406
-0.02953937
-0.02907588
-0.02784961
-0.02665639
-0.02349005
-0.01312046
-0.003725689
-0.001033351
-0.0005180255
-0.00343758
-0.009034409
-0.01738491
-0.02451143
-0.02676569
-0.02573672
-0.02049202
-0.00905877
0.002222869
0.006773945
0.003302226
-0.007908711
-0.01476271
-0.01552061
-0.01739542
-0.02109187
-0.02118302
-0.01309243
0.004271836
0.02456858
0.03386506
0.03505573
0.03893112
0.04012658
0.02956515
0.01154328
-0.003005704
-0.007495997
-0.009727797
-0.009353311
-0.01316953
-0.02840111
-0.0497238
-0.06717508
-0.07293884
-0.05610717
-0.0215952
-0.005883592
-0.001365195
0.008037308
0.01166583
-2.83879E-05
-0.02186309
-0.03122721
-0.0242034
-0.008922688
0.008179093
0.02866075
0.04160019
0.04142319
0.04487877
0.04427674
0.03028523
0.01609853
0.007911362
0.006442571
0.005171899
0.005673328
0.01495843
0.03249406
0.05735188
0.07706338
0.08293558
0.08181616
0.06897539
0.0510733
0.04352174
0.04139641
0.0354292
0.0248869
0.0153353
0.01473302
0.01813945
0.02402338
0.02662929
0.02501713
0.01982873
0.01747571
0.01640685
0.009079957
-0.001316977
-0.006115114
-0.009890573
-0.01084953
-0.009740679
-0.002982358
0.006857706
0.01925112
0.03196219
0.04103106
0.04312275
0.04075191
0.04016035
0.03933991
0.04317975
0.05453743
0.06824438
0.07703364
0.07138745
0.065289
0.06648868
0.06565581
0.05959371
0.05373919
0.05488349
0.06270247
0.06652754
0.0622719
0.0566551
0.05534145
0.05492215
0.05169386
0.04586102
0.03403361
0.02151876
0.0130509
0.008177986
0.00276476
0.00352032
0.01161781
0.01896969
0.02962585
0.0430193
0.04854662
0.04705848
0.03918531
0.03563944
0.03744426
0.03933237
0.04077234
0.04111355
0.0420188
0.04514481
0.04458714
0.03600099
0.03070134
0.03764437
0.05265772
0.06729278
0.07997305
0.08821941
0.08376318
0.06951982
0.05190884
0.03605176
0.01981375
0.004430822
0.006481389
0.01753269
0.0308955
0.04369666
0.04385632
0.03522233
0.0264146
0.01594862
-0.0002983506
-0.01783454
-0.0371304
-0.04962335
-0.05131917
-0.04491491
-0.03919396
-0.04003342
-0.041789
-0.04030948
-0.03805703
-0.03559356
-0.03784395
-0.04495607
-0.04778066
-0.04495249
-0.0424881
-0.04492615
-0.05063456
-0.05340656
-0.05435365
-0.05477437
-0.05237038
-0.04580097
-0.03098267
-0.01734121
-0.012954
-0.0112962
-0.01140722
-0.01362378
-0.01561486
-0.02025648
-0.03041617
-0.04015361
-0.04978428
-0.05923983
-0.06793948
-0.0771841
-0.08110808
-0.08175641
-0.08314166
-0.08570105
-0.08632135
-0.08276672
-0.07433629
-0.06027605
-0.04635661
-0.03056133
-0.01710743
-0.01135076
-0.008195655
-0.006874748
-0.01267395
-0.02533544
-0.03910854
-0.05506383
-0.06645779
-0.06703289
-0.06139229
-0.05449452
-0.04399117
-0.02535742
-0.005128194
0.005816876
0.01392283
0.0212954
0.01324038
-0.004968037
-0.01721879
-0.02656918
-0.03351306
-0.03087416
-0.01855036
-0.01144163
-0.01040734
-0.008323221
-0.004689929
-0.001018311
0.00121562
0.003958746
0.004159571
0.002898934
0.004449069
0.008543046
0.01106827
0.008869927
0.003186133
-0.002308223
-0.00184875
0.0008444304
0.00228722
0.004867538
0.007025504
0.006890198
0.003105332
0.001881696
0.00810449
0.01880841
0.03158664
0.03989654
0.0434034
0.04979741
0.05786765
0.05586617
0.04877847
0.04581243
0.04645373
0.04766156
0.05001061
0.04629964
0.0358899
0.02891539
0.02636273
0.02541746
0.0275974
0.03582473
0.04705605
0.05848825
0.06910536
0.07730693
0.08205537
0.0802839
0.07132615
0.0624574
0.05367095
0.04836589
0.04383246
0.04037682
0.03823723
0.03924889
0.0378131
0.03598116
0.04159403
0.05020169
0.05712513
0.06640535
0.07489815
0.0775704
0.07637686
0.07447422
0.07118644
0.0709971
0.07289606
0.07400989
0.07096449
0.06283472
0.05708346
0.05692736
0.0592712
0.06245931
0.06046465
0.05294708
0.04918575
0.05241712
0.05472759
0.05514754
0.05732897
0.05878377
0.05897294
0.05055705
0.03739293
0.0270752
0.01959589
0.01650122
0.01614117
0.01595825
0.01214331
0.007793691
0.01118755
0.01669668
0.01820214
0.01183829
0.003033155
-0.004839975
-0.0133816
-0.01987353
-0.02496373
-0.0276599
-0.023846
-0.01680675
-0.006800268
3.606753E-05
-0.0008651052
-0.002720751
0.001812188
0.009875552
0.009299925
-0.002608191
-0.0142619
-0.02126546
-0.02653962
-0.03137994
-0.03302393
-0.02761301
-0.02121469
-0.01540816
-0.006813273
-0.004275521
-0.01264426
-0.02205945
-0.02933123
-0.03380751
-0.03177245
-0.02627101
-0.02359766
-0.02470809
-0.02724963
-0.02785624
-0.0280259
-0.02906195
-0.0304997
-0.02870302
-0.02423114
-0.02118073
-0.01236874
-0.003164583
0.0009183636
0.001586697
-0.009001193
-0.02624127
-0.04061455
-0.05349983
-0.06357318
-0.0591131
-0.03455382
-0.004882163
0.006526846
0.005358727
0.003117856
-0.007243137
-0.01812894
-0.02542916
-0.02963469
-0.03548018
-0.03950426
-0.03731331
-0.0313417
-0.02369743
-0.01552576
-0.006249741
0.0002125796
0.007484664
0.01433653
0.01736691
0.01699505
0.01587323
0.01334416
0.01075651
0.009319849
0.00928657
0.01183348
0.01917964
0.02303189
0.02342779
0.02241613
0.01782613
0.01327773
0.01132583
0.009990407
0.006070034
4.262441E-05
-0.00439067
-0.009459701
-0.01978506
-0.02549909
-0.02266611
-0.01760997
-0.01674543
-0.01745423
-0.01494638
-0.007148607
-0.001787044
-0.006511496
-0.01716867
-0.02257211
-0.02364627
-0.02664206
-0.02429916
-0.01678157
-0.014368
-0.01476458
-0.0150392
-0.01562956
-0.01712312
-0.02019398
-0.02692989
-0.03180921
-0.03033268
-0.02785687
-0.03022151
-0.03310663
-0.03089684
-0.02218255
-0.01326274
-0.006894888
-0.003280154
-0.003084606
-0.01198384
-0.02613441
-0.03768054
-0.04856151
-0.05080536
-0.03885111
-0.02517437
-0.009553776
0.003753687
0.007029811
0.0101598
0.0132854
0.01113682
0.003099179
-0.00283301
-0.006772928
-0.01279854
-0.01528199
-0.01033559
-0.002601692
0.005770681
0.01383486
0.01842195
0.01627925
0.006882349
0.004229375
0.005163223
4.095913E-05
-0.008826773
-0.01851442
-0.02428079
-0.02281936
-0.01579512
-0.002572746
0.006013591
0.006210149
0.002487871
-0.000467891
0.0005121757
0.006747697
0.004467278
-0.006530804
-0.006800057
0.001784372
0.005763526
0.00961092
0.01799744
0.02798058
0.03753119
0.04349202
0.04381983
0.04116023
0.03985054
0.04211563
0.03985919
0.03686415
0.03707259
0.03681102
0.03251752
0.02946171
0.02591034
0.01766902
0.008728081
0.001443819
-0.004133431
-0.007338477
-0.001815882
0.007760648
0.01851512
0.02847455
0.03849339
0.04689449
0.04842665
0.04601601
0.03895446
0.02955968
0.01769008
0.00877025
0.004987097
0.002617537
0.007687084
0.01958407
0.02877151
0.03274392
0.03543077
0.0402003
0.04545622
0.04563152
0.04153785
0.03954396
0.0408625
0.03874171
0.03707963
0.03771809
0.03052367
0.02523018
0.02582815
0.02031283
0.01267833
0.008711604
0.005192168
0.005587304
0.009108798
0.01382785
0.0167529
0.01846752
0.02375236
0.02862759
0.02569996
0.01491396
0.005896338
0.002451072
0.0006107474
-0.00200048
-0.0001126715
0.003422928
0.007144226
0.0186733
0.03225381
0.03315695
0.02401519
0.01847099
0.02145314
0.02563256
0.02384059
0.01878095
0.01336056
0.009886758
0.01073361
0.008376898
0.003013393
0.002341494
0.003242549
0.006349375
0.007956032
0.007204989
0.008453066
0.006619767
0.00178216
-0.002231411
-0.005487021
-0.007401771
-0.009893396
-0.01340531
-0.01252963
-0.008097342
0.00179378
0.008080014
0.01248274
0.01431176
0.01007607
0.009632803
0.006781528
-0.0009509345
-0.00576466
-0.006277464
-0.003945756
-0.0008744803
0.005585627
0.01427318
0.02348178
0.02837387
0.02913457
0.02263154
0.014042
0.004453458
-0.007535617
-0.01632195
-0.02384753
-0.02313558
-0.0180996
-0.01654871
-0.01197778
-0.003891908
-9.46434E-05
-0.0005403601
-0.0006916525
-0.003561797
-0.006537228
-0.005774046
-0.0007783288
-0.001926481
-0.007262351
-0.01521204
-0.02360412
-0.03194694
-0.04250892
-0.04687684
-0.04627227
-0.0404679
-0.03414694
-0.03069445
-0.02434485
-0.0151813
-0.004958478
0.00471828
0.007196607
-0.003849856
-0.02068117
-0.03005309
-0.02965159
-0.02810371
-0.0281198
-0.0259082
-0.02087442
-0.01749989
-0.02252065
-0.03281056
-0.04111473
-0.04421132
-0.04420356
-0.04334817
-0.03576123
-0.02700259
-0.01718782
-0.004270427
-0.0003033958
-0.0008907366
-0.002434429
-0.009023468
-0.01487725
-0.01781675
-0.01551256
-0.01197927
-0.01670281
-0.02427279
-0.02524088
-0.0243042
-0.02223549
-0.0168014
-0.01156331
-0.005845073
-0.003118981
-0.01003121
-0.02016801
-0.02371324
-0.0211353
-0.02164551
-0.02320958
-0.02294303
-0.02204009
-0.0231902
-0.02461188
-0.02629277
-0.03077705
-0.0363421
-0.03658382
-0.03610426
-0.03364232
-0.02500117
-0.01256056
-0.00601332
-0.002388101
0.001663716
-0.00149055
-0.01157941
-0.02076913
-0.02667901
-0.02976766
-0.0286126
-0.02290997
-0.01503636
-0.01204839
-0.01345946
-0.01193259
-0.01299398
-0.01611135
-0.01872223
-0.02196219
-0.02409484
-0.02663162
-0.02664949
-0.02082102
-0.01665424
-0.01389819
-0.007543032
-0.006182484
-0.009865998
-0.01658843
-0.02239038
-0.02071697
-0.01706989
-0.0108697
-0.002666354
0.0077374
0.01151191
0.01062773
0.007249761
0.004449866
0.002924086
0.002214886
-0.002833096
-0.01335207
-0.01858274
-0.01818595
-0.01262927
-0.00501129
0.002400681
0.01148501
0.01893526
0.02259711
0.02542557
0.02349332
0.02095603
0.02016613
0.01810269
0.01905859
0.02218987
0.02223822
0.01684605
0.009947548
0.005689038
0.004031935
0.005349469
0.01573986
0.02967141
0.04220046
0.05098505
0.05445339
0.05318502
0.04906323
0.04428007
0.03383298
0.02316986
0.01565383
0.00903154
0.005834799
0.008485877
0.01197732
0.02013012
0.03119812
0.03778542
0.04231798
0.04382664
0.04382109
0.04499718
0.04478139
0.03949819
0.03421633
0.03141507
0.0276868
0.02275993
0.01825388
0.01567102
0.01495541
0.011754
0.01138845
0.01518149
0.01535386
0.0126861
0.01384396
0.01669985
0.01635975
0.01844516
0.02134063
0.01675657
0.01005416
0.006148815
0.0002966164
-0.00789563
-0.01588295
-0.02008755
-0.01939827
-0.01874171
-0.01389663
-0.007400652
-0.001756094
-0.0002328581
-0.003885193
-0.01099163
-0.01678336
-0.02092516
-0.02302413
-0.02474339
-0.0244089
-0.02039398
-0.01961712
-0.01723112
-0.01200184
-0.01207907
-0.01545268
-0.01865916
-0.02482925
-0.03047814
-0.03635651
-0.04378808
-0.04463837
-0.03954549
-0.03571812
-0.03017053
-0.02272458
-0.01822942
-0.0170888
-0.01784276
-0.02050623
-0.0231575
-0.02642811
-0.0340563
-0.04074272
-0.04126976
-0.04095159
-0.04238704
-0.04344232
-0.04533453
-0.0458528
-0.04788506
-0.0463989
-0.04211533
-0.03757234
-0.02984469
-0.02408368
-0.01929819
-0.01909219
-0.02236649
-0.02999005
-0.03576583
-0.03776949
-0.04122904
-0.0446439
-0.04780128
-0.05098752
-0.04928813
-0.03991044
-0.03185264
-0.03005138
-0.02812082
-0.02453886
-0.0231549
-0.02551195
-0.025257
-0.02339787
-0.02768155
-0.03283705
-0.03548787
-0.03530171
-0.03368181
-0.0319771
-0.02549236
-0.01864946
-0.01587318
-0.013474
-0.01065411
-0.009722293
-0.01029614
-0.01027206
-0.01150401
-0.01268955
-0.01214697
-0.0135084
-0.01445913
-0.01627214
-0.01925142
-0.01736892
-0.01340006
-0.01055454
-0.007277307
-0.004941158
-0.002721833
0.0001814816
0.001453289
0.002053538
0.002016975
0.002566013
0.005619428
0.009531291
0.01295547
0.01908757
0.02547987
0.02984242
0.0326497
0.03311611
0.02766443
0.02252819
0.02087198
0.01908279
0.02115377
0.02737695
0.0343179
0.03715327
0.03828719
0.04055206
0.04348201
0.04687523
0.04688003
0.04554823
0.04711104
0.05109551
0.05289379
0.04853336
0.04195342
0.03637961
0.03232665
0.02719342
0.02154285
0.01868614
0.01913978
0.02371545
0.02950976
0.03492661
0.04178167
0.04897545
0.05260642
0.05163845
0.05369845
0.05079937
0.04341235
0.03583123
0.0275922
0.02545174
0.02641648
0.02962398
0.03245016
0.03559483
0.03867777
0.03986775
0.03816646
0.03372893
0.03100206
0.02687608
0.01998681
0.01421798
0.01177597
0.01437014
0.01849002
0.02204896
0.02323924
0.02249902
0.02375937
0.02290192
0.01744174
0.01338146
0.01300808
0.0122954
0.01087741
0.005925036
0.0039912
0.005373243
0.0007681501
-0.003853113
-0.005226327
-0.003536404
0.005206509
0.01212694
0.01703359
0.02487134
0.02916732
0.02953173
0.03276257
0.03386265
0.02583475
0.01746418
0.01002909
0.0004287043
-0.00709867
-0.01178516
-0.01395674
-0.01132096
-0.006244283
-0.004498532
0.000201737
0.00644669
0.008029129
0.01033226
0.01040626
0.008102614
0.002509963
-0.003922404
-0.00779292
-0.009350788
-0.00829783
-0.003194916
0.002114325
0.001938273
0.001500012
-1.5138E-05
-0.002410297
-0.006110608
-0.007420227
-0.003926702
0.0007462232
0.004029823
0.006128667
0.004496384
-0.001682286
-0.006941393
-0.005798436
-0.003707163
-0.002368744
0.001113675
0.006709296
0.009165141
0.01346136
0.01629703
0.01455073
0.009355794
0.003891841
-0.004511118
-0.01574388
-0.02449727
-0.02661397
-0.02259385
-0.01584861
-0.01429512
-0.01817327
-0.02301739
-0.02723692
-0.03487579
-0.03859598
-0.03973721
-0.04451389
-0.04068389
-0.03231305
-0.02856056
-0.02660395
-0.02297506
-0.02040857
-0.01871917
-0.01775195
-0.02177906
-0.02579903
-0.02814643
-0.03034096
-0.03006465
-0.02664196
-0.01978124
-0.01164963
-0.007510792
-0.006373395
-0.00763772
-0.01098634
-0.0139803
-0.01598387
-0.01718981
-0.0182633
-0.01535392
-0.01464366
-0.01978392
-0.02586473
-0.02713935
-0.02726699
-0.02290521
-0.01691705
-0.01228494
-0.007392241
0.0002838892
0.007190049
0.009685733
0.01184212
0.01065194
0.006449641
0.004976067
0.002138705
-0.001225368
-0.001556574
-0.004582007
-0.009115806
-0.009353151
-0.007179861
-0.00363699
0.001666679
0.007160228
0.01359297
0.01777481
0.01725355
0.01624183
0.01304845
0.006429997
0.001347862
-0.001188771
-0.002856574
-0.005911026
-0.01026719
-0.01192979
-0.008422047
-0.003723632
-0.007474004
-0.0152302
-0.01589059
-0.01349589
-0.01193433
-0.01222093
-0.01468268
-0.01693865
-0.01581071
-0.01114134
-0.00785266
-0.00748191
-0.008202914
-0.01037479
-0.01431073
-0.0139496
-0.01258561
-0.01111422
-0.009445628
-0.005760858
0.002613844
0.01223218
0.01741529
0.02056842
0.02243531
0.01929835
0.01168989
0.0052966
0.0050086
0.01035446
0.0135547
0.01263723
0.01366429
0.01170724
0.006373361
0.005321395
0.007420439
0.00843823
0.01123278
0.01490582
0.0145401
0.01351795
0.01170581
0.007975344
0.00478954
0.003151933
0.007433227
0.01472418
0.02013244
0.0252522
0.02834464
0.02794755
0.0256236
0.02168961
0.01675314
0.01246304
0.01178991
0.01157309
0.008674073
0.004983371
-0.001399697
-0.009738107
-0.01447827
-0.01787722
-0.0200348
-0.01693799
-0.01494026
-0.01449139
-0.0134724
-0.01122859
-0.01082545
-0.01509467
-0.01720037
-0.01409601
-0.00852564
-0.004019004
-0.003437416
-0.00393388
-0.005556133
-0.01073185
-0.0160736
-0.02095283
-0.02376845
-0.0236522
-0.02328894
-0.02137457
-0.0174258
-0.01210333
-0.005400431
0.001308791
0.003325388
0.002793064
0.004815605
0.000854206
-0.00614628
-0.01358116
-0.02152164
-0.02648433
-0.02869971
-0.03249869
-0.03366178
-0.0283078
-0.0188441
-0.01061589
-0.004285607
0.00118179
0.002090047
-0.001625182
-0.00556395
-0.01240502
-0.02029174
-0.0210274
-0.02265508
-0.02885469
-0.03171209
-0.03095644
-0.02885954
-0.02654217
-0.02391133
-0.02159099
-0.0201637
-0.019405
-0.01763608
-0.01670243
-0.01825483
-0.0204172
-0.02201936
-0.02264201
-0.01792723
-0.01558969
-0.01886269
-0.0186008
-0.01841844
-0.01758716
-0.01277301
-0.00958674
-0.00844029
-0.004693961
0.002194134
0.00461229
0.005421207
0.001660023
-0.005613752
-0.01190221
-0.01752414
-0.02169367
-0.02056767
-0.01361566
-0.009729845
-0.008844791
-0.003285624
0.0003426392
-0.0004801653
0.001459362
0.006976584
0.01262927
0.01298304
0.009794504
0.006061478
0.003501082
0.004395088
0.005323679
0.004610531
0.005318614
0.008907836
0.0104871
0.008659435
0.008034365
0.005812238
-0.002841221
-0.008794905
-0.006718749
-0.005032131
-0.00593757
-0.005199473
-0.003660439
-0.002513197
-0.002300838
-0.004661179
-0.008914225
-0.0101642
-0.00776883
-0.005150849
-0.004214121
-0.001650497
0.00151757
0.004928072
0.007489508
0.005100339
0.004296723
0.004412159
0.002871697
0.0007506774
-0.001556695
-0.0003711786
0.000220931
-0.002806993
-0.003463476
-0.003018637
-0.0005385915
0.003117916
0.006982889
0.009232223
0.01076191
0.01190758
0.009343764
0.005682741
0.005889729
0.006067384
0.003712476
0.003740714
0.006533915
0.009392217
0.01173603
0.01233991
0.01124086
0.008280606
0.00670743
0.007394374
0.007472239
0.007148295
0.005176109
0.003032194
0.002503378
0.002567173
0.001904089
0.001562941
0.004541663
0.005901802
0.003724801
-0.000407217
-0.0005786502
0.00247736
-0.0003503408
-0.005469967
-0.004932992
-0.004643263
-0.006569964
-0.006322177
-0.00664777
-0.00791642
-0.003206413
0.003652548
0.005418769
0.00579572
0.008874825
0.009024303
0.005678257
0.004062637
0.002044658
-3.343298E-05
-0.001319949
-0.007064168
-0.01275969
-0.0150836
-0.01524949
-0.01174141
-0.007861098
-0.00426561
0.001594097
0.007039894
0.009641912
0.01222983
0.01663455
0.01573793
0.01367343
0.01353111
0.01284584
0.008380675
0.003708088
0.002142894
-0.001727669
-0.005587623
-0.006596519
-0.001752904
0.002744936
0.004543314
0.006171221
0.006925603
0.006108187
0.003012741
0.004097606
0.008654463
0.009203452
0.008690356
0.01193143
0.01300537
0.01081277
0.01104465
0.009473574
0.008052823
0.01018246
0.0103735
0.01033027
0.01095064
0.0101888
0.008536456
0.006896705
0.006524972
0.01087131
0.01715464
0.02111581
0.02477232
0.02474727
0.0214057
0.02070698
0.01902474
0.01281075
0.006170769
0.001026392
-0.001072249
-0.003126894
-0.0008368213
0.006167046
0.0106467
0.01308806
0.01816207
0.01866829
0.01395525
0.007690207
0.003042341
-0.001097972
-0.00601122
-0.009330471
-0.009904236
-0.009087425
-0.008465786
-0.004277002
0.000203816
0.0009948408
0.002275256
0.004143234
0.005975086
0.006010549
0.003765148
0.003804819
0.003693126
0.00393482
0.001941273
-0.003996163
-0.007935783
-0.01181646
-0.01025387
-0.008018979
-0.007150193
-0.004593047
0.0004129884
0.004270021
0.006117161
0.009458453
0.009315653
0.009204874
0.008905583
0.008073866
0.005737954
0.005403334
0.00259998
-0.002391799
-0.007807207
-0.01478458
-0.01786712
-0.01801261
-0.01205739
-0.004199408
-3.006824E-05
0.0007478273
0.001675844
0.001054769
-0.003076633
-0.008134697
-0.01328001
-0.01702379
-0.01624429
-0.01721671
-0.02042189
-0.01968246
-0.01759768
-0.02045657
-0.02137223
-0.01945455
-0.01901459
-0.01671722
-0.01015298
-0.0042042
-0.002994062
-0.004994532
-0.008502681
-0.01530177
-0.02206064
-0.02506305
-0.02788115
-0.03125446
-0.02666581
-0.01780596
-0.01358721
-0.009600004
-0.006197143
-0.004602863
-0.004631104
-0.008546974
-0.01087118
-0.009199294
-0.007046209
-0.004022547
-0.001096897
0.002373971
0.003701658
0.001288294
-0.0005877726
-0.0003527662
-0.001609483
-0.005236416
-0.005262201
-0.001925685
-0.001820739
-0.0006977899
-0.0008743562
-0.0009509724
0.003001301
0.003179125
0.00507123
0.01062609
0.01211975
0.01123175
0.00997949
0.005469279
0.0005729694
-0.004133875
-0.006851928
-0.0004178609
0.006656646
0.008978269
0.01098982
0.01373034
0.01780194
0.02083866
0.02079294
0.01997734
0.0207544
0.02161898
0.021416
0.0206434
0.01864998
0.01713896
0.01683559
0.0180607
0.02007458
0.02105268
0.02124939
0.0201259
0.01647366
0.01070105
0.01147197
0.01330113
0.01287011
0.01495583
0.01473276
0.01454527
0.01515177
0.01575715
0.01915638
0.02236218
0.02189592
0.02014433
0.01599345
0.01359005
0.01406286
0.0156377
0.0163979
0.02123413
0.02795056
0.03029306
0.03333261
0.03482482
0.02813358
0.02528868
0.02615043
0.02327188
0.01805794
0.01392707
0.01154556
0.009211079
0.01170484
0.01587751
0.02068759
0.02542907
0.0274206
0.0283767
0.02805082
0.02566048
0.02403815
0.02155805
0.01972788
0.01938709
0.01768635
0.01554716
0.01778016
0.02451185
0.02853446
0.02945987
0.02903496
0.02730104
0.02632243
0.02500395
0.02130746
0.01720163
0.01385487
0.01201647
0.01016266
0.007711745
0.004811767
0.004063697
0.004099329
0.004293376
0.00380278
0.003397387
0.003535956
0.003779393
0.005296099
0.007287625
0.006430037
0.003621875
0.0006699326
-0.00310408
-0.004343951
-0.003779008
-0.00609544
-0.008862233
-0.009831933
-0.009339596
-0.008796719
-0.007981716
-0.006110341
-0.00315245
0.001681432
0.00687946
0.006326929
0.003082127
-0.00100903
-0.003420525
-0.007608097
-0.01123042
-0.01409927
-0.01547206
-0.01404557
-0.01204272
-0.00802046
-0.007264861
-0.008510925
-0.009710226
-0.008957098
-0.005548633
-0.004854389
-0.002635516
0.0007905707
-0.000554062
-0.006344749
-0.009340251
-0.01124473
-0.01427485
-0.01826653
-0.01853458
-0.0169269
-0.01795537
-0.01925852
-0.01785171
-0.01319125
-0.009619113
-0.005093835
0.001878125
0.004930729
0.007871311
0.01269467
0.01468843
0.01327467
0.01006149
0.005925398
-0.0002772342
-0.003945513
-0.00501318
-0.008893458
-0.008833115
-0.003814688
0.001888736
0.007089469
0.01126227
0.01431302
0.01145298
0.004868278
0.001044501
-0.0007799236
-0.004110037
-0.009025177
-0.008479012
-0.008146343
-0.008193808
-0.007712413
-0.008761843
-0.01006995
-0.01163594
-0.01283673
-0.01248713
-0.01158743
-0.0106775
-0.009074919
-0.008018953
-0.008586771
-0.01086667
-0.01391897
-0.01633437
-0.0168918
-0.01753216
-0.01825927
-0.01779104
-0.01488207
-0.01132228
-0.01239995
-0.01270851
-0.01115131
-0.01147737
-0.013869
-0.01738505
-0.01981941
-0.0195267
-0.01671641
-0.01684575
-0.01563314
-0.01509882
-0.01647861
-0.01426093
-0.01304816
-0.01287944
-0.01465641
-0.01572944
-0.01612565
-0.01697051
-0.01477962
-0.01466662
-0.01534394
-0.01178141
-0.01095098
-0.008882785
-0.004525157
-0.002614933
-0.003125446
-0.003144235
-0.0008097757
-0.0005297576
-0.002868355
-0.006569662
-0.006821364
-0.006666343
-0.00914714
-0.0119901
-0.01366267
-0.01098394
-0.007571449
-0.006308902
-0.005744037
-0.002764553
-0.00213519
-0.003621862
-0.00303492
-0.001962773
-0.001283323
-0.0002690644
-0.002324031
-0.004976538
-0.00294244
0.001095296
0.001253777
0.00116595
0.002235517
0.002833324
0.00281326
0.00132469
0.002281488
0.003021083
0.001269749
-0.000128416
-0.0001574623
-0.003847962
-0.00612153
-0.005662174
-0.007061473
-0.007920906
-0.007062479
-0.007260391
-0.008055593
-0.009286762
-0.009691395
-0.009868944
-0.00908763
-0.007729204
-0.005759096
-0.001597425
0.00315012
0.003647138
0.004633773
0.005603946
0.002914713
0.001574458
0.001707632
0.0006412385
0.002525739
0.004948472
0.003549991
0.005973679
0.007319528
0.004964168
0.003356796
0.002831478
0.003536106
0.001579731
-0.0006927534
0.001879777
0.006857554
0.009382205
0.01268848
0.01713646
0.01929229
0.02113035
0.02066833
0.01329434
0.0059638
0.001869227
0.0008001478
0.001252843
-0.0006004755
-0.007775272
-0.01280339
-0.01093353
-0.005305396
0.001941903
0.005787312
0.006951325
0.004857718
-0.0005327879
-0.008211974
-0.01484452
-0.02612629
-0.02999612
-0.02197289
-0.01429877
-0.009530375
-0.00018795
0.01280215
0.01864487
0.01674177
0.007704212
-0.001138666
-0.002961197
-0.004506557
-0.003606343
-0.001295247
-0.0007211136
0.002540536
0.003407993
-0.001958319
-0.005187702
-0.007166769
-0.007468628
-0.004242736
0.0006118991
0.003094303
0.008031943
0.01308851
0.01282022
0.009515854
0.005429056
0.0001438538
-0.004969803
-0.008009672
-0.006679287
-0.002187751
0.00329511
0.01262685
0.01920041
0.02383848
0.02848769
0.02400838
0.01701827
0.01272783
0.005860314
-9.907851E-05
-0.003316826
-0.001833845
0.001442445
0.004570467
0.008306011
0.01188952
0.01583049
0.01843057
0.01882761
0.0178195
0.01266933
0.009245791
0.005599276
0.002354677
1.575666E-05
-0.002522102
-0.001930667
-0.002586471
-0.002223779
-0.0004937453
0.005006171
0.01018468
0.01276042
0.01605723
0.01758952
0.01302491
0.007722439
0.007484284
0.006532823
0.002716626
0.001726331
0.004031988
0.005059081
0.002922722
-1.115647E-05
-0.00572185
-0.008975256
-0.007703418
-0.004476362
-0.003113392
-0.004695293
-0.002469439
-0.004131724
-0.01060691
-0.0146927
-0.01536003
-0.01422008
-0.01406439
-0.01324005
-0.008042383
-0.00299813
-0.0003279434
-0.001123437
-0.005449058
-0.008797083
-0.01249483
-0.01546066
-0.01875056
-0.01370946
-0.002598084
0.004381438
0.006092824
0.008100992
0.003378573
-0.008522756
-0.0143816
-0.01947668
-0.02718453
-0.03272057
-0.03154052
-0.02635222
-0.02200106
-0.02042606
-0.01694346
-0.01171707
-0.008460583
-0.005403672
-0.004329964
-0.005166069
-0.008684545
-0.009773033
-0.008603396
-0.006735606
-0.006765066
-0.004971545
-0.004546814
-0.006758554
-0.01008062
-0.01288857
-0.01434495
-0.0146778
-0.01185259
-0.007393562
-0.005718587
-0.00447903
8.15063E-05
0.005803839
0.004259884
0.005566653
0.0096933
0.009656641
0.00557741
0.001644178
-0.001414292
-0.004095816
-0.009961257
-0.01347203
-0.01300679
-0.01189643
-0.01151153
-0.008094764
-0.005037968
-0.004912882
-0.005771526
-0.002878711
0.0007745146
0.003716134
0.006077659
0.007792728
0.00701644
0.001714451
-0.004576799
-0.004537192
-0.002895176
-0.003106662
-0.00478533
-0.005086996
-0.002434262
-0.000147771
-0.0002484616
0.001512782
0.0007782622
0.003897599
0.01063664
0.0129305
0.01379397
0.01324966
0.0131549
0.01454238
0.01645297
0.01661009
0.01526581
0.01397941
0.01228758
0.008073374
0.002716303
0.0008962145
-0.0002306258
-0.0007296795
0.002719069
0.003541112
0.003746286
0.004298367
0.003716676
0.006463791
0.01281156
0.01540918
0.01564445
0.01671572
0.01497781
0.01437464
0.01280807
0.01098874
0.01263752
0.01492265
0.01286511
0.0094042
0.009368984
0.01059396
0.008321739
0.005209258
0.003372496
0.004879848
0.006659172
0.009625637
0.01244029
0.01376786
0.01446183
0.01566485
0.01440121
0.008457518
0.005397448
0.006823538
0.006595674
0.009071345
0.008447649
0.008904979
0.01235099
0.01432191
0.01035141
0.006298952
0.008488865
0.01154655
0.01144713
0.009410083
0.009515749
0.01292336
0.01742109
0.01912169
0.01975414
0.01978158
0.0183363
0.01564341
0.01504529
0.01637869
0.01370205
0.009750165
0.006730408
0.001299828
-0.005198164
-0.007216514
-0.008862136
-0.007780559
-0.003556614
-0.001342602
0.001169599
0.004638834
0.00520961
0.002678779
-0.0005544992
-0.002510795
-0.004177238
-0.004372941
-0.007282235
-0.01187836
-0.01021529
-0.008214999
-0.01035342
-0.0130702
-0.01245802
-0.01277021
-0.01346453
-0.01281083
-0.01254859
-0.009572826
-0.009460115
-0.01218268
-0.01507735
-0.01621298
-0.01555697
-0.01571238
-0.01826162
-0.01999973
-0.0186224
-0.01807847
-0.01807846
-0.01454392
-0.01299808
-0.01258971
-0.009750352
-0.009669002
-0.009862981
-0.01081528
-0.01143694
-0.01186721
-0.01041991
-0.008804179
-0.009440182
-0.008626526
-0.00868827
-0.008972441
-0.009406764
-0.01072954
-0.00993923
-0.009336488
-0.01004043
-0.008209698
-0.002791909
-0.002874057
-0.006321636
-0.005062924
-0.0008394474
0.0008451091
7.911621E-05
0.002257929
0.002783607
0.003244725
0.002980576
0.00184932
0.001113972
0.002345969
0.002731102
0.00476631
0.006111499
0.007064177
0.009766537
0.009026977
0.006101403
0.00344361
0.001404215
0.002371621
0.005419769
0.007880865
0.01135178
0.0142297
0.01280235
0.01130914
0.01144801
0.01237354
0.0127962
0.01026296
0.009860511
0.01129696
0.009258962
0.008657006
0.011762
0.01158584
0.01007935
0.01423441
0.0150764
0.01215172
0.01274098
0.01534397
0.0180797
0.01607946
0.01244098
0.01176459
0.009959742
0.008509857
0.008178283
0.008429838
0.008252741
0.008705602
0.01282307
0.01590333
0.01562039
0.01559423
0.0142286
0.01169191
0.01559046
0.0214398
0.02087001
0.01729327
0.01826356
0.01862454
0.01437862
0.0133206
0.0135585
0.01240581
0.01358347
0.01478788
0.01202296
0.009291217
0.006838628
0.003812607
0.003062816
0.002092625
0.00284747
0.004782487
0.006256198
0.00677689
0.0111945
0.01133704
0.008571289
0.008152812
0.007626787
0.007472487
0.005355439
0.003768406
0.005629703
0.005457005
0.002340652
0.0006478535
0.002268117
0.00309655
0.004069683
0.006720536
0.00832185
0.004474393
0.001433496
0.0001606712
-0.00232534
-0.004442583
-0.003729264
-0.004850593
-0.004685635
-0.001958029
-0.0008364107
0.0003193041
0.002628642
0.0005701984
-0.002695405
-0.004230796
-0.006517491
-0.005969477
-0.0008007672
0.0008804514
0.0002072142
0.00162632
-0.0002361519
-0.002657317
-0.001086264
0.0002099101
-0.002447024
-0.003671376
-0.001805232
-0.0002978209
-0.0002605657
0.002033627
0.002240676
-0.001602064
-0.003111027
-0.004452324
-0.005691625
-0.002865892
-0.002067469
-0.002493822
-3.366904E-05
0.003442076
0.003908007
0.003866659
0.004086081
0.004291545
0.004609189
0.004652334
0.004696359
0.005445519
0.00678354
0.005926857
0.004331694
0.002510735
0.001542628
-0.0005933129
-0.002195164
-0.00269031
-0.006195774
-0.007506609
-0.009388065
-0.01080239
-0.007296415
-0.00380389
-0.001997668
0.001496205
0.005134754
0.006847265
0.006705553
0.005816741
0.004901869
0.003465404
0.0007214597
-0.0009630138
-0.005154624
-0.008849245
-0.00837146
-0.01021224
-0.01433167
-0.01213021
-0.007258426
-0.008433311
-0.007779744
-0.009143185
-0.01264852
-0.01002797
-0.01036886
-0.01513543
-0.01330422
-0.01134046
-0.01078092
-0.009046012
-0.009194816
-0.00923258
-0.01088587
-0.01429287
-0.01716716
-0.01980036
-0.02223876
-0.02129635
-0.02209681
-0.02351711
-0.02109615
-0.02054072
-0.01855286
-0.01104163
-0.008491367
-0.007119115
-0.002796057
-0.002864064
-0.005297847
-0.005433743
-0.005644472
-0.01021198
-0.01355115
-0.01518456
-0.01695531
-0.0181697
-0.01839922
-0.01976606
-0.02236935
-0.02194929
-0.02034483
-0.0191773
-0.01801592
-0.01691327
-0.01566259
-0.01597686
-0.01765545
-0.02021777
-0.01984904
-0.02141097
-0.02351236
-0.02537872
-0.02408756
-0.02353106
-0.02477925
-0.02504683
-0.02451381
-0.02332393
-0.02123139
-0.02094452
-0.01859066
-0.01360674
-0.01171357
-0.01222285
-0.01290627
-0.01389008
-0.01292082
-0.01241865
-0.01425642
-0.01260951
-0.01180248
-0.01164622
-0.007072477
-0.005210767
-0.00652057
-0.003793327
-0.003974666
-0.004994222
-0.005207911
-0.00704708
-0.007458383
-0.008992304
-0.01050765
-0.008806991
-0.008495665
-0.005827787
-0.001454857
4.658951E-05
6.797432E-05
0.001285747
-0.000482911
-0.003472962
-0.004998318
-0.005297287
-0.006046797
-0.006153047
-0.00601405
-0.006396791
-0.006546086
-0.004272823
-0.004185933
-0.007542158
-0.003226892
-0.001325281
-0.004117681
-0.0002705062
0.005410697
0.004823295
0.006230266
0.009187236
0.007992079
0.00741172
0.008100148
0.005921452
0.004827925
0.0065391
0.006561752
0.005458651
0.005507943
0.005897808
0.005801542
0.005613141
0.004230192
0.005867236
0.007181039
0.006041152
0.009503446
0.009973639
0.007505089
0.007504907
0.008146172
0.009951243
0.01134785
0.01542456
0.01590349
0.01292329
0.01241547
0.01165054
0.009030633
0.008534353
0.008442211
0.005756494
0.006040725
0.007295938
0.006417868
0.004809493
0.002083111
0.00397386
0.007882331
0.008797239
0.01052906
0.01201661
0.01406692
0.01587215
0.01419511
0.0126147
0.01320342
0.0127534
0.01219136
0.01489058
0.01656532
0.01477196
0.01400283
0.01389679
0.01021405
0.009000307
0.008344938
0.005758775
0.006873567
0.009921441
0.01218865
0.01181996
0.01116366
0.01110225
0.008186503
0.005702079
0.004401262
0.00263102
-0.00183282
-0.006684891
-0.005594323
-0.002843626
-0.001345203
0.001730834
0.006093023
0.005812332
0.001920338
0.002323531
0.005228607
0.00337705
0.001205489
0.0009800162
0.00107696
0.001470612
0.0008429293
-0.001469188
-0.001124561
0.0008809496
0.002542018
0.002546862
0.002031809
0.002774821
0.001270156
-0.0006734861
-0.003358862
-0.003996252
-0.004589109
-0.005148161
-0.004812592
-0.005113896
-0.006562803
-0.009603578
-0.008551959
-0.006788783
-0.008016323
-0.008816766
-0.006180099
-0.0007903998
0.001197489
0.0015769
0.00293028
0.005102883
0.006810989
0.006171796
0.002018797
0.002663932
0.006150613
0.007198811
0.007109634
0.007110174
0.008632945
0.008558861
0.008051764
0.008590317
0.008814502
0.008584926
0.008446986
0.007020579
0.004756531
0.005466626
0.004809382
0.0009342612
-0.001923942
-0.001296811
0.0008039554
0.002280445
0.002691607
0.001872261
-0.0001075614
0.0002830975
0.001690905
0.004596936
0.006994705
0.008287984
0.008198884
0.003940249
0.0001032577
-0.001316537
-0.00396822
-0.008538958
-0.008640695
-0.005658695
-0.004503432
-0.003098975
0.0001537202
0.0007059952
-0.001687413
-0.004070125
-0.006778102
-0.009650482
-0.01158151
-0.008320147
-0.004768518
-0.004622135
-0.005535318
-0.0006672805
0.001487302
-0.004178209
-0.007034369
-0.008313685
-0.01061014
-0.008746624
-0.005087232
-0.00546971
-0.00573594
-0.004225519
-0.001837926
-0.003169847
-0.006231128
-0.006465302
-0.004566459
-0.004722588
-0.007488614
-0.0112165
-0.009191667
-0.003411703
-0.001206917
-0.002861581
-0.00449208
-0.003031533
-0.001882398
-0.002669488
-0.005889845
-0.006755444
-0.0040152
-0.002317776
-0.001979805
-0.003025643
-0.003477865
-0.00311108
-0.004939554
-0.006457425
-0.005097737
-0.004619089
-0.005678297
-0.00521898
-0.00232678
-0.001599601
-0.003399289
-0.003350889
-0.002345694
-0.003299512
-0.003848397
-0.0002427673
0.002557698
0.00474424
0.007387918
0.009009763
0.008146735
0.004841172
0.003225127
0.003785783
0.0009631647
-0.002084121
-0.002442565
-0.001734131
-0.001341511
0.001344624
0.001183917
-0.0010691
-0.0001570084
0.001006522
0.001048221
0.001815421
-2.80661E-05
-0.00043604
0.0003531649
-0.002316244
-0.005352599
-0.006396728
-0.0035713
-0.001215252
-0.0001194535
0.003316961
0.003907726
0.003863579
0.007066613
0.007385943
0.007415207
0.005621226
0.002231214
0.002656249
0.005057129
0.004044196
0.002714831
0.003629123
0.007567459
0.007296874
0.004234727
0.001720734
0.002476613
0.0009213373
-0.001008608
-0.002912246
-0.002450359
-0.0003730753
0.002547328
0.003381743
0.002635836
0.002309557
0.002230648
0.0004534752
-0.001861693
-0.004414895
-0.00524134
-0.007247814
-0.009206092
-0.00753009
-0.007428068
-0.008800185
-0.008796186
-0.008293198
-0.008403006
-0.008570144
-0.008488454
-0.008442592
-0.008484302
-0.008276338
-0.006280993
-0.004195557
-0.002140307
-0.00485928
-0.008318002
-0.007882371
-0.009987582
-0.01262694
-0.01452461
-0.01363779
-0.009049119
-0.009964038
-0.0113278
-0.008174385
-0.007927929
-0.009077643
-0.004981678
-0.004712687
-0.009583946
-0.01010032
-0.0073278
-0.007931846
-0.0104991
-0.008286385
-0.00630314
-0.004869039
-0.005229722
-0.00514304
-0.007222514
-0.01081613
-0.01089505
-0.01040752
-0.01073683
-0.01010493
-0.007241953
-0.007161768
-0.004411654
-0.000732438
-0.003402484
-0.005308444
-0.0046933
-0.004153863
-0.005830858
-0.003985441
0.001350984
0.003519588
0.002929404
0.0008089293
-0.0005803806
-0.00148428
-0.004013887
-0.004997483
-0.005078793
-0.004792714
-0.003407054
-0.0009917402
-0.002075607
-0.0007471194
0.001375705
0.002278412
0.005298103
0.006392431
0.008073684
0.009936744
0.008229444
0.005880353
0.005043406
0.00746503
0.00981619
0.01283028
0.01286908
0.01164038
0.01466833
0.01493327
0.01201202
0.01332227
0.01581663
0.01626497
0.01769024
0.02057566
0.02125483
0.02320614
0.02121679
0.01527778
0.01375179
0.01326738
0.01285658
0.01342548
0.0126523
0.01213256
0.0152283
0.01680772
0.01719189
0.01844044
0.0171729
0.01411917
0.01240042
0.01218145
0.008639012
0.005096091
0.006915349
0.008298082
0.006596907
0.007449137
0.006447347
0.005274182
0.006688404
0.007116879
0.007902051
0.006368801
0.006946043
0.006824838
0.005419545
0.004320596
0.002815805
0.003497911
0.004278325
0.003419131
0.003000354
0.00336246
0.004459678
0.007492202
0.007216671
0.007038633
0.007151213
0.005435988
0.006005923
0.007176609
0.006516471
0.005476666
0.003642572
0.002611078
0.003884356
0.005255647
0.007527837
0.007443324
0.009066356
0.009361609
0.008258472
0.007295939
0.005102017
0.004938047
0.001368557
-0.0009445999
0.000100605
-0.002555342
-0.001869688
0.001532309
0.001334442
-0.0007905261
-0.0003005031
0.0008367569
-0.0002518023
-0.002925942
-0.003288249
-0.001623358
-0.001863323
-0.002977176
-0.005146263
-0.007064742
-0.004741481
-0.003093238
-0.002274457
-0.0001398904
0.001223675
-0.0006536774
0.001676456
0.005385723
0.003047534
0.001828373
0.001224477
-0.0007949992
-0.001305068
-0.00297889
-0.002093684
-0.001615039
-0.001478043
-0.0005573101
-0.001228461
-0.0001806438
-0.0004188962
-0.001996377
0.0005319413
0.001749725
-0.0002135742
-5.123896E-05
0.003808356
0.004800089
0.002049691
0.002440691
0.003728162
0.0002045652
-0.004511428
-0.005919534
-0.00616003
-0.005872699
-0.004250088
-0.000833105
-1.733773E-05
-0.0001681603
0.00398862
0.007886825
0.005792609
0.004226424
0.006268605
0.007028749
0.005767725
0.001694364
-0.00140058
0.0006765628
-0.001020766
0.0004188098
0.002284049
-0.000121771
0.00158655
0.004806884
0.00344979
0.002518208
0.00719455
0.007746363
0.004746385
0.005539912
0.006994148
0.006282398
0.003966648
0.002486343
0.003775553
0.004481889
0.003208413
0.0008224996
-0.0005905118
0.000928443
0.002525549
0.004517014
0.004389506
0.005772624
0.00449723
0.003710514
0.00478305
0.003305544
0.002462146
0.00124764
-0.0001100004
0.001348017
0.003900067
0.004065699
0.002468347
0.003597479
0.008887184
0.01107896
0.008974391
0.01118695
0.01025417
0.006386854
0.004043025
0.001980562
-0.0002637383
-0.0002010706
0.002240159
0.002657139
0.00506366
0.009342829
0.009932773
0.00742079
0.008115321
0.009064371
0.006473496
0.005357402
0.006374855
0.004166529
0.0007577961
-0.0006302502
-0.0001083264
-0.002929371
-0.002646916
-0.002290153
-0.004744126
-0.004373471
-0.004135039
-0.006264589
-0.004024867
-1.203797E-05
-0.002645251
-0.004317472
-0.003233623
-0.004157696
-0.004017234
-0.002592254
-0.001620622
-0.002961107
-0.003308151
-0.002424648
-0.002336656
-0.001642593
0.0009575152
0.00102495
-0.0006822081
-0.0001437524
0.0008259183
0.0005048975
-0.0008962228
-0.0007533364
0.0003836355
-0.002898534
-0.003767949
-0.001562072
-0.001805032
-0.00298917
-0.00276829
-0.002374048
-0.002456392
-0.0003163446
0.0008414527
-0.003861373
-0.00557994
-0.004756067
-0.005087436
-0.005097844
-0.005288331
-0.005672354
-0.005658599
-0.005524759
-0.005425473
-0.004007376
-0.003550985
-0.006237562
-0.006593745
-0.003174413
-0.002793794
-0.005001279
-0.004591466
-0.002084891
-0.001764912
-0.003339746
-0.00307981
-0.002266832
-0.002453343
-0.002715711
-0.002585287
-0.002352025
-0.0004826784
0.001903736
0.004025787
0.003114236
0.001794848
0.003093709
0.003640017
0.001117075
-0.0007090958
0.001238779
0.005514117
0.004453458
0.003579967
0.006812094
0.006798719
0.005253755
0.00602508
0.006541287
0.004151407
0.002181595
0.00338114
0.001985693
-0.0004936249
0.0005792313
0.001476097
0.0004454159
6.953906E-05
0.0005017544
0.0005496004
0.0003387883
0.0002881185
0.0004912228
0.0004992952
0.0003762112
0.0003992067
-0.0005996052
-0.003877619
-0.002946949
-0.001039313
-0.002267457
-0.003141844
-0.002564227
-0.002359274
-0.003284534
-0.005646504
-0.006237155
-0.004804542
-0.004814414
-0.0057819
-0.005785105
-0.006288506
-0.008681432
-0.009331308
-0.008489156
-0.01082762
-0.0116262
-0.007694016
-0.006901106
-0.009573841
-0.009467958
-0.008889238
-0.01137115
-0.01160682
-0.00764253
-0.006209441
-0.006527131
-0.005879627
-0.007261874
-0.009564122
-0.008947446
-0.007385562
-0.008121359
-0.008977193
-0.008648915
-0.008407292
-0.008537712
-0.00732171
-0.004964844
-0.005192133
-0.006641522
-0.006029865
-0.005203423
-0.005486461
-0.005728606
-0.005567007
-0.00538159
-0.003864806
-0.001842458
-0.002484697
-0.003637781
-0.003096129
-0.00539193
-0.006864929
-0.004548798
-0.004562324
-0.005985904
-0.005856826
-0.005353078
-0.005513209
-0.005669351
-0.005570318
-0.005532162
-0.005364108
-0.003591493
-0.003356405
-0.00285611
-0.002189767
-0.0008336797
0.001146689
0.0003206568
-0.0008263828
-0.001870744
-0.003405137
-0.004311103
-0.003796112
-0.005218541
-0.005848621
-0.002845286
-0.001206709
-0.003083947
-0.003247464
-0.0008111297
-0.002518283
-0.003522645
-0.002019208
-0.001970718
-0.002708202
-0.001588192
0.001298717
-0.0008195679
-0.0006278171
0.001095114
0.0003892194
0.0004762188
0.002523917
0.002689426
0.003209767
0.002673162
0.0005621199
0.000899656
0.000626373
-0.0002220502
-0.0007008232
0.001410161
0.0009380088
-0.0003248676
0.001862659
0.005231894
0.00309845
0.001769619
0.004245606
0.005359902
0.002245662
0.00254048
0.004207074
0.003614678
0.00296558
0.003312209
0.003484494
0.003311429
0.003285287
0.003358764
0.003351689
0.003370132
0.004482591
0.004474518
0.002126422
0.0008266537
-0.0005103561
-0.001266715
-0.005577308
-0.0066921
-0.003805029
-0.004307733
-0.003817648
-0.001127124
-0.0006393855
0.000842975
0.0009657318
0.001673541
0.0005132751
-0.0007012553
-0.0003735723
-0.001205249
-0.002051154
-0.002956225
-0.002220924
-0.001932799
-0.001179365
-0.0006082521
-0.00148841
-0.001517803
-0.0009207369
-0.0009334542
-0.00101621
0.00049787
0.001131383
-0.0001417733
-7.026637E-05
0.0006705611
0.0005737837
0.0001876994
-0.001311163
-0.003390684
-0.004234386
-0.003798896
-0.00481096
-0.006087433
-0.00523621
-0.005069326
-0.005706681
-0.005713425
-0.005373041
-0.005252065
-0.003824433
-0.00175361
-0.001939165
0.0003196043
0.001111915
-0.0007104972
-0.0001691847
0.0008963981
0.0003549461
-0.001972399
-0.003549374
-0.002193
-0.00147418
-0.002576266
-0.002915807
-0.002050431
0.001519477
0.001244346
-0.0007387235
0.003753144
0.004667444
-0.0003072413
-0.001379341
0.001398006
0.001687281
0.0001462173
0.0002849454
0.002285757
0.0005286429
-0.0006430354
0.002710631
0.002679245
-0.001091291
-0.0004163665
0.002143781
0.004839912
0.00467811
0.006062699
0.006392825
0.005385258
0.005509164
0.004013061
0.002544265
0.002763283
0.0001037625
3.029686E-06
0.001621245
0.0008247189
-2.028083E-05
0.000392139
0.001678104
0.004731318
0.004762378
0.007160025
0.01174951
0.01347919
0.01239441
0.01033464
0.01060251
0.008039231
0.003360356
0.000215136
0.001073542
0.002405342
0.002104466
0.004762439
0.006405479
0.005962248
0.006560616
0.01019059
0.009850572
0.007956465
0.008982132
0.009386773
0.006302561
0.002728469
0.003175648
0.004350639
0.001637551
-0.0005881638
0.0008862704
0.001579842
0.001731247
0.004667326
0.00524071
0.006661248
0.006887171
0.008570618
0.009196506
0.005804536
0.004218236
0.00443528
0.002953751
0.000832117
0.001152793
0.003674918
0.003277263
0.003229179
0.003199567
0.003119689
0.003430393
0.003550769
0.004268696
0.006566577
0.007100832
0.006319937
0.008097385
0.008141655
0.006505451
0.005484661
0.005972098
0.004039991
0.00263154
0.00329924
0.002096463
0.001108144
0.0001764042
0.001619083
0.00421781
0.004054388
0.002387843
0.002820031
0.003785437
0.003589526
0.004124023
0.005750652
0.004884204
0.003350144
0.00262334
0.002215473
-0.002029532
-0.00564757
-0.006400345
-0.006671789
-0.008054063
-0.007969099
-0.006747039
-0.004777991
-0.002627706
-0.001745914
-0.003683825
-0.003479187
-0.001994354
-0.003233698
-0.00611447
-0.005909398
-0.004212456
-0.004837267
-0.005719391
-0.004267651
-0.002863619
-0.004283142
-0.005697136
-0.005902003
-0.005867811
-0.007125196
-0.007775922
-0.008556067
-0.007847741
-0.007629091
-0.008283045
-0.008311436
-0.006848193
-0.004711553
-0.006028879
-0.00849525
-0.007986784
-0.009253259
-0.01127241
-0.01117786
-0.01125132
-0.01182792
-0.01008586
-0.008494243
-0.005937766
-0.005236954
-0.004356008
-0.003700889
-0.005549589
-0.006231265
-0.004374487
-0.004257398
-0.005205623
-0.005190331
-0.00483827
-0.00490452
-0.004887719
-0.003503366
-0.004500063
-0.007912534
-0.008650504
-0.008878844
-0.01057374
-0.01079009
-0.008534836
-0.008371043
-0.01004731
-0.008326354
-0.00660886
-0.005123055
-0.004063559
-0.004210952
-0.003618778
-0.00518509
-0.005811324
-0.005796774
-0.0079648
-0.00813687
-0.006827848
-0.007353311
-0.008101936
-0.007836109
-0.007613163
-0.007763483
-0.007651135
-0.005692452
-0.004034966
-0.004876273
-0.003620487
-0.0008357799
-0.001400898
0.0008958957
0.002037165
3.314455E-05
0.0002236852
-0.0001642155
0.001333121
0.002338729
0.0007906025
0.0002970596
-0.0008584075
-0.002272304
0.0005428055
0.003090608
0.00095331
-0.0002734295
0.001167212
0.001624326
0.001034435
0.001007276
0.001345484
0.0009727894
-0.0009544843
-0.0004709261
0.002612635
0.001991541
-8.600968E-05
-0.0007577999
0.001710851
0.002601716
0.0007760696
0.0007331087
0.001842376
0.00372223
0.004756127
4.61977E-05
-0.0006750517
0.003327873
0.006339611
0.005192403
0.006341738
0.006052587
0.004378726
0.004070187
0.004429516
0.003244043
0.002689853
0.003353947
0.001549786
0.0027061
0.005914042
0.005005707
0.003359619
0.004480427
0.006801401
0.008522495
0.009275458
0.01026454
0.01037873
0.009601904
0.007119185
0.004884611
0.004811999
0.002358995
0.001367166
0.005989035
0.006728063
0.003197969
0.003662665
0.006942748
0.008561701
0.005872872
0.004372245
0.006609684
0.008453322
0.00808761
0.006532893
0.004040925
0.00367458
0.005879182
0.005376553
0.00414663
0.004685718
0.007902998
0.008882107
0.006331963
0.006476705
0.007889761
0.007747535
0.007247293
0.007530402
0.010282
0.01181365
0.008100942
0.005704288
0.007332718
0.00867981
0.006481974
0.005750316
0.007483098
0.006739128
0.007625462
0.007503845
0.006893267
0.006110219
0.004247108
0.006290533
0.009871667
0.007150833
0.005756448
0.007522883
0.007902992
0.007168312
0.007233795
0.008779073
0.01107255
0.01305
0.01393959
0.01207874
0.01009714
0.00923971
0.009223468
0.006962826
0.007924504
0.008571638
0.007541827
0.007360529
0.007732413
0.006042853
0.00301092
0.005044984
0.00542923
0.001492436
0.0005346502
0.004451179
0.007285953
0.004962896
0.006120999
0.007755198
0.004341778
0.002320094
0.00272333
0.002356906
0.002716878
0.005437506
0.008395511
0.009007768
0.01050758
0.01131281
0.01349175
0.01136865
0.008187361
0.008829419
0.009953431
0.007877346
0.007229723
0.008310554
0.008091467
0.007086228
0.003694903
0.003877443
0.006104461
0.003151797
-5.838235E-05
0.0001695188
0.003111081
0.00302989
0.0009667197
0.001353068
0.002189238
0.001821224
0.001677989
0.00180573
0.001567867
-0.0001077782
-0.001780698
-0.0011258
-0.0001955239
-0.001069735
-0.003188073
-0.00503751
-0.005829707
-0.006723266
-0.00541616
-0.00426834
-0.006108578
-0.007840292
-0.005900699
-0.002595753
-0.003699152
-0.005408712
-0.004297489
-0.002486469
-0.001869255
-0.00426003
-0.006698621
-0.007044036
-0.008940831
-0.01197829
-0.01011106
-0.007638668
-0.01001185
-0.01101231
-0.007429435
-0.004920031
-0.007857787
-0.009226151
-0.008887928
-0.007051767
-0.006463621
-0.009537801
-0.009215793
-0.006762635
-0.005810148
-0.007286883
-0.007634255
-0.006735649
-0.006618986
-0.006951337
-0.006919999
-0.006800526
-0.006840993
-0.006877795
-0.006856053
-0.007862201
-0.01049738
-0.00746354
-0.004574669
-0.006139667
-0.00406551
-0.003338065
-0.004961415
-0.004325386
-0.003916096
-0.005944255
-0.006265814
-0.006692299
-0.007722046
-0.01059831
-0.01004184
-0.008887449
-0.01097466
-0.009816827
-0.007823594
-0.005824303
-0.006310523
-0.005924072
-0.005278279
-0.005665304
-0.005404565
-0.005105137
-0.004863348
-0.003255996
-0.002968384
-0.001927275
-0.000256772
-0.001116206
-0.001727834
-0.0008444969
-0.001575958
-0.005613116
-0.00685241
-0.006973666
-0.01009049
-0.009839745
-0.008268307
-0.009443153
-0.009122882
-0.005298913
-0.006120522
-0.008290326
-0.006624506
-0.004527478
-0.007174972
-0.008451121
-0.008261887
-0.008453656
-0.01045871
-0.01192507
-0.01020078
-0.007206141
-0.004318437
-0.003068515
-0.004435436
-0.003046185
-0.002279597
-0.004765846
-0.005337516
-0.006956782
-0.006737267
-0.005555659
-0.0053297
-0.00277714
-0.003452083
-0.005143948
-0.004300473
-0.005326463
-0.005435511
-0.002648622
-0.002954241
-0.004785405
-0.004141856
-0.003332756
-0.003696651
-0.003909234
-0.003384031
-0.001364575
0.0001232264
-0.001101259
-0.001652945
-0.0007347191
-0.0004887945
-0.0002479086
0.003166463
0.002982591
-0.001341627
-0.002239125
7.292195E-05
0.0007566859
0.001206613
0.0007485649
-0.001807616
-0.001357079
0.0003701164
-0.0002960919
-0.001058308
-0.0006965719
-0.0004719895
-0.0005384346
-0.0001456799
0.003401356
0.003427883
0.0008949037
0.002061842
0.006253801
0.006876006
0.004029696
0.004225531
0.002834161
0.001217864
0.0001783222
-0.002560687
-0.003319432
-0.002665353
-0.002490299
-0.0009510272
0.001173142
0.001314469
0.003039996
0.002163745
0.00181054
0.002920695
0.002945195
0.0002938678
-0.001907778
-0.001648493
-0.0033502
-0.0009689087
0.002463414
0.0004524025
0.00125322
0.003689911
0.004420238
0.005886812
0.004256304
0.004856859
0.005115667
0.006701201
0.00635685
0.005408995
0.006426818
0.008459248
0.007211283
0.004568141
0.005918614
0.007390047
0.006342156
0.005789875
0.00629931
0.00641292
0.00619495
0.006416415
0.00805944
0.006260986
0.004545194
0.002858252
0.003043262
0.005022415
0.007638283
0.006737657
0.004668321
0.005393501
0.002983554
0.002439284
0.004379855
0.0009280118
-0.001448166
0.001292453
0.001670036
7.789653E-05
4.889934E-05
0.0006501363
0.0007963913
0.00342288
0.00460248
0.002267682
0.002393264
0.003779663
0.003518798
0.0007417272
-0.001253942
0.003589722
0.006211927
-9.325834E-05
-0.001823961
0.003946598
0.003254954
-0.0006980203
-0.001023122
-0.0004073693
-0.003520538
-0.003577679
-0.002770778
-0.0016326
-0.0009306559
0.001214545
0.001504265
0.003517825
0.003357369
0.002146696
0.001987703
-0.0005197764
-0.0001346588
0.001547705
0.0006182546
-0.0002388845
0.0002083142
0.0004352556
0.0002137532
0.0001779622
0.0002718528
0.0001418837
-0.001387448
-0.003365056
-0.002760808
-0.001541225
-0.002306496
-0.003014842
-0.002623906
-0.002546785
-0.002696742
-0.002672152
-0.002630682
-0.002657965
-0.002669056
-0.00259997
-0.002548928
-0.003732569
-0.006354232
-0.003703589
-0.001882169
-0.002544573
-0.003191493
-0.00285521
-0.000391718
0.001211237
-0.002199588
-0.004762289
-0.002373416
-0.002635874
-0.004958582
-0.005456353
-0.003852389
-0.001411774
-0.003707433
-0.008253713
-0.007291108
-0.003067688
-0.004802429
-0.006802254
-0.005686318
-0.005074563
-0.005625032
-0.005735043
-0.005496898
-0.005510292
-0.005599895
-0.005573757
-0.005545124
-0.005562188
-0.005569545
-0.005561617
-0.005561822
-0.005980655
-0.00941147
-0.00899553
-0.003102778
-0.00398621
-0.007414532
-0.003115172
-0.0003984567
-0.00363218
-0.003889217
-0.002053959
-0.002175362
-0.002840714
-0.0026455
-0.002434875
-0.002560766
-0.002609138
-0.0008765562
0.00210119
0.001800071
0.003423314
0.003150837
0.002454353
0.002875808
0.001621813
0.002200085
0.004740081
0.004358953
0.004990465
0.006867524
0.006455872
0.007466809
0.008268389
0.00736381
0.007678932
0.009703851
0.007721606
0.004133102
0.002280827
0.003774966
0.004986555
0.003489538
0.002798427
0.003830002
0.007510512
0.007254591
0.004467842
0.002653086
0.002805111
0.004395166
0.0009434275
-0.00129551
0.001439534
0.001611612
-9.458702E-06
0.0002171854
0.002297353
0.004115954
0.003600539
0.005480852
0.007418917
0.00552135
0.005234739
0.004948506
0.002881811
0.003074184
0.004341459
0.003685034
0.003037248
0.004651107
0.0045313
0.00218684
0.003168384
0.003085945
0.002286047
0.003189691
0.002643681
0.003926793
0.003532836
0.00275271
0.003283847
0.003587325
0.003267308
0.002053773
0.00100261
0.001084653
-0.0009295368
-0.002884196
-0.002593454
-0.001568631
-0.002203919
-0.002880718
-0.0009547208
0.00220511
0.0001743888
-0.001117312
-0.0003421888
-0.001353826
-0.0002467472
0.0001571082
-0.004212824
-0.003967762
-0.004095715
-0.005929497
-0.005201292
-0.004707164
-0.005532776
-0.005733496
-0.005393001
-0.004550461
-0.002363718
-0.002689514
-0.005743166
-0.004506177
-0.00290858
-0.004344696
-0.006438776
-0.00564093
-0.004585702
-0.005191672
-0.005662695
-0.005407049
-0.004780439
-0.002847476
-0.001681834
-0.002990875
-0.003367707
-0.002364872
-0.002192955
-0.00204606
-0.0003629133
-0.0005888906
-0.00213508
-0.003258047
-0.002807593
-0.003213101
-0.002384768
-0.003323418
-0.002473973
-0.001769018
-0.002739265
-0.002730851
-0.00135954
4.482248E-05
-0.001926501
-0.003962732
-0.002185938
-0.001368924
-0.002478915
-0.0027106
-0.001422658
4.670098E-05
-0.001906483
-0.003969465
-0.002193221
-0.001368498
-0.002602031
-0.004105205
-0.005772219
-0.005616986
-0.00444381
-0.004953707
-0.005601833
-0.003113603
0.0004812337
0.0003482879
0.0008760354
0.003181638
0.002475387
-0.00126903
-0.00192101
0.001185748
0.0004915508
-0.003962563
-0.003328836
0.0005414536
0.00165682
-4.03627E-05
-0.000589545
0.001996533
0.004362926
0.003627281
0.00526221
0.007212688
0.003894347
0.003457211
0.007177237
0.003562669
0.0007933282
0.0003682972
0.0004582536
0.001359265
0.000657123
-2.972492E-05
0.000266854
0.0006780822
0.002299521
0.002260333
0.001056261
0.001513872
0.002648306
0.004029457
0.003378942
0.00256483
0.003217381
0.003591157
0.003302135
0.003223267
0.003350949
0.003351142
0.003301347
0.00331274
0.003329187
0.003320535
0.003318286
0.004156321
0.004804722
0.002373522
0.002691088
0.00247314
-0.0009351488
0.0003370574
0.001847784
0.0004972462
-0.0001061295
0.0004970775
0.0005962799
0.000342142
0.0004080062
0.001694758
0.003937673
0.00384942
0.004610644
0.007486413
0.005869558
0.002709293
0.001808075
0.004496409
0.004493863
0.002885312
0.002984496
0.003549616
0.00338716
0.003208579
0.003443315
0.004819423
0.003870397
0.002063699
0.003281432
0.002579473
0.002647706
0.004302888
0.003319893
0.003095555
0.006910582
0.003545814
0.0007002377
0.004155104
0.004627339
0.002822311
0.002916898
0.00257023
-0.0007689262
-0.0001050715
0.001743472
0.0006418734
0.0008549699
0.004626267
0.00489121
0.005902713
0.006201489
0.005333699
0.005092175
0.003428941
0.002713347
0.004048889
0.003999498
0.003075317
0.00311894
0.004279272
0.006512886
0.006888838
0.004242993
0.002000582
0.003151475
0.004589448
0.00364979
0.002976818
0.005586277
0.008048801
0.007833109
0.009525179
0.008713398
0.006928699
0.006878604
0.006932738
0.006160742
0.006634217
0.00664402
0.006183251
0.006455599
0.00945434
0.01050121
0.008214801
0.009923261
0.00976471
0.008016462
0.007298795
0.005945749
0.006415704
0.007195697
0.006434972
0.006212728
0.008298217
0.008006735
0.004758685
0.00550421
0.007405918
0.006653519
0.005857554
0.006240253
0.006473614
0.006287471
0.006244055
0.006326177
0.00632324
0.006291717
0.006300008
0.006310161
0.006304745
0.00629759
0.004629167
0.00166211
0.003550818
0.004800312
0.003253254
0.002783822
0.003384538
0.002273756
0.0008923442
0.002215006
0.002701699
0.002921395
0.003949652
0.003132971
0.002808373
0.003382801
0.003577861
0.004854164
0.005431821
0.004374607
0.005641595
0.00399041
0.001538467
0.003856282
0.00448635
0.003015914
0.002915157
0.00348668
0.003398577
0.003198609
0.003278525
0.002921895
-0.0002880707
0.001497461
0.004222502
0.003342002
0.001002412
0.003156053
0.004925756
0.005005033
0.004447766
0.00361723
0.002482387
0.001821793
-0.001273819
-0.002536088
-0.002115264
-0.001722341
-0.00230114
-0.002812992
-0.002662429
-0.0005403295
0.002151981
-0.001394539
-0.003407655
-0.0004971062
-1.241922E-05
-0.002648776
-0.003781559
-0.002023411
-0.001870461
-0.002996131
-0.004422044
-0.00449664
-0.001892112
-0.001533943
-0.00342944
-0.003080524
-0.0006805357
-0.0004744308
-0.003740359
-0.003929424
-0.003772734
-0.006085729
-0.005771837
-0.00460686
-0.005196619
-0.003786345
-0.001633995
-0.00276705
-0.003756318
-0.002151178
-6.985607E-05
-0.0009971043
-0.002544147
-0.003371448
-0.003530091
-0.00619982
-0.005951411
-0.004333349
-0.005281339
-0.00610593
-0.004809755
-0.003112241
-0.005118686
-0.007257647
-0.005442832
-0.004596593
-0.006512017
-0.009128067
-0.0091941
-0.007441079
-0.007876066
-0.008902436
-0.008677914
-0.008351689
-0.008509422
-0.008597755
-0.008516011
-0.008501256
-0.008536763
-0.008534027
-0.00826103
-0.005343257
-0.00421677
-0.006687434
-0.006509224
-0.005195772
-0.006985548
-0.009507566
-0.008651048
-0.007557517
-0.01013322
-0.01078804
-0.009003582
-0.007617234
-0.008395448
-0.009146478
-0.00669345
-0.005973864
-0.005717527
-0.005569402
-0.006003595
-0.006225191
-0.007520138
-0.007182361
-0.005844126
-0.005355752
-0.0072406
-0.005907988
-0.004788553
-0.005963262
-0.00607268
-0.004552837
-0.003027611
-0.004263409
-0.004020527
-0.001639791
-0.002381305
-0.003370126
-0.003427275
-0.003592605
-0.002696879
-0.003345439
-0.003250589
-0.004722414
-0.00306334
-0.001218646
-0.005384581
-0.008185368
-0.00465591
-0.004023578
-0.006087434
-0.006252332
-0.006721094
-0.006030434
-0.004513999
-0.005332466
-0.003008826
-0.001172425
-0.003602933
-0.005312077
-0.00589402
-0.005305011
-0.004679889
-0.005130067
-0.003596738
-0.001570268
-0.00294465
-0.005655124
-0.004577004
-0.002658896
-0.001787698
-0.00248873
-0.003319361
-0.001678078
0.001901448
0.000715272
-0.001223337
-0.0009233672
-0.003224418
-0.002919059
-0.001275351
-0.002190596
-0.003022887
-0.002629771
-0.002504292
-0.0009897045
0.001985562
0.0001348313
-0.001142461
-0.001279331
-0.003765723
-0.002517554
-0.001312321
-0.002604821
-0.003117106
-0.002514892
-0.001246081
0.000799395
0.0007514644
-0.0006439475
-0.0001422392
0.0004461676
-0.002624891
-0.004070902
-0.001571315
-0.001589365
-0.002974951
-0.002639487
0.0006795869
0.001730454
-0.0008609152
-0.0006348034
0.000837672
0.000398602
-0.00166316
-0.0001214178
-0.001821909
-0.0001119279
0.002208902
-0.0004288674
-0.0008517723
0.0008822456
0.002595424
0.002538415
0.003042523
0.002200099
-0.001365986
-0.0001399106
0.001993314
0.0006598108
-0.0002655688
0.0003652183
0.0005786211
0.0002887788
0.0002739986
0.0003896184
0.000367889
0.0003280758
0.00034131
-0.001319884
-0.004296888
-0.002406561
-0.001154476
-0.002700286
-0.00309391
-0.0023723
-0.002327842
-0.0003821258
0.001898533
-0.000331644
-0.0009281821
0.0006148556
0.0007510169
0.0001541465
0.000102112
-0.001278737
-0.003385942
-0.002647354
-0.0001220217
-0.001818186
-0.004264776
-0.002268706
0.001752903
-0.0006003564
-0.003666632
-0.003046581
-0.002246708
-0.002089666
-0.002376081
-0.0006351154
0.001318377
0.0001117546
-0.0007825859
-0.0007482256
-0.003596492
-0.003095353
-0.001258293
-0.002833352
-0.005351779
-0.00384026
-0.001034711
-0.002367114
-0.002467008
0.001836769
0.0007655525
-0.001293765
0.0001041873
-0.0007185996
-0.004357257
-0.004317089
-0.005740166
-0.005390865
-0.002743685
-0.0007525073
-0.002363544
-0.001832674
-0.002403251
-0.003698633
-0.002360297
-0.001921437
-0.002807758
-0.002913044
-0.002572565
-0.002706904
-0.0028703
-0.002744295
-0.002711611
-0.002526133
0.0003951679
0.001552778
-0.0009165761
-0.0006338078
0.0003990322
-0.003437238
-0.003910288
-0.001133271
-0.001484741
0.0006756175
0.001161099
-0.0007572609
0.00180253
0.004803186
0.002503878
-0.0007589379
-0.0004370538
0.001378483
0.001080329
3.449105E-05
0.0001421427
0.0004790691
0.001978847
0.004748817
0.002985686
0.0009619919
0.0001635185
0.0001768201
0.00107119
0.0008412014
0.000124753
-0.0008045912
-0.001934607
0.0003216671
0.001840355
-0.0001682119
-0.0005635284
0.0005193446
-0.0006432743
-0.003344901
-0.003189369
-0.001566748
-0.002164858
-0.003071276
-0.002782815
-0.002512536
-0.002682594
-0.002737941
-0.002559535
-0.002515425
-0.002215551
0.001013497
-0.0004873589
-0.001183934
0.0009528595
0.0002440144
-0.002409718
-0.003230696
0.001576976
0.0006384375
-0.001191312
0.0005103999
0.0005417891
-0.0005666396
-0.002428239
-0.003371348
-0.002111102
-0.001822867
-0.001487507
0.001665164
0.0004318878
-0.001193585
0.0001719358
2.53847E-05
-0.002910127
-0.003579468
-0.001743707
-0.001905438
-0.002924482
-0.0005124079
0.002119843
-0.0003224098
0.001227362
0.005104441
0.002920961
0.001641565
0.001078845
-0.0008964235
-0.0008552635
-0.002320538
-0.002954403
-0.001726029
0.0008996055
0.001362438
-0.0009518728
-0.0005575734
0.0007788166
0.0003068541
-0.002124047
-0.003703313
-0.001878301
0.002383085
0.001267826
-0.001612359
-0.0002592053
0.001040866
0.0003583121
1.517851E-05
0.0003516395
-0.0001222508
-0.002421245
-0.003565838
-0.00209186
-0.001772423
-0.001166576
0.001663645
0.0001693723
0.0005596073
0.004932425
0.003551284
0.0006650675
-0.0004115668
0.00035592
0.00134035
0.0006399139
-1.5208E-05
0.0002495133
0.0004279219
0.0002889555
0.0002533348
0.0003151417
0.0003139349
0.0002896801
0.0002953706
0.0003029186
0.0002981672
0.0002946923
-0.0001195972
-0.003552474
-0.003553327
-0.001308146
-0.00376782
-0.003338684
-0.001573577
-0.002859629
-0.003336918
-0.002564131
-0.001966899
-0.0001240545
0.001074519
-0.000235424
-0.0006137623
-0.0006475198
-0.003736357
-0.00317661
-0.001257589
-0.001508808
-9.978989E-05
0.0009688835
-0.0003707353
-0.0004731927
0.00133859
0.001847539
-0.0008648291
-0.0002351488
0.001119986
0.0004450079
-4.544129E-05
0.000305558
0.0004159245
0.0002549503
0.0002494612
0.0003128558
0.0002997011
0.0002777099
0.0002875226
0.0002931821
0.0001576455
-0.001305456
-0.001867392
-0.0004158201
0.001268716
0.0005469931
-0.000626593
7.796321E-05
0.0006204543
0.0002922704
0.000158962
0.0003135452
0.0003281811
0.0002643099
0.0002731986
0.0002954707
0.0002862961
0.0002791246
0.0002858447
0.001067703
0.002451496
0.002402925
0.003304869
0.003084453
0.003713465
0.006744925
0.006908056
0.00499845
0.00446179
0.004438794
0.005270627
0.005332734
0.00612257
0.006675717
0.005721157
0.005751668
0.006362069
0.006434835
0.007832848
0.01007167
0.009093054
0.00789012
0.008935797
0.009504438
0.009049133
0.008932725
0.00913199
0.00912966
0.00905267
0.009106404
0.00924028
0.009195076
0.009124858
0.00917252
0.009202341
0.009179923
0.009173097
0.00912714
0.00902818
0.009086982
0.009129206
0.009078835
0.009020181
0.008011962
0.008031116
0.01019638
0.00933668
0.008324016
0.009025681
0.009365993
0.009034347
0.008985477
0.00922361
0.009250244
0.009115364
0.009137451
0.009201753
0.00918446
0.009162991
0.008958323
0.006973043
0.005190958
0.006462566
0.007280182
0.006186924
0.005805018
0.006245888
0.006293205
0.006114588
0.006138057
0.006201473
0.006176949
0.006157614
0.006171391
0.006175381
0.006168769
0.006168475
0.006170808
0.006170137
0.006169228
0.006127527
0.005010542
0.002806346
0.002721452
0.004106039
0.003708638
0.002864902
0.003043153
0.003305297
0.003178583
0.003107634
0.003172651
0.002932804
7.78462E-05
-0.001011737
0.001389016
0.0009964023
-0.002380552
-0.003843817
-0.002091249
-0.00154167
-0.002746591
-0.00298162
-0.002527061
-0.002540077
-0.002710157
-0.002665135
-0.002612895
-0.003729239
-0.00711134
-0.006120606
-0.004157978
-0.005436381
-0.006333485
-0.005207078
-0.00271042
-0.001814196
-0.004232181
-0.005061414
-0.001515642
-0.001728194
-0.003558275
-0.002965378
-0.002250662
-0.002611285
-0.002805871
-0.002622526
-0.00259046
-0.002669729
-0.002664246
-0.002548057
-0.0003369419
0.001835059
-0.0004816293
-0.001016336
0.0004562616
-0.001731236
-0.004587076
-0.002096157
-0.001330597
-0.002903498
-0.001485526
0.001205578
0.0004533907
-0.0009308897
-3.260288E-05
0.0006622107
0.0002645338
9.31388E-05
0.0002826682
0.0003036638
0.0002248689
0.0002349016
0.0002627803
0.0002375676
0.0001104935
0.0001164282
0.0002028991
0.0001693776
0.0001267995
0.0001447032
0.0001566686
0.0001469119
0.0001793337
0.0002920759
0.0002602667
0.0001951462
0.0002363771
0.0002657238
0.0002459876
0.0002388359
0.0002476838
0.0002480902
0.0002442507
0.0002446856
0.0002455838
0.0001892606
0.0001455426
0.0003074233
0.0002300831
3.742711E-05
0.0001811533
0.001452551
0.00365784
0.003560122
0.002112058
0.002646609
0.003412821
0.0009376563
-0.001576095
0.0008968636
0.001575672
-0.0002008993
-0.0003090762
0.000433429
0.001457991
0.002339333
0.001197129
-0.0001582402
-0.000533131
0.0007090957
0.0007023292
-6.130298E-05
-1.932004E-05
0.0002490094
0.0001738614
8.842619E-05
0.0001343278
8.211373E-05
5.906756E-05
0.0002114864
0.0001598366
8.586142E-05
0.0001323384
0.0001579066
0.0001349349
0.0001293382
-0.0001211735
-0.003045439
-0.004178174
-0.001703795
-0.001881997
-0.003327804
-0.003129519
-0.002373743
0.000362904
0.001346363
-0.001020298
-0.0008106836
0.0005851101
0.0002563318
-0.001673938
-0.002090515
-0.002145638
-0.003082971
-0.002631137
-0.002443854
-0.002930536
-0.002998865
-0.002710506
-0.002684664
-0.002837586
-0.002810683
-0.002739956
-0.002773301
-0.002483786
0.001079511
0.001170056
-0.001412461
-0.0005421568
0.0003172282
-0.003731095
-0.004112917
-0.001292611
-0.002110343
-0.003387883
-0.002665759
-0.000338144
0.001179529
-0.0001467888
-0.0008447568
-5.769455E-05
0.0002743498
-0.000157692
-0.0001955741
-0.0002457407
-0.002267384
-0.004105004
-0.002812546
-0.001998034
-0.003207301
-0.003472646
-0.002958153
-0.003024654
-0.003248425
-0.003279822
-0.003192936
-0.003141423
-0.003088296
-0.003130593
-0.003141555
-0.003029941
-0.003149609
-0.003199898
-0.00310181
-0.003107528
-0.003156724
-0.003148081
-0.003135272
-0.004190682
-0.007442514
-0.006492878
-0.004600943
-0.005826595
-0.006165357
-0.003477331
-0.002231089
-0.004368456
-0.006685646
-0.006751377
-0.005265218
-0.005224314
-0.006320308
-0.006368015
-0.005930747
-0.005480856
-0.004018176
-0.004940353
-0.007444514
-0.006393425
-0.005026294
-0.005899873
-0.006424221
-0.006004943
-0.005886397
-0.006061303
-0.006052861
-0.005973414
-0.005981434
-0.005996056
-0.005974796
-0.005959129
-0.005896441
-0.004198817
-0.001428425
-0.003209579
-0.004245888
-0.004455864
-0.006981372
-0.007260714
-0.008902736
-0.008487674
-0.007674006
-0.006791947
-0.004353137
-0.004283326
-0.002558901
-0.002915344
-0.003544707
-0.002707872
-0.00234333
-0.002610875
-0.002566157
-0.004105744
-0.006977248
-0.004971946
-0.003674861
-0.003703768
-0.00131127
-0.002289521
-0.005095491
-0.006813075
-0.004351624
-0.003553728
-0.005123494
-0.003150372
-0.000298461
-0.002732669
-0.00570703
-0.006155805
-0.00356992
-0.003782572
-0.006371305
-0.007298899
-0.006591664
-0.006434913
-0.006247117
-0.007094493
-0.006597974
-0.007861329
-0.006364172
-0.003464343
-0.003964367
-0.005589534
-0.00379456
-0.002912795
-0.005443796
-0.004798921
-0.003632858
-0.00427328
-0.004492493
-0.003067186
-0.0008813912
-0.00112501
-0.004644572
-0.006276557
-0.00319599
-0.0027607
-0.004630221
-0.004606543
-0.003745277
-0.002506724
-0.002245705
-0.004673668
-0.004811115
-0.0002679802
0.0006145699
-0.002562746
-0.00243415
-0.003400572
-0.004704771
-0.003007509
-0.002903795
-0.003907469
-0.002450307
-9.810291E-05
-0.0007026217
-0.002185733
-0.003977299
-0.004146679
-0.0007042233
-0.0006418798
-0.00143046
-0.0007621383
-0.0007221041
-0.0007541881
-0.0005485524
-0.0004777173
-0.0005305365
-0.0007145944
-0.002456011
-0.003738865
-0.0009741453
-0.0002822695
-0.002075482
-0.0004489814
0.0005452013
-0.0006614223
-0.0005127022
0.0001919687
3.275528E-05
-0.0001523294
9.61751E-05
0.000166234
7.326273E-05
0.0002035884
0.0002863744
0.001248853
0.004148971
0.003392049
0.001721336
0.002766704
0.003587228
0.002737212
0.0006383529
-0.0001557822
0.001248644
0.001910617
0.002849089
0.003883001
0.002980634
0.002617484
0.003531834
0.003733059
0.003452423
0.003452106
0.003580329
0.003660975
0.00220988
-0.0002683459
0.001399444
0.002534773
0.00261342
0.004711524
0.004389901
0.005330056
0.006847813
0.005936845
0.005579809
0.00499076
0.002693047
0.003917075
0.004939829
0.003836843
0.002803662
0.001308219
0.0008883278
0.002782269
0.004693815
0.004293115
0.003076372
0.005392695
0.007990381
0.005819096
0.00511496
0.006536961
0.006664803
0.006004405
0.004186776
0.002549334
0.004414742
0.004788934
0.00351267
0.003427841
0.003896274
0.003810265
0.003635096
0.003692803
0.003730276
0.003682149
0.003661775
0.003667878
0.003656831
0.003641775
0.003656992
0.002771362
0.0009203056
0.0009669478
0.002166168
0.001836722
0.003140527
0.004694426
0.002950299
0.00267735
0.003814505
0.003815781
0.003374938
0.003450672
0.003389382
0.001159791
0.0002963784
0.002144228
0.001948526
0.0009228705
0.001162875
0.001555254
0.00231866
0.001717151
0.001540433
0.001800463
0.0008653083
0.001289331
0.001667997
0.001290534
0.001165964
0.001333859
0.001347052
0.001275474
0.001222954
0.001284872
0.001293004
0.001206656
0.001317666
0.001269942
0.001180512
0.001253498
0.001277062
0.001237876
0.001390073
0.002816952
0.004059245
0.003136077
0.002551393
0.00331042
0.003560385
0.003234963
0.003186915
0.002997125
0.0005082779
0.0006196476
0.00376545
0.004350118
0.002573467
0.002350385
0.003343879
0.003396547
0.003024691
0.00306306
0.003168547
0.00310223
0.003050429
0.003061453
0.00305198
0.003022844
0.003007063
0.003342407
0.004395043
0.003707572
0.001994653
0.002697786
0.003583578
0.002972243
0.002606112
0.002863691
0.002917223
0.002778701
0.002762105
0.002790852
0.002761761
0.002728579
0.002718613
0.00270468
0.002682617
0.002663903
0.002647439
0.002629041
0.002611051
0.002917818
0.003578828
0.00225576
0.001948096
0.002892554
0.002759953
0.002298686
0.002394769
0.002519135
0.002424175
0.002368088
0.002387302
0.002373861
0.002338924
0.002321576
0.002308393
0.002287365
0.002266507
0.00224855
0.002229816
0.002210191
0.002216294
0.002260484
0.002210853
0.002536637
0.003482609
0.002530843
0.001166272
0.002057505
0.002613814
0.001991632
0.001781029
0.002012523
0.002008628
0.001889648
0.001888363
0.002363813
0.003594805
0.003384038
0.00169228
0.001816716
0.001873389
0.001897201
0.001903007
0.001728213
0.00169909
0.0008270207
-0.0007654533
0.0002388789
0.001311315
0.001645058
0.001688404
0.0007783327
0.0005043398
0.002126302
0.001922813
0.001055515
0.001347378
0.001652632
0.001455032
0.001349544
0.0009995034
0.0006735879
0.001833158
0.001652379
0.000951638
0.000814214
0.0007991306
0.001359323
0.0007282533
0.0009351743
0.0003477667
-4.907709E-05
-0.0003087176
-3.841624E-05
4.484244E-05
-0.0002159962
-0.0002677283
-0.0001941055
-0.0007296059
-0.001259104
-0.0001636043
0.0004844556
-0.0004448295
-0.0005976787
-9.008836E-05
-8.991185E-05
-0.0002823194
-0.0002766947
-0.0002162945
-0.0001813748
-0.0002282294
-0.0002468466
-0.0002250051
-0.0002241124
-0.000236685
-0.0002387809
-0.0002381116
-0.0002420611
-0.0002459745
-0.0002481102
-0.0002506702
-0.0002538046
-0.0002566165
-0.0002592758
-0.0002620849
-0.0002649276
-0.0002676864
-0.0002704309
-0.0002731834
-0.000275922
-0.0002786427
-0.0002812978
-0.0002360221
0.000249055
-8.999412E-05
-0.000747494
-0.0002655966
-4.307321E-05
-0.0003415412
-0.0003957972
-0.0002777497
-0.0002875428
-0.0003342811
-0.0003237028
-0.0002717349
0.0001688412
0.0003261132
-1.973283E-05
0.0004286783
0.0003010017
-0.0007466193
-0.0005616845
2.439149E-05
-0.0002451955
-0.0005178742
-0.0003530007
0.0001611631
0.0006713424
0.0004991713
0.0005561192
0.0004953878
0.0001316722
0.0004005737
0.0004001926
-0.0007477739
-0.0007785486
-3.379975E-05
-0.0002852702
-0.0006451064
-0.0005057386
-0.0004038667
-0.000430773
-3.869631E-05
-1.718379E-05
-0.0003224207
-0.0002362153
-9.362413E-05
-7.865117E-05
0.0002822092
0.0002715585
-2.48385E-05
6.208968E-05
0.0001852641
0.0001116779
5.384503E-05
6.666591E-05
5.802815E-05
2.768036E-05
-3.647398E-05
-0.000473951
-0.0008130626
-0.0005387516
-0.0004029264
-0.0006251174
-0.0006878682
-0.0005561277
-0.0002359705
-0.000218233
-3.940877E-05
0.0002590399
-9.108057E-05
-0.0006931166
-0.000193415
-0.0002725815
-0.000898237
-0.0007078824
-0.0004643189
-0.0006557584
-0.0009050512
-0.001300345
-0.001126689
-0.0007991212
-0.0006696955
-0.000608659
-0.0007273191
-0.0007528267
-0.0006409439
-0.0006197717
-0.0006600882
-0.0007923518
-0.001185313
-0.001068526
-0.0008201208
-0.0009391931
-0.001040396
-0.0009713374
-0.0009292193
-0.0009448624
-0.0009389916
-0.0009207612
-0.0009224755
-0.0009120317
-0.000893168
-0.0008858058
-0.0009455778
-0.001164857
-0.001210877
-0.000985384
-0.0007341547
-0.0007565888
-0.000909573
-0.0008529058
-0.000749676
-0.0007598151
-0.0007784774
-0.0007510385
-0.000726583
-0.0007295297
-0.0006646931
-0.0005454106
-0.0005459506
-0.0004803965
-0.0004955079
-0.000522141
-0.0004874422
-0.0004719933
-0.0004853127
-0.000487063
-0.0004804869
-0.0004800178
-0.0004812313
-0.0004797142
-0.0004781523
-0.0004776068
-0.0004798952
-0.0004838627
-0.0004349081
-0.0003562681
-0.0003688654
-0.0003306019
-0.000342298
-0.0003651705
-0.0003479465
-0.0003441578
-0.0004058255
-0.0004108378
-0.0003585961
-0.0004453522
-0.0003969619
-0.0003137038
-0.0003826057
-0.0004121201
-0.0003745301
-0.0003718345
-0.0003907523
-0.0003907897
-0.000350696
-0.0003219188
-0.0003353195
-0.0003461486
-0.0003923265
-0.0003678893
-0.0003841755
-0.0004374715
-0.0004117644
-0.0003982548
-0.0004212782
-0.000427217
-0.0004211653
-0.0004498929
-0.0005018434
-0.000494853
-0.0004615859
-0.0004728385
-0.000488077
-0.0004793192
-0.0004524
-0.000435426
-0.0004563946
-0.0004582308
-0.0004444581
-0.000460424
-0.0004796178
-0.0004575013
-0.0004491613
-0.0004604724
-0.0004595705
-0.0004520675
-0.0004505488
-0.0004496538
-0.0004285991
-0.0004189796
-0.0004323803
-0.0004155561
-0.0004033181
-0.0004447441
-0.0004556052
-0.0004210695
-0.0004210586
-0.0004360038
-0.0004305898
-0.0004226015
-0.0004226571
-0.0004209054
-0.0004073936
-0.0004031678
-0.0004190291
-0.0004190515
-0.0004055349
-0.0004045251
-0.0004085782
-0.0004214062
-0.0004223451
-0.00040595
-0.0004047029
-0.000409042
-0.000404085
-0.0003980072
-0.000396159
-0.0003936747
-0.0003893861
-0.0003862625
-0.0003835139
-0.0003797655
-0.0003717366
-0.000367063
-0.0003688477
-0.0003698729
-0.0003657675
-0.0003595165
-0.0003576361
-0.0003564371
-0.0003531508
-0.0003495464
-0.0003466599
-0.0003436524
-0.0003379609
-0.0003342406
-0.0003340854
-0.0003336932
-0.000330506
-0.0003258273
-0.0003236724
-0.0003219057
-0.0003189014
-0.0003159301
-0.0003134229
-0.0003106226
-0.0003063998
-0.0003054486
-0.0003025142
-0.0002983294
-0.0002954088
-0.0002935457
-0.0002917451
-0.0002889765
-0.0002864957
-0.000284639
-0.000283449
-0.0002810403
-0.0002780608
-0.0002760296
-0.0002733957
-0.0002711228
-0.0002693772
-0.000267125
-0.0002647899
-0.00026276
-0.0002607517
-0.0002586077
-0.0002565298
-0.0002545228
-0.0002525227
-0.0002508011
-0.0002487187
-0.0002464635
-0.0002445419
-0.0002426245
-0.0002405752
-0.0002385881
-0.0002368215
-0.0002348299
-0.0002327199
-0.000230814
-0.0002289111
-0.0002268052
-0.0002247721
-0.0002230026
-0.0002211836
-0.0002192491
-0.0002173846
-0.0002155772
-0.0002137545
-0.0002119324
-0.0002101319
-0.0002083431
-0.0002065614
-0.0002047913
-0.0002030313
-0.0002012863
-0.0001995492
-0.000197822
-0.0001961094
-0.0001944047
-0.0001926959
-0.0001910199
-0.0001893668
-0.0001877175
-0.0001860564
-0.0001844277
-0.0001828153
-0.0001811969
-0.0001795947
-0.0001780092
-0.0001764322
-0.0001748657
-0.0001733122
-0.0001717705
-0.0001702402
-0.0001687216
-0.0001672148
-0.0001657199
-0.0001642369
-0.0001627657
-0.0001613065
-0.0001598591
-0.0001584237
-0.0001570003
-0.0001555889
-0.0001541895
-0.0001528022
-0.0001514268
-0.0001500636
-0.0001487124
-0.0001473734
-0.0001460464
-0.0001447316
-0.000143429
-0.0001421385
-0.0001408602
-0.0001395941
-0.0001383402
-0.0001370985
-0.0001358691
-0.0001346519
-0.0001334469
-0.0001322542
-0.0001310738
-0.0001299056
-0.0001287498
-0.0001276062
-0.0001264749
