0.005
-0.00039
-0.00039
-0.00039
-0.00039
-0.00039
-0.00039
-0.00039
-0.00039
-0.00039
-0.00039
-0.00039
-0.00039
-0.00039
-0.00039
-0.00039
-0.00039
-0.00039
-0.00038
-0.00038
-0.00038
-0.00038
-0.00039
-0.00039
-0.00038
-0.00038
-0.00039
-0.00039
-0.00039
-0.00038
-0.00038
-0.00039
-0.00039
-0.00039
-0.00039
-0.00039
-0.00039
-0.00039
-0.00039
-0.00041
-0.00043
-0.00043
-0.00042
-0.00041
-0.00043
-0.00042
-0.00041
-0.00044
-0.00044
-0.00043
-0.00043
-0.00043
-0.0004
-0.00038
-0.00034
-0.00031
-0.00032
-0.00033
-0.00031
-0.00029
-0.00029
-0.00029
-0.00028
-0.00022
-0.00018
-0.00027
-0.00032
-0.00026
-0.00022
-0.00024
-0.00025
-0.00013
-0.00002
-0.0001
-0.00011
-0.00015
-0.00028
-0.0004
-0.0005
-0.00061
-0.00079
-0.00098
-0.00094
-0.00087
-0.00103
-0.00129
-0.00125
-0.00095
-0.00088
-0.00085
-0.00059
-0.0004
-0.00033
-0.00032
-0.00034
-0.00031
-0.00023
-0.00007
-0.00003
-0.00011
-0.00012
-0.00007
0.00009
0.00044
0.00045
0.00025
0.00027
0.00032
0.00027
0.00047
0.00054
0.00041
0.00009
-0.00018
-0.0003
-0.00046
-0.00041
-0.00035
-0.00043
-0.00049
-0.00019
0.00019
0.00007
-0.00038
-0.00045
-0.00039
-0.00043
-0.00044
-0.00054
-0.00085
-0.00078
-0.00033
-0.00032
-0.00061
-0.00078
-0.00108
-0.00144
-0.00124
-0.00017
0.00068
0.00085
0.00067
0.00011
-0.00047
-0.00077
-0.00112
-0.00121
-0.00107
-0.00109
-0.00097
-0.00049
-0.00039
-0.00065
-0.00032
0.00047
0.00051
0.00009
0.00018
0.00101
0.00206
0.00237
0.00194
0.0018
0.00216
0.00239
0.00233
0.00226
0.00201
0.00098
0.00002
-0.00047
-0.00045
-0.00048
-0.00129
-0.00216
-0.0026
-0.00363
-0.00553
-0.00619
-0.0052
-0.00315
-0.00119
-0.00001
0.00118
0.00143
0.00083
0.00014
0.00016
0.00077
-0.00007
-0.00044
0.00092
0.00187
0.00179
0.00146
0.00134
0.00088
0.00037
0.00085
0.00216
0.00335
0.00381
0.0042
0.00339
0.00186
0.00102
0.00039
-0.00153
-0.00326
-0.00396
-0.00433
-0.00435
-0.00392
-0.00375
-0.00374
-0.00392
-0.00345
-0.00221
-0.00073
0.00023
0.00049
0.00165
0.00252
0.00192
0.00101
0.00047
0.00069
0.00041
-0.00101
-0.0026
-0.00201
0.00082
0.00274
0.00322
0.00349
0.00358
0.00305
0.00163
-0.00011
-0.00092
-0.00055
-0.00021
-0.00061
-0.0005
0.00068
0.0012
0.00112
0.00095
0.00041
0.00061
0.00108
0.00147
0.00245
0.00258
0.0012
0.00065
0.00076
0.00101
0.00058
-0.00136
-0.00393
-0.00608
-0.00774
-0.00806
-0.00856
-0.01017
-0.01146
-0.01114
-0.01065
-0.01105
-0.01089
-0.00811
-0.00449
-0.00239
-0.0001
0.00084
0.00047
-0.0006
-0.00137
-0.00138
-0.00139
-0.00297
-0.00285
-0.00047
0.00095
0.00207
0.00383
0.00351
0.00029
-0.00213
-0.00207
-0.00269
-0.00334
-0.00104
0.00104
0.00174
0.00342
0.00314
0.00068
-0.0003
-0.00024
-0.00198
-0.0042
-0.00489
-0.00549
-0.00581
-0.00369
-0.00159
-0.00087
0.00107
0.00314
0.00382
0.0046
0.0054
0.00513
0.00342
0.00054
-0.00166
-0.00324
-0.00534
-0.0065
-0.00708
-0.00983
-0.01216
-0.01047
-0.00712
-0.00496
-0.00263
0.00118
0.00389
0.00794
0.01166
0.01222
0.01297
0.01406
0.01393
0.01242
0.01012
0.00913
0.00896
0.00775
0.00595
0.00575
0.00761
0.01092
0.01418
0.01558
0.01537
0.01329
0.00948
0.00429
-0.00018
-0.00354
-0.00542
-0.00628
-0.00893
-0.01268
-0.01762
-0.01935
-0.01613
-0.00975
-0.00355
-0.00081
-0.00255
-0.00706
-0.00965
-0.01161
-0.01282
-0.00744
-0.00134
-0.00041
-0.00063
0.00138
0.00543
0.00773
0.00839
0.01118
0.01545
0.01772
0.01437
0.00912
0.0076
0.00789
0.00736
0.00655
0.00521
0.00492
0.00652
0.00753
0.0087
0.0089
0.00606
0.00585
0.00984
0.01305
0.01413
0.01269
0.00813
0.00171
-0.00597
-0.01387
-0.01939
-0.02102
-0.01841
-0.01273
-0.00846
-0.00703
-0.00573
-0.00564
-0.00486
-0.00037
0.00519
0.01085
0.0161
0.02124
0.02489
0.02599
0.02471
0.02162
0.01603
0.00931
0.0065
0.00628
0.0054
0.00455
0.0031
0.00084
-0.0014
-0.00215
-0.0008
0.00057
0.00229
0.00467
0.00794
0.01187
0.01172
0.00859
0.00559
0.00409
0.00271
0.00264
0.00654
0.00853
0.00392
-0.00286
-0.00615
-0.00849
-0.01275
-0.0145
-0.00991
-0.00135
0.00595
0.01418
0.02189
0.02434
0.02225
0.01805
0.01213
0.00653
0.00267
0.0022
0.00362
0.00445
0.00552
0.00624
0.00506
0.00157
-0.00268
-0.00518
-0.00286
0.00426
0.01035
0.01413
0.01789
0.0204
0.01736
0.01213
0.00736
0.00179
-0.00283
-0.00369
-0.00342
-0.00577
-0.00803
-0.01095
-0.01495
-0.01814
-0.02004
-0.01664
-0.00969
-0.00668
-0.00681
-0.00599
-0.00562
-0.00441
-0.00086
0.00451
0.00999
0.01257
0.01221
0.01028
0.00764
0.00762
0.00904
0.00915
0.01104
0.01536
0.01711
0.01451
0.00888
0.00207
-0.00446
-0.00701
-0.00419
-0.0004
0.00224
0.00325
0.00232
0.001
-0.00015
-0.00278
-0.0081
-0.01108
-0.00883
-0.00741
-0.00843
-0.00746
-0.00689
-0.00732
-0.00667
-0.00714
-0.00768
-0.00719
-0.00773
-0.01041
-0.01056
-0.00768
-0.00352
0.00161
0.00819
0.01376
0.0157
0.01259
0.0058
-0.0011
-0.00591
-0.00576
0.00086
0.00833
0.01141
0.01266
0.01206
0.01053
0.00846
0.00674
0.00751
0.01334
0.02135
0.02852
0.03274
0.0305
0.02023
0.00551
-0.00993
-0.02346
-0.03322
-0.0396
-0.04121
-0.03758
-0.03205
-0.02722
-0.02527
-0.02573
-0.02631
-0.02682
-0.02614
-0.02221
-0.01503
-0.00897
-0.00503
-0.00111
0.00171
0.00413
0.00734
0.0098
0.01073
0.01262
0.01599
0.01543
0.01098
0.00888
0.0091
0.01146
0.0159
0.01791
0.01575
0.01312
0.01131
0.00851
0.00697
0.00945
0.01302
0.01236
0.00825
0.00377
-0.0029
-0.00909
-0.01323
-0.01662
-0.01535
-0.00869
-0.0017
0.00526
0.01468
0.02076
0.02027
0.01437
0.00463
-0.00572
-0.0133
-0.01796
-0.01568
-0.00664
0.00065
0.00365
0.00605
0.00672
0.0053
0.00731
0.01192
0.01591
0.01788
0.01922
0.02137
0.02241
0.02397
0.02504
0.02389
0.02081
0.01765
0.01452
0.01138
0.01088
0.01308
0.01385
0.01367
0.01145
0.00956
0.00815
0.00515
0.0023
-0.00023
-0.0043
-0.00758
-0.0059
-0.00283
-0.00251
-0.00288
-0.00199
-0.00035
0.00468
0.011
0.01413
0.01539
0.01499
0.01178
0.01115
0.01825
0.02612
0.03209
0.03623
0.03731
0.03477
0.03214
0.031
0.02635
0.02058
0.01829
0.01984
0.02394
0.02608
0.02524
0.02364
0.02278
0.01987
0.01408
0.0076
0.00336
0.00065
-0.00137
-0.00297
-0.00182
0.00113
0.00309
0.00677
0.01104
0.01449
0.01802
0.02017
0.01979
0.01763
0.01854
0.02317
0.0265
0.0239
0.01627
0.00851
0.00301
-0.00035
-0.00186
-0.00169
-0.00297
-0.00629
-0.00911
-0.00859
-0.00442
-0.00193
-0.00284
-0.00429
-0.00232
0.00529
0.01346
0.01933
0.0197
0.01318
0.00545
0.00014
-0.00177
-0.00092
0.00293
0.01065
0.01724
0.02002
0.02443
0.02924
0.02985
0.02658
0.02125
0.01684
0.01477
0.0136
0.01268
0.01328
0.01344
0.01228
0.01156
0.01017
0.00609
0.00298
0.00412
0.01032
0.01968
0.02754
0.03001
0.02846
0.02363
0.01975
0.01981
0.02234
0.0217
0.01646
0.0123
0.01103
0.01035
0.0097
0.00617
0.00058
-0.00432
-0.00944
-0.01169
-0.00719
0.00362
0.01489
0.02361
0.0228
0.01394
0.00491
-0.0009
-0.0042
-0.0099
-0.01628
-0.01933
-0.01702
-0.01281
-0.00916
-0.0071
-0.00182
0.00828
0.01986
0.02799
0.03278
0.03181
0.02469
0.01499
0.006
0.0011
0.0064
0.02026
0.03032
0.03226
0.02714
0.01679
0.00542
-0.0059
-0.01462
-0.0155
-0.00901
-0.00083
0.00149
-0.00831
-0.0224
-0.0355
-0.05206
-0.06674
-0.07341
-0.07157
-0.06282
-0.05428
-0.04919
-0.04542
-0.04318
-0.04315
-0.04273
-0.0396
-0.033
-0.02424
-0.01667
-0.01103
-0.01034
-0.01739
-0.02638
-0.02927
-0.02787
-0.02691
-0.02652
-0.02509
-0.02289
-0.02171
-0.01977
-0.01504
-0.00497
0.00661
0.01614
0.02236
0.02703
0.03164
0.0315
0.02357
0.00949
-0.00703
-0.01947
-0.02678
-0.03296
-0.04005
-0.04498
-0.04433
-0.04054
-0.03819
-0.03544
-0.02586
-0.00499
0.02672
0.05668
0.08191
0.10515
0.12702
0.14722
0.16409
0.17697
0.18336
0.18006
0.16794
0.15102
0.13047
0.10765
0.08226
0.05166
0.01854
-0.01666
-0.05
-0.07791
-0.09885
-0.11052
-0.11422
-0.10832
-0.09719
-0.08413
-0.06894
-0.05378
-0.04066
-0.02771
-0.01647
-0.00811
0.00013
0.00415
0.00647
0.01067
0.01696
0.02386
0.02903
0.03007
0.03029
0.03404
0.03738
0.03566
0.03189
0.02895
0.02845
0.03387
0.04212
0.04586
0.04122
0.02902
0.01084
-0.00742
-0.01723
-0.01756
-0.01326
-0.0085
-0.00255
0.00513
0.01237
0.01769
0.02142
0.02388
0.03026
0.03814
0.04646
0.05572
0.06176
0.06545
0.06879
0.07148
0.07021
0.06326
0.05308
0.04283
0.03702
0.03627
0.03944
0.04204
0.04122
0.0402
0.04269
0.04524
0.04358
0.04355
0.04947
0.05634
0.06233
0.06873
0.0755
0.08152
0.08323
0.08007
0.07572
0.07339
0.07503
0.07961
0.08215
0.08162
0.07931
0.07272
0.05827
0.03561
0.00909
-0.01358
-0.0327
-0.04975
-0.05953
-0.05791
-0.04759
-0.03779
-0.03295
-0.03121
-0.03038
-0.02997
-0.02728
-0.01999
-0.0075
0.00701
0.01545
0.01571
0.00803
-0.00492
-0.01339
-0.01078
0.00373
0.02312
0.03798
0.04284
0.03354
0.0164
0.00152
-0.005
0.00164
0.01734
0.03161
0.0371
0.03756
0.03939
0.03833
0.03169
0.02508
0.01976
0.01501
0.0119
0.01144
0.00959
0.00347
-0.00192
-0.00322
-0.00179
-0.00117
-0.00276
-0.00761
-0.01668
-0.0266
-0.03488
-0.03554
-0.02652
-0.01624
-0.01123
-0.00979
-0.00612
-0.00124
0.00138
-0.00081
-0.00539
-0.00929
-0.01225
-0.0113
-0.00448
0.00555
0.01104
0.00972
0.00429
-0.00339
-0.01476
-0.03001
-0.04352
-0.05207
-0.05686
-0.05627
-0.04866
-0.04418
-0.0463
-0.05172
-0.06296
-0.07679
-0.08591
-0.08934
-0.08493
-0.07327
-0.06114
-0.04946
-0.03839
-0.02996
-0.02702
-0.03804
-0.06256
-0.08733
-0.10303
-0.11126
-0.11415
-0.10519
-0.08605
-0.06496
-0.04986
-0.04188
-0.03703
-0.0335
-0.03082
-0.03097
-0.03124
-0.02253
-0.0077
0.00737
0.02064
0.03194
0.03902
0.03518
0.02178
0.00644
-0.0078
-0.02186
-0.03263
-0.03804
-0.03218
-0.01217
0.01266
0.02907
0.03799
0.03793
0.02536
0.00754
-0.00667
-0.01585
-0.01811
-0.01287
-0.0076
-0.0051
0.00309
0.01947
0.03523
0.03731
0.0186
-0.0111
-0.03835
-0.05886
-0.07081
-0.07451
-0.0667
-0.04669
-0.02833
-0.01816
-0.01494
-0.01347
-0.01462
-0.02161
-0.03243
-0.0403
-0.03843
-0.0226
-0.00123
0.0143
0.02223
0.02614
0.02411
0.01499
0.0059
-0.00172
-0.01075
-0.02045
-0.03132
-0.04256
-0.05118
-0.05547
-0.05976
-0.06601
-0.07348
-0.0836
-0.09433
-0.10749
-0.11885
-0.11913
-0.10667
-0.09238
-0.08234
-0.07969
-0.0824
-0.08938
-0.1022
-0.12082
-0.136
-0.14097
-0.14253
-0.14113
-0.13476
-0.12555
-0.11276
-0.09795
-0.08938
-0.09097
-0.09864
-0.10749
-0.11498
-0.12378
-0.13907
-0.15491
-0.16765
-0.18013
-0.18948
-0.1937
-0.19072
-0.18412
-0.17894
-0.17448
-0.1679
-0.1629
-0.16504
-0.17186
-0.17567
-0.17799
-0.18255
-0.18653
-0.18149
-0.16383
-0.14316
-0.12884
-0.12074
-0.11744
-0.11733
-0.11539
-0.10265
-0.08029
-0.05243
-0.02454
0.00303
0.02268
0.03107
0.03106
0.02066
0.00838
0.00124
-0.00183
-0.00068
0.00653
0.01323
0.01318
0.00995
0.00689
0.00286
-0.00393
-0.01047
-0.00895
0.00235
0.01162
0.0117
0.00131
-0.01308
-0.01884
-0.0179
-0.01215
-0.00812
-0.00539
-0.00073
0.00371
0.00496
0.003
0.00087
-0.0007
-0.00367
-0.00962
-0.01546
-0.01908
-0.01869
-0.01329
-0.00863
-0.00778
-0.01184
-0.02258
-0.03271
-0.03729
-0.03854
-0.04018
-0.0456
-0.05438
-0.0652
-0.08031
-0.09938
-0.12572
-0.15184
-0.16401
-0.16662
-0.16655
-0.16193
-0.15871
-0.15978
-0.16202
-0.16362
-0.16157
-0.15693
-0.15196
-0.14647
-0.13626
-0.11627
-0.0876
-0.05254
-0.01437
0.02664
0.05672
0.07019
0.07522
0.0715
0.05244
0.02082
-0.00929
-0.03054
-0.04615
-0.04862
-0.02803
0.00393
0.04047
0.08452
0.12884
0.16417
0.18918
0.2091
0.22442
0.23502
0.2439
0.25253
0.25905
0.2609
0.25946
0.25781
0.25713
0.2546
0.24603
0.22658
0.19714
0.1598
0.11885
0.08198
0.04057
-0.0027
-0.03069
-0.04362
-0.04577
-0.03458
-0.02149
-0.01503
-0.01373
-0.01623
-0.02543
-0.04078
-0.05966
-0.07986
-0.09425
-0.0952
-0.08555
-0.07543
-0.06773
-0.05701
-0.03982
-0.02077
-0.00784
0.00063
0.00705
0.01196
0.01527
0.01641
0.01457
0.00921
0.00433
0.00544
0.01485
0.02667
0.03499
0.04212
0.04729
0.04696
0.03737
0.02096
0.00179
-0.01954
-0.04766
-0.07649
-0.10023
-0.12192
-0.14198
-0.15955
-0.17241
-0.17723
-0.16498
-0.13323
-0.09142
-0.05601
-0.02943
-0.0102
0.00227
0.01837
0.03799
0.05362
0.06551
0.0816
0.10048
0.1192
0.13701
0.15209
0.16852
0.18513
0.19727
0.20333
0.19718
0.1803
0.16334
0.13908
0.11361
0.09102
0.06207
0.03227
0.00432
-0.01346
-0.02319
-0.03536
-0.04854
-0.06435
-0.08795
-0.12005
-0.1556
-0.1927
-0.22438
-0.25666
-0.28783
-0.3011
-0.30788
-0.31569
-0.30885
-0.29287
-0.27299
-0.24142
-0.20864
-0.183
-0.15452
-0.1254
-0.09954
-0.07334
-0.04487
-0.01396
0.01903
0.05083
0.07977
0.11536
0.15482
0.18843
0.21507
0.22608
0.21366
0.17898
0.13013
0.07743
0.0312
-0.01256
-0.05846
-0.10385
-0.14133
-0.16381
-0.17301
-0.17519
-0.17783
-0.18364
-0.19151
-0.20018
-0.20619
-0.20689
-0.1918
-0.15866
-0.12213
-0.09106
-0.05611
-0.01752
0.00587
0.01459
0.01624
0.01181
0.00109
-0.01395
-0.02424
-0.02433
-0.01846
-0.01653
-0.02083
-0.02649
-0.03071
-0.03684
-0.04408
-0.04632
-0.03907
-0.02413
-0.0081
0.00403
0.015
0.02152
0.02166
0.01796
0.01349
0.01256
0.02127
0.03622
0.05112
0.06374
0.07249
0.07778
0.08127
0.08193
0.08266
0.08457
0.08658
0.09172
0.10201
0.11373
0.1228
0.12958
0.13433
0.13059
0.11973
0.10649
0.09075
0.07165
0.0543
0.04472
0.05254
0.07983
0.12006
0.16014
0.19402
0.2286
0.25589
0.27731
0.29784
0.31481
0.32501
0.32623
0.31801
0.30674
0.29392
0.27858
0.25929
0.23637
0.21456
0.19251
0.16777
0.13897
0.10061
0.05166
-0.00531
-0.06204
-0.10892
-0.14559
-0.17629
-0.19633
-0.20415
-0.1986
-0.18452
-0.17054
-0.15587
-0.14582
-0.14443
-0.14724
-0.15839
-0.1791
-0.20209
-0.21836
-0.22666
-0.22249
-0.19991
-0.16384
-0.11175
-0.04809
0.01516
0.07886
0.11642
0.13519
0.15733
0.17432
0.17245
0.14989
0.12074
0.0909
0.06372
0.042
0.02689
0.01585
0.01104
0.01407
0.02143
0.03192
0.04609
0.06139
0.07447
0.07845
0.07654
0.07523
0.07566
0.08229
0.09398
0.10644
0.12418
0.14497
0.16374
0.1793
0.18757
0.19078
0.19076
0.18999
0.19638
0.20572
0.20746
0.19672
0.17899
0.16553
0.15721
0.14804
0.13545
0.12267
0.10858
0.09041
0.07372
0.06505
0.06333
0.06732
0.07509
0.08132
0.0857
0.08868
0.08819
0.08502
0.08166
0.08233
0.08758
0.09138
0.09249
0.09204
0.08952
0.08481
0.07793
0.0682
0.05448
0.03899
0.02859
0.02464
0.02255
0.01941
0.01303
0.00365
-0.00623
-0.01493
-0.02479
-0.03909
-0.05243
-0.06189
-0.06929
-0.07412
-0.07367
-0.06009
-0.03141
0.00839
0.05254
0.09482
0.12959
0.15628
0.17674
0.18846
0.18433
0.16342
0.13379
0.10443
0.07383
0.05265
0.03583
0.02362
0.02124
0.02809
0.03635
0.04326
0.05122
0.05623
0.05623
0.054
0.05221
0.05016
0.04756
0.05007
0.05696
0.06401
0.06881
0.07295
0.07591
0.07487
0.07347
0.07609
0.07692
0.07203
0.06421
0.05356
0.03841
0.01923
-0.00152
-0.02513
-0.05058
-0.07586
-0.10071
-0.12325
-0.1392
-0.14736
-0.15162
-0.14851
-0.13477
-0.11437
-0.0886
-0.05738
-0.01405
0.03527
0.08116
0.11798
0.15121
0.18083
0.19931
0.2108
0.21623
0.21118
0.19798
0.1817
0.16575
0.14816
0.12765
0.10704
0.08116
0.05747
0.02761
-0.0077
-0.03467
-0.05878
-0.08466
-0.10916
-0.12381
-0.12834
-0.13375
-0.14203
-0.14823
-0.15093
-0.14819
-0.1409
-0.13363
-0.1258
-0.11439
-0.10235
-0.09409
-0.08667
-0.0764
-0.06348
-0.04708
-0.03039
-0.02096
-0.01514
-0.00882
-0.00175
0.00569
0.01142
0.01543
0.0183
0.02025
0.0207
0.0178
0.01263
0.00748
0.00142
-0.00622
-0.02009
-0.0396
-0.06067
-0.08039
-0.09858
-0.11694
-0.13413
-0.14645
-0.15203
-0.15149
-0.14065
-0.11766
-0.08598
-0.05889
-0.03793
-0.02217
-0.01085
-0.00503
-0.00891
-0.0193
-0.03263
-0.0485
-0.06306
-0.07478
-0.08224
-0.08279
-0.08243
-0.08518
-0.08868
-0.0918
-0.09442
-0.09635
-0.09873
-0.10375
-0.10942
-0.11497
-0.12147
-0.12675
-0.13035
-0.131
-0.12843
-0.12536
-0.12399
-0.12233
-0.11766
-0.11076
-0.10173
-0.08817
-0.07313
-0.05443
-0.03157
-0.00517
0.02219
0.04166
0.05869
0.07757
0.09205
0.0943
0.0843
0.06842
0.05316
0.04049
0.03065
0.02803
0.03674
0.04907
0.06163
0.07786
0.09499
0.10843
0.11978
0.13345
0.14912
0.16161
0.16439
0.15895
0.14755
0.13063
0.10661
0.07761
0.04977
0.02554
0.00278
-0.02275
-0.04952
-0.07182
-0.09102
-0.11407
-0.13111
-0.13416
-0.12735
-0.11376
-0.08855
-0.04747
-0.00327
0.03615
0.06583
0.09026
0.1096
0.12788
0.13917
0.14009
0.13577
0.13021
0.12049
0.10341
0.08344
0.06107
0.03935
0.01859
0.00125
-0.0106
-0.02252
-0.03537
-0.04573
-0.05423
-0.05998
-0.06387
-0.06985
-0.07446
-0.0764
-0.07811
-0.07969
-0.07911
-0.07688
-0.07561
-0.07466
-0.07003
-0.05605
-0.02478
0.02153
0.0568
0.07007
0.08187
0.09757
0.10342
0.09135
0.0705
0.05355
0.04243
0.02675
0.01017
-0.00175
-0.00938
-0.01222
-0.01227
-0.00958
-0.00515
-0.00227
-0.00456
-0.01587
-0.03272
-0.04939
-0.06655
-0.07605
-0.07401
-0.06046
-0.0464
-0.03398
-0.01885
-0.00385
0.00769
0.01616
0.023
0.02469
0.02425
0.02229
0.01763
0.01054
0.00378
-0.00053
-0.00624
-0.0131
-0.017
-0.0182
-0.01934
-0.01757
-0.008
0.00602
0.01848
0.02893
0.03952
0.04729
0.04982
0.04806
0.03926
0.01951
-0.00725
-0.02883
-0.04575
-0.05482
-0.05643
-0.05476
-0.04939
-0.0391
-0.02551
-0.0123
0.00131
0.01801
0.03513
0.05116
0.06371
0.07318
0.07814
0.07395
0.05998
0.04768
0.03896
0.03364
0.03685
0.04815
0.06
0.06631
0.07
0.07154
0.06806
0.06382
0.06225
0.06075
0.0599
0.06299
0.06862
0.07246
0.07655
0.08172
0.08621
0.09092
0.09148
0.08405
0.06968
0.0531
0.03344
0.01032
-0.00567
-0.01827
-0.03119
-0.04226
-0.05019
-0.0576
-0.06284
-0.05899
-0.04832
-0.04001
-0.03319
-0.02933
-0.02949
-0.03285
-0.0396
-0.04659
-0.05402
-0.06111
-0.06851
-0.0759
-0.08055
-0.08396
-0.08768
-0.09045
-0.09084
-0.08983
-0.08815
-0.08324
-0.07613
-0.06773
-0.05953
-0.05535
-0.05493
-0.05626
-0.06045
-0.06655
-0.07262
-0.07686
-0.07713
-0.0738
-0.0671
-0.05934
-0.0485
-0.03309
-0.01819
-0.00164
0.01842
0.03366
0.04928
0.06694
0.08243
0.09025
0.09191
0.08887
0.08026
0.06891
0.05868
0.04941
0.04162
0.03901
0.04193
0.04704
0.05363
0.06483
0.07975
0.09103
0.09765
0.10258
0.10489
0.10755
0.11238
0.11645
0.12013
0.1267
0.13325
0.13912
0.14524
0.15066
0.15413
0.15599
0.15277
0.14527
0.1369
0.12921
0.12036
0.10988
0.10125
0.09185
0.0792
0.06441
0.05237
0.04296
0.03461
0.02967
0.02655
0.02719
0.0317
0.036
0.03974
0.04555
0.05253
0.05632
0.05877
0.05984
0.05928
0.05587
0.0477
0.03515
0.02003
0.00331
-0.01171
-0.02537
-0.03758
-0.0475
-0.05567
-0.06002
-0.05816
-0.05373
-0.05033
-0.0483
-0.04714
-0.0459
-0.04342
-0.03925
-0.0346
-0.03014
-0.02364
-0.01686
-0.01252
-0.0079
-0.00092
0.00507
0.00892
0.01271
0.01701
0.01809
0.01644
0.01312
0.00998
0.00789
0.00633
0.00903
0.01464
0.01796
0.01944
0.01894
0.01313
0.0035
-0.00517
-0.01216
-0.01992
-0.0274
-0.03097
-0.03195
-0.03224
-0.03139
-0.02912
-0.02686
-0.02671
-0.02936
-0.03307
-0.03592
-0.03904
-0.03944
-0.03796
-0.03708
-0.03321
-0.02734
-0.02366
-0.02022
-0.01653
-0.01445
-0.01441
-0.01611
-0.01779
-0.01932
-0.0216
-0.02543
-0.0288
-0.03182
-0.03549
-0.03949
-0.03874
-0.03266
-0.02332
-0.01126
0.00543
0.0228
0.04066
0.06283
0.08128
0.09163
0.09914
0.10542
0.10373
0.09112
0.07511
0.06063
0.04752
0.03582
0.02607
0.0171
0.0121
0.009
0.0049
0.00199
0.0007
-0.0026
-0.00947
-0.01762
-0.02792
-0.0385
-0.04822
-0.05872
-0.06799
-0.074
-0.07597
-0.07441
-0.07297
-0.07264
-0.07207
-0.07215
-0.07231
-0.06993
-0.07018
-0.07293
-0.0724
-0.07135
-0.0742
-0.07823
-0.08336
-0.08703
-0.08991
-0.09293
-0.09494
-0.09494
-0.09448
-0.09468
-0.09348
-0.09277
-0.08939
-0.08506
-0.08007
-0.07402
-0.06724
-0.05971
-0.05334
-0.04751
-0.04121
-0.03526
-0.02854
-0.02008
-0.00819
0.00676
0.02729
0.05026
0.06811
0.08334
0.09875
0.11122
0.11749
0.11955
0.11735
0.10992
0.10126
0.09104
0.08263
0.07696
0.07178
0.07061
0.0718
0.07073
0.06951
0.06938
0.06856
0.06504
0.05804
0.0489
0.03604
0.02039
0.00237
-0.01596
-0.03403
-0.05269
-0.06826
-0.08096
-0.09131
-0.10021
-0.10761
-0.1101
-0.1078
-0.10506
-0.10411
-0.1031
-0.10163
-0.10126
-0.09945
-0.09639
-0.09517
-0.09348
-0.08899
-0.0854
-0.08536
-0.08645
-0.08733
-0.08936
-0.0926
-0.09506
-0.0971
-0.10081
-0.10432
-0.1058
-0.10499
-0.10289
-0.1003
-0.09656
-0.09137
-0.08634
-0.08273
-0.07789
-0.06961
-0.0584
-0.04728
-0.03755
-0.02602
-0.01191
0.00095
0.01061
0.02081
0.03095
0.03946
0.04525
0.05038
0.05755
0.06328
0.06456
0.06442
0.06583
0.06628
0.06386
0.06039
0.05685
0.05026
0.03981
0.02723
0.01223
-0.00593
-0.0232
-0.03625
-0.04706
-0.05663
-0.06392
-0.06738
-0.06877
-0.06651
-0.06316
-0.06193
-0.06173
-0.06169
-0.06248
-0.06471
-0.06751
-0.06968
-0.07173
-0.07444
-0.07811
-0.08067
-0.07912
-0.07623
-0.07483
-0.07326
-0.07166
-0.07168
-0.07221
-0.07066
-0.06778
-0.06508
-0.06052
-0.05545
-0.05037
-0.04695
-0.04481
-0.04147
-0.03812
-0.03537
-0.03272
-0.02886
-0.02421
-0.02018
-0.01454
-0.00803
-0.00295
0.005
0.01393
0.02103
0.02968
0.04011
0.05049
0.05921
0.0663
0.07347
0.07893
0.08085
0.08107
0.08018
0.07764
0.07356
0.06845
0.06367
0.06032
0.05649
0.04929
0.04164
0.03717
0.03375
0.02926
0.02397
0.02078
0.01744
0.0119
0.00475
-0.00011
-0.00244
-0.00549
-0.00812
-0.00692
-0.00258
0.00143
0.0053
0.01271
0.02023
0.02432
0.0246
0.02149
0.01638
0.01067
0.00276
-0.00727
-0.0178
-0.02715
-0.0348
-0.04157
-0.04832
-0.05429
-0.05777
-0.05696
-0.04932
-0.04196
-0.03639
-0.03063
-0.02509
-0.02191
-0.02386
-0.02755
-0.02886
-0.03018
-0.03084
-0.03002
-0.02907
-0.02564
-0.01902
-0.01182
-0.0028
0.00657
0.01392
0.01885
0.02036
0.01812
0.01229
0.00389
-0.00751
-0.01918
-0.03124
-0.03995
-0.04141
-0.03896
-0.0357
-0.03239
-0.0297
-0.028
-0.02587
-0.02483
-0.02649
-0.02817
-0.0285
-0.02913
-0.03061
-0.03115
-0.03276
-0.03553
-0.03757
-0.0389
-0.04109
-0.04347
-0.0454
-0.04685
-0.0479
-0.04952
-0.05205
-0.05236
-0.05077
-0.04898
-0.04487
-0.03787
-0.03239
-0.02922
-0.0259
-0.02202
-0.02094
-0.02453
-0.0284
-0.03103
-0.03598
-0.04316
-0.04541
-0.04376
-0.03929
-0.03065
-0.01829
-0.00664
0.00375
0.01156
0.01443
0.0143
0.01127
0.0058
-0.0004
-0.00742
-0.0142
-0.01821
-0.02025
-0.0211
-0.0214
-0.02149
-0.0205
-0.01906
-0.01667
-0.01138
-0.00642
-0.00474
-0.00242
0.00025
0.0015
0.00335
0.00697
0.01072
0.01449
0.01763
0.0189
0.01811
0.01374
0.00571
-0.00309
-0.01032
-0.01544
-0.02022
-0.02306
-0.02363
-0.02255
-0.01983
-0.01658
-0.01396
-0.01037
-0.00609
-0.00298
-0.00108
0.00149
0.00487
0.00814
0.0096
0.00985
0.01029
0.01167
0.01269
0.01206
0.01045
0.00903
0.00811
0.00589
0.00262
-0.00007
-0.00342
-0.00904
-0.01502
-0.01975
-0.02408
-0.02708
-0.02886
-0.02953
-0.02878
-0.02589
-0.02011
-0.01319
-0.00702
0.00015
0.01004
0.02107
0.03012
0.03803
0.0467
0.05399
0.05952
0.06338
0.06594
0.06893
0.07055
0.0704
0.07095
0.07064
0.07033
0.07083
0.07105
0.07076
0.071
0.07315
0.07612
0.07784
0.08073
0.0839
0.08523
0.08431
0.08271
0.08014
0.07707
0.07337
0.06952
0.06586
0.06277
0.0611
0.05959
0.0562
0.05136
0.04611
0.04209
0.03684
0.03066
0.02726
0.02505
0.02228
0.02021
0.01974
0.01836
0.01719
0.01843
0.01968
0.0179
0.01525
0.01437
0.01404
0.01274
0.011
0.00872
0.00477
-0.00064
-0.00613
-0.01162
-0.01728
-0.02307
-0.02901
-0.03324
-0.03629
-0.03773
-0.03601
-0.03248
-0.02865
-0.02475
-0.01996
-0.01487
-0.01188
-0.0093
-0.00435
0.00188
0.0085
0.01394
0.01921
0.02594
0.03072
0.03199
0.03053
0.02866
0.02731
0.02314
0.01784
0.01364
0.00988
0.00633
0.00243
0.00032
0.00008
0.00003
0.00176
0.00285
0.00261
0.00605
0.01104
0.01619
0.02153
0.02477
0.0276
0.03179
0.03474
0.03388
0.03153
0.03028
0.02724
0.0217
0.01838
0.0152
0.01095
0.00945
0.00936
0.00783
0.00651
0.00599
0.00719
0.00953
0.01226
0.01602
0.01979
0.02187
0.02345
0.02458
0.02303
0.01939
0.01563
0.01216
0.00755
0.00283
0.00018
-0.00125
-0.001
0.00123
0.00378
0.00567
0.00845
0.0144
0.02105
0.02668
0.0307
0.03387
0.03715
0.03835
0.03724
0.03448
0.02902
0.02309
0.01696
0.00971
0.00397
0.00085
-0.00327
-0.00652
-0.00727
-0.00798
-0.0095
-0.01337
-0.01799
-0.01991
-0.02061
-0.02019
-0.01509
-0.0071
0.00226
0.01123
0.01999
0.02673
0.03057
0.03321
0.03184
0.0276
0.02359
0.01955
0.01542
0.01255
0.01049
0.0076
0.00476
0.00311
0.00113
-0.00105
-0.00452
-0.00986
-0.01622
-0.02215
-0.02702
-0.03205
-0.03575
-0.03555
-0.02945
-0.02418
-0.02068
-0.015
-0.00773
-0.00056
0.004
0.00556
0.00865
0.01181
0.01297
0.01394
0.01571
0.01738
0.01772
0.01703
0.01702
0.01769
0.0189
0.02149
0.02535
0.02859
0.03103
0.03393
0.03556
0.03443
0.03139
0.02807
0.02559
0.02404
0.02265
0.0222
0.0224
0.022
0.02046
0.01824
0.01569
0.01186
0.00532
-0.00216
-0.00906
-0.01531
-0.02111
-0.02552
-0.02881
-0.03307
-0.03677
-0.03794
-0.03948
-0.04096
-0.04047
-0.04028
-0.04208
-0.04321
-0.04223
-0.04154
-0.04087
-0.03938
-0.03819
-0.0384
-0.03906
-0.03886
-0.03942
-0.04113
-0.04126
-0.03898
-0.03588
-0.03338
-0.02976
-0.02518
-0.02154
-0.01839
-0.01575
-0.01295
-0.00854
-0.00405
-0.00209
-0.00209
-0.00253
-0.00397
-0.00782
-0.01212
-0.01552
-0.01994
-0.02412
-0.02627
-0.02811
-0.02972
-0.02956
-0.02765
-0.02546
-0.02551
-0.0259
-0.02555
-0.02558
-0.02748
-0.03121
-0.03587
-0.04054
-0.04384
-0.04655
-0.04914
-0.05161
-0.05305
-0.05374
-0.05375
-0.05294
-0.04967
-0.04495
-0.04134
-0.03843
-0.03428
-0.02872
-0.02475
-0.02277
-0.02061
-0.01858
-0.01954
-0.02185
-0.02257
-0.0227
-0.02391
-0.02447
-0.0223
-0.02038
-0.0194
-0.01761
-0.01628
-0.01533
-0.01447
-0.0146
-0.0148
-0.01451
-0.0149
-0.01605
-0.01526
-0.01265
-0.01016
-0.00794
-0.00578
-0.00419
-0.00326
-0.00186
-0.00002
0.00136
0.00158
0.00104
0.00111
0.00154
-0.00004
-0.00303
-0.00486
-0.00598
-0.00693
-0.00821
-0.00891
-0.00761
-0.00476
-0.00193
0.00138
0.00466
0.00757
0.0106
0.013
0.01445
0.01553
0.01709
0.01772
0.01726
0.01838
0.02056
0.01956
0.01646
0.01503
0.01269
0.00804
0.00507
0.00491
0.00329
0.00015
-0.00249
-0.00496
-0.00648
-0.00838
-0.01273
-0.01664
-0.01931
-0.02201
-0.02548
-0.02766
-0.02661
-0.02334
-0.01818
-0.01184
-0.00553
0.00274
0.01129
0.01644
0.01915
0.02277
0.02634
0.02679
0.0269
0.02795
0.02858
0.03002
0.0327
0.03342
0.03462
0.03764
0.03826
0.03765
0.03649
0.03372
0.03068
0.02762
0.02491
0.02167
0.01878
0.01783
0.01677
0.01373
0.01175
0.01265
0.01296
0.00986
0.00784
0.00693
0.0055
0.00423
0.00295
0.00201
0.00366
0.00811
0.01445
0.01997
0.02527
0.03125
0.03608
0.03891
0.03996
0.03786
0.0351
0.03384
0.03016
0.02586
0.0218
0.01899
0.01597
0.01295
0.01031
0.00803
0.00678
0.00617
0.00573
0.00449
0.00357
0.00203
-0.00116
-0.00366
-0.00406
-0.00502
-0.00851
-0.01171
-0.01222
-0.01255
-0.01388
-0.01424
-0.01345
-0.01199
-0.00988
-0.00699
-0.00616
-0.0034
0.00095
0.00447
0.00647
0.00901
0.01325
0.01632
0.01817
0.02026
0.02183
0.02256
0.02203
0.01997
0.01707
0.01431
0.01082
0.00626
0.00028
-0.00624
-0.01066
-0.01292
-0.0151
-0.01725
-0.01581
-0.01168
-0.00637
0.0002
0.00787
0.01531
0.02258
0.02995
0.03561
0.04101
0.04527
0.04589
0.04507
0.04578
0.04681
0.0459
0.04487
0.04434
0.04404
0.04289
0.04105
0.03978
0.03888
0.03739
0.03419
0.02988
0.027
0.0241
0.01972
0.01565
0.01316
0.01004
0.00681
0.00597
0.00728
0.00978
0.01146
0.01389
0.01673
0.01742
0.01684
0.01825
0.02095
0.02317
0.0277
0.03303
0.03774
0.04336
0.04792
0.0523
0.05759
0.06085
0.06325
0.06517
0.06585
0.06459
0.06235
0.05904
0.05546
0.05109
0.04527
0.03887
0.03348
0.02919
0.02527
0.0224
0.01986
0.01548
0.00906
0.00228
-0.00283
-0.00791
-0.01362
-0.01703
-0.01797
-0.01714
-0.01481
-0.01342
-0.01449
-0.01557
-0.01494
-0.01498
-0.01746
-0.01991
-0.02104
-0.02211
-0.0218
-0.02134
-0.0206
-0.01696
-0.01271
-0.01131
-0.01035
-0.00676
-0.00234
-0.00103
0.00072
0.00541
0.00928
0.01243
0.01554
0.0168
0.01821
0.02007
0.02027
0.01944
0.01834
0.01735
0.01743
0.01649
0.01272
0.00781
0.00363
-0.00061
-0.00465
-0.00692
-0.0076
-0.00648
-0.00371
-0.00015
0.00329
0.00505
0.00646
0.00864
0.00934
0.00786
0.00611
0.00536
0.00378
0.00085
-0.00104
-0.00092
-0.00033
-0.00133
-0.00322
-0.00314
-0.00157
0.0001
0.00165
0.00392
0.00666
0.00986
0.01133
0.01272
0.01402
0.01382
0.01387
0.01557
0.01691
0.01912
0.0213
0.02128
0.0223
0.02305
0.01977
0.01479
0.0081
0.00177
-0.0053
-0.01286
-0.02083
-0.02729
-0.03107
-0.03501
-0.03947
-0.04046
-0.0364
-0.0312
-0.0273
-0.02349
-0.02037
-0.02033
-0.02244
-0.026
-0.02998
-0.03293
-0.03644
-0.03762
-0.03491
-0.03137
-0.02923
-0.02638
-0.02209
-0.0166
-0.00867
-0.00023
0.00335
0.0067
0.0094
0.0081
0.00513
0.0048
0.0039
-0.00043
-0.00391
-0.00375
-0.00226
-0.00111
0.00044
0.00276
0.00408
0.00349
0.00292
0.00249
0.0014
0.00129
0.00214
0.00298
0.00422
0.0054
0.00558
0.0059
0.00779
0.00876
0.00787
0.00683
0.00624
0.00622
0.00432
0.00062
-0.00141
-0.00113
-0.0011
0.00017
0.00335
0.0068
0.01163
0.01633
0.01783
0.01877
0.0209
0.01812
0.01263
0.00806
0.00243
-0.00378
-0.00789
-0.01171
-0.01436
-0.01459
-0.01247
-0.00926
-0.00641
-0.00328
-0.00099
0.00078
0.00274
0.0033
0.00368
0.00482
0.00485
0.00355
0.00271
0.00356
0.00419
0.00364
0.00245
0.00023
-0.00258
-0.00452
-0.00701
-0.01144
-0.01509
-0.01529
-0.01552
-0.01704
-0.01607
-0.01221
-0.00821
-0.0061
-0.00364
-0.00071
0.00035
-0.00024
-0.00052
-0.00129
-0.00354
-0.00425
-0.0052
-0.00844
-0.01177
-0.01388
-0.01481
-0.01543
-0.01481
-0.01278
-0.00949
-0.00626
-0.00356
-0.00127
0.0001
0.0012
0.00267
0.00349
0.00216
0.00013
-0.00161
-0.00419
-0.0087
-0.01386
-0.0174
-0.02073
-0.02483
-0.02795
-0.02912
-0.03036
-0.02984
-0.02733
-0.02453
-0.02196
-0.0188
-0.0151
-0.01128
-0.01029
-0.00923
-0.00753
-0.00777
-0.01022
-0.01279
-0.01284
-0.01142
-0.011
-0.01004
-0.0071
-0.00504
-0.00575
-0.00452
-0.00276
-0.00379
-0.00721
-0.01047
-0.01347
-0.01692
-0.01895
-0.01789
-0.01549
-0.01264
-0.00803
-0.00251
0.00211
0.00544
0.00752
0.00767
0.00593
0.00233
-0.00293
-0.00891
-0.01334
-0.01764
-0.02226
-0.02337
-0.02082
-0.01752
-0.01604
-0.01394
-0.00948
-0.00486
-0.00055
0.00275
0.00484
0.00846
0.01186
0.01355
0.01426
0.01498
0.01453
0.01281
0.01088
0.00655
-0.00006
-0.00367
-0.00608
-0.01019
-0.01461
-0.01663
-0.01657
-0.01591
-0.0145
-0.0119
-0.00891
-0.00519
-0.00156
0.0006
0.00273
0.00546
0.00703
0.00748
0.00701
0.00576
0.00463
0.00378
0.00187
-0.00317
-0.00707
-0.00803
-0.00954
-0.01139
-0.01146
-0.01093
-0.01137
-0.01198
-0.01193
-0.01165
-0.01164
-0.01176
-0.01178
-0.01172
-0.01181
-0.01299
-0.01492
-0.016
-0.01559
-0.01613
-0.01848
-0.02018
-0.01977
-0.01887
-0.01913
-0.01854
-0.01489
-0.01019
-0.00669
-0.00278
0.00284
0.00835
0.01143
0.01361
0.01729
0.02059
0.02228
0.02457
0.02698
0.02707
0.02783
0.02827
0.02645
0.02544
0.02666
0.02849
0.02997
0.02971
0.0303
0.03162
0.03149
0.03032
0.02941
0.03006
0.03006
0.02786
0.0259
0.0257
0.02465
0.01913
0.01348
0.01028
0.00517
-0.00325
-0.00938
-0.01394
-0.01829
-0.02075
-0.02181
-0.01963
-0.01474
-0.01071
-0.00682
-0.00175
0.00334
0.00685
0.00898
0.00902
0.00983
0.011
0.01069
0.00883
0.00743
0.00617
0.00182
-0.0025
-0.00426
-0.0072
-0.01198
-0.01476
-0.01521
-0.01721
-0.02015
-0.02245
-0.02366
-0.02478
-0.02738
-0.02894
-0.0265
-0.02232
-0.01886
-0.01562
-0.01081
-0.00477
0.00135
0.00493
0.00621
0.00875
0.01251
0.0138
0.01144
0.00921
0.00858
0.00605
0.00348
0.00169
-0.00076
-0.00207
-0.00116
0.00054
0.00148
0.00171
0.00165
0.00233
0.00172
-0.00037
-0.00163
-0.00226
-0.00288
-0.00193
-0.00124
-0.00188
-0.00126
-0.00019
0.00051
0.00054
0.00015
0.00049
0.00221
0.00349
0.00189
0.00035
0.00003
-0.00112
-0.00399
-0.00714
-0.00891
-0.00798
-0.00566
-0.00417
-0.00158
0.00148
0.0033
0.00386
0.00335
0.00177
-0.00083
-0.00401
-0.0075
-0.01011
-0.01208
-0.01479
-0.01545
-0.01425
-0.01316
-0.01118
-0.00836
-0.00598
-0.00372
-0.00101
0.00194
0.00323
0.00364
0.00532
0.00751
0.00993
0.01176
0.01391
0.01732
0.02118
0.02387
0.02575
0.02835
0.03126
0.03266
0.03333
0.03466
0.03517
0.03446
0.03305
0.03174
0.03061
0.02814
0.02496
0.02223
0.01817
0.01123
0.00464
-0.00179
-0.00883
-0.01626
-0.0225
-0.02635
-0.03089
-0.03384
-0.03418
-0.03367
-0.03227
-0.03012
-0.02885
-0.02681
-0.0241
-0.0233
-0.02383
-0.02233
-0.01977
-0.01848
-0.01829
-0.01824
-0.01742
-0.01808
-0.01864
-0.01801
-0.01765
-0.01757
-0.01621
-0.01488
-0.01547
-0.01622
-0.01619
-0.01721
-0.0185
-0.01862
-0.02046
-0.0242
-0.02701
-0.02873
-0.03044
-0.03227
-0.0341
-0.03376
-0.03248
-0.03193
-0.03153
-0.02849
-0.02497
-0.02294
-0.02102
-0.01826
-0.01589
-0.01501
-0.01398
-0.01218
-0.00991
-0.00811
-0.00704
-0.00319
0.00203
0.00637
0.00761
0.00902
0.0108
0.01153
0.01136
0.01052
0.01085
0.01073
0.01051
0.01162
0.01268
0.0146
0.01596
0.0167
0.01968
0.02224
0.02178
0.02052
0.01912
0.01491
0.00994
0.00697
0.00399
-0.00133
-0.00636
-0.00712
-0.00545
-0.00444
-0.003
-0.00044
0.00192
0.00285
0.00248
0.00335
0.00488
0.00586
0.00607
0.00553
0.00573
0.00781
0.01118
0.01388
0.01512
0.01505
0.01702
0.01994
0.02103
0.02142
0.02124
0.01996
0.01932
0.01816
0.01677
0.01428
0.01104
0.00854
0.00647
0.00387
0.00099
-0.00173
-0.00382
-0.00522
-0.00751
-0.0093
-0.01021
-0.01153
-0.01317
-0.01412
-0.01328
-0.01122
-0.00915
-0.00689
-0.00514
-0.00505
-0.00573
-0.00542
-0.00527
-0.00691
-0.00805
-0.00716
-0.00595
-0.00483
-0.00383
-0.00277
-0.00143
-0.00055
-0.00012
0.00136
0.00241
0.00267
0.00406
0.00596
0.00712
0.00809
0.00941
0.00991
0.00863
0.0085
0.01033
0.00975
0.00785
0.00806
0.00785
0.00579
0.00412
0.00329
0.00233
0.00193
0.00129
0.0004
-0.00044
-0.00086
-0.00052
-0.00154
-0.00384
-0.0065
-0.01038
-0.01558
-0.01937
-0.02166
-0.0239
-0.025
-0.02323
-0.01977
-0.01624
-0.0127
-0.00815
-0.00363
0.0012
0.00636
0.00923
0.01183
0.01546
0.01849
0.01909
0.01822
0.01797
0.01693
0.01394
0.01147
0.01106
0.01051
0.00905
0.00875
0.0092
0.0086
0.00654
0.00494
0.00354
0.00044
-0.00197
-0.00233
-0.00305
-0.0044
-0.00448
-0.00409
-0.00436
-0.0054
-0.00717
-0.00848
-0.00925
-0.01032
-0.01115
-0.01021
-0.00817
-0.00532
0.00019
0.00428
0.00672
0.012
0.01685
0.01912
0.02182
0.02502
0.02695
0.02682
0.02632
0.02683
0.02653
0.02284
0.01693
0.01281
0.0096
0.00648
0.00326
-0.0002
-0.00265
-0.00276
-0.00167
0.0002
0.00302
0.00633
0.00917
0.01217
0.01522
0.01543
0.01529
0.01653
0.01676
0.0151
0.01335
0.01256
0.012
0.01171
0.01053
0.00848
0.00689
0.00517
0.0042
0.00104
-0.0044
-0.00809
-0.00945
-0.0108
-0.01138
-0.01072
-0.00899
-0.00628
-0.00378
-0.0026
-0.00255
-0.00005
0.00216
0.00132
0.0004
0.00112
0.0023
0.00465
0.00884
0.01324
0.01994
0.02483
0.02687
0.02967
0.03185
0.02942
0.02256
0.01618
0.01237
0.00834
0.0051
0.00413
0.00592
0.00778
0.00671
0.00492
0.00227
-0.00058
-0.00344
-0.00619
-0.0084
-0.00908
-0.00921
-0.00866
-0.00902
-0.01079
-0.01261
-0.01525
-0.01706
-0.01739
-0.0182
-0.01924
-0.01918
-0.01801
-0.01648
-0.01635
-0.01741
-0.01873
-0.02101
-0.02267
-0.02293
-0.02258
-0.02017
-0.0168
-0.01477
-0.01201
-0.00754
-0.00451
-0.00437
-0.00724
-0.01066
-0.01233
-0.0158
-0.02007
-0.02064
-0.02146
-0.02252
-0.01965
-0.01563
-0.01286
-0.01077
-0.00779
-0.00586
-0.00556
-0.00579
-0.00682
-0.00836
-0.01068
-0.01314
-0.01411
-0.01475
-0.01613
-0.01628
-0.01464
-0.01409
-0.01403
-0.01414
-0.01471
-0.01622
-0.01766
-0.01845
-0.01908
-0.01853
-0.01706
-0.01695
-0.01645
-0.01465
-0.0131
-0.01171
-0.00822
-0.00341
-0.00124
-0.00066
0.001
0.00408
0.00515
0.00398
0.00306
0.00222
0.00245
0.00576
0.00946
0.0096
0.00912
0.0108
0.0105
0.00727
0.00397
0.00041
-0.00504
-0.00957
-0.01137
-0.01214
-0.01279
-0.01319
-0.01357
-0.01308
-0.01219
-0.01264
-0.0142
-0.0146
-0.01254
-0.01122
-0.01023
-0.00843
-0.00719
-0.00529
-0.00426
-0.00421
-0.0049
-0.00658
-0.00676
-0.00657
-0.00704
-0.00689
-0.00544
-0.00375
-0.00308
-0.00363
-0.00401
-0.00351
-0.00305
-0.00314
-0.00308
-0.0016
0.00013
-0.0004
-0.00142
-0.00147
-0.00243
-0.00409
-0.00527
-0.00629
-0.008
-0.01103
-0.01406
-0.01581
-0.01595
-0.01544
-0.01574
-0.01706
-0.01917
-0.0199
-0.01936
-0.02005
-0.02116
-0.02201
-0.02108
-0.01892
-0.01764
-0.01645
-0.01364
-0.01051
-0.0094
-0.00939
-0.00594
-0.00221
-0.00189
-0.00189
-0.00088
-0.00044
0.00025
0.00042
-0.00082
-0.00175
-0.00277
-0.00405
-0.00532
-0.0066
-0.00814
-0.00957
-0.00948
-0.00879
-0.00918
-0.00979
-0.0096
-0.0083
-0.00764
-0.00826
-0.0075
-0.00638
-0.00691
-0.00847
-0.00883
-0.00754
-0.00588
-0.00466
-0.00386
-0.00303
-0.00302
-0.00358
-0.00472
-0.00584
-0.00519
-0.00331
-0.00266
-0.00098
0.00266
0.00516
0.00726
0.00926
0.0097
0.01175
0.01386
0.01371
0.01487
0.01794
0.0188
0.01956
0.01996
0.01923
0.01767
0.01586
0.01304
0.0109
0.00937
0.00693
0.00648
0.00636
0.00605
0.0065
0.00748
0.00776
0.00891
0.01138
0.01381
0.01448
0.01517
0.01624
0.0161
0.01489
0.0125
0.00959
0.00736
0.00538
0.00289
0.00085
-0.00003
-0.00029
-0.00018
0.00055
0.00233
0.00483
0.00643
0.0082
0.01345
0.01814
0.02122
0.02406
0.02507
0.02583
0.02678
0.02684
0.02553
0.02267
0.01949
0.01759
0.01547
0.01231
0.00941
0.00703
0.0048
0.00367
0.00428
0.00616
0.00866
0.01101
0.01311
0.01548
0.01826
0.02085
0.02193
0.02075
0.01845
0.01649
0.01604
0.01518
0.01279
0.01249
0.01357
0.01379
0.01412
0.0145
0.01577
0.01661
0.01506
0.01376
0.01304
0.01141
0.00822
0.00536
0.00328
0.00096
-0.00194
-0.00478
-0.00725
-0.00916
-0.01018
-0.01137
-0.01248
-0.01142
-0.01
-0.00915
-0.00733
-0.00599
-0.00524
-0.0048
-0.00419
-0.00407
-0.00511
-0.0059
-0.00698
-0.00833
-0.00962
-0.00987
-0.01038
-0.0126
-0.01449
-0.01628
-0.01702
-0.01827
-0.02188
-0.02388
-0.0227
-0.02169
-0.0216
-0.02159
-0.01967
-0.01591
-0.01342
-0.0135
-0.01257
-0.01091
-0.00979
-0.00861
-0.00843
-0.00896
-0.00887
-0.0084
-0.00805
-0.00711
-0.00655
-0.00607
-0.00519
-0.003
-0.00222
-0.00187
-0.00059
0.00002
0.00064
0.0004
-0.00104
-0.00145
-0.00213
-0.00332
-0.00355
-0.00459
-0.00669
-0.00828
-0.00781
-0.0059
-0.0056
-0.00582
-0.00483
-0.00252
-0.00155
-0.00044
0.00063
0.00231
0.00297
0.00419
0.00601
0.00725
0.00736
0.00685
0.00693
0.00662
0.00586
0.00614
0.00658
0.00625
0.00486
0.00403
0.00267
0.00137
-0.00021
-0.00236
-0.00338
-0.00395
-0.00409
-0.00426
-0.00571
-0.0064
-0.00563
-0.00533
-0.00536
-0.00392
-0.00168
0.00011
0.00017
0.00208
0.00465
0.00496
0.00329
0.0016
0.00093
0.00029
-0.00041
-0.00103
-0.00371
-0.00654
-0.00791
-0.01015
-0.01321
-0.01502
-0.01584
-0.01717
-0.01775
-0.01725
-0.01615
-0.01472
-0.01355
-0.01135
-0.00748
-0.00321
0.0007
0.00554
0.01119
0.01622
0.01976
0.02287
0.02569
0.0269
0.02645
0.02657
0.02703
0.02534
0.02132
0.01661
0.01184
0.00701
0.00204
-0.0038
-0.0103
-0.01415
-0.01586
-0.01889
-0.02025
-0.01936
-0.01849
-0.01671
-0.01289
-0.00757
-0.00139
0.00418
0.00817
0.01155
0.01453
0.01697
0.01649
0.01385
0.0117
0.00832
0.00489
0.0026
0.00303
0.00578
0.00741
0.00789
0.00903
0.0111
0.01309
0.01417
0.01221
0.00684
0.00419
0.00393
0.00237
0.00111
0.00242
0.00432
0.0041
0.00359
0.00461
0.00497
0.00346
0.00258
0.00255
0.0026
0.0041
0.00645
0.00984
0.01278
0.01497
0.01733
0.01974
0.02058
0.01945
0.01761
0.01615
0.01392
0.01122
0.00915
0.00745
0.00635
0.00687
0.00712
0.00735
0.00899
0.01055
0.01032
0.01051
0.01143
0.01032
0.00939
0.01028
0.01084
0.01035
0.01039
0.01174
0.01194
0.01115
0.01058
0.00924
0.0077
0.00604
0.00329
0.00084
-0.00009
-0.00085
-0.00132
-0.00121
-0.00125
-0.0005
0.00027
0.00079
0.00089
0.00059
0.0011
0.00264
0.00307
0.00379
0.00612
0.00841
0.00811
0.0081
0.00923
0.01062
0.01049
0.00991
0.01091
0.01232
0.01285
0.01294
0.01267
0.01375
0.01478
0.01396
0.01207
0.01064
0.00965
0.00728
0.00392
0.00091
-0.00088
-0.00116
-0.00021
0.00083
0.00116
0.00303
0.00482
0.00489
0.00404
0.00307
0.00179
0.00081
-0.00004
-0.0002
0.00044
0.00164
0.00332
0.0062
0.00821
0.00811
0.01086
0.01389
0.01336
0.01248
0.01205
0.01089
0.00764
0.00322
-0.00098
-0.00427
-0.00817
-0.01132
-0.01285
-0.0132
-0.01411
-0.01488
-0.01442
-0.01266
-0.01091
-0.00945
-0.00733
-0.00581
-0.00418
-0.00274
-0.0025
-0.00339
-0.00518
-0.0065
-0.00725
-0.00847
-0.01082
-0.01176
-0.01226
-0.01394
-0.01535
-0.01425
-0.01242
-0.01237
-0.01174
-0.01081
-0.00952
-0.00782
-0.00614
-0.00545
-0.00639
-0.00656
-0.00602
-0.00714
-0.00952
-0.01085
-0.01179
-0.01422
-0.0162
-0.01694
-0.01735
-0.01801
-0.01825
-0.01641
-0.01534
-0.01435
-0.01328
-0.01177
-0.00932
-0.00775
-0.00586
-0.00385
-0.00321
-0.00372
-0.00375
-0.00306
-0.00205
-0.00114
-0.00151
-0.00197
-0.00082
0.00071
0.00248
0.00452
0.00628
0.00694
0.00718
0.00736
0.00626
0.00572
0.00515
0.00358
0.00179
0.00064
-0.00047
-0.00202
-0.00353
-0.00589
-0.00713
-0.00797
-0.00924
-0.01111
-0.0125
-0.01382
-0.01475
-0.01565
-0.01689
-0.01756
-0.01877
-0.01977
-0.01841
-0.01623
-0.01611
-0.01551
-0.01383
-0.01216
-0.01115
-0.01066
-0.0094
-0.00905
-0.00968
-0.00966
-0.00911
-0.00839
-0.0074
-0.00605
-0.00472
-0.00377
-0.00261
-0.00286
-0.00248
-0.0025
-0.00353
-0.00471
-0.00581
-0.00601
-0.00698
-0.00856
-0.00842
-0.00767
-0.008
-0.00863
-0.00853
-0.00818
-0.0083
-0.00853
-0.00847
-0.00835
-0.00864
-0.01013
-0.01213
-0.01324
-0.01402
-0.01488
-0.01471
-0.0145
-0.01493
-0.01518
-0.01424
-0.01314
-0.01355
-0.01298
-0.01025
-0.00739
-0.00605
-0.00339
0.00111
0.00334
0.00329
0.004
0.00522
0.00573
0.00452
0.00358
0.0035
0.00397
0.00312
0.00313
0.00448
0.00564
0.00687
0.00786
0.00851
0.01115
0.01306
0.01352
0.01465
0.01582
0.01547
0.01504
0.01454
0.01307
0.01165
0.01041
0.00811
0.00696
0.00606
0.00484
0.00398
0.00218
0.00045
-0.00079
-0.00329
-0.00633
-0.0074
-0.00744
-0.00761
-0.00789
-0.00777
-0.00625
-0.00413
-0.00234
-0.00173
0.00074
0.00378
0.00456
0.00564
0.00951
0.01332
0.01424
0.01416
0.01399
0.0125
0.00997
0.0071
0.00504
0.00407
0.00317
0.00157
0.00092
0.00173
0.00323
0.00448
0.00529
0.00641
0.00793
0.00957
0.01053
0.01007
0.00971
0.01023
0.01066
0.01055
0.01099
0.01273
0.01368
0.01274
0.01159
0.01035
0.00904
0.00797
0.00602
0.00373
0.00285
0.0029
0.0031
0.00289
0.00367
0.00534
0.00548
0.00549
0.00509
0.00442
0.00495
0.00574
0.007
0.00912
0.01101
0.01105
0.01325
0.01645
0.01583
0.01421
0.01427
0.01371
0.01214
0.01081
0.00977
0.00907
0.00862
0.00693
0.00596
0.00675
0.00713
0.00654
0.00618
0.00647
0.0077
0.00823
0.00758
0.00841
0.00955
0.00907
0.00844
0.00745
0.00485
0.00288
0.00152
-0.00016
-0.00237
-0.00431
-0.00516
-0.00514
-0.00491
-0.00526
-0.00569
-0.00569
-0.00552
-0.0055
-0.00583
-0.00696
-0.00728
-0.00656
-0.00641
-0.00661
-0.00567
-0.0054
-0.00739
-0.00936
-0.00998
-0.0107
-0.01193
-0.0121
-0.01159
-0.0114
-0.00988
-0.00654
-0.00378
-0.00233
-0.00161
-0.00039
0.00146
0.00266
0.00223
0.00177
0.00181
0.00108
0.00053
-0.00097
-0.00431
-0.00688
-0.00755
-0.00879
-0.00918
-0.00834
-0.0074
-0.00668
-0.00397
-0.00129
-0.00082
0.00034
0.00334
0.00502
0.0055
0.00668
0.00786
0.00757
0.00718
0.00757
0.00732
0.00549
0.00383
0.00299
0.00198
0.00059
0.00045
0.00118
0.00098
0.00129
0.00218
0.00293
0.00331
0.00386
0.00375
0.00272
0.00181
0.00077
-0.00061
-0.00093
-0.00197
-0.00305
-0.00431
-0.00583
-0.00626
-0.00741
-0.00939
-0.01087
-0.01067
-0.01094
-0.01201
-0.012
-0.01153
-0.01053
-0.00896
-0.00769
-0.00555
-0.00255
-0.00207
-0.00138
0.00255
0.00598
0.00553
0.0048
0.005
0.00467
0.00259
0.00033
-0.00027
-0.00103
-0.0027
-0.00374
-0.00242
-0.00129
-0.00123
-0.00127
-0.00038
0.0002
0.00005
0.00109
0.00207
0.0026
0.0029
0.00396
0.00552
0.00614
0.0078
0.00875
0.00895
0.00893
0.00854
0.00715
0.00603
0.00628
0.0062
0.00731
0.00919
0.01016
0.0108
0.01212
0.01338
0.01355
0.01378
0.01293
0.01263
0.01338
0.01362
0.01325
0.01432
0.01673
0.01691
0.01728
0.01851
0.01841
0.01721
0.01574
0.01411
0.01207
0.01034
0.00778
0.00539
0.00397
0.00199
0.00043
0.00003
0.00106
0.00296
0.00509
0.00752
0.01075
0.01408
0.01619
0.01745
0.01775
0.01752
0.01695
0.01559
0.01348
0.01155
0.01088
0.01001
0.00818
0.00563
0.00347
0.00193
0.00014
-0.00234
-0.0044
-0.00393
-0.00305
-0.00367
-0.00333
-0.0013
0.00016
-0.00023
-0.00106
-0.00087
-0.0015
-0.0045
-0.00769
-0.00866
-0.01089
-0.0139
-0.01451
-0.01403
-0.01404
-0.01454
-0.01377
-0.01181
-0.01042
-0.00962
-0.00852
-0.00705
-0.00673
-0.00748
-0.00855
-0.00882
-0.00932
-0.01085
-0.01104
-0.01032
-0.01037
-0.01044
-0.00829
-0.00702
-0.0072
-0.00702
-0.00578
-0.00492
-0.00461
-0.00556
-0.00648
-0.00687
-0.00675
-0.0064
-0.00628
-0.00549
-0.00518
-0.00578
-0.00601
-0.00563
-0.00541
-0.00554
-0.00592
-0.00699
-0.0073
-0.00658
-0.00635
-0.00642
-0.00488
-0.00119
0.00178
0.00334
0.00508
0.00652
0.00696
0.00567
0.00513
0.00467
0.00323
0.00217
0.00268
0.00314
0.00264
0.00218
0.00272
0.0041
0.00454
0.00499
0.00505
0.00478
0.00489
0.00563
0.00693
0.00685
0.00559
0.00398
0.00288
0.00253
0.00254
0.00144
0.00157
0.00323
0.00308
0.00259
0.00316
0.0024
0.00138
0.00013
-0.00181
-0.00477
-0.00749
-0.00957
-0.0113
-0.01181
-0.01133
-0.01151
-0.01224
-0.01242
-0.01149
-0.00957
-0.00823
-0.00811
-0.00797
-0.00609
-0.00492
-0.00566
-0.00526
-0.00296
-0.00205
-0.00239
-0.0019
-0.00162
-0.00182
-0.00272
-0.00522
-0.00835
-0.01061
-0.01251
-0.01433
-0.01624
-0.01753
-0.01695
-0.01657
-0.01645
-0.01595
-0.01531
-0.01382
-0.01309
-0.01385
-0.01414
-0.01356
-0.01323
-0.01343
-0.01367
-0.01367
-0.01462
-0.01533
-0.01471
-0.0144
-0.0148
-0.01495
-0.01368
-0.01273
-0.01247
-0.01214
-0.01128
-0.01053
-0.00981
-0.00919
-0.00847
-0.00793
-0.00719
-0.00645
-0.00573
-0.00551
-0.00588
-0.00588
-0.00554
-0.00542
-0.00546
-0.00549
-0.00549
-0.00522
-0.00407
-0.00363
-0.00432
-0.00454
-0.0041
-0.00415
-0.00551
-0.00601
-0.00518
-0.00457
-0.00389
-0.00389
-0.00403
-0.00283
-0.0028
-0.00462
-0.00523
-0.00576
-0.00727
-0.00832
-0.00822
-0.00894
-0.00947
-0.00877
-0.00751
-0.00774
-0.00817
-0.00687
-0.00631
-0.00741
-0.00878
-0.00836
-0.00684
-0.00592
-0.00612
-0.00568
-0.00484
-0.00386
-0.00408
-0.00461
-0.00428
-0.00387
-0.00396
-0.00414
-0.00411
-0.004
-0.00336
-0.00219
-0.00185
-0.00144
-0.00142
-0.00073
0.00047
0.0011
0.00231
0.00387
0.00423
0.00349
0.0035
0.0042
0.00427
0.00228
-0.00054
-0.00127
-0.00141
-0.00296
-0.00515
-0.00667
-0.00858
-0.01029
-0.00901
-0.00856
-0.01035
-0.00972
-0.00793
-0.00618
-0.00433
-0.00238
0.00031
0.002
0.00245
0.00262
0.00374
0.0049
0.00565
0.00625
0.00696
0.00753
0.00827
0.00889
0.00969
0.00997
0.00956
0.00978
0.011
0.01035
0.00915
0.00936
0.00856
0.00707
0.008
0.00834
0.00845
0.00904
0.01033
0.01184
0.01254
0.01202
0.01177
0.01265
0.01424
0.0142
0.01327
0.01332
0.01429
0.01556
0.01536
0.01457
0.01469
0.01517
0.01461
0.01328
0.01288
0.01253
0.01261
0.01282
0.01321
0.01347
0.01216
0.01186
0.01213
0.01055
0.0086
0.00695
0.0044
0.00219
0.00212
0.00244
0.00171
0.00285
0.00485
0.00588
0.00717
0.01022
0.01274
0.01257
0.01158
0.01193
0.01199
0.01027
0.00854
0.00775
0.00766
0.00715
0.00609
0.00611
0.00658
0.00732
0.00798
0.00748
0.007
0.00728
0.00682
0.00577
0.00601
0.00575
0.00462
0.0047
0.00525
0.00511
0.00475
0.00475
0.00497
0.00581
0.00664
0.00616
0.00567
0.00607
0.00749
0.00826
0.00739
0.00705
0.00863
0.00965
0.00878
0.00825
0.00876
0.00903
0.00779
0.00683
0.00635
0.00501
0.0046
0.00427
0.00353
0.00365
0.0041
0.00627
0.00967
0.0099
0.01
0.01166
0.01292
0.01425
0.01452
0.01385
0.01398
0.0156
0.01643
0.01559
0.01486
0.01392
0.01253
0.01157
0.01145
0.00942
0.00687
0.00582
0.00402
0.00232
0.00277
0.00345
0.00285
0.00244
0.00366
0.00459
0.00531
0.00652
0.00681
0.00703
0.00667
0.00726
0.00797
0.00654
0.0057
0.0066
0.00706
0.00656
0.00624
0.00642
0.00632
0.00486
0.00323
0.00358
0.0043
0.00292
0.00168
0.00119
0.00096
0.00017
-0.00028
-0.00017
-0.00126
-0.00198
-0.00136
-0.00105
-0.00147
-0.00172
-0.00157
-0.00145
-0.00182
-0.00311
-0.00373
-0.00404
-0.00399
-0.0039
-0.00368
-0.00224
-0.00049
0.00015
-0.00017
0.00069
0.00217
0.00421
0.00458
0.00507
0.00648
0.00656
0.00595
0.00613
0.00621
0.00505
0.00437
0.00339
0.00224
0.00255
0.00313
0.00278
0.00229
0.00234
0.00255
0.00255
0.00245
0.00203
0.0009
0.00087
0.00159
0.00156
0.0011
0.00101
0.00162
0.00326
0.00439
0.00366
0.00299
0.0035
0.00404
0.00351
0.00209
0.00168
0.00131
0.00074
-0.00064
-0.00245
-0.00387
-0.00411
-0.00348
-0.00352
-0.00413
-0.00433
-0.00349
-0.00165
-0.0002
0.00063
0.00106
0.00197
0.00415
0.00477
0.00486
0.00484
0.00488
0.0051
0.0046
0.00334
0.00291
0.00189
0.0008
0.00073
0.00011
-0.00079
-0.00174
-0.00152
-0.00106
-0.00191
-0.00339
-0.00313
-0.00293
-0.00487
-0.00633
-0.00542
-0.00527
-0.007
-0.00732
-0.00647
-0.00638
-0.00616
-0.00523
-0.00539
-0.00594
-0.00576
-0.00614
-0.00708
-0.00683
-0.00553
-0.00481
-0.00555
-0.00605
-0.0057
-0.0054
-0.00636
-0.00831
-0.00967
-0.01129
-0.01337
-0.01438
-0.01446
-0.01498
-0.01526
-0.01342
-0.01159
-0.01097
-0.01027
-0.00953
-0.00885
-0.00813
-0.00909
-0.01026
-0.00963
-0.00976
-0.01108
-0.01105
-0.01035
-0.00952
-0.00806
-0.00662
-0.00568
-0.00444
-0.00162
0.00157
0.00274
0.00302
0.00551
0.00727
0.00716
0.00721
0.00646
0.00579
0.00425
0.00204
0.00103
-0.00085
-0.00416
-0.00586
-0.00603
-0.00731
-0.00924
-0.0085
-0.00685
-0.00638
-0.00552
-0.00402
-0.00168
-0.0009
-0.00102
0.00056
0.00047
-0.00107
-0.00189
-0.00277
-0.00404
-0.0055
-0.00786
-0.00984
-0.01034
-0.01013
-0.01005
-0.01041
-0.00961
-0.00763
-0.00619
-0.00443
-0.00363
-0.00362
-0.00297
-0.00179
-0.00219
-0.00346
-0.00302
-0.00224
-0.00244
-0.00287
-0.00271
-0.00162
-0.00078
-0.00143
-0.00192
-0.00143
-0.00108
-0.00125
-0.00136
-0.00045
0.00059
0.00016
-0.00038
0.00068
0.00203
0.00245
0.00271
0.00345
0.00517
0.00589
0.00587
0.00651
0.00679
0.00755
0.00857
0.00824
0.00765
0.0071
0.00658
0.00693
0.00645
0.00519
0.00448
0.00418
0.00457
0.00464
0.00332
0.00134
0.00108
0.00147
-0.0001
-0.00222
-0.00273
-0.00243
-0.00338
-0.00367
-0.00258
-0.0009
-0.00033
-0.00058
0.00018
0.00053
-0.00036
-0.00148
-0.0016
-0.0026
-0.00436
-0.00503
-0.00426
-0.00403
-0.00526
-0.0067
-0.00627
-0.00605
-0.00743
-0.00834
-0.00819
-0.00736
-0.00845
-0.00969
-0.0103
-0.01042
-0.01114
-0.01185
-0.01265
-0.01303
-0.01333
-0.01227
-0.01188
-0.01269
-0.01255
-0.0105
-0.00899
-0.00985
-0.01072
-0.01016
-0.00952
-0.00964
-0.00993
-0.0099
-0.01014
-0.01107
-0.0104
-0.0104
-0.01123
-0.01
-0.00879
-0.00841
-0.00827
-0.0072
-0.00557
-0.0056
-0.00644
-0.00628
-0.00567
-0.00588
-0.00733
-0.00786
-0.00815
-0.00986
-0.01149
-0.01128
-0.01032
-0.00937
-0.00826
-0.00827
-0.00784
-0.00589
-0.00532
-0.00621
-0.00531
-0.00503
-0.00629
-0.0062
-0.00545
-0.00557
-0.00681
-0.00779
-0.00798
-0.00833
-0.00825
-0.00806
-0.00743
-0.00667
-0.00626
-0.00568
-0.00411
-0.00245
-0.00314
-0.00321
-0.00159
-0.00192
-0.0038
-0.00422
-0.00489
-0.00716
-0.00974
-0.01057
-0.01047
-0.01091
-0.01233
-0.01189
-0.01014
-0.00985
-0.00923
-0.00821
-0.00839
-0.00844
-0.00738
-0.00812
-0.00934
-0.00994
-0.00952
-0.0091
-0.0094
-0.01018
-0.01131
-0.0116
-0.01208
-0.0123
-0.01201
-0.01223
-0.01343
-0.01281
-0.01153
-0.01176
-0.01108
-0.00906
-0.00739
-0.00568
-0.00502
-0.00376
-0.00233
-0.00005
0.00283
0.00292
0.00275
0.0047
0.00557
0.00474
0.00452
0.00483
0.00386
0.00325
0.00366
0.0029
0.00212
0.0022
0.00137
0.00051
-0.00039
-0.00171
-0.00174
-0.00127
-0.00226
-0.00198
-0.00096
-0.00133
-0.00164
-0.00022
0.00048
-0.00017
0.00061
0.00159
0.0011
0.00064
0.00106
0.00134
0.0012
0.00105
0.00114
0.00126
0.00147
0.00253
0.00316
0.0036
0.00405
0.00499
0.00564
0.00656
0.00803
0.00834
0.00894
0.01063
0.0109
0.01028
0.01135
0.01231
0.01185
0.01139
0.01192
0.01344
0.01376
0.01309
0.01404
0.01496
0.01444
0.01406
0.01441
0.01493
0.01619
0.01781
0.0187
0.01836
0.0191
0.02123
0.02061
0.01878
0.01929
0.02024
0.01895
0.01781
0.01854
0.01908
0.01863
0.01837
0.01958
0.02043
0.01968
0.01915
0.01855
0.01819
0.01863
0.01769
0.01648
0.01586
0.01464
0.01428
0.01489
0.01386
0.01262
0.01314
0.01372
0.01331
0.0121
0.01208
0.01289
0.01278
0.01238
0.01136
0.0106
0.00941
0.00811
0.00707
0.00589
0.00443
0.0024
0.00006
-0.00096
-0.00167
-0.00315
-0.00491
-0.00561
-0.00495
-0.00422
-0.00326
-0.00157
0.00034
0.00069
0.00284
0.00671
0.00939
0.01125
0.01292
0.01348
0.01525
0.01689
0.01903
0.02055
0.02079
0.02078
0.02205
0.02289
0.02209
0.02015
0.01761
0.01645
0.01621
0.01488
0.01267
0.01017
0.0089
0.00844
0.00812
0.00703
0.00508
0.00465
0.00452
0.00374
0.00264
0.0011
0.00083
0.00071
-0.00106
-0.00301
-0.00394
-0.00397
-0.00446
-0.00561
-0.00565
-0.00597
-0.00619
-0.00505
-0.00314
-0.00014
0.00218
0.00374
0.00626
0.00936
0.01211
0.01451
0.01576
0.01497
0.01465
0.01498
0.01379
0.01254
0.01268
0.01177
0.01011
0.00992
0.00957
0.0088
0.00768
0.00764
0.00822
0.00786
0.00632
0.00566
0.00543
0.00505
0.00409
0.00344
0.00286
0.00236
0.00258
0.00169
0.00064
0.00025
-0.00107
-0.00197
-0.00223
-0.00366
-0.00531
-0.00566
-0.00488
-0.00478
-0.00481
-0.00394
-0.00396
-0.00405
-0.00269
-0.00227
-0.00303
-0.00316
-0.00269
-0.00227
-0.00135
-0.00082
-0.00034
-0.00011
-0.0004
-0.0004
-0.00001
0.00125
0.00297
0.00295
0.00182
0.00107
0.00098
0.00237
0.0026
0.00011
-0.00118
-0.00114
-0.00269
-0.00294
-0.00271
-0.00453
-0.00612
-0.00585
-0.00621
-0.00673
-0.00703
-0.00784
-0.00691
-0.00581
-0.00536
-0.00527
-0.00427
-0.00265
-0.0024
-0.00221
-0.00154
-0.0016
-0.0018
-0.00153
-0.00043
0.00037
-0.00019
0.00017
0.00239
0.004
0.00385
0.00368
0.00495
0.00533
0.00417
0.0025
0.00115
-0.00131
-0.00432
-0.00666
-0.00877
-0.01071
-0.01201
-0.01292
-0.01311
-0.01269
-0.0116
-0.01023
-0.00823
-0.00748
-0.00748
-0.00585
-0.00493
-0.00568
-0.00701
-0.00716
-0.00621
-0.00711
-0.00841
-0.00791
-0.00722
-0.00741
-0.00669
-0.00487
-0.00453
-0.00548
-0.00557
-0.00497
-0.00557
-0.0067
-0.00635
-0.00567
-0.0058
-0.00529
-0.00266
-0.00101
-0.00158
-0.0014
-0.00007
0.00016
-0.00129
-0.00134
-0.00119
-0.00204
-0.003
-0.00357
-0.00308
-0.00186
-0.00051
0.00028
0.0006
0.00086
0.0019
0.00207
0.00101
-0.00069
-0.00132
-0.00094
-0.00106
-0.00102
-0.00161
-0.00149
-0.00223
-0.00257
-0.00209
-0.00254
-0.004
-0.00405
-0.00394
-0.00509
-0.00529
-0.00429
-0.00313
-0.00394
-0.006
-0.00629
-0.00626
-0.00675
-0.00796
-0.00813
-0.00714
-0.00555
-0.00385
-0.00189
-0.00088
-0.00012
0.0009
0.00097
0.00069
0.00054
-0.0003
-0.0008
-0.00149
-0.00153
-0.00106
-0.00116
-0.00164
-0.00172
-0.00149
-0.00144
-0.00154
-0.00158
-0.00154
-0.00126
-0.00016
0.00018
-0.00027
0.00043
0.00038
0.00061
0.00134
0.00115
0.00078
0.00093
0.00116
0.00141
0.0025
0.00289
0.00249
0.00351
0.00415
0.00404
0.00507
0.00548
0.00489
0.00433
0.00305
0.00157
0.00099
0.00076
-0.00133
-0.00194
-0.00127
-0.00288
-0.00498
-0.00432
-0.00322
-0.00305
-0.00259
-0.00274
-0.00252
-0.00121
-0.00047
0.00006
0.00045
0.00126
0.00128
0.0009
0.00099
0.00041
-0.00132
-0.002
-0.00193
-0.00258
-0.00358
-0.00429
-0.00392
-0.00361
-0.00393
-0.0042
-0.00411
-0.0039
-0.00295
-0.00215
-0.00263
-0.00201
0.00014
0.00057
-0.00062
-0.00076
0.00001
0.00015
-0.00129
-0.00225
-0.00244
-0.00257
-0.00134
-0.00064
-0.00159
-0.00182
-0.00018
0.00053
-0.00011
0.00069
0.0014
-0.00014
-0.00094
-0.00026
-0.00119
-0.00316
-0.00337
-0.00378
-0.00516
-0.00457
-0.00395
-0.00238
-0.00137
-0.00018
0.00023
0.00116
0.00271
0.00309
0.00362
0.00383
0.00367
0.00375
0.00336
0.00229
0.00243
0.00242
0.00106
0.00029
-0.0001
0.00012
0.00034
0.00005
-0.00091
-0.00193
-0.00216
-0.00266
-0.00343
-0.00411
-0.00384
-0.00355
-0.00384
-0.0041
-0.00403
-0.00383
-0.00296
-0.00318
-0.00338
-0.00235
-0.00232
-0.00274
-0.00164
-0.00064
-0.00131
-0.00171
-0.00015
0.00119
0.00167
0.00259
0.00276
0.00254
0.00385
0.00469
0.00398
0.00353
0.00396
0.00403
0.00262
0.0018
0.00105
0.00002
0.0002
0.0003
-0.0012
-0.00177
-0.00102
-0.00121
-0.00237
-0.00201
-0.00234
-0.00275
-0.0025
-0.00237
-0.00321
-0.00452
-0.00419
-0.00341
-0.00364
-0.00414
-0.00425
-0.00499
-0.00673
-0.00798
-0.00715
-0.00641
-0.00798
-0.00953
-0.00984
-0.0099
-0.01071
-0.01189
-0.01235
-0.01167
-0.01155
-0.01202
-0.01114
-0.01024
-0.01082
-0.01019
-0.00889
-0.00816
-0.00816
-0.00866
-0.00828
-0.00695
-0.00767
-0.00919
-0.00979
-0.00944
-0.00925
-0.01068
-0.01146
-0.01069
-0.01077
-0.01242
-0.01272
-0.0114
-0.01012
-0.01017
-0.00937
-0.0074
-0.00579
-0.00551
-0.00553
-0.00373
-0.00218
-0.00222
-0.00179
-0.00089
0.00016
0.00002
0.00034
0.00146
0.00138
0.00084
0.00105
0.00136
0.00048
-0.00058
-0.00126
-0.00261
-0.00292
-0.00322
-0.00401
-0.00383
-0.00361
-0.00484
-0.00472
-0.00337
-0.00461
-0.00597
-0.0052
-0.00448
-0.00489
-0.00507
-0.00382
-0.00326
-0.00402
-0.00428
-0.00381
-0.00313
-0.00204
-0.00212
-0.00284
-0.00276
-0.00183
-0.0005
-0.00017
0.0002
0.00013
-0.00013
-0.00044
-0.00067
0
-0.00079
-0.00077
0.00087
0.0017
0.00171
0.00215
0.00308
0.0029
0.00251
0.00269
0.00292
0.00283
0.00183
0.002
0.00231
0.00136
0.00126
0.00174
0.00173
0.00154
0.00256
0.00337
0.00295
0.00393
0.0059
0.00579
0.00466
0.00478
0.00558
0.0057
0.00494
0.00361
0.00365
0.00406
0.00285
0.00229
0.00293
0.00309
0.00261
0.00211
0.00114
0.00053
0.00004
-0.00041
-0.00135
-0.00135
-0.00088
-0.00038
0.00045
0.00013
-0.00047
0.00132
0.00478
0.00491
0.00379
0.00476
0.00646
0.00718
0.00649
0.00607
0.00564
0.005
0.00526
0.00461
0.00372
0.00407
0.00447
0.00417
0.00382
0.00392
0.00418
0.00521
0.0058
0.00512
0.00479
0.00523
0.0055
0.00533
0.00513
0.00523
0.00528
0.00494
0.00412
0.005
0.00589
0.00528
0.00476
0.00551
0.0075
0.00861
0.00813
0.00863
0.00975
0.01078
0.0105
0.00937
0.00846
0.00841
0.00796
0.00787
0.00747
0.00623
0.00623
0.00685
0.00668
0.00621
0.00539
0.00461
0.00425
0.00379
0.00388
0.00323
0.00204
0.00223
0.00284
0.00273
0.00231
0.00221
0.00241
0.00257
0.00355
0.00429
0.00477
0.00516
0.00484
0.00498
0.00643
0.00721
0.00751
0.00761
0.00739
0.00745
0.00746
0.00641
0.0057
0.00526
0.00466
0.00367
0.00361
0.0041
0.00357
0.002
0.00192
0.00282
0.00282
0.00187
0.00059
0.0008
0.0022
0.00319
0.00246
0.00237
0.00453
0.00594
0.00492
0.00412
0.00395
0.0035
0.00287
0.00227
0.00247
0.00188
0.0007
0.00087
0.00063
-0.00047
-0.00049
-0.00109
-0.00206
-0.00283
-0.00427
-0.00572
-0.00569
-0.00493
-0.00512
-0.00567
-0.00449
-0.00212
-0.00111
-0.00172
-0.00108
0.00046
0.0025
0.00288
0.00195
0.00325
0.00564
0.00557
0.00473
0.00562
0.00528
0.00462
0.00501
0.00488
0.00304
0.00165
0.00188
0.00075
-0.00071
-0.00085
-0.00199
-0.00271
-0.00114
-0.00078
-0.00188
-0.00216
-0.00162
-0.00141
-0.00163
-0.00174
-0.00165
-0.0016
-0.00163
-0.00166
-0.00165
-0.00156
-0.00057
0.0003
0.00081
0.0023
0.00382
0.00381
0.00417
0.00515
0.00505
0.00471
0.00492
0.00519
0.00513
0.00501
0.00502
0.00508
0.00508
0.00478
0.00383
0.00431
0.00401
0.00191
0.00179
0.00212
-0.00036
-0.00116
0.00027
0.00061
-0.00028
-0.00064
-0.00028
-0.00009
-0.00022
-0.00032
-0.00027
-0.00022
-0.00024
-0.00026
-0.00023
0.00049
0.00236
0.00297
0.00195
0.00247
0.00408
0.00396
0.00319
0.00333
0.00373
0.00282
0.00198
0.00362
0.00471
0.00369
0.00418
0.00551
0.00517
0.00456
0.00484
0.00548
0.00627
0.00559
0.00565
0.00663
0.0068
0.00744
0.00789
0.00746
0.00728
0.00765
0.00791
0.0078
0.00765
0.0077
0.00736
0.00617
0.00611
0.00684
0.00681
0.00569
0.00441
0.00486
0.00564
0.00535
0.00483
0.00426
0.00338
0.00362
0.00413
0.00386
0.0035
0.00355
0.0037
0.00368
0.00362
0.00286
0.00195
0.00231
0.00286
0.00259
0.00215
0.00221
0.00251
0.00355
0.00414
0.00344
0.00312
0.00331
0.00246
0.00144
-0.00022
-0.00098
-0.00141
-0.00303
-0.00485
-0.00628
-0.00655
-0.00535
-0.00586
-0.00597
-0.00555
-0.0057
-0.00545
-0.00403
-0.00385
-0.00466
-0.0041
-0.00248
-0.00258
-0.00285
-0.00163
-0.00135
-0.00199
-0.00208
-0.00251
-0.00331
-0.00301
-0.00255
-0.00279
-0.00313
-0.00308
-0.00293
-0.00294
-0.00301
-0.0031
-0.00413
-0.00492
-0.00537
-0.00584
-0.00659
-0.00715
-0.00697
-0.00795
-0.00872
-0.00817
-0.00784
-0.00822
-0.00847
-0.00834
-0.00822
-0.00785
-0.00629
-0.00497
-0.00564
-0.00641
-0.00593
-0.00583
-0.0072
-0.00802
-0.00834
-0.00808
-0.00851
-0.00992
-0.00991
-0.0092
-0.00999
-0.01074
-0.01032
-0.01092
-0.01122
-0.01085
-0.01078
-0.0111
-0.01224
-0.01291
-0.01211
-0.01174
-0.01224
-0.01263
-0.01351
-0.01395
-0.01226
-0.01129
-0.0124
-0.01277
-0.01106
-0.01029
-0.01121
-0.01133
-0.00968
-0.00904
-0.01037
-0.01185
-0.01135
-0.01082
-0.01273
-0.0145
-0.01366
-0.01324
-0.01512
-0.01625
-0.01641
-0.016
-0.01584
-0.01611
-0.01639
-0.01643
-0.01619
-0.01529
-0.01443
-0.01405
-0.01363
-0.0138
-0.01396
-0.01364
-0.01244
-0.01172
-0.01246
-0.0127
-0.01112
-0.01018
-0.01106
-0.01154
-0.01074
-0.00894
-0.00762
-0.0082
-0.00877
-0.00726
-0.00627
-0.0066
-0.00586
-0.00538
-0.00581
-0.00595
-0.00563
-0.00548
-0.00561
-0.00568
-0.00563
-0.0056
-0.00562
-0.00565
-0.00625
-0.00735
-0.00711
-0.00645
-0.00663
-0.00701
-0.00617
-0.00504
-0.00458
-0.00322
-0.00235
-0.00105
0.00028
0.00165
0.00257
0.00195
0.00305
0.0055
0.00552
0.00422
0.00432
0.00515
0.00527
0.00493
0.00484
0.00499
0.00503
0.00497
0.00495
0.00497
0.00498
0.00497
0.00497
0.00492
0.00489
0.00494
0.00489
0.00489
0.00489
0.00398
0.00304
0.00356
0.0041
0.00376
0.00348
0.00471
0.00562
0.00494
0.00553
0.00679
0.00749
0.00765
0.00723
0.00721
0.00758
0.00745
0.0062
0.00552
0.00542
0.00639
0.00698
0.00579
0.00407
0.00441
0.00552
0.00545
0.00428
0.00288
0.0033
0.00415
0.0033
0.00164
0.0019
0.0028
0.00263
0.00209
0.00214
0.0032
0.00412
0.00355
0.00308
0.00427
0.00471
0.00308
0.00203
0.00206
0.00267
0.00278
0.00239
0.00217
0.0023
0.00241
0.00247
0.00348
0.00417
0.0034
0.00198
0.0017
0.0026
0.00279
0.00227
0.00204
0.00223
0.00233
0.00226
0.00221
0.00223
0.00226
0.00269
0.00395
0.0044
0.0048
0.00485
0.00507
0.00684
0.00822
0.00802
0.00857
0.00891
0.00803
0.00686
0.00736
0.00753
0.00611
0.00523
0.00484
0.0051
0.00467
0.00315
0.00232
0.00221
0.00266
0.00275
0.00235
0.00216
0.00229
0.00233
0.00221
0.0022
0.00235
0.00351
0.0053
0.00534
0.00424
0.00429
0.00514
0.00636
0.00665
0.00489
0.00491
0.00591
0.0061
0.00509
0.00435
0.00494
0.00535
0.00503
0.00476
0.00461
0.00387
0.00425
0.00356
0.0017
0.00198
0.00259
0.00106
-0.00006
-0.00045
-0.00021
0.00004
-0.00021
-0.00103
-0.0023
-0.00203
-0.00124
-0.00142
-0.00189
-0.00182
-0.00162
-0.00165
-0.00173
-0.00171
-0.00167
-0.00166
-0.00107
0.00003
-0.0002
-0.00085
-0.00006
0.00148
0.00121
-0.00023
-0.00057
0.00069
0.00001
-0.00082
-0.00045
-0.00075
-0.00217
-0.00207
-0.00119
-0.00132
-0.00187
-0.00183
-0.00075
0.00017
-0.0004
-0.00094
-0.00058
-0.0002
-0.0003
-0.00047
-0.0005
-0.00126
-0.00216
-0.00179
-0.00134
-0.00238
-0.00286
-0.00139
-0.00114
-0.00208
-0.00217
-0.00165
-0.00234
-0.00265
-0.00128
-0.00022
-0.00005
-0.00066
-0.00079
-0.00035
-0.00013
-0.00028
-0.00038
-0.00033
-0.00028
-0.0003
-0.00032
-0.00032
-0.00031
-0.00031
-0.00031
-0.00031
-0.00031
-0.00031
-0.00031
-0.00022
0.00094
0.00268
0.00266
0.00174
0.00192
0.00388
0.00582
0.00546
0.00429
0.00452
0.00532
0.00539
0.00506
0.00499
0.00504
0.00504
0.00503
0.00503
0.00502
0.00501
0.00501
0.00501
0.00501
0.00475
0.00338
0.0019
0.00226
0.00313
0.00257
0.00073
0.00033
0.00136
0.00132
-0.0004
-0.00098
0.00049
0.00309
0.00327
0.00181
0.00305
0.00566
0.00588
0.00593
0.00766
0.0082
0.00731
0.00696
0.00622
0.00493
0.00505
0.00588
0.00534
0.00313
0.00173
0.00276
0.00364
0.00307
0.00243
0.00257
0.00295
0.00293
0.00277
0.00241
0.00128
0.00132
0.00173
0.00055
0.00007
0.00073
0.00091
0.00102
0.00212
0.00225
0.00159
0.00167
0.00215
0.00272
0.00376
0.0037
0.00304
0.0032
0.00366
0.00368
0.00357
0.00355
0.0036
0.00326
0.00207
0.00215
0.00295
0.00292
0.00283
0.00341
0.00305
0.00304
0.00247
0.00233
0.00275
0.00284
0.00265
0.00252
0.00198
0.00096
0.00114
0.00054
-0.00179
-0.00166
-0.00092
-0.00164
-0.0012
-0.00079
-0.00114
-0.00073
0.00061
0.00053
0.00035
0.00151
0.00175
0.00174
0.00336
0.00462
0.00381
0.00313
0.00367
0.00414
0.00337
0.00147
0.00067
0.00169
0.00142
-0.0004
-0.00123
-0.00127
-0.00083
-0.00065
-0.00026
0.00112
0.00173
0.00092
0.00062
0.00124
0.00231
0.00292
0.00237
0.00272
0.00395
0.00386
0.00317
0.0032
0.00284
0.00191
0.00137
0.00093
0.00017
-0.00048
-0.00096
-0.00038
0.00051
-0.00004
-0.00056
0.00072
0.00173
0.00097
0.00035
-0.00025
-0.00057
-0.00005
0.00012
-0.00026
-0.00047
-0.00035
-0.00026
-0.0004
-0.00133
-0.00195
-0.00141
-0.00108
-0.00165
-0.00289
-0.00279
-0.00103
-0.00066
-0.00177
-0.00204
-0.00145
-0.00122
-0.00146
-0.0018
-0.00269
-0.00296
-0.00265
-0.00345
-0.00408
-0.00371
-0.00346
-0.00363
-0.0038
-0.00411
-0.00547
-0.00625
-0.00492
-0.00525
-0.00629
-0.0061
-0.00563
-0.00573
-0.00598
-0.00601
-0.00588
-0.00614
-0.0071
-0.00721
-0.00695
-0.00786
-0.00822
-0.00802
-0.00922
-0.01059
-0.01009
-0.00928
-0.00958
-0.01007
-0.00997
-0.00968
-0.00964
-0.00969
-0.00965
-0.00954
-0.00895
-0.00796
-0.00811
-0.00815
-0.00705
-0.00683
-0.00732
-0.0068
-0.00552
-0.00514
-0.0049
-0.00496
-0.00505
-0.00485
-0.00465
-0.00465
-0.00469
-0.00467
-0.00505
-0.00581
-0.00565
-0.0052
-0.00528
-0.00552
-0.00549
-0.0053
-0.00461
-0.00394
-0.00428
-0.00462
-0.00438
-0.00472
-0.00547
-0.00583
-0.00605
-0.00583
-0.00568
-0.00584
-0.00594
-0.00584
-0.00572
-0.0057
-0.00568
-0.00563
-0.00557
-0.00552
-0.00548
-0.00543
-0.00538
-0.00533
-0.0052
-0.00394
-0.0026
-0.00325
-0.00396
-0.00333
-0.00118
-0.00025
-0.00151
-0.002
-0.00121
-0.00077
-0.00102
-0.0012
-0.00102
-0.00086
-0.00092
-0.00096
-0.00091
-0.00085
-0.00085
-0.0009
-0.0009
-0.00079
-0.00077
-0.00085
-0.00082
-0.00075
-0.00066
0.00005
0.00053
0.00008
-0.00008
0.00099
0.0016
0.00035
0.00035
0.00159
0.00157
0.00094
0.00096
0.00129
0.00133
0.0012
0.00118
0.00124
0.00127
0.00125
0.00124
0.00126
0.00127
0.00144
0.00199
0.00151
0.00083
0.00118
0.00158
0.00142
0.0012
0.00125
0.00136
0.00135
0.00131
0.00132
0.00135
0.00135
0.00135
0.00151
0.00219
0.00256
0.0028
0.0029
0.00274
0.00274
0.0029
0.00294
0.00287
0.00283
0.00299
0.00385
0.00478
0.00444
0.00384
0.00405
0.00443
0.00438
0.00418
0.00415
0.00445
0.00515
0.00509
0.00461
0.00436
0.0039
0.0039
0.0042
0.00412
0.00386
0.0038
0.00387
0.00409
0.00466
0.00463
0.00421
0.00421
0.00423
0.00357
0.00339
0.00376
0.00377
0.0035
0.0034
0.00347
0.00325
0.00231
0.00165
0.00205
0.0024
0.00211
0.00181
0.00186
0.00198
0.00195
0.00188
0.00187
0.00188
0.00187
0.00186
0.00189
0.00188
0.00184
0.00183
0.00183
0.002
0.0023
0.00193
0.00214
0.00274
0.00316
0.00289
0.00259
0.00275
0.00348
0.00441
0.00403
0.00313
0.00306
0.00347
0.00262
0.00226
0.0027
0.00277
0.00244
0.0023
0.00239
0.00241
0.00233
0.00227
0.00226
0.00224
0.0022
0.00217
0.00214
0.00211
0.00207
0.00204
0.002
0.00171
0.00122
0.00107
0.0009
0.00091
0.00096
0.0009
0.00083
0.00081
0.00081
0.00078
0.00074
0.00074
0.00074
0.00072
0.00069
0.00068
0.00067
0.00066
0.00064
0.00061
0.00032
0.00002
0.00016
0.00005
-0.00034
-0.0003
-0.00013
-0.00018
-0.00024
0.00003
0.0006
0.00073
0.00042
0.00058
0.00102
0.00119
0.00122
0.00111
0.00105
0.00111
0.00113
0.00108
0.00103
0.00101
0.00102
0.00125
0.00141
0.00146
0.0015
0.0014
0.00137
0.00169
0.00212
0.00203
0.00167
0.00164
0.00179
0.00177
0.00163
0.00153
0.00127
0.00085
0.0008
0.00098
0.00094
0.00075
0.00068
0.00066
0.00044
0.0003
0.00039
0.00046
0.00056
0.00054
0.00037
0.00009
-0.00012
-0.00005
0.00005
-0.00008
-0.00039
-0.0005
-0.00052
-0.00055
-0.00054
-0.00059
-0.0008
-0.00086
-0.00075
-0.00072
-0.00079
-0.00078
-0.00061
-0.00055
-0.00066
-0.0007
-0.00064
-0.00062
-0.00065
-0.00066
-0.00063
-0.00053
-0.0006
-0.0006
-0.00051
-0.00056
-0.00074
-0.00075
-0.00065
-0.00069
-0.00091
-0.00104
-0.00094
-0.00086
-0.00091
-0.00089
-0.00067
-0.00064
-0.00078
-0.00078
-0.00069
-0.00068
-0.00072
-0.00073
-0.00079
-0.00095
-0.00095
-0.0009
-0.00107
-0.00113
-0.00108
-0.0012
-0.00125
-0.00115
-0.00112
-0.00115
-0.0011
-0.00093
-0.00086
-0.00081
-0.0008
-0.00082
-0.0008
-0.00073
-0.00061
-0.00062
-0.00069
-0.00068
-0.00069
-0.00078
-0.00077
-0.00076
-0.00088
-0.00095
-0.00092
-0.00092
-0.001
-0.00099
-0.00093
-0.0009
-0.00085
-0.00081
-0.00078
-0.00072
-0.00071
-0.00072
-0.00071
-0.00072
-0.00077
-0.00078
-0.00079
-0.00077
-0.00074
-0.00074
-0.00074
-0.00073
-0.00071
-0.00067
-0.00061
-0.0006
-0.00059
-0.00053
-0.00049
-0.0005
-0.0005
-0.00046
-0.00043
-0.00044
-0.00045
-0.00046
-0.00048
-0.00046
-0.00045
-0.00045
-0.00045
-0.00043
-0.0004
-0.00041
-0.00042
-0.00041
-0.0004
-0.00039
-0.00037
-0.00037
-0.00037
-0.00037
-0.00037
-0.00036
-0.00035
-0.00034
-0.00034
-0.00035
-0.00036
-0.00035
-0.00035
-0.00036
-0.00036
-0.00035
-0.00034
-0.00033
-0.00033
-0.00033
-0.00033
-0.00031
-0.00031
-0.00031
-0.00031
-0.0003
-0.0003
-0.0003
-0.0003
-0.00029
-0.00029
-0.00029
-0.00028
-0.00028
-0.00028
-0.00027
-0.00027
-0.00027
-0.00026
-0.00026
-0.00026
-0.00026
-0.00025
-0.00025
-0.00025
-0.00024
-0.00024
-0.00023
-0.00023
-0.00022
-0.00022
-0.00021
-0.00021
-0.0002
-0.0002
-0.00019
-0.00019
-0.00019
-0.00018
-0.00018
-0.00017
-0.00017
-0.00016
-0.00016
-0.00015
-0.00015
-0.00014
-0.00014
-0.00014
-0.00013
-0.00013
-0.00012
-0.00012
-0.00011
-0.00011
-0.0001
-0.0001
-0.00009
-0.00009
-0.00008
-0.00008
-0.00007
-0.00007
-0.00006
-0.00006
-0.00005
-0.00005
-0.00004
-0.00004
-0.00003
-0.00003
-0.00002
-0.00002
-0.00002
-0.00001
-0.00001
0
0
0.00001
0.00001
0.00002
0.00002
0.00003
0.00003
0.00004
0.00004
0.00005
0.00005
0.00006
0.00006
0.00007
0.00007
0.00008
0.00008
0.00009
0.00009
0.0001
0.0001
0.00011
0.00011
0.00012
0.00012
0.00012
0.00013
0.00013
0.00014
0.00014
0.00015
0.00015
0.00016
0.00016
0.00017
0.00017
0.00018
0.00018
0.00019
0.00019
0.00019
0.0002
0.0002
0.00021
0.00021
0.00022
0.00022
0.00023
0.00023
0.00023
0.00024
0.00024
0.00025
0.00025
0.00026
0.00026
0.00027