0.005
0.0052
0.00518
0.00517
0.00515
0.00513
0.00512
0.0051
0.0051
0.0051
0.0051
0.00511
0.00511
0.0051
0.00507
0.00503
0.00498
0.00493
0.00491
0.00491
0.00493
0.00495
0.00496
0.00496
0.00496
0.00496
0.00496
0.00495
0.00495
0.00494
0.00494
0.00494
0.00494
0.00493
0.00492
0.00487
0.00479
0.00466
0.00449
0.00429
0.00408
0.00387
0.00367
0.00352
0.00343
0.00343
0.0035
0.00362
0.00373
0.0038
0.00381
0.00374
0.0036
0.00339
0.00313
0.0029
0.00277
0.00261
0.00192
0.0006
-0.00097
-0.00247
-0.00342
-0.00365
-0.00373
-0.00381
-0.00394
-0.0041
-0.00378
-0.00271
-0.00085
0.00152
0.00343
0.00498
0.00743
0.0105
0.0124
0.01293
0.01335
0.0139
0.01435
0.01455
0.01416
0.01359
0.0135
0.01229
0.00587
-0.00475
-0.01196
-0.01464
-0.01773
-0.02157
-0.02376
-0.02214
-0.01378
-0.00069
0.0077
0.00984
0.01218
0.01518
0.01687
0.01702
0.0156
0.01284
0.00911
0.00455
-0.00071
-0.00647
-0.0124
-0.01819
-0.02353
-0.02823
-0.03214
-0.03479
-0.03516
-0.03256
-0.02674
-0.01788
-0.00773
0.0024
0.01086
0.01642
0.01927
0.01936
0.01792
0.01588
0.01397
0.01236
0.00987
0.00709
0.00644
0.00831
0.01092
0.01313
0.0131
0.00995
0.00468
-0.00221
-0.00862
-0.01276
-0.01311
-0.00935
-0.00462
-0.0004
0.00237
0.00343
0.00512
0.00775
0.01024
0.01224
0.01333
0.01457
0.0186
0.02426
0.02568
0.02218
0.01835
0.01496
0.01061
0.00426
-0.00611
-0.01964
-0.03127
-0.03903
-0.04311
-0.04331
-0.04153
-0.0382
-0.03294
-0.0262
-0.01835
-0.00991
-0.00146
0.00657
0.01388
0.0203
0.02557
0.02843
0.02676
0.02154
0.0184
0.01858
0.01905
0.01884
0.01611
0.00962
-0.00042
-0.01312
-0.02422
-0.03156
-0.03462
-0.03272
-0.02753
-0.01974
-0.01046
-0.00125
0.00625
0.01117
0.01458
0.01692
0.01914
0.02164
0.02409
0.02764
0.03241
0.03303
0.0176
-0.01054
-0.02755
-0.02992
-0.03271
-0.03811
-0.0434
-0.04716
-0.04483
-0.03526
-0.0209
-0.00507
0.00429
0.00597
0.00763
0.01042
0.01268
0.0146
0.01581
0.01632
0.01558
0.01301
0.00832
0.00158
-0.00585
-0.01297
-0.01864
-0.02236
-0.02495
-0.02615
-0.02493
-0.0207
-0.0133
-0.00404
0.00349
0.00901
0.0158
0.02325
0.02766
0.02875
0.0293
0.02993
0.0302
0.03044
0.03126
0.03293
0.03497
0.03677
0.03695
0.03483
0.03068
0.02442
0.01654
0.00743
-0.00233
-0.0121
-0.02125
-0.02911
-0.03517
-0.03893
-0.04038
-0.03981
-0.03857
-0.03743
-0.03673
-0.03668
-0.0366
-0.03635
-0.03615
-0.03613
-0.03653
-0.03676
-0.03469
-0.02917
-0.02023
-0.00887
0.0008
0.0071
0.01081
0.01222
0.01337
0.0144
0.01338
0.01037
0.00673
0.00337
0.00139
0.001
0.00084
0.00045
-0.00069
-0.00316
-0.00724
-0.01292
-0.01912
-0.0252
-0.03039
-0.03365
-0.0337
-0.02959
-0.02135
-0.00939
0.00399
0.01704
0.0277
0.0345
0.03772
0.03728
0.03441
0.02986
0.02425
0.01857
0.01377
0.01061
0.00909
0.00919
0.01002
0.01062
0.01046
0.01144
0.01884
0.03133
0.03932
0.04168
0.04443
0.0474
0.04649
0.04021
0.02899
0.01447
0.00199
-0.00618
-0.01075
-0.0118
-0.01176
-0.01147
-0.01062
-0.00999
-0.0102
-0.01162
-0.01358
-0.01522
-0.01461
-0.01069
-0.00363
0.00637
0.01743
0.02818
0.03699
0.0426
0.04506
0.04414
0.04066
0.03507
0.02783
0.01969
0.01148
0.00414
-0.00155
-0.00519
-0.00741
-0.0085
-0.00901
-0.00924
-0.00928
-0.00996
-0.01161
-0.01129
-0.00219
0.01363
0.02219
0.0212
0.01894
0.01687
0.01497
0.01398
0.0137
0.01466
0.01667
0.01951
0.02295
0.02726
0.03215
0.03364
0.02369
0.00491
-0.00533
-0.00416
-0.0023
-0.002
-0.00415
-0.0098
-0.01757
-0.02705
-0.03565
-0.04128
-0.04191
-0.03593
-0.02399
-0.00668
0.01281
0.03168
0.04675
0.05663
0.06413
0.06991
0.07477
0.07971
0.08462
0.08864
0.08791
0.08071
0.06744
0.04853
0.02758
0.00724
-0.00929
-0.01975
-0.02517
-0.02641
-0.0269
-0.02713
-0.0233
-0.014
0.00131
0.02096
0.0378
0.04882
0.05433
0.054
0.05063
0.04512
0.03744
0.02863
0.01953
0.01098
0.00387
-0.00007
0.00133
0.0066
0.00841
0.00492
-0.0003
-0.00645
-0.01184
-0.01524
-0.01601
-0.01329
-0.0075
0.001
0.01065
0.01989
0.02713
0.03216
0.03725
0.0419
0.04315
0.04082
0.0368
0.03066
0.02057
0.00779
-0.00279
-0.01038
-0.01824
-0.02588
-0.03045
-0.03185
-0.03256
-0.03332
-0.03375
-0.03405
-0.03415
-0.03418
-0.0342
-0.03409
-0.03378
-0.03386
-0.03577
-0.03916
-0.04146
-0.04243
-0.04411
-0.04687
-0.05033
-0.05446
-0.05906
-0.06406
-0.06942
-0.07498
-0.08055
-0.08594
-0.09102
-0.09563
-0.09966
-0.10291
-0.10521
-0.10665
-0.10797
-0.10968
-0.11228
-0.11591
-0.11974
-0.12309
-0.12532
-0.12726
-0.13184
-0.13842
-0.14217
-0.14244
-0.14224
-0.1421
-0.14171
-0.1412
-0.14048
-0.13967
-0.1389
-0.13845
-0.13913
-0.14137
-0.14509
-0.1498
-0.15376
-0.15639
-0.1585
-0.16046
-0.16327
-0.16713
-0.1711
-0.17483
-0.17781
-0.17968
-0.18059
-0.18052
-0.17974
-0.17841
-0.17664
-0.17466
-0.17269
-0.17085
-0.16917
-0.16815
-0.16911
-0.173
-0.18058
-0.19213
-0.20649
-0.223
-0.2406
-0.25826
-0.27484
-0.28892
-0.29929
-0.30588
-0.3113
-0.31711
-0.32452
-0.33351
-0.34084
-0.34558
-0.34834
-0.34928
-0.34986
-0.35063
-0.35139
-0.35177
-0.34978
-0.34397
-0.33279
-0.31534
-0.2925
-0.26438
-0.23157
-0.19475
-0.15474
-0.11252
-0.06914
-0.0257
0.01674
0.05708
0.09441
0.12787
0.15666
0.1797
0.19603
0.20619
0.21394
0.22167
0.23094
0.24152
0.24932
0.25514
0.26394
0.27458
0.27982
0.27833
0.27419
0.26833
0.26151
0.25487
0.2494
0.24572
0.24259
0.23924
0.23437
0.22744
0.21958
0.21112
0.20285
0.19569
0.19038
0.1867
0.18265
0.17845
0.17672
0.17791
0.18082
0.18504
0.18981
0.19446
0.19825
0.20072
0.20222
0.20293
0.20335
0.20357
0.20337
0.20349
0.2054
0.2086
0.2098
0.20823
0.20558
0.20245
0.19993
0.19828
0.19619
0.19305
0.188
0.18094
0.17341
0.16618
0.16031
0.15659
0.155
0.15577
0.15843
0.16265
0.16796
0.17382
0.17975
0.18548
0.19057
0.19306
0.18954
0.18111
0.17519
0.17252
0.16726
0.15836
0.14677
0.13241
0.1157
0.09653
0.07484
0.05081
0.02471
-0.00318
-0.03261
-0.06328
-0.09492
-0.12722
-0.15985
-0.1925
-0.22487
-0.25665
-0.28752
-0.31716
-0.34531
-0.37174
-0.39626
-0.41853
-0.43812
-0.45475
-0.46872
-0.48093
-0.49166
-0.49618
-0.48384
-0.45729
-0.43587
-0.41966
-0.38956
-0.34175
-0.28202
-0.21191
-0.13569
-0.05615
0.02375
0.1002
0.16929
0.22637
0.26775
0.29411
0.31529
0.33545
0.35429
0.3709
0.37778
0.37407
0.36594
0.35599
0.34771
0.3421
0.33481
0.32359
0.30491
0.27767
0.24592
0.21135
0.1774
0.14796
0.12611
0.11102
0.09448
0.07755
0.0713
0.0776
0.09063
0.1073
0.12192
0.13146
0.13666
0.13713
0.13543
0.13248
0.12825
0.1238
0.11996
0.11741
0.11598
0.11559
0.11574
0.1162
0.11709
0.11828
0.11966
0.12113
0.1226
0.12402
0.12531
0.12635
0.12697
0.12737
0.12853
0.13112
0.1358
0.14284
0.15149
0.1614
0.17194
0.18249
0.19239
0.20083
0.20713
0.21111
0.21375
0.21574
0.21801
0.22102
0.22419
0.22739
0.23039
0.23322
0.23605
0.23773
0.23468
0.22463
0.20644
0.18039
0.1517
0.12404
0.1019
0.08773
0.07869
0.07358
0.06899
0.06347
0.05874
0.05473
0.05199
0.05033
0.04817
0.04464
0.03862
0.02967
0.01881
0.00643
-0.00671
-0.01985
-0.03218
-0.04268
-0.0505
-0.05544
-0.05897
-0.06199
-0.06542
-0.06943
-0.07249
-0.07445
-0.07609
-0.07781
-0.08039
-0.08398
-0.08776
-0.09146
-0.09457
-0.09633
-0.09587
-0.09333
-0.09043
-0.08675
-0.07951
-0.06802
-0.0533
-0.03559
-0.01564
0.00593
0.02839
0.05092
0.07271
0.09294
0.11076
0.12503
0.13499
0.14179
0.14952
0.15778
0.16069
0.15701
0.14888
0.13677
0.12198
0.10557
0.08914
0.07483
0.0644
0.05702
0.04751
0.0363
0.02982
0.02851
0.02794
0.02703
0.02622
0.02566
0.02669
0.02989
0.03547
0.04339
0.05207
0.06039
0.06692
0.07113
0.0746
0.0781
0.08256
0.08808
0.09269
0.09563
0.09629
0.09417
0.08966
0.08286
0.07447
0.06512
0.05575
0.04754
0.0415
0.0375
0.03295
0.02711
0.02104
0.01563
0.01334
0.01475
0.01808
0.02302
0.02924
0.03617
0.04319
0.04955
0.05461
0.0578
0.05885
0.0575
0.05376
0.04769
0.03951
0.02952
0.01808
0.00564
-0.00731
-0.02029
-0.0328
-0.04437
-0.05457
-0.06292
-0.06902
-0.07281
-0.07503
-0.07619
-0.07683
-0.07705
-0.07661
-0.07681
-0.08038
-0.0865
-0.08944
-0.08812
-0.08574
-0.08311
-0.08099
-0.07963
-0.07789
-0.07568
-0.07327
-0.07121
-0.07092
-0.07235
-0.07382
-0.07519
-0.0779
-0.08315
-0.09302
-0.1082
-0.12728
-0.14976
-0.17455
-0.20059
-0.22676
-0.25179
-0.2744
-0.29299
-0.30633
-0.31498
-0.32303
-0.33181
-0.34011
-0.34767
-0.3533
-0.35732
-0.36161
-0.36567
-0.36658
-0.36333
-0.35635
-0.34567
-0.33228
-0.31684
-0.30028
-0.28354
-0.26779
-0.25454
-0.24525
-0.23926
-0.2314
-0.21822
-0.19637
-0.16459
-0.12733
-0.08671
-0.0467
-0.01176
0.01441
0.03215
0.04988
0.06735
0.07606
0.07537
0.07023
0.06213
0.05168
0.03992
0.0278
0.01682
0.00843
0.00309
-0.00069
-0.00379
-0.00726
-0.01136
-0.01462
-0.01666
-0.01745
-0.01691
-0.01553
-0.01342
-0.01088
-0.00847
-0.00685
-0.00573
-0.00281
0.00332
0.01378
0.02868
0.04491
0.06035
0.07236
0.08019
0.08717
0.09426
0.10138
0.10772
0.10956
0.10593
0.09828
0.08692
0.07308
0.05779
0.04247
0.02876
0.01817
0.01143
0.00731
0.00505
0.00329
0.00137
-0.00016
-0.00151
-0.00264
-0.00312
-0.002
0.00065
0.00343
0.0066
0.01172
0.01828
0.02358
0.02717
0.03119
0.03695
0.0463
0.0595
0.07365
0.08711
0.09772
0.1045
0.10918
0.1125
0.116
0.12014
0.1234
0.12542
0.12576
0.12401
0.12022
0.11422
0.10615
0.09611
0.08435
0.07113
0.05677
0.0416
0.026
0.01044
-0.00467
-0.01902
-0.03254
-0.04503
-0.0557
-0.06295
-0.06607
-0.07036
-0.08876
-0.11824
-0.13502
-0.13565
-0.13496
-0.1355
-0.1361
-0.1368
-0.13522
-0.13097
-0.12367
-0.11315
-0.10081
-0.08729
-0.07391
-0.06208
-0.05312
-0.04738
-0.04262
-0.03747
-0.03027
-0.02043
-0.01012
-0.00047
0.00695
0.01172
0.01615
0.02128
0.02827
0.03727
0.04534
0.0502
0.0485
0.03979
0.0294
0.02025
0.0157
0.01685
0.01968
0.02367
0.02825
0.03003
0.02403
0.01238
0.00779
0.01111
0.01085
0.0051
-0.00191
-0.00742
-0.00585
0.0034
0.01379
0.02281
0.02858
0.03086
0.03408
0.03882
0.0434
0.04774
0.05131
0.05308
0.05125
0.04573
0.03867
0.02877
0.01123
-0.01419
-0.04196
-0.06874
-0.09017
-0.10373
-0.11102
-0.11233
-0.11019
-0.10576
-0.09873
-0.09001
-0.08036
-0.07058
-0.06146
-0.05369
-0.04782
-0.04411
-0.04195
-0.04094
-0.04045
-0.04
-0.03947
-0.03853
-0.03699
-0.03482
-0.03241
-0.03011
-0.0283
-0.02714
-0.0261
-0.02489
-0.02311
-0.02064
-0.01803
-0.0156
-0.01382
-0.01266
-0.01101
-0.00829
-0.00403
0.00172
0.00785
0.01433
0.02078
0.02419
0.01786
0.00085
-0.01884
-0.03654
-0.04686
-0.04875
-0.05018
-0.05263
-0.0543
-0.05511
-0.05365
-0.05045
-0.04763
-0.04511
-0.04119
-0.03605
-0.03173
-0.02884
-0.0268
-0.02529
-0.02332
-0.02068
-0.01806
-0.01543
-0.01294
-0.01164
-0.01383
-0.01977
-0.02655
-0.0328
-0.03733
-0.03971
-0.04185
-0.04429
-0.04759
-0.05278
-0.06057
-0.07037
-0.07868
-0.08415
-0.08737
-0.08852
-0.08927
-0.09011
-0.09051
-0.0907
-0.09078
-0.09077
-0.09045
-0.08961
-0.08805
-0.08571
-0.08288
-0.07962
-0.07605
-0.07233
-0.06888
-0.06649
-0.06556
-0.06398
-0.05625
-0.04341
-0.03465
-0.03071
-0.0251
-0.01776
-0.01222
-0.00803
-0.00127
0.00897
0.02016
0.03045
0.03668
0.03862
0.04062
0.04356
0.04609
0.04753
0.04596
0.04133
0.0361
0.03157
0.02901
0.02832
0.02711
0.02635
0.03041
0.03971
0.0503
0.05999
0.06655
0.06994
0.07442
0.08046
0.08557
0.08886
0.08885
0.08465
0.07618
0.06324
0.04695
0.0281
0.00793
-0.01226
-0.03116
-0.0473
-0.05951
-0.0672
-0.07149
-0.07311
-0.07336
-0.07303
-0.07206
-0.07104
-0.07035
-0.06955
-0.06717
-0.06376
-0.06271
-0.0648
-0.06854
-0.0735
-0.07822
-0.08073
-0.07863
-0.07268
-0.06923
-0.06945
-0.06974
-0.06944
-0.0679
-0.06434
-0.05823
-0.04906
-0.03742
-0.0236
-0.00826
0.00788
0.02401
0.03928
0.05305
0.06487
0.07428
0.07961
0.07802
0.07014
0.06138
0.05239
0.03952
0.02263
0.0042
-0.01326
-0.02573
-0.03306
-0.04034
-0.04737
-0.05
-0.04829
-0.04532
-0.04116
-0.03337
-0.02189
-0.0091
0.00338
0.01329
0.01928
0.02237
0.02416
0.02871
0.03576
0.03905
0.03762
0.03431
0.02949
0.02332
0.01615
0.00838
0.00068
-0.00658
-0.01344
-0.01971
-0.02254
-0.01655
-0.00421
0.00033
-0.0066
-0.01677
-0.02316
-0.01113
0.02201
0.05905
0.08959
0.10234
0.10306
0.12547
0.1676
0.19124
0.19163
0.18866
0.18622
0.18405
0.18349
0.18406
0.18617
0.18791
0.18879
0.19023
0.19277
0.19606
0.19597
0.18376
0.16212
0.14905
0.14705
0.14435
0.13921
0.13392
0.12926
0.12705
0.12594
0.1206
0.10842
0.08968
0.06767
0.05125
0.03781
0.01219
-0.02224
-0.04272
-0.0459
-0.04597
-0.04584
-0.04459
-0.04207
-0.03523
-0.02448
-0.01285
-0.00181
0.00693
0.01249
0.01586
0.01733
0.01815
0.01898
0.01956
0.01982
0.01863
0.01545
0.01034
0.0038
-0.0019
-0.00559
-0.00697
-0.00598
-0.0044
-0.00323
-0.00329
-0.00479
-0.00629
-0.00801
-0.01125
-0.01549
-0.01932
-0.02467
-0.0367
-0.05315
-0.06217
-0.06185
-0.06007
-0.05839
-0.05674
-0.05584
-0.0553
-0.05551
-0.05628
-0.05752
-0.05901
-0.05994
-0.05862
-0.0541
-0.04666
-0.03723
-0.02912
-0.02367
-0.02026
-0.01914
-0.01911
-0.01866
-0.01448
-0.00447
0.0103
0.02652
0.03467
0.03283
0.02866
0.02389
0.01934
0.01646
0.01536
0.01679
0.02015
0.02506
0.03089
0.03721
0.04323
0.04611
0.04101
0.02931
0.02106
0.01742
0.01108
0.00133
-0.00926
-0.01988
-0.02868
-0.03329
-0.03078
-0.02279
-0.01881
-0.02074
-0.0233
-0.02567
-0.02763
-0.02917
-0.03098
-0.03123
-0.02626
-0.0173
-0.01204
-0.01176
-0.0116
-0.01087
-0.01024
-0.0097
-0.00972
-0.01022
-0.01108
-0.01227
-0.01354
-0.01464
-0.01532
-0.016
-0.01807
-0.02134
-0.02386
-0.02559
-0.02815
-0.03154
-0.03442
-0.03636
-0.03746
-0.0378
-0.03799
-0.03829
-0.03866
-0.03883
-0.03756
-0.03403
-0.02762
-0.01813
-0.00682
0.00558
0.01783
0.02856
0.03665
0.04208
0.04716
0.05182
0.05379
0.05284
0.05009
0.04603
0.04137
0.03669
0.03267
0.03026
0.03025
0.03227
0.03379
0.03437
0.03559
0.0375
0.03943
0.04071
0.03986
0.03595
0.02856
0.0176
0.0045
-0.00981
-0.02401
-0.0368
-0.04695
-0.05319
-0.05523
-0.05397
-0.05313
-0.05389
-0.0546
-0.05473
-0.05243
-0.0466
-0.03743
-0.02596
-0.01634
-0.00997
-0.00514
-0.00107
0.00457
0.01235
0.02027
0.02762
0.03326
0.03683
0.03961
0.04214
0.04524
0.04903
0.05215
0.05412
0.05457
0.05317
0.05018
0.04568
0.04014
0.03399
0.02784
0.02236
0.01817
0.0155
0.01358
0.01196
0.01
0.00746
0.00494
0.00254
0.00052
-0.00073
-0.00056
0.00144
0.00499
0.00958
0.01357
0.01619
0.01768
0.01822
0.01917
0.02107
0.02371
0.02702
0.02995
0.03163
0.0312
0.02894
0.0273
0.02654
0.02484
0.02194
0.01824
0.01382
0.00894
0.0037
-0.00177
-0.00727
-0.01256
-0.0174
-0.02167
-0.0253
-0.02819
-0.02975
-0.02902
-0.02654
-0.02507
-0.02516
-0.02524
-0.02507
-0.02457
-0.02362
-0.02231
-0.0207
-0.01924
-0.01829
-0.01824
-0.01938
-0.0216
-0.02479
-0.02836
-0.03186
-0.03475
-0.0366
-0.03733
-0.03679
-0.03515
-0.0325
-0.02903
-0.02494
-0.02054
-0.01614
-0.01203
-0.0085
-0.00576
-0.00404
-0.00352
-0.00435
-0.00657
-0.01016
-0.01497
-0.02083
-0.02753
-0.03481
-0.0424
-0.05
-0.05732
-0.0641
-0.07007
-0.07496
-0.07855
-0.08079
-0.08207
-0.08267
-0.08301
-0.08333
-0.08349
-0.08343
-0.08313
-0.08318
-0.08484
-0.08775
-0.08946
-0.08957
-0.08964
-0.08986
-0.09004
-0.09021
-0.09032
-0.09035
-0.09007
-0.08933
-0.08812
-0.08664
-0.08553
-0.08478
-0.0833
-0.0804
-0.0754
-0.06825
-0.06052
-0.05339
-0.04813
-0.04427
-0.03856
-0.03151
-0.0274
-0.02663
-0.02627
-0.0257
-0.02529
-0.02499
-0.02499
-0.02508
-0.02475
-0.02374
-0.02182
-0.01892
-0.01532
-0.0112
-0.0068
-0.00241
0.00169
0.00522
0.00797
0.00969
0.01013
0.00907
0.00642
0.00217
-0.00349
-0.01038
-0.01824
-0.02678
-0.03569
-0.04461
-0.05321
-0.06116
-0.06816
-0.07391
-0.07819
-0.08084
-0.08202
-0.08183
-0.08058
-0.07849
-0.07572
-0.07249
-0.06922
-0.06656
-0.06508
-0.06382
-0.05932
-0.05104
-0.04205
-0.03389
-0.02816
-0.02459
-0.0191
-0.01092
-0.0018
0.00792
0.01725
0.02532
0.03137
0.03534
0.0392
0.0435
0.04774
0.05156
0.0537
0.05414
0.05436
0.05476
0.05516
0.05538
0.05447
0.052
0.04803
0.04301
0.03873
0.03593
0.03426
0.03363
0.03313
0.03262
0.03292
0.03429
0.0371
0.04153
0.04727
0.05426
0.06233
0.07127
0.08082
0.0907
0.1006
0.11022
0.11926
0.12745
0.13453
0.14031
0.14467
0.14736
0.14794
0.14608
0.14158
0.13443
0.12511
0.11398
0.1016
0.08854
0.07547
0.06302
0.05181
0.04245
0.03539
0.031
0.02907
0.02926
0.03033
0.03126
0.03095
0.0287
0.02505
0.0205
0.01662
0.01406
0.01216
0.0107
0.00877
0.00614
0.00352
0.00111
-0.00076
-0.00195
-0.00273
-0.00308
-0.00295
-0.00221
-0.00052
0.00223
0.00588
0.01042
0.01575
0.0218
0.02844
0.03555
0.04298
0.05057
0.05819
0.06565
0.07279
0.07948
0.08562
0.09114
0.09588
0.09947
0.10159
0.10315
0.10706
0.11393
0.12142
0.12817
0.13214
0.13293
0.13294
0.13233
0.13011
0.12633
0.12135
0.11551
0.10932
0.10314
0.09735
0.0924
0.08873
0.0864
0.0847
0.08316
0.08121
0.07861
0.07595
0.0735
0.07169
0.07053
0.06904
0.06665
0.06268
0.05692
0.05021
0.04292
0.03572
0.02936
0.02453
0.02143
0.01888
0.01619
0.01253
0.00759
0.00244
-0.00258
-0.00679
-0.00918
-0.00877
-0.00604
-0.00417
-0.00369
-0.00264
-0.00094
0.00067
0.00174
0.00163
0.00029
-0.00141
-0.00285
-0.00308
-0.00171
0.00063
0.00353
0.00607
0.00773
0.00876
0.00914
0.00939
0.00965
0.00976
0.00983
0.00992
0.00995
0.00939
0.00791
0.00521
0.00123
-0.00351
-0.00874
-0.01392
-0.01843
-0.02171
-0.02391
-0.02666
-0.03038
-0.03427
-0.03776
-0.03951
-0.03932
-0.03847
-0.03717
-0.03531
-0.03305
-0.03051
-0.02792
-0.02551
-0.02346
-0.02191
-0.02094
-0.02038
-0.02012
-0.01999
-0.01987
-0.0198
-0.01978
-0.01994
-0.02038
-0.02122
-0.02252
-0.02424
-0.02636
-0.02884
-0.03166
-0.03475
-0.03807
-0.04153
-0.04507
-0.04861
-0.05209
-0.05543
-0.05856
-0.06143
-0.06397
-0.06613
-0.06786
-0.06914
-0.06994
-0.07026
-0.07007
-0.06936
-0.06817
-0.06687
-0.066
-0.06593
-0.06515
-0.05967
-0.05018
-0.04307
-0.03867
-0.03203
-0.02317
-0.0157
-0.01066
-0.00749
-0.0057
-0.00357
-0.00071
0.00199
0.00453
0.00666
0.00783
0.00704
0.00426
0.00113
-0.00175
-0.00448
-0.00736
-0.01165
-0.01684
-0.02073
-0.02382
-0.0291
-0.03583
-0.03919
-0.03833
-0.03619
-0.03367
-0.03156
-0.03016
-0.02847
-0.02645
-0.02436
-0.02245
-0.02138
-0.02114
-0.021
-0.02081
-0.02072
-0.02067
-0.02052
-0.02012
-0.01934
-0.01815
-0.01684
-0.01573
-0.01519
-0.01466
-0.01208
-0.0071
-0.00155
0.00344
0.00633
0.0069
0.0073
0.0079
0.00822
0.00845
0.00865
0.00869
0.00775
0.00536
0.00151
-0.00339
-0.00757
-0.01032
-0.01191
-0.01239
-0.01255
-0.01262
-0.01237
-0.01191
-0.01128
-0.01057
-0.00983
-0.00909
-0.00839
-0.00774
-0.00718
-0.00671
-0.00633
-0.00611
-0.00621
-0.00678
-0.00788
-0.00952
-0.01149
-0.01364
-0.01578
-0.01769
-0.01917
-0.02011
-0.02068
-0.02095
-0.02111
-0.02124
-0.02127
-0.02132
-0.02148
-0.02155
-0.02073
-0.01848
-0.0145
-0.00879
-0.00252
0.00347
0.00815
0.01118
0.0138
0.01634
0.01889
0.02115
0.02175
0.02037
0.01784
0.01466
0.01195
0.01015
0.0087
0.00738
0.00555
0.00308
0.00057
-0.00187
-0.00401
-0.00525
-0.00456
-0.00178
0.00161
0.00462
0.00587
0.00482
0.00267
-0.00036
-0.0039
-0.00736
-0.01013
-0.01196
-0.01369
-0.01578
-0.01865
-0.02218
-0.02504
-0.02691
-0.02824
-0.02924
-0.03066
-0.0327
-0.03501
-0.03758
-0.04024
-0.04287
-0.04532
-0.04745
-0.04917
-0.05026
-0.05023
-0.04886
-0.04633
-0.04311
-0.04044
-0.03865
-0.03671
-0.03408
-0.02988
-0.02398
-0.01769
-0.0117
-0.00695
-0.00393
-0.00213
-0.00134
-0.00088
-0.00045
-0.00026
-0.00019
-0.00019
-0.00022
-0.00023
-0.00024
-0.00034
-0.00059
-0.00105
-0.00174
-0.00263
-0.00371
-0.00493
-0.00626
-0.00764
-0.00902
-0.01035
-0.01158
-0.01268
-0.01357
-0.0142
-0.01459
-0.01501
-0.01559
-0.01646
-0.01766
-0.01892
-0.02016
-0.02121
-0.02187
-0.02182
-0.02082
-0.01877
-0.01569
-0.01197
-0.00785
-0.00375
-0.00013
0.0026
0.00435
0.00589
0.0077
0.01031
0.01386
0.01758
0.02113
0.02406
0.02591
0.02641
0.02533
0.0231
0.02024
0.01786
0.01623
0.01417
0.01106
0.006
-0.00114
-0.00879
-0.01609
-0.02188
-0.02557
-0.02795
-0.02936
-0.03068
-0.03228
-0.03369
-0.03492
-0.03585
-0.03641
-0.03666
-0.03654
-0.03614
-0.03549
-0.03467
-0.03374
-0.03279
-0.03197
-0.03139
-0.03102
-0.03042
-0.02929
-0.02731
-0.02436
-0.02075
-0.01662
-0.01224
-0.00785
-0.00373
-0.00023
0.00236
0.004
0.00527
0.00658
0.00839
0.01092
0.01376
0.01681
0.0198
0.02243
0.02447
0.02576
0.02661
0.02724
0.02796
0.02897
0.03013
0.03149
0.03303
0.03472
0.03654
0.03841
0.04029
0.04212
0.04385
0.0454
0.04674
0.04784
0.04868
0.04918
0.04924
0.04877
0.04777
0.04625
0.04439
0.04228
0.04014
0.03834
0.03725
0.0365
0.03418
0.02923
0.02147
0.01172
0.00354
-0.00184
-0.00558
-0.00814
-0.01137
-0.01574
-0.02001
-0.02392
-0.02693
-0.0288
-0.02993
-0.03044
-0.03074
-0.03102
-0.03116
-0.03122
-0.03124
-0.03123
-0.03122
-0.03124
-0.03133
-0.03138
-0.03096
-0.02979
-0.02764
-0.02447
-0.02069
-0.01657
-0.01248
-0.00885
-0.00606
-0.00429
-0.00308
-0.00214
-0.001
0.00059
0.0024
0.00446
0.00671
0.00905
0.01141
0.01365
0.01567
0.01736
0.01865
0.01945
0.01967
0.01926
0.01825
0.01668
0.01474
0.0126
0.01047
0.00856
0.00705
0.00609
0.00568
0.00584
0.00649
0.00755
0.00881
0.0099
0.01044
0.01097
0.01356
0.01855
0.0241
0.02909
0.03198
0.03254
0.03293
0.03354
0.0339
0.03413
0.03419
0.03416
0.03395
0.03344
0.03257
0.03133
0.02997
0.02866
0.02761
0.02693
0.02652
0.02634
0.02622
0.02611
0.02606
0.02603
0.02602
0.02601
0.026
0.02599
0.02599
0.02597
0.02594
0.02592
0.02602
0.02633
0.0269
0.02775
0.02876
0.02987
0.03096
0.03192
0.03267
0.03315
0.03342
0.03354
0.0336
0.03366
0.03368
0.03368
0.03365
0.03363
0.03372
0.034
0.03453
0.03533
0.03627
0.03729
0.03827
0.03918
0.04
0.04052
0.04016
0.0386
0.03593
0.03263
0.03004
0.02828
0.02569
0.02142
0.01492
0.00674
-0.00007
-0.00454
-0.00751
-0.00931
-0.01132
-0.01378
-0.01565
-0.01681
-0.01728
-0.01706
-0.01639
-0.01528
-0.0137
-0.01166
-0.00923
-0.00643
-0.00333
0.00002
0.00356
0.00723
0.01097
0.01472
0.01841
0.02197
0.02535
0.02848
0.03132
0.03384
0.03598
0.03763
0.0387
0.03942
0.04058
0.04238
0.04429
0.046
0.04704
0.04742
0.0479
0.04863
0.04939
0.0502
0.05102
0.05185
0.05265
0.05323
0.05342
0.05366
0.05537
0.05879
0.0626
0.06604
0.06802
0.06839
0.06866
0.06909
0.06935
0.0695
0.0695
0.06948
0.06955
0.06959
0.06905
0.06752
0.06464
0.06022
0.05464
0.04802
0.04069
0.03297
0.02526
0.01795
0.01134
0.0057
0.00129
-0.00123
-0.00096
0.00149
0.00325
0.00377
0.0049
0.0068
0.00879
0.00995
0.00836
0.00383
-0.00132
-0.00595
-0.00899
-0.01035
-0.01214
-0.01452
-0.01637
-0.01757
-0.01835
-0.01896
-0.01992
-0.02133
-0.02275
-0.02377
-0.02412
-0.02487
-0.02876
-0.03504
-0.03841
-0.038
-0.03697
-0.03598
-0.03519
-0.03474
-0.03389
-0.03244
-0.02999
-0.02636
-0.022
-0.01702
-0.01175
-0.00648
-0.00153
0.00268
0.0058
0.00778
0.00926
0.01065
0.0123
0.0143
0.01595
0.01699
0.01722
0.01647
0.01493
0.01271
0.01017
0.00769
0.0057
0.00441
0.00351
0.00287
0.00213
0.00114
0.0001
-0.00101
-0.00207
-0.00295
-0.00353
-0.00397
-0.00492
-0.00654
-0.0083
-0.00988
-0.0108
-0.01098
-0.01112
-0.01132
-0.01144
-0.01152
-0.01155
-0.01154
-0.01153
-0.01155
-0.01157
-0.01157
-0.0115
-0.01146
-0.01192
-0.01318
-0.01553
-0.01908
-0.02346
-0.02849
-0.03385
-0.03921
-0.04423
-0.04852
-0.05176
-0.0538
-0.05499
-0.05556
-0.05587
-0.05614
-0.05626
-0.05631
-0.0563
-0.05629
-0.0564
-0.05669
-0.05724
-0.05804
-0.059
-0.06005
-0.06108
-0.062
-0.06269
-0.06314
-0.06355
-0.06408
-0.06489
-0.06608
-0.06753
-0.06917
-0.07085
-0.07245
-0.07398
-0.07555
-0.07715
-0.07769
-0.07479
-0.06899
-0.06463
-0.06205
-0.05803
-0.05258
-0.04799
-0.04488
-0.04284
-0.04146
-0.03956
-0.0368
-0.03371
-0.03033
-0.02682
-0.02332
-0.02002
-0.01722
-0.01522
-0.01394
-0.0126
-0.01072
-0.00807
-0.00479
-0.00206
-0.00029
0.00075
0.00114
0.00137
0.00158
0.00162
0.00176
0.00217
0.00223
-0.00001
-0.00486
-0.01033
-0.01526
-0.01813
-0.01868
-0.01909
-0.01974
-0.02013
-0.02037
-0.02042
-0.02039
-0.0204
-0.02041
-0.02036
-0.0202
-0.0199
-0.01943
-0.01884
-0.01814
-0.01736
-0.01654
-0.01572
-0.01494
-0.01424
-0.01365
-0.01318
-0.01289
-0.01297
-0.01354
-0.01469
-0.01646
-0.01867
-0.02122
-0.02394
-0.02665
-0.0292
-0.03138
-0.03302
-0.03406
-0.03468
-0.03498
-0.03515
-0.03528
-0.03533
-0.03536
-0.03547
-0.03552
-0.035
-0.03361
-0.03115
-0.02766
-0.02384
-0.02014
-0.01711
-0.01519
-0.01441
-0.01487
-0.01625
-0.01834
-0.02081
-0.02328
-0.02532
-0.02664
-0.02727
-0.0272
-0.02661
-0.0256
-0.0242
-0.02253
-0.02071
-0.01889
-0.01719
-0.01573
-0.01461
-0.0139
-0.01369
-0.014
-0.01476
-0.01591
-0.01723
-0.01853
-0.01958
-0.02025
-0.02067
-0.02086
-0.02097
-0.02108
-0.02113
-0.02116
-0.02119
-0.0212
-0.02115
-0.02099
-0.02069
-0.02023
-0.01964
-0.01894
-0.01816
-0.01734
-0.01653
-0.01575
-0.01505
-0.01446
-0.01401
-0.01375
-0.01367
-0.01363
-0.01327
-0.01238
-0.01083
-0.00864
-0.00626
-0.00395
-0.00207
-0.00087
-0.00037
-0.00065
-0.00159
-0.00314
-0.00528
-0.00792
-0.01094
-0.01424
-0.01768
-0.02113
-0.02446
-0.02751
-0.03017
-0.0324
-0.03421
-0.03533
-0.03501
-0.03283
-0.02898
-0.02413
-0.0202
-0.01757
-0.01445
-0.01001
-0.0034
0.00491
0.01177
0.01625
0.01922
0.02109
0.02335
0.0264
0.02932
0.03197
0.03399
0.03523
0.03597
0.03629
0.03648
0.03665
0.03672
0.03674
0.03673
0.0367
0.03672
0.03678
0.03691
0.03712
0.0374
0.03775
0.03816
0.03862
0.03913
0.03966
0.04021
0.04076
0.04129
0.0418
0.04227
0.04269
0.04304
0.04333
0.04357
0.0437
0.0436
0.04317
0.04238
0.04124
0.03998
0.03877
0.03783
0.03721
0.03666
0.03602
0.03511
0.03388
0.0326
0.03135
0.03026
0.02958
0.02987
0.03151
0.0346
0.03906
0.04401
0.0488
0.05265
0.05511
0.05659
0.05724
0.05762
0.05796
0.0581
0.05817
0.05824
0.05825
0.0578
0.05661
0.05443
0.05123
0.04742
0.04328
0.03918
0.03553
0.03263
0.03079
0.03006
0.03047
0.03179
0.03382
0.0362
0.03855
0.04049
0.04174
0.04238
0.04242
0.04206
0.04138
0.04036
0.03904
0.03749
0.03576
0.03391
0.03201
0.0301
0.02825
0.02651
0.02492
0.02354
0.02243
0.02166
0.02116
0.02066
0.01995
0.01883
0.01722
0.01536
0.01335
0.01139
0.00962
0.00818
0.00726
0.00717
0.0081
0.01012
0.01318
0.01691
0.02101
0.0251
0.02873
0.03155
0.03334
0.03439
0.03486
0.03512
0.03535
0.03545
0.03548
0.03548
0.03545
0.03543
0.03542
0.03543
0.03543
0.03526
0.03481
0.03396
0.03266
0.03101
0.02907
0.02693
0.02467
0.0224
0.02024
0.01828
0.01665
0.01544
0.01469
0.01426
0.01404
0.01383
0.01368
0.01412
0.01542
0.01775
0.02108
0.02473
0.02824
0.03104
0.03284
0.034
0.03451
0.03433
0.03335
0.03114
0.02769
0.02337
0.01839
0.01309
0.00779
0.00283
-0.00141
-0.0046
-0.00662
-0.00784
-0.00851
-0.00902
-0.0096
-0.01013
-0.01067
-0.01124
-0.01185
-0.01248
-0.01311
-0.01372
-0.0143
-0.01483
-0.01524
-0.01543
-0.01557
-0.01636
-0.01824
-0.02148
-0.02607
-0.03109
-0.03592
-0.03981
-0.0423
-0.04369
-0.04409
-0.04398
-0.04362
-0.04293
-0.04205
-0.04111
-0.04027
-0.03968
-0.03929
-0.03875
-0.03786
-0.03653
-0.03486
-0.03346
-0.03255
-0.03202
-0.03184
-0.03172
-0.03159
-0.03154
-0.03152
-0.03152
-0.03154
-0.03157
-0.03159
-0.03152
-0.03129
-0.03084
-0.03015
-0.02924
-0.02815
-0.0269
-0.02555
-0.02416
-0.02276
-0.02138
-0.02007
-0.01893
-0.01813
-0.01777
-0.0173
-0.01539
-0.01236
-0.01071
-0.01084
-0.0113
-0.01191
-0.0128
-0.01396
-0.01543
-0.01714
-0.01895
-0.02081
-0.02266
-0.02447
-0.02617
-0.02772
-0.02906
-0.03014
-0.03092
-0.03141
-0.03181
-0.03224
-0.03286
-0.03373
-0.03472
-0.03577
-0.0368
-0.03773
-0.03847
-0.03894
-0.03905
-0.03873
-0.03801
-0.03694
-0.03573
-0.03455
-0.0336
-0.03299
-0.03263
-0.03248
-0.0324
-0.03232
-0.03228
-0.03228
-0.03235
-0.0324
-0.03206
-0.03114
-0.02949
-0.02713
-0.02455
-0.02206
-0.02007
-0.01879
-0.01803
-0.01771
-0.01752
-0.01735
-0.01728
-0.01725
-0.01726
-0.01728
-0.0173
-0.01731
-0.01733
-0.01735
-0.01736
-0.01737
-0.01738
-0.01739
-0.01746
-0.01749
-0.01719
-0.01633
-0.01481
-0.01263
-0.01023
-0.00793
-0.00614
-0.00499
-0.00395
-0.00272
-0.00089
0.00166
0.00435
0.00684
0.00872
0.00996
0.01134
0.01303
0.01475
0.01631
0.01719
0.01737
0.01748
0.01764
0.01772
0.01778
0.01781
0.01781
0.01758
0.01696
0.01582
0.01411
0.01199
0.00957
0.00698
0.0044
0.00197
-0.0001
-0.00165
-0.00263
-0.00331
-0.00389
-0.00459
-0.00554
-0.00654
-0.00755
-0.00855
-0.00958
-0.01061
-0.01101
-0.00948
-0.00645
-0.00468
-0.00465
-0.00465
-0.00441
-0.00411
-0.00389
-0.00444
-0.006
-0.00849
-0.01162
-0.01428
-0.01604
-0.01717
-0.01779
-0.01847
-0.01938
-0.02031
-0.02127
-0.02224
-0.02319
-0.02408
-0.02485
-0.02543
-0.0258
-0.02602
-0.02613
-0.02619
-0.02625
-0.02629
-0.02631
-0.02632
-0.02632
-0.02634
-0.02635
-0.02636
-0.02637
-0.02638
-0.02639
-0.02641
-0.02642
-0.02643
-0.02644
-0.02646
-0.02647
-0.02649
-0.02651
-0.02653
-0.02653
-0.0265
-0.02652
-0.02671
-0.02682
-0.02594
-0.02355
-0.01967
-0.01483
-0.01091
-0.0083
-0.00548
-0.00173
0.00377
0.01069
0.01643
0.02016
0.02233
0.02309
0.02358
0.02414
0.02441
0.02452
0.02453
0.02449
0.02446
0.02444
0.02443
0.02441
0.02439
0.02438
0.02437
0.02436
0.02435
0.02434
0.02433
0.02431
0.0243
0.02429
0.02427
0.02426
0.02426
0.02426
0.02417
0.02394
0.02351
0.02287
0.02208
0.02118
0.02023
0.01927
0.01836
0.0176
0.01702
0.01666
0.01637
0.01609
0.0157
0.01515
0.0145
0.01379
0.01303
0.01228
0.01157
0.01096
0.01051
0.01022
0.01
0.00978
0.00949
0.00907
0.00857
0.00798
0.00732
0.0066
0.00585
0.0051
0.00438
0.00371
0.00312
0.00263
0.00223
0.00198
0.00205
0.00255
0.00355
0.00504
0.00683
0.00881
0.01077
0.01251
0.01383
0.01466
0.01534
0.01605
0.01703
0.01837
0.01975
0.02105
0.02208
0.02273
0.02312
0.02328
0.02338
0.02346
0.02348
0.02349
0.02353
0.02355
0.02324
0.0224
0.02085
0.01851
0.01562
0.01231
0.00878
0.00524
0.00192
-0.00091
-0.00299
-0.00431
-0.0054
-0.00657
-0.00806
-0.00987
-0.01134
-0.01229
-0.01284
-0.01304
-0.01318
-0.01333
-0.01341
-0.01345
-0.01347
-0.01347
-0.01348
-0.01349
-0.01351
-0.01353
-0.01347
-0.01328
-0.0129
-0.01233
-0.01163
-0.01083
-0.00998
-0.00908
-0.00821
-0.00754
-0.00729
-0.00711
-0.00542
-0.00138
0.00507
0.01322
0.02016
0.02471
0.02741
0.02838
0.02901
0.02972
0.03005
0.03021
0.03025
0.03022
0.03003
0.02956
0.02874
0.02758
0.02631
0.0251
0.02414
0.02352
0.02304
0.02257
0.02191
0.02097
0.01984
0.01854
0.01713
0.01565
0.01416
0.01273
0.01143
0.01036
0.00965
0.00919
0.00839
0.00687
0.00433
0.00071
-0.00323
-0.0069
-0.00961
-0.01146
-0.01409
-0.01782
-0.0218
-0.02539
-0.02721
-0.02706
-0.02626
-0.02509
-0.02345
-0.02154
-0.01953
-0.01769
-0.01627
-0.01538
-0.01486
-0.01463
-0.0145
-0.01439
-0.01435
-0.01434
-0.01435
-0.01436
-0.01438
-0.01439
-0.01441
-0.01442
-0.01443
-0.01444
-0.01445
-0.01446
-0.01447
-0.01448
-0.01449
-0.0145
-0.01451
-0.01452
-0.01453
-0.01455
-0.01456
-0.01457
-0.01458
-0.01459
-0.01464
-0.01467
-0.01446
-0.01383
-0.01266
-0.01088
-0.00868
-0.00615
-0.00345
-0.00075
0.00178
0.00393
0.00555
0.00657
0.0072
0.0076
0.00798
0.00848
0.00899
0.00956
0.01018
0.01083
0.01146
0.01202
0.01253
0.01308
0.01369
0.01384
0.0124
0.00976
0.00843
0.00891
0.00989
0.01121
0.01285
0.01468
0.0166
0.01836
0.01972
0.02058
0.02107
0.0213
0.02142
0.02153
0.02157
0.02158
0.02157
0.02155
0.02156
0.02155
0.02144
0.02114
0.02058
0.01972
0.01864
0.01736
0.01594
0.01445
0.01296
0.01153
0.01025
0.00918
0.00837
0.00786
0.00765
0.00776
0.00813
0.00874
0.00951
0.01036
0.01121
0.01198
0.01259
0.01297
0.0131
0.01298
0.0126
0.01198
0.01114
0.01012
0.00895
0.00767
0.00635
0.00502
0.00374
0.00255
0.00151
0.00065
0.00003
-0.00038
-0.00062
-0.00074
-0.00075
-0.00064
-0.00036
0.0001
0.00069
0.0014
0.00217
0.00299
0.00381
0.0046
0.00531
0.00589
0.00629
0.00654
0.00689
0.00752
0.00859
0.01015
0.01198
0.01396
0.01592
0.01766
0.01901
0.01987
0.02037
0.02059
0.02071
0.02082
0.02086
0.02087
0.02086
0.02085
0.02087
0.02087
0.02068
0.02019
0.01932
0.01808
0.01672
0.01542
0.01441
0.01375
0.01309
0.01225
0.01107
0.00957
0.00823
0.00741
0.00757
0.00876
0.01019
0.01144
0.01218
0.0123
0.0124
0.01258
0.01268
0.01274
0.01275
0.01274
0.01269
0.01259
0.01238
0.01207
0.01166
0.01115
0.01056
0.00988
0.00912
0.0083
0.00744
0.00655
0.00564
0.00473
0.00383
0.00296
0.00215
0.00141
0.00071
0.00006
-0.00051
-0.00086
-0.00088
-0.00102
-0.00264
-0.00591
-0.00948
-0.01273
-0.01526
-0.01721
-0.02004
-0.02372
-0.02679
-0.0288
-0.0297
-0.02946
-0.02856
-0.0271
-0.02509
-0.02269
-0.02006
-0.01741
-0.01493
-0.01282
-0.01123
-0.01023
-0.00966
-0.00939
-0.00925
-0.00913
-0.00909
-0.00907
-0.00908
-0.0091
-0.00909
-0.00903
-0.00892
-0.00875
-0.00851
-0.00822
-0.00787
-0.00747
-0.00703
-0.00656
-0.00607
-0.00556
-0.00506
-0.00457
-0.00409
-0.00364
-0.00324
-0.00288
-0.00258
-0.00234
-0.00215
-0.00204
-0.00204
-0.00217
-0.00289
-0.00337
-0.00397
-0.00468
-0.00546
-0.00628
-0.0071
-0.00789
-0.0086
-0.0092
-0.00966
-0.00996
-0.01009
-0.01004
-0.00983
-0.00946
-0.00895
-0.00833
-0.00763
-0.00689
-0.00615
-0.00545
-0.00484
-0.00432
-0.00389
-0.00364
-0.00386
-0.00472
-0.00629
-0.00853
-0.011
-0.01338
-0.01528
-0.01649
-0.0172
-0.01751
-0.0177
-0.01786
-0.0178
-0.01751
-0.01692
-0.01602
-0.01489
-0.01358
-0.01213
-0.01062
-0.00911
-0.00765
-0.00633
-0.00529
-0.00464
-0.00417
-0.00312
-0.00133
0.00062
0.00235
0.00323
0.00312
0.00271
0.00208
0.00114
-0.00007
-0.00153
-0.00317
-0.0049
-0.00667
-0.00842
-0.01011
-0.01168
-0.01309
-0.01428
-0.01523
-0.01593
-0.01632
-0.01628
-0.01572
-0.01461
-0.01293
-0.01084
-0.00847
-0.00596
-0.00346
-0.00115
0.00081
0.00227
0.00317
0.00371
0.00402
0.00428
0.00462
0.00496
0.00533
0.00573
0.00616
0.0066
0.00704
0.00746
0.00783
0.00814
0.00838
0.00852
0.00858
0.00857
0.00851
0.00844
0.00835
0.00826
0.00816
0.00805
0.00795
0.00785
0.00774
0.00763
0.00752
0.00741
0.0073
0.00719
0.00708
0.00697
0.00685
0.00674
0.00662
0.0065
0.00639
0.00629
0.00618
0.00594
0.00552
0.00482
0.00385
0.00268
0.00138
0.00001
-0.00134
-0.00259
-0.00363
-0.00437
-0.00483
-0.00532
-0.00603
-0.00702
-0.00824
-0.00922
-0.00982
-0.01012
-0.01014
-0.01008
-0.01
-0.00982
-0.0096
-0.00932
-0.00901
-0.00868
-0.00834
-0.00798
-0.00762
-0.00725
-0.00689
-0.00652
-0.00617
-0.00583
-0.00551
-0.00521
-0.00493
-0.00468
-0.00446
-0.00427
-0.00412
-0.00399
-0.0039
-0.00384
-0.00379
-0.00375
-0.00371
-0.00367
-0.00363
-0.00359
-0.00356
-0.00352
-0.00348
-0.00344
-0.0034
-0.00336
-0.00332
-0.00328
-0.00323
-0.00322
-0.00327
-0.00339
-0.00359
-0.00385
-0.00415
-0.00449
-0.00483
-0.00517
-0.00547
-0.00573
-0.00591
-0.006
-0.006
-0.00606
-0.00626
-0.00668
-0.00733
-0.00809
-0.00891
-0.00968
-0.01031
-0.01072
-0.01087
-0.01085
-0.01074
-0.01062
-0.01055
-0.01049
-0.01045
-0.01043
-0.01043
-0.01042
-0.0104
-0.01036
-0.01029
-0.01017
-0.00999
-0.00977
-0.00948
-0.0091
-0.00861
-0.00801
-0.00729
-0.0065
-0.00563
-0.00474
-0.00384
-0.00297
-0.00215