0.005
-0.00039
-0.00038
-0.00038
-0.00037
-0.00035
-0.00034
-0.00034
-0.00033
-0.00032
-0.00032
-0.00031
-0.00031
-0.00031
-0.00031
-0.00032
-0.00033
-0.00034
-0.00033
-0.00032
-0.00029
-0.00025
-0.00019
-0.00015
-0.00018
-0.00025
-0.00031
-0.00031
-0.00032
-0.00032
-0.00032
-0.00033
-0.00034
-0.00034
-0.00034
-0.00034
-0.00034
-0.00034
-0.00034
-0.00034
-0.00034
-0.00034
-0.00034
-0.00034
-0.00034
-0.00034
-0.00034
-0.00034
-0.00034
-0.00034
-0.00035
-0.00035
-0.00035
-0.00035
-0.00035
-0.00034
-0.00039
-0.0005
-0.0007
-0.00098
-0.00127
-0.00148
-0.00146
-0.0011
-0.00039
0.00059
0.00153
0.00221
0.00251
0.00236
0.00209
0.00183
0.00167
0.00169
0.0017
0.0017
0.00175
0.00178
0.00162
0.0012
0.00067
0.00016
-0.00011
-0.00004
0.00018
0.00052
0.00093
0.00136
0.00176
0.00205
0.00219
0.00214
0.00191
0.00154
0.00108
0.00061
0.00022
-0.00005
-0.00023
-0.00031
-0.00034
-0.00035
-0.00035
-0.00041
-0.00056
-0.00053
0.0003
0.00181
0.00281
0.00309
0.00328
0.00335
0.00319
0.00327
0.00484
0.00833
0.01267
0.01671
0.01804
0.01619
0.01367
0.01129
0.00936
0.00792
0.00553
0.00227
-0.00057
-0.00259
-0.00377
-0.00417
-0.00443
-0.00473
-0.00492
-0.00507
-0.00513
-0.00508
-0.00503
-0.00516
-0.00566
-0.00579
-0.00335
0.00214
0.00867
0.01496
0.01895
0.02007
0.02033
0.01991
0.01854
0.01677
0.01533
0.01382
0.01023
0.00506
0.00177
0.00097
0.00067
0.00042
0.00005
-0.00036
0.00019
0.00207
0.00543
0.01027
0.01569
0.02108
0.02555
0.02851
0.03026
0.03112
0.03228
0.03422
0.03637
0.03826
0.0384
0.03614
0.03196
0.02617
0.02067
0.01738
0.01841
0.02323
0.02633
0.02654
0.02653
0.02676
0.02757
0.02822
0.02585
0.02007
0.01315
0.00669
0.00328
0.00364
0.0054
0.00808
0.01136
0.01462
0.0175
0.01948
0.02043
0.02035
0.0196
0.01811
0.01598
0.01492
0.0191
0.02935
0.04154
0.05301
0.05997
0.06158
0.06251
0.06367
0.06453
0.06526
0.06493
0.06345
0.0611
0.05812
0.05549
0.05368
0.05285
0.05312
0.05395
0.05508
0.05616
0.05691
0.05741
0.05763
0.05775
0.05782
0.05783
0.05796
0.05836
0.05842
0.05637
0.05196
0.04694
0.04203
0.03775
0.03412
0.02982
0.02456
0.01887
0.01344
0.01009
0.00935
0.00966
0.0094
0.00513
-0.0041
-0.01492
-0.02488
-0.02944
-0.02718
-0.02195
-0.01511
-0.00891
-0.00477
-0.00206
-0.00099
-0.00047
0.00009
0.00106
0.00293
0.00515
0.00674
0.00577
0.00287
0.0027
0.00684
0.01452
0.02547
0.03747
0.04958
0.0606
0.0673
0.06436
0.05085
0.03379
0.01779
0.00891
0.009
0.0114
0.0146
0.01791
0.01981
0.02006
0.01802
0.0141
0.00753
-0.00344
-0.01796
-0.03118
-0.03996
-0.04202
-0.03768
-0.03305
-0.02874
-0.02072
-0.00897
0.00445
0.01839
0.03054
0.03771
0.03503
0.02176
0.00508
-0.01063
-0.02019
-0.02234
-0.0239
-0.02571
-0.02538
-0.02249
-0.01587
-0.00596
0.00495
0.01599
0.02588
0.03181
0.02913
0.01714
0.00216
-0.01207
-0.0211
-0.02319
-0.0224
-0.01872
-0.01112
-0.00083
0.00884
0.01574
0.01907
0.01837
0.01541
0.01084
0.00523
-0.00048
-0.00543
-0.00872
-0.00985
-0.00852
-0.00516
-0.00016
0.00566
0.01178
0.01742
0.02067
0.01831
0.01024
0.00096
-0.00836
-0.01889
-0.03088
-0.04462
-0.05745
-0.06241
-0.05853
-0.05242
-0.0467
-0.04333
-0.04307
-0.0427
-0.04182
-0.04115
-0.04083
-0.04134
-0.04155
-0.03823
-0.03067
-0.02155
-0.01308
-0.00942
-0.01191
-0.01735
-0.0245
-0.03097
-0.03519
-0.03755
-0.03849
-0.04106
-0.04621
-0.05223
-0.0576
-0.05814
-0.05222
-0.04172
-0.02804
-0.0158
-0.00754
-0.00365
-0.00467
-0.00826
-0.01344
-0.01899
-0.02271
-0.02178
-0.0149
-0.00531
0.00288
0.00104
-0.01301
-0.03067
-0.04653
-0.05194
-0.04481
-0.03526
-0.02696
-0.02354
-0.0268
-0.03233
-0.0393
-0.04612
-0.05057
-0.05023
-0.04327
-0.03056
-0.01339
0.00284
0.01346
0.01365
0.00235
-0.01225
-0.02573
-0.03366
-0.03514
-0.03822
-0.04494
-0.0545
-0.06656
-0.07681
-0.08347
-0.08574
-0.08281
-0.07652
-0.06788
-0.05945
-0.05393
-0.05395
-0.06024
-0.06846
-0.07606
-0.0799
-0.07868
-0.07547
-0.07082
-0.06528
-0.05974
-0.05477
-0.05141
-0.05062
-0.05307
-0.05873
-0.06749
-0.07831
-0.0904
-0.10254
-0.11338
-0.12164
-0.12697
-0.1313
-0.13585
-0.1417
-0.14847
-0.15326
-0.15697
-0.16474
-0.17758
-0.19222
-0.2061
-0.21471
-0.2175
-0.21984
-0.22272
-0.225
-0.22674
-0.22734
-0.22696
-0.2262
-0.22522
-0.22409
-0.22285
-0.22159
-0.22085
-0.2218
-0.22468
-0.22828
-0.23162
-0.23304
-0.23198
-0.22976
-0.22686
-0.22423
-0.22247
-0.2215
-0.22147
-0.22197
-0.22283
-0.22396
-0.22506
-0.22589
-0.22651
-0.22758
-0.22927
-0.2312
-0.23299
-0.23374
-0.23315
-0.23171
-0.22957
-0.22714
-0.22488
-0.22322
-0.22186
-0.21937
-0.216
-0.21388
-0.21333
-0.21313
-0.21296
-0.21269
-0.21242
-0.21294
-0.21462
-0.21769
-0.22213
-0.22705
-0.23172
-0.23528
-0.23785
-0.24109
-0.24477
-0.24673
-0.2466
-0.24539
-0.24342
-0.24116
-0.239
-0.23716
-0.2359
-0.23502
-0.23432
-0.23331
-0.23179
-0.23029
-0.22951
-0.22991
-0.22908
-0.22079
-0.20599
-0.19446
-0.18671
-0.17458
-0.15603
-0.1317
-0.10163
-0.06778
-0.03078
0.00887
0.05003
0.09136
0.13152
0.1694
0.20389
0.2339
0.25809
0.27543
0.28678
0.29644
0.30557
0.31279
0.31944
0.32857
0.341
0.35466
0.36842
0.37995
0.38671
0.38644
0.37968
0.37218
0.36399
0.34956
0.32854
0.30489
0.28139
0.26257
0.25059
0.24387
0.242
0.24252
0.24423
0.24716
0.25033
0.25312
0.2551
0.2566
0.25795
0.25973
0.26218
0.26474
0.26714
0.26894
0.27014
0.27157
0.27342
0.27539
0.27727
0.27842
0.27869
0.27859
0.27863
0.28014
0.28411
0.29135
0.30216
0.31519
0.32961
0.34393
0.35656
0.36622
0.37277
0.37847
0.38316
0.38423
0.38097
0.37414
0.36504
0.35723
0.35189
0.34713
0.34188
0.33343
0.32086
0.30578
0.28854
0.27026
0.25187
0.2346
0.22026
0.21019
0.20285
0.19211
0.17824
0.16866
0.16378
0.15828
0.15108
0.14322
0.13514
0.12853
0.12462
0.12523
0.13191
0.14515
0.16457
0.18646
0.20803
0.22581
0.23738
0.24323
0.24322
0.23929
0.23242
0.22306
0.21227
0.20116
0.1912
0.18386
0.17905
0.1733
0.16434
0.14982
0.12919
0.10661
0.08476
0.06747
0.05622
0.04728
0.03873
0.02713
0.0114
-0.00509
-0.02136
-0.03528
-0.04363
-0.04231
-0.03083
-0.01624
-0.00229
0.00769
0.01265
0.01751
0.02243
0.02515
0.02637
0.02889
0.03458
0.04462
0.05911
0.07509
0.09063
0.10327
0.11147
0.11631
0.1184
0.12044
0.12372
0.12793
0.13322
0.13799
0.14077
0.13965
0.1345
0.128
0.11924
0.10388
0.08162
0.05677
0.03257
0.01356
0.00075
-0.01039
-0.0194
-0.02311
-0.02258
-0.02322
-0.02731
-0.03439
-0.04449
-0.05538
-0.06588
-0.07476
-0.08059
-0.08269
-0.0805
-0.07521
-0.06815
-0.06198
-0.05765
-0.05306
-0.04698
-0.0371
-0.02296
-0.00776
0.00648
0.01724
0.0252
0.0356
0.04677
0.05026
0.04611
0.043
0.04295
0.04351
0.0438
0.04153
0.0369
0.03259
0.02749
0.01796
0.00549
-0.00237
-0.00433
-0.00535
-0.00614
-0.00565
-0.00353
0.00108
0.00753
0.01324
0.0171
0.01892
0.01848
0.01672
0.01398
0.0106
0.00722
0.00443
0.00258
0.00116
-0.00013
-0.00171
-0.00349
-0.00463
-0.00557
-0.00816
-0.0128
-0.01815
-0.02323
-0.0263
-0.027
-0.02726
-0.02767
-0.02865
-0.03048
-0.03239
-0.034
-0.03473
-0.03484
-0.03635
-0.04029
-0.04727
-0.0574
-0.06865
-0.07946
-0.08776
-0.09322
-0.09941
-0.10823
-0.12122
-0.1377
-0.15176
-0.16137
-0.16757
-0.17083
-0.17443
-0.1795
-0.1843
-0.1864
-0.18064
-0.16895
-0.16321
-0.16516
-0.16737
-0.16885
-0.1708
-0.17308
-0.17562
-0.17782
-0.17911
-0.17947
-0.1796
-0.17982
-0.18024
-0.18107
-0.18229
-0.18388
-0.18538
-0.18639
-0.18636
-0.18487
-0.18185
-0.17729
-0.17171
-0.16551
-0.15931
-0.15377
-0.14953
-0.14676
-0.1445
-0.14232
-0.14005
-0.13805
-0.13806
-0.14072
-0.14553
-0.15192
-0.15773
-0.16148
-0.16222
-0.15992
-0.15682
-0.15273
-0.14523
-0.13422
-0.12179
-0.1095
-0.09976
-0.09352
-0.08918
-0.08602
-0.08262
-0.07875
-0.07602
-0.07402
-0.07084
-0.06603
-0.06059
-0.05543
-0.05232
-0.05144
-0.0509
-0.05055
-0.05088
-0.05072
-0.04718
-0.03957
-0.0306
-0.02213
-0.017
-0.0158
-0.01514
-0.01429
-0.01356
-0.01297
-0.01381
-0.01662
-0.02181
-0.02954
-0.0388
-0.04898
-0.05904
-0.06813
-0.07556
-0.08031
-0.08117
-0.07732
-0.0688
-0.05606
-0.04149
-0.02719
-0.01575
-0.00822
-0.00212
0.00402
0.01284
0.02541
0.03976
0.05533
0.07059
0.08412
0.09469
0.10155
0.10596
0.10865
0.11112
0.11405
0.11674
0.11943
0.1219
0.12315
0.12104
0.11538
0.10899
0.10278
0.0964
0.08884
0.07723
0.06238
0.0499
0.04118
0.0337
0.02564
0.01277
-0.00611
-0.02801
-0.05193
-0.07542
-0.09615
-0.1121
-0.12257
-0.13083
-0.13818
-0.14516
-0.15135
-0.15352
-0.15165
-0.14849
-0.14389
-0.13567
-0.12371
-0.11015
-0.09678
-0.08627
-0.07942
-0.07383
-0.06884
-0.06403
-0.05956
-0.0573
-0.05738
-0.05842
-0.05985
-0.06109
-0.06189
-0.06293
-0.06446
-0.06688
-0.07025
-0.07388
-0.07755
-0.08083
-0.08277
-0.08187
-0.07788
-0.07289
-0.06819
-0.06531
-0.06468
-0.06428
-0.06375
-0.06339
-0.06313
-0.06321
-0.06326
-0.0625
-0.06086
-0.05913
-0.05741
-0.0551
-0.05151
-0.0453
-0.03627
-0.02625
-0.01661
-0.00933
-0.00455
0.00124
0.0099
0.02279
0.03919
0.05326
0.06286
0.06865
0.0709
0.07265
0.07478
0.07646
0.07797
0.07914
0.08005
0.08084
0.08137
0.08136
0.08068
0.07941
0.07774
0.07626
0.07523
0.07458
0.07434
0.07442
0.07486
0.07588
0.07748
0.07944
0.08159
0.0837
0.08563
0.0873
0.08836
0.08807
0.08602
0.08235
0.07755
0.0733
0.07032
0.06845
0.06786
0.06789
0.0677
0.06529
0.05927
0.04948
0.03688
0.02593
0.0184
0.0134
0.01056
0.00733
0.00304
-0.0011
-0.005
-0.00807
-0.00991
-0.01032
-0.00926
-0.00764
-0.00615
-0.00568
-0.00675
-0.00888
-0.01197
-0.01548
-0.01894
-0.02181
-0.02369
-0.02476
-0.02521
-0.02586
-0.0272
-0.02939
-0.03258
-0.03628
-0.04019
-0.04404
-0.04783
-0.05156
-0.05356
-0.04988
-0.03991
-0.02798
-0.01668
-0.00911
-0.0056
-0.00109
0.00542
0.01262
0.02039
0.02762
0.03383
0.03872
0.0419
0.04376
0.04463
0.04526
0.04574
0.04484
0.04197
0.03666
0.02899
0.02051
0.01214
0.0051
0.00055
-0.00072
0.00187
0.00741
0.0147
0.02112
0.02569
0.02988
0.03384
0.03781
0.04169
0.04467
0.04688
0.04903
0.05102
0.05194
0.05163
0.0506
0.04911
0.04767
0.04674
0.04676
0.04812
0.05061
0.0538
0.05652
0.05841
0.06043
0.06305
0.06695
0.07193
0.07622
0.07915
0.08071
0.08084
0.08035
0.07948
0.0783
0.07721
0.07645
0.07569
0.07366
0.07051
0.06803
0.06629
0.06384
0.06048
0.05675
0.05293
0.0497
0.04778
0.04809
0.05085
0.05453
0.05777
0.05843
0.05586
0.0516
0.04492
0.034
0.01985
0.00735
-0.00143
-0.007
-0.00973
-0.01266
-0.01667
-0.02084
-0.02536
-0.02984
-0.03414
-0.03818
-0.04174
-0.04472
-0.04659
-0.04619
-0.04288
-0.03687
-0.02904
-0.02222
-0.01745
-0.01386
-0.01131
-0.00891
-0.00658
-0.0052
-0.00464
-0.00438
-0.00446
-0.00498
-0.00478
-0.00142
0.00441
0.00746
0.00648
0.00369
-0.00051
-0.0051
-0.00943
-0.01315
-0.01576
-0.01741
-0.01805
-0.01805
-0.0182
-0.0203
-0.02559
-0.03422
-0.04535
-0.05509
-0.06177
-0.06578
-0.06718
-0.06803
-0.06895
-0.06942
-0.0697
-0.06975
-0.06969
-0.06966
-0.06965
-0.06965
-0.06964
-0.06963
-0.06963
-0.06969
-0.06972
-0.06939
-0.0685
-0.06689
-0.06456
-0.06198
-0.05945
-0.05736
-0.05601
-0.05538
-0.05551
-0.05617
-0.0572
-0.05843
-0.05971
-0.06094
-0.06173
-0.06127
-0.05896
-0.05428
-0.04704
-0.03793
-0.02736
-0.01606
-0.00473
0.00592
0.01509
0.02211
0.02659
0.0289
0.02935
0.02876
0.02765
0.02628
0.02533
0.02581
0.02848
0.03364
0.04123
0.04975
0.05796
0.06432
0.06865
0.07342
0.07914
0.08503
0.09062
0.09472
0.0977
0.10195
0.10793
0.11437
0.12064
0.12556
0.12868
0.13066
0.13153
0.13145
0.13039
0.12817
0.12523
0.1227
0.12081
0.1189
0.117
0.11539
0.11365
0.11004
0.10298
0.0906
0.07272
0.05291
0.0337
0.01845
0.00833
0.0001
-0.0069
-0.0131
-0.01929
-0.02565
-0.03268
-0.04
-0.04694
-0.05231
-0.05652
-0.06255
-0.071
-0.08012
-0.08903
-0.09605
-0.10049
-0.10322
-0.10441
-0.10477
-0.10453
-0.10328
-0.10117
-0.09863
-0.09618
-0.09454
-0.09342
-0.09066
-0.08484
-0.07468
-0.06002
-0.04386
-0.02834
-0.01618
-0.00788
0.00019
0.00813
0.01376
0.01712
0.01954
0.0215
0.0229
0.0241
0.02445
0.02113
0.00904
-0.00884
-0.01796
-0.01596
-0.01238
-0.0084
-0.00226
0.00599
0.01617
0.02675
0.03488
0.0396
0.04211
0.04275
0.04233
0.0412
0.03949
0.03874
0.04153
0.0473
0.05097
0.05154
0.05171
0.05189
0.05221
0.05263
0.05254
0.05236
0.0537
0.05753
0.06446
0.07445
0.08553
0.09641
0.10541
0.11123
0.11374
0.11253
0.1082
0.10105
0.09154
0.08032
0.06817
0.05588
0.04433
0.03444
0.02701
0.02217
0.01834
0.01451
0.00927
0.00157
-0.00657
-0.01011
0.00091
0.02383
0.03782
0.03878
0.03715
0.03475
0.03316
0.03307
0.03249
0.0319
0.03177
0.03162
0.02984
0.02532
0.01795
0.00838
-0.00016
-0.00597
-0.00835
-0.00664
-0.00207
0.00488
0.01309
0.02109
0.02737
0.03173
0.03669
0.04279
0.04897
0.05408
0.05617
0.05679
0.05951
0.05764
0.03304
-0.011
-0.04405
-0.06047
-0.07503
-0.08851
-0.09836
-0.10478
-0.10893
-0.11146
-0.11047
-0.10494
-0.09388
-0.07752
-0.05923
-0.041
-0.02555
-0.01613
-0.01516
-0.02149
-0.02647
-0.02782
-0.02912
-0.03067
-0.03375
-0.03921
-0.04705
-0.0569
-0.06569
-0.07162
-0.0737
-0.07187
-0.06927
-0.06679
-0.06354
-0.05904
-0.05158
-0.04133
-0.0318
-0.02604
-0.02782
-0.03579
-0.0397
-0.03704
-0.03205
-0.0257
-0.02046
-0.01734
-0.01528
-0.0144
-0.01384
-0.01332
-0.01309
-0.01293
-0.01283
-0.01282
-0.01324
-0.0144
-0.01659
-0.01994
-0.02412
-0.02895
-0.0341
-0.03927
-0.04413
-0.04831
-0.05149
-0.05353
-0.05473
-0.05528
-0.05558
-0.05582
-0.05592
-0.05598
-0.05608
-0.05611
-0.05565
-0.0544
-0.05214
-0.04887
-0.04524
-0.04168
-0.0388
-0.03693
-0.0358
-0.03532
-0.03506
-0.03482
-0.03471
-0.03466
-0.03466
-0.03469
-0.0347
-0.03471
-0.03473
-0.03474
-0.03475
-0.03476
-0.03476
-0.03477
-0.03479
-0.03483
-0.03484
-0.0348
-0.03473
-0.03481
-0.0352
-0.03529
-0.03329
-0.02883
-0.02353
-0.01857
-0.01587
-0.01593
-0.0168
-0.01795
-0.01904
-0.01968
-0.02015
-0.02051
-0.02097
-0.02107
-0.0195
-0.01656
-0.01447
-0.01354
-0.01233
-0.01056
-0.00834
-0.00571
-0.00309
-0.00059
0.0018
0.00396
0.00567
0.00654
0.00648
0.0066
0.01016
0.01779
0.0266
0.0349
0.04038
0.0428
0.04574
0.04981
0.05396
0.05801
0.06112
0.06297
0.06343
0.06221
0.05944
0.05527
0.05048
0.04575
0.04184
0.03928
0.03785
0.03752
0.03781
0.0385
0.03968
0.0412
0.04302
0.04505
0.04719
0.04933
0.05134
0.05313
0.05472
0.0563
0.0579
0.05845
0.05545
0.04944
0.04483
0.04206
0.0378
0.0313
0.02284
0.01247
0.00106
-0.01112
-0.02386
-0.0367
-0.04912
-0.06061
-0.07076
-0.07913
-0.08537
-0.08932
-0.09129
-0.09153
-0.09057
-0.08879
-0.08655
-0.0844
-0.08282
-0.08153
-0.0791
-0.07576
-0.07363
-0.07312
-0.07316
-0.07315
-0.07173
-0.06788
-0.06086
-0.05023
-0.03698
-0.02161
-0.00514
0.01145
0.02703
0.04015
0.04968
0.05625
0.0635
0.07149
0.07649
0.07808
0.07789
0.07613
0.07256
0.06733
0.06119
0.05504
0.05015
0.04694
0.0443
0.04192
0.03965
0.03754
0.03632
0.03594
0.03571
0.03558
0.03576
0.03583
0.03444
0.03072
0.02457
0.0169
0.0107
0.00613
-0.00013
-0.00863
-0.01796
-0.02689
-0.03295
-0.036
-0.03886
-0.04157
-0.04207
-0.03981
-0.03511
-0.02877
-0.0232
-0.01945
-0.01717
-0.01635
-0.01584
-0.01532
-0.01505
-0.01489
-0.01487
-0.01493
-0.01497
-0.01494
-0.01484
-0.01488
-0.01562
-0.01706
-0.01857
-0.02033
-0.02302
-0.0261
-0.0274
-0.02623
-0.02343
-0.01924
-0.01453
-0.00994
-0.00611
-0.00358
-0.00212
-0.00151
-0.0007
0.00088
0.0033
0.00666
0.0103
0.01383
0.0167
0.01857
0.0197
0.02017
0.02043
0.02067
0.02083
0.02092
0.02063
0.01979
0.01824
0.01594
0.01319
0.01015
0.00713
0.00443
0.00232
0.00094
0.00013
-0.00025
-0.00045
-0.00063
-0.00072
-0.00076
-0.00074
-0.00074
-0.00085
-0.0009
-0.00037
0.00107
0.00346
0.00655
0.00925
0.0111
0.0122
0.01259
0.01282
0.01306
0.01318
0.01325
0.01327
0.01324
0.01319
0.01317
0.01332
0.01376
0.01454
0.01563
0.01682
0.01805
0.01923
0.01995
0.01922
0.01645
0.01171
0.00545
-0.00025
-0.00413
-0.0053
-0.00316
0.00123
0.00702
0.01228
0.0159
0.01813
0.01895
0.01945
0.01998
0.02024
0.0204
0.02041
0.02038
0.02045
0.02048
0.01998
0.01859
0.01601
0.01215
0.00752
0.00241
-0.00266
-0.00719
-0.01075
-0.01306
-0.01443
-0.01504
-0.01535
-0.01562
-0.01589
-0.01633
-0.01706
-0.01814
-0.01951
-0.0211
-0.0228
-0.0245
-0.02609
-0.02747
-0.02858
-0.02929
-0.02935
-0.02857
-0.02678
-0.02392
-0.02014
-0.01552
-0.01025
-0.00452
0.00147
0.00748
0.01329
0.0187
0.02349
0.02738
0.03015
0.03195
0.03368
0.03571
0.03781
0.03973
0.0405
0.03984
0.03814
0.03539
0.0317
0.02713
0.02177
0.01578
0.00938
0.00275
-0.0039
-0.01037
-0.01647
-0.02199
-0.0268
-0.03073
-0.03368
-0.03553
-0.03618
-0.03557
-0.03378
-0.03092
-0.02732
-0.02327
-0.01919
-0.01561
-0.01302
-0.01123
-0.00883
-0.00542
-0.00172
0.00178
0.00389
0.00438
0.00444
0.00463
0.00593
0.00906
0.01399
0.02027
0.02574
0.0295
0.03195
0.03326
0.03477
0.03689
0.03927
0.04203
0.04505
0.04833
0.05187
0.05555
0.05925
0.06285
0.06625
0.06932
0.07197
0.07416
0.07593
0.07702
0.07671
0.07448
0.06996
0.06309
0.05475
0.04552
0.03634
0.02814
0.0217
0.01751
0.01498
0.01389
0.01355
0.01318
0.01156
0.00774
0.0016
-0.00629
-0.0132
-0.01796
-0.02087
-0.0219
-0.02211
-0.02164
-0.0198
-0.01662
-0.01233
-0.00713
-0.00139
0.00464
0.01071
0.01652
0.02179
0.02617
0.02938
0.03143
0.03304
0.03469
0.03702
0.04031
0.0441
0.04823
0.05229
0.05586
0.05856
0.06036
0.06213
0.06415
0.06625
0.06819
0.06905
0.06859
0.06727
0.06512
0.06224
0.05871
0.05462
0.05012
0.04543
0.04073
0.03619
0.03199
0.02826
0.0252
0.02297
0.02155
0.02058
0.01977
0.01881
0.01753
0.01621
0.01497
0.01403
0.01342
0.01275
0.01177
0.0102
0.00794
0.00548
0.00315
0.00137
0.00017
-0.00126
-0.0031
-0.00506
-0.0069
-0.00809
-0.00865
-0.00931
-0.01024
-0.01128
-0.01241
-0.01346
-0.01437
-0.01507
-0.01553
-0.0158
-0.01592
-0.01599
-0.01604
-0.01606
-0.01607
-0.01606
-0.01604
-0.01602
-0.01603
-0.01607
-0.01605
-0.01589
-0.0158
-0.01662
-0.01881
-0.02246
-0.02716
-0.03123
-0.03403
-0.03592
-0.03709
-0.03853
-0.04054
-0.04269
-0.04495
-0.04709
-0.04898
-0.05055
-0.05156
-0.05162
-0.05047
-0.04801
-0.04424
-0.03959
-0.03436
-0.02912
-0.02461
-0.02149
-0.01925
-0.01515
-0.00852
-0.00115
0.00577
0.01001
0.0113
0.01237
0.01379
0.01515
0.01658
0.01771
0.01857
0.01926
0.01973
0.02001
0.02014
0.02021
0.02027
0.02031
0.02032
0.02032
0.02034
0.02042
0.02046
0.02006
0.01891
0.01671
0.01334
0.00915
0.0043
-0.00091
-0.00618
-0.01116
-0.0153
-0.01812
-0.02009
-0.02336
-0.02849
-0.03415
-0.03945
-0.04262
-0.04338
-0.04378
-0.04425
-0.04456
-0.04484
-0.04491
-0.04485
-0.0448
-0.04479
-0.04478
-0.04477
-0.04476
-0.04474
-0.04472
-0.04472
-0.04476
-0.04478
-0.0445
-0.04373
-0.04223
-0.0399
-0.03687
-0.0332
-0.02902
-0.02448
-0.01975
-0.015
-0.01039
-0.00606
-0.00224
0.00076
0.00274
0.00426
0.00693
0.01041
0.01174
0.01007
0.00615
0.0001
-0.00719
-0.01517
-0.02325
-0.03056
-0.0363
-0.03999
-0.04216
-0.04313
-0.04365
-0.04409
-0.04428
-0.04437
-0.04437
-0.04432
-0.04429
-0.04427
-0.04426
-0.04425
-0.04423
-0.04419
-0.04416
-0.0442
-0.04432
-0.0443
-0.04349
-0.04189
-0.04019
-0.03841
-0.03596
-0.03274
-0.02915
-0.02572
-0.02347
-0.02246
-0.02138
-0.01995
-0.01848
-0.01706
-0.01601
-0.01539
-0.01501
-0.01483
-0.01472
-0.01462
-0.01457
-0.01454
-0.01452
-0.01451
-0.01449
-0.01447
-0.01446
-0.01446
-0.01447
-0.01442
-0.01426
-0.01423
-0.01495
-0.01645
-0.01807
-0.01966
-0.0215
-0.02398
-0.02785
-0.03283
-0.03706
-0.04001
-0.04222
-0.04407
-0.04668
-0.0503
-0.05408
-0.0578
-0.06094
-0.06283
-0.0626
-0.06013
-0.05695
-0.05394
-0.05194
-0.05113
-0.0501
-0.04852
-0.04666
-0.04441
-0.04193
-0.03918
-0.03612
-0.03279
-0.02927
-0.02561
-0.02188
-0.01814
-0.01445
-0.01088
-0.00749
-0.00434
-0.00147
0.00104
0.00318
0.0049
0.00621
0.00702
0.00718
0.00659
0.00523
0.00316
0.00078
-0.00152
-0.00324
-0.00438
-0.00592
-0.00844
-0.01226
-0.01711
-0.02118
-0.02397
-0.02623
-0.02835
-0.03127
-0.03498
-0.03808
-0.04018
-0.04139
-0.04177
-0.04199
-0.04224
-0.04235
-0.04242
-0.04247
-0.04247
-0.04209
-0.0411
-0.03921
-0.03633
-0.03275
-0.0286
-0.02418
-0.01975
-0.01558
-0.01199
-0.00927
-0.00752
-0.00639
-0.00562
-0.00484
-0.00384
-0.0028
-0.00169
-0.00062
0.0003
0.00095
0.0014
0.00215
0.00355
0.00591
0.00926
0.01295
0.01655
0.01945
0.02134
0.02249
0.02304
0.02338
0.0236
0.02349
0.02353
0.02489
0.02784
0.0313
0.03457
0.03656
0.03705
0.03733
0.03766
0.03789
0.03816
0.03833
0.03825
0.03755
0.03636
0.03531
0.03367
0.02944
0.02325
0.01903
0.01734
0.01548
0.01291
0.00987
0.00644
0.00332
0.0007
-0.00136
-0.00271
-0.00336
-0.00333
-0.00277
-0.00181
-0.00049
0.00108
0.0028
0.00453
0.00616
0.00756
0.00863
0.00932
0.00973
0.00994
0.01007
0.01017
0.01017
0.01019
0.01053
0.01141
0.01298
0.01525
0.01776
0.02023
0.02224
0.02356
0.02431
0.02453
0.02446
0.02422
0.02378
0.02319
0.02249
0.02174
0.02099
0.02027
0.01963
0.01909
0.0187
0.01846
0.01834
0.0183
0.01829
0.01829
0.01829
0.01832
0.0184
0.01846
0.01819
0.01734
0.01567
0.01304
0.00961
0.00545
0.00071
-0.00444
-0.00984
-0.01526
-0.02049
-0.02531
-0.02956
-0.03311
-0.03584
-0.0375
-0.03767
-0.03644
-0.03475
-0.03311
-0.03176
-0.03069
-0.02903
-0.02665
-0.02409
-0.02161
-0.0197
-0.01848
-0.01742
-0.01622
-0.01437
-0.01163
-0.00826
-0.0043
0.00005
0.00463
0.00924
0.01364
0.01761
0.02096
0.02352
0.02515
0.02578
0.02538
0.02408
0.02204
0.01964
0.01727
0.01541
0.01417
0.01296
0.0114
0.00897
0.00556
0.00186
-0.00171
-0.00458
-0.00642
-0.00752
-0.00797
-0.00821
-0.00843
-0.00852
-0.00855
-0.00853
-0.00848
-0.00844
-0.00842
-0.00839
-0.00835
-0.00829
-0.00827
-0.00834
-0.00835
-0.00775
-0.00623
-0.00374
-0.00048
0.00247
0.0045
0.00513
0.00406
0.00182
-0.0011
-0.00366
-0.00543
-0.00708
-0.0089
-0.0115
-0.01486
-0.0178
-0.01973
-0.02018
-0.01911
-0.01771
-0.0164
-0.01527
-0.01433
-0.01292
-0.01114
-0.00972
-0.00864
-0.00728
-0.00556
-0.00376
-0.00192
-0.0001
0.00174
0.00363
0.00547
0.00708
0.00871
0.01117
0.01463
0.01838
0.02205
0.025
0.02694
0.02817
0.02861
0.02854
0.02874
0.03091
0.03548
0.04077
0.04572
0.04872
0.04947
0.04993
0.05043
0.05065
0.05092
0.0517
0.05324
0.05518
0.05692
0.05727
0.05602
0.05446
0.053
0.05172
0.05047
0.04821
0.04473
0.04048
0.03559
0.03045
0.02534
0.02053
0.01639
0.01325
0.01125
0.01008
0.00956
0.00945
0.00964
0.01028
0.0113
0.01249
0.01366
0.01458
0.01519
0.01579
0.01654
0.01769
0.01936
0.0213
0.02344
0.02557
0.02743
0.02874
0.02962
0.03103
0.03352
0.03735
0.04218
0.04625
0.04911
0.05153
0.05368
0.05586
0.05797
0.05925
0.05965
0.05969
0.05944
0.0588
0.0578
0.05659
0.05539
0.0545
0.05393
0.05312
0.05173
0.04939
0.04607
0.04247
0.03898
0.03607
0.03403
0.03278
0.03272
0.03365
0.03325
0.02659
0.01475
0.00718
0.00549
0.0045
0.00334
0.00187
-0.00002
-0.00132
-0.00209
-0.00266
-0.00309
-0.00342
-0.00356
-0.00313
-0.00189
0.00038
0.00369
0.00737
0.01097
0.01384
0.01573
0.01718
0.01846
0.02001
0.0219
0.02346
0.02451
0.02513
0.02536
0.02552
0.02567
0.02572
0.02576
0.02608
0.02686
0.02813
0.02977
0.03122
0.03222
0.03283
0.03305
0.03319
0.03339
0.03362
0.0337
0.03303
0.03155
0.02991
0.02828
0.0266
0.02486
0.02295
0.02113
0.02006
0.01977
0.0195
0.01901
0.01823
0.01707
0.01571
0.01419
0.01255
0.01087
0.00926
0.00794
0.00714
0.00661
0.00515
0.00205
-0.00289
-0.00925
-0.01478
-0.01855
-0.02079
-0.02156
-0.02202
-0.02249
-0.02268
-0.02283
-0.02297
-0.02298
-0.02211
-0.01987
-0.0162
-0.01145
-0.0073
-0.00444
-0.00272
-0.00209
-0.00169
-0.00128
-0.00105
-0.0009
-0.00082
-0.00081
-0.00089
-0.00114
-0.00163
-0.00237
-0.00327
-0.0043
-0.00533
-0.0062
-0.00674
-0.00709
-0.00818
-0.01052
-0.01429
-0.01915
-0.02337
-0.02624
-0.02796
-0.02854
-0.02889
-0.02924
-0.02938
-0.02948
-0.02961
-0.02961
-0.02879
-0.02663
-0.02272
-0.01705
-0.01074
-0.00466
0.00007
0.00326
0.00658
0.01041
0.01435
0.01801
0.02016
0.02086
0.02145
0.02173
0.02041
0.01784
0.01614
0.0158
0.01578
0.01575
0.01516
0.01361
0.011
0.0072
0.00263
-0.00244
-0.00749
-0.01198
-0.01545
-0.0177
-0.01933
-0.02072
-0.02234
-0.02433
-0.026
-0.0271
-0.02742
-0.02681
-0.02541
-0.02323
-0.02042
-0.01714
-0.0136
-0.01003
-0.00666
-0.00378
-0.00162
-0.00022
0.00091
0.00204
0.00348
0.00531
0.00694
0.008
0.00793
0.00664
0.00498
0.00339
0.00242
0.00236
0.00257
0.00237
0.00055
-0.00256
-0.00416
-0.00363
-0.00217
0
0.00237
0.00461
0.00655
0.00789
0.00872
0.00909
0.0093
0.00949
0.0096
0.00968
0.00973
0.00974
0.00971
0.00971
0.01003
0.01087
0.01242
0.01473
0.01751
0.02057
0.02361
0.02633
0.02846
0.02986
0.03072
0.03112
0.03119
0.03095
0.03028
0.02923
0.02801
0.02681
0.02584
0.02523
0.02487
0.02471
0.02462
0.02458
0.02469
0.02473
0.02411
0.02273
0.0211
0.01957
0.01866
0.01846
0.01836
0.01824
0.01817
0.0181
0.0181
0.01814
0.01818
0.01821
0.01824
0.01826
0.01829
0.01832
0.01834
0.01837
0.0184
0.01842
0.01845
0.01848
0.0185
0.01853
0.01859
0.01863
0.01846
0.01793
0.01691
0.01537
0.01352
0.01147
0.00944
0.00762
0.0062
0.00529
0.00476
0.00454
0.00443
0.00434
0.00431
0.00432
0.00435
0.00437
0.00435
0.00435
0.00468
0.00557
0.00714
0.00941
0.01193
0.01439
0.01639
0.0177
0.0185
0.01886
0.01907
0.01926
0.01936
0.01943
0.01946
0.01947
0.01949
0.01951
0.01953
0.01956
0.01959
0.0196
0.0196
0.01963
0.01976
0.01985
0.01931
0.01782
0.01534
0.01215
0.00945
0.00758
0.00598
0.00424
0.00144
-0.00275
-0.0078
-0.01357
-0.01965
-0.02572
-0.03145
-0.03636
-0.04004
-0.0424
-0.04407
-0.04544
-0.04699
-0.04886
-0.05041
-0.05143
-0.05178
-0.05136
-0.05037
-0.04886
-0.04696
-0.04481
-0.04264
-0.04072
-0.0393
-0.03834
-0.03715
-0.03558
-0.03393
-0.03237
-0.03128
-0.03061
-0.0297
-0.02842
-0.02705
-0.02573
-0.02476
-0.02415
-0.02346
-0.02245
-0.02096
-0.01915
-0.01771
-0.01666
-0.01532
-0.01356
-0.01161
-0.00976
-0.00865
-0.00835
-0.00818
-0.00801
-0.00789
-0.00778
-0.00773
-0.00773
-0.00773
-0.00772
-0.0077
-0.00769
-0.00766
-0.00765
-0.00766
-0.00765
-0.00749
-0.00708
-0.00634
-0.00529
-0.00412
-0.00298
-0.00205
-0.00144
-0.00107
-0.0009
-0.00077
-0.00066
-0.00075
-0.00115
-0.00196
-0.00324
-0.00489
-0.00685
-0.00902
-0.01131
-0.01361
-0.01582
-0.01781
-0.01947
-0.02071
-0.02149
-0.02194
-0.02214
-0.02224
-0.02231
-0.02233
-0.02234
-0.02232
-0.0223
-0.02228
-0.02227
-0.02226
-0.02225
-0.02224
-0.0222
-0.02217
-0.02218
-0.02231
-0.02232
-0.02156
-0.0199
-0.018
-0.01619
-0.0148
-0.01378
-0.01237
-0.01057
-0.00903
-0.00795
-0.00733
-0.00713
-0.00701
-0.00686
-0.00678
-0.00674
-0.00672
-0.00672
-0.0067
-0.0067
-0.00671
-0.00672
-0.00656
-0.00615
-0.00543
-0.00438
-0.00322
-0.00208
-0.00116
-0.00056
-0.00019
-0.00002
0.00008
0.00016
0.00021
0.00024
0.00025
0.00026
0.00027
0.00028
0.00028
0.00029
0.00029
0.0003
0.00031
0.00032
0.00033
0.00034
0.00035
0.00036
0.00037
0.00038
0.00039
0.0004
0.0004
0.00041
0.00042
0.00043
0.00044
0.00044
0.00045
0.00046
0.00047
0.00048
0.00048
0.00049
0.00051
0.00053
0.00044
0.00018
-0.00035
-0.00117
-0.00223
-0.00348
-0.00488
-0.00635
-0.00783
-0.00924
-0.01053
-0.01159
-0.01238
-0.01287
-0.01327
-0.0137
-0.01433
-0.01523
-0.01626
-0.01738
-0.01847
-0.01946
-0.02029
-0.02081
-0.02078
-0.02002
-0.01847
-0.0162
-0.01363
-0.01111
-0.00906
-0.00771
-0.0069
-0.00655
-0.00635
-0.00617
-0.00609
-0.00603
-0.00602
-0.00603
-0.00604
-0.00604
-0.00604
-0.00603
-0.00603
-0.00603
-0.00603
-0.00603
-0.00603
-0.00601
-0.00599
-0.00601
-0.00613
-0.00615
-0.00551
-0.00409
-0.00244
-0.00087
0.00007
0.0003
0.00042
0.00058
0.00068
0.00077
0.0008
0.00078
0.00077
0.00078
0.00078
0.00078
0.00078
0.00078
0.00077
0.00078
0.00083
0.00086
0.00056
-0.00028
-0.00184
-0.00417
-0.00699
-0.01013
-0.01326
-0.01598
-0.0179
-0.01926
-0.02137
-0.02456
-0.02805
-0.03133
-0.03346
-0.03441
-0.0355
-0.037
-0.03854
-0.04003
-0.04116
-0.04183
-0.04223
-0.04238
-0.04246
-0.04259
-0.04277
-0.04282
-0.04206
-0.04042
-0.03858
-0.03681
-0.03519
-0.03354
-0.0311
-0.02795
-0.02527
-0.02339
-0.02213
-0.02132
-0.02027
-0.01883
-0.01736
-0.01598
-0.0149
-0.01423
-0.01382
-0.01365
-0.01356
-0.01347
-0.01341
-0.01338
-0.01355
-0.01402
-0.01486
-0.01608
-0.01743
-0.01875
-0.01983
-0.02053
-0.02091
-0.02098
-0.02085
-0.02059
-0.02017
-0.01963
-0.01899
-0.01828
-0.01755
-0.01682
-0.01611
-0.01545
-0.01487
-0.01439
-0.0141
-0.0139
-0.01348
-0.0126
-0.01109
-0.00891
-0.00652
-0.00417
-0.00228
-0.00105
-0.00032
0
0.00017
0.00032
0.00039
0.00043
0.00042
0.00041
0.00039
0.00038
0.00037
0.00036
0.00035
0.00034
0.00034
0.00033
0.00032
0.00031
0.0003
0.00029
0.00028
0.00027
0.00026
0.00026
0.00024
0.00023
0.00022
0.00021
0.0002
0.00019
0.0002
0.00018
0.00012
0.00008
0.00035
0.00109
0.00233
0.00393
0.00532
0.00628
0.00685
0.00704
0.00715
0.00728
0.00734
0.00737
0.00735
0.00734
0.00737
0.00738
0.00707
0.00623
0.00473
0.00256
0.00015
-0.0022
-0.00412
-0.00536
-0.00612
-0.00646
-0.00665
-0.00683
-0.00691
-0.00696
-0.00699
-0.007
-0.007
-0.007
-0.00699
-0.00702
-0.00716
-0.00719
-0.00656
-0.00517
-0.00352
-0.00198
-0.00105
-0.00083
-0.00072
-0.00058
-0.00051
-0.00043
-0.00037
-0.00038
-0.00066
-0.00137
-0.00253
-0.00403
-0.00535
-0.00626
-0.0068
-0.007
-0.00713
-0.00727
-0.00735
-0.0074
-0.00742
-0.00743
-0.00744
-0.00745
-0.00747
-0.00748
-0.0075
-0.00751
-0.00753
-0.00754
-0.00756
-0.00757
-0.00759
-0.0076
-0.00762
-0.00764
-0.00765
-0.00767
-0.00768
-0.0077
-0.00772
-0.00774
-0.00773
-0.00773
-0.0079
-0.00834
-0.00914
-0.01028
-0.01154
-0.01278
-0.01378
-0.01444
-0.01485
-0.01504
-0.01516
-0.01526
-0.01523
-0.01508
-0.0148
-0.01431
-0.01356
-0.01252
-0.01146
-0.01106
-0.01168
-0.01081
-0.00226
0.01277
0.0234
0.02756
0.0306
0.0333
0.03595
0.03874
0.04063
0.04128
0.04
0.0372
0.03509
0.03396
0.03235
0.03008
0.02752
0.02492
0.02292
0.02168
0.02098
0.02078
0.02083
0.02105
0.02147
0.02202
0.02266
0.02337
0.02406
0.02473
0.02533
0.02583
0.02619
0.02642
0.02654
0.02659
0.0266
0.02661
0.0266
0.02659
0.02657
0.02655
0.02655
0.02654
0.02638
0.02596
0.02522
0.02417
0.023
0.02185
0.02092
0.0203
0.01992
0.01975
0.01964
0.01954
0.01949
0.01944
0.0194
0.01937
0.0195
0.01987
0.02056
0.02158
0.02271
0.02382
0.02471
0.02528
0.02562
0.02575
0.02582
0.02587
0.02588
0.02588
0.02587
0.02585
0.02577
0.02556
0.0252
0.02465
0.02397
0.02319
0.02236
0.02152
0.02072
0.02004
0.01954
0.01921
0.0189
0.01851
0.01792
0.01709
0.01612
0.01505
0.01398
0.01305
0.01236
0.0119
0.01128
0.01028
0.00864
0.00632
0.00378
0.00131
-0.0007
-0.002
-0.0028
-0.00315
-0.00336
-0.00356
-0.00367
-0.00374
-0.00371
-0.00352
-0.00317
-0.00262
-0.00193
-0.00112
-0.00026
0.00059
0.0014
0.00209
0.00262
0.00294
0.00312
0.00318
0.00321
0.00322
0.00322
0.0032
0.00315
0.00312
0.00325
0.00365
0.0044
0.0055
0.00672
0.00792
0.00888
0.0095
0.00986
0.01001
0.01008
0.01014
0.01015
0.01015
0.01013
0.0101
0.01008
0.01005
0.01002
0.01
0.00997
0.00995
0.00993
0.0099
0.00988
0.00986
0.00983
0.00981
0.00979
0.00976
0.00974
0.00973
0.00972
0.00968
0.00961
0.0096
0.00977
0.00985
0.00873
0.00575
0.00085
-0.00549
-0.01104
-0.01486
-0.01716
-0.01798
-0.01848
-0.01902
-0.01931
-0.0195
-0.01956
-0.01955
-0.01955
-0.01957
-0.01958
-0.01961
-0.01964
-0.01968
-0.01969
-0.01966
-0.01965
-0.01978
-0.0201
-0.02008
-0.01843
-0.01545
-0.0135
-0.01294
-0.01242
-0.01169
-0.01073
-0.00952
-0.00831
-0.0071
-0.00584
-0.00454
-0.00328
-0.00213
-0.00112
-0.00028
0.00036
0.00076
0.00078
0.00032
-0.00064
-0.00212
-0.00393
-0.00595
-0.00798
-0.00977
-0.01108
-0.01195
-0.01309
-0.01491
-0.01765
-0.02113
-0.02413
-0.02618
-0.02741
-0.02785
-0.02813
-0.02842
-0.02858
-0.02869
-0.02873
-0.02874
-0.02876
-0.02878
-0.0288
-0.02882
-0.02884
-0.02886
-0.02889
-0.02891
-0.02894
-0.02897
-0.02899
-0.02902
-0.02904
-0.02907
-0.02909
-0.02911
-0.02914
-0.02916
-0.0292
-0.02923
-0.0292
-0.02906
-0.02879
-0.02835
-0.02779
-0.0271
-0.02634
-0.02554
-0.02473
-0.02396
-0.02326
-0.02268
-0.02225
-0.02199
-0.02185
-0.0218
-0.02179
-0.02178
-0.02179
-0.02181
-0.02183
-0.02186
-0.02188
-0.02191
-0.02193
-0.02195
-0.02198
-0.022
-0.02203
-0.02205
-0.02208
-0.0221
-0.02212
-0.02215
-0.02217
-0.0222
-0.02222
-0.02224
-0.02227
-0.0223
-0.02229
-0.0222
-0.02201
-0.0217
-0.02129
-0.02078
-0.02021
-0.01957
-0.01891
-0.01825
-0.01761
-0.01702
-0.0165
-0.01608
-0.01577
-0.01558
-0.01549
-0.01546
-0.01545
-0.01545
-0.01547
-0.01549
-0.01551
-0.01553
-0.01555
-0.01558
-0.01563
-0.01567
-0.01555
-0.01514
-0.01432
-0.01302
-0.01133
-0.00928
-0.00695
-0.00441
-0.00175
0.00092
0.0035
0.00589
0.008
0.00973
0.01101
0.01181
0.01225
0.01245
0.01257
0.01265
0.01251
0.01208
0.01123
0.0099
0.00822
0.00623
0.00402
0.00169
-0.00065
-0.00289
-0.00493
-0.00662
-0.00788
-0.00868
-0.00931
-0.00994
-0.01079
-0.01194
-0.01315
-0.01431
-0.01525
-0.01586
-0.01623
-0.01641
-0.01651
-0.01661
-0.01669
-0.01674
-0.01667
-0.01643
-0.01596
-0.01526
-0.01442
-0.01348
-0.01255
-0.01172
-0.01109
-0.01069
-0.01039
-0.0101
-0.00968
-0.00908
-0.00838
-0.00758
-0.00671
-0.0058
-0.00495
-0.00436
-0.00414
-0.00376
-0.0019
0.00118
0.00314
0.00359
0.00383
0.0041
0.00447
0.00497
0.00538
0.00574
0.00614
0.00659
0.00707
0.00756
0.00804
0.00852
0.00899
0.00942
0.00982
0.01017
0.01046
0.01069
0.01085
0.01094
0.01105
0.01124
0.01157
0.01209
0.01273
0.01348
0.01427
0.01506
0.01581
0.01645
0.01693
0.01722
0.01746
0.01772
0.01811
0.0187
0.01942
0.02023
0.02109
0.02195
0.02276
0.02345
0.02398
0.02431
0.02449
0.02456
0.02459
0.02462
0.02462
0.02461
0.02459
0.02457
0.02455
0.02453
0.02451
0.02449
0.02447
0.02446
0.02447
0.02446
0.02431
0.03383
0.03323
0.03224
0.03097
0.02948
0.02789
0.02629
0.02478
0.0235
0.02254
0.02196
0.02165
0.02156
0.02155
0.02154
0.02155
0.02159
0.02185
0.02249
0.02364
0.02538
0.02758
0.03019
0.03306
0.03608
0.0391
0.04198
0.04458
0.04673
0.04832
0.04931
0.04986
0.05009
0.05016
0.05021
0.05018
0.05013
0.05004
0.04994
0.04983
0.04971
0.04959
0.04947
0.04934
0.04921
0.04907
0.04892
0.04876
0.0486
0.04844
0.04827
0.04809
0.0479
0.04771
0.04751
0.0473
0.04709
0.04687
0.04665
0.04642
0.04619
0.04595
0.0457
0.04544
0.04518
0.04492
0.04465
0.04437
0.04409
0.0438
0.04351
0.04321
0.04291
0.0426
0.04228
0.04196
0.04163
0.0413
0.04097
0.04063
0.04028
0.03992
0.03957
0.03921
0.03884
0.03847
0.03809
0.03771
0.03733
0.03693
0.03654
0.03614
0.03574
0.03533
0.03492
0.0345
0.03408
0.03365
0.03323
0.03279
0.03235
0.03191
0.03147
0.03102
0.03057
0.03011
0.02965
0.02919
0.02872
0.02825
0.02777
0.0273
0.02682
0.02634
0.02585
0.02536
0.02487
0.02438
0.02388
0.02338
0.02288
0.02239
0.02189
0.0213
0.02057
0.01962
0.01844
0.01704
0.01543
0.01366
0.01175
0.00973
0.00764
0.00553
0.00345
0.00143
-0.00048
-0.00226
-0.00386
-0.00526
-0.00644