0.005
-0.007726115
-0.007714231
-0.00770465
-0.007703525
-0.007705164
-0.007689626
-0.007666798
-0.007679544
-0.007713572
-0.007694185
-0.00763546
-0.007649802
-0.007739977
-0.007787567
-0.007761758
-0.007684214
-0.007539388
-0.007346906
-0.007119134
-0.006872214
-0.006657484
-0.006556145
-0.006641505
-0.006925515
-0.007379144
-0.00783682
-0.008207486
-0.00850371
-0.008671123
-0.008697307
-0.008531441
-0.008106517
-0.007473455
-0.006835536
-0.006269193
-0.005836424
-0.005920241
-0.007113552
-0.009229155
-0.01079595
-0.01136973
-0.01152226
-0.01123113
-0.01073687
-0.01039132
-0.0105618
-0.01120911
-0.01168042
-0.01270745
-0.0163783
-0.02232523
-0.02713637
-0.0301602
-0.03340039
-0.03730766
-0.04167364
-0.04510454
-0.04412658
-0.03915127
-0.03550868
-0.03367993
-0.03018024
-0.02547777
-0.0219797
-0.01864998
-0.01111882
0.0002690582
0.009213195
0.0139845
0.0164505
0.01704322
0.01745661
0.01753165
0.01484551
0.009753076
0.004824191
0.0006540491
-0.003542654
-0.007418812
-0.01012041
-0.01140534
-0.01212726
-0.01330568
-0.01649048
-0.02148339
-0.0251833
-0.02710134
-0.02898651
-0.03102432
-0.03319732
-0.03590369
-0.03950551
-0.04357268
-0.04658559
-0.04931846
-0.05547585
-0.06544659
-0.07554921
-0.08355097
-0.08666599
-0.08431026
-0.08077285
-0.07778056
-0.07669409
-0.07837081
-0.08050029
-0.08170014
-0.07960185
-0.07374997
-0.06733672
-0.06049986
-0.05191955
-0.04257336
-0.03356145
-0.02152561
0.001200527
0.03001195
0.04335336
0.03755043
0.02854638
0.02190749
0.02247174
0.03135671
0.03934229
0.04533664
0.05164669
0.05677548
0.05876243
0.05776121
0.05682653
0.05442656
0.04429972
0.02806433
0.01781552
0.01917303
0.03242972
0.054981
0.07341511
0.08452854
0.09634972
0.1115308
0.1318908
0.1507115
0.1472935
0.1205526
0.09296795
0.07094759
0.05328293
0.04092995
0.02817129
0.01418455
-0.0001540711
-0.01605444
-0.03295548
-0.0484631
-0.0559023
-0.05424395
-0.05085304
-0.04870692
-0.04950268
-0.05250618
-0.05030741
-0.04170064
-0.03153569
-0.02271097
-0.02036593
-0.02526551
-0.03111609
-0.03615257
-0.03990972
-0.04178149
-0.04365425
-0.04601597
-0.04992319
-0.05670672
-0.06729994
-0.08152497
-0.09490434
-0.1025671
-0.09811117
-0.0828778
-0.07074308
-0.06301747
-0.05019224
-0.03273481
-0.01749098
-0.006700533
0.000161175
0.003273356
0.005265599
0.008531207
0.01569596
0.02544186
0.02907012
0.02492807
0.018937
0.01457466
0.01791004
0.03029246
0.04445107
0.05641963
0.06127136
0.05933646
0.06128139
0.06982439
0.08189461
0.09528912
0.1046425
0.1127629
0.1313558
0.1571492
0.1702109
0.1667998
0.1579661
0.1464656
0.1340437
0.1203664
0.1003203
0.07543675
0.0508885
0.02280107
-0.01995973
-0.07066968
-0.1006129
-0.107726
-0.1152788
-0.1194521
-0.09730436
-0.05193276
-0.01362588
0.009664333
0.0292458
0.04794955
0.06957551
0.08866339
0.08527676
0.05738903
0.02336183
-0.007051153
-0.02206902
-0.01814568
-0.009220757
0.0005426653
0.008435052
0.01410938
0.02664472
0.04766845
0.07194082
0.09154986
0.09004259
0.06946798
0.05662682
0.05448532
0.04966373
0.04839858
0.06794458
0.1021644
0.1155538
0.1025069
0.08763097
0.07495456
0.05957485
0.038185
0.002349663
-0.04488416
-0.08553842
-0.1122953
-0.1239354
-0.1190637
-0.104378
-0.08232044
-0.05569876
-0.02898018
-0.006651327
0.007939365
0.01553263
0.01627959
0.01296274
0.007261308
1.209197E-05
-0.007125918
-0.01343117
-0.01900334
-0.02356744
-0.02090169
0.001262027
0.03703011
0.0547415
0.04740272
0.03102246
0.007763819
-0.02080311
-0.05221461
-0.08469793
-0.114778
-0.1393506
-0.1547132
-0.1562518
-0.1409402
-0.1089208
-0.06198417
-0.009108251
0.04261768
0.08488267
0.11204
0.1259385
0.1268935
0.1202838
0.1091394
0.09451158
0.07867801
0.06365074
0.0545999
0.06044065
0.08255793
0.1097662
0.1341517
0.1439524
0.1344311
0.113837
0.0834108
0.04556607
0.003725886
-0.03863526
-0.07789561
-0.1106289
-0.1298891
-0.1255925
-0.09819247
-0.06505665
-0.03250749
-0.002159794
0.0198932
0.02876111
0.02348436
0.01385873
0.00558335
0.004072045
0.01259335
0.02641529
0.0435797
0.05899741
0.06920202
0.07350022
0.07048009
0.06204003
0.04898062
0.03262326
0.01467189
-0.003591498
-0.02150498
-0.03771189
-0.04539859
-0.03253463
-0.004439855
0.008006667
-0.002581322
-0.02213248
-0.04848188
-0.077575
-0.1058387
-0.1303415
-0.1464608
-0.1510499
-0.1418798
-0.1206388
-0.08911353
-0.05294931
-0.01743991
0.01128775
0.02961086
0.0409771
0.04762851
0.05424873
0.05960235
0.05247283
0.0303007
0.001871439
-0.01950272
-0.008704547
0.03068368
0.05432238
0.05529886
0.05669674
0.06046047
0.06219285
0.05989335
0.052513
0.04699242
0.06070058
0.09686747
0.1390355
0.1767556
0.1943329
0.1869966
0.1694894
0.1447346
0.1151937
0.08588237
0.06138892
0.04516032
0.03458473
0.02827289
0.02300958
0.01855211
0.01753453
0.01440189
-0.003463897
-0.03266079
-0.05031869
-0.05571425
-0.06830133
-0.08629731
-0.0900266
-0.07410483
-0.04471661
-0.006813614
0.02601737
0.04742446
0.05874676
0.05914465
0.05407935
0.04525377
0.0323587
0.01735804
0.00188175
-0.01235983
-0.02399263
-0.03128477
-0.03185687
-0.02421437
-0.008515003
0.01422988
0.03978908
0.06550099
0.08795895
0.101531
0.09890643
0.07939232
0.05520323
0.03326202
0.02013985
0.01762884
0.01566713
0.01283575
0.01153729
0.01026517
0.007031326
0.001390714
-0.004331947
-0.01036597
-0.01962789
-0.03254819
-0.04693054
-0.06025242
-0.06799999
-0.06985737
-0.07146261
-0.07318784
-0.07124701
-0.06416219
-0.05062887
-0.03099521
-0.00943204
0.01145223
0.02832659
0.03903296
0.04494762
0.04750344
0.05200921
0.06112784
0.07404829
0.08962845
0.1024125
0.1112746
0.119178
0.1245522
0.1221798
0.1090595
0.08387311
0.04744731
0.007088538
-0.03221246
-0.06444469
-0.08506255
-0.09408047
-0.0907967
-0.07870175
-0.06013009
-0.03789153
-0.01504279
0.005161534
0.01755429
0.01579593
-0.0006330151
-0.02112355
-0.03979726
-0.05152477
-0.05489751
-0.05870423
-0.06475394
-0.07058199
-0.07376407
-0.0668144
-0.04885613
-0.0279473
-0.009194197
-0.0003243718
-0.003663293
-0.01196191
-0.02379165
-0.03798584
-0.05197686
-0.06343208
-0.07115464
-0.07791515
-0.08472584
-0.09170298
-0.09760524
-0.09791711
-0.09266681
-0.0869764
-0.0815465
-0.07311519
-0.05894006
-0.03418567
0.001402757
0.04011974
0.07719425
0.1065574
0.1256501
0.1392114
0.1474961
0.1500012
0.1467484
0.1367528
0.1207349
0.101031
0.07931183
0.05778225
0.03839206
0.02286972
0.0131024
0.01010529
0.01371519
0.0199813
0.0254608
0.0251638
0.0164561
0.002159139
-0.01520512
-0.02946291
-0.03998155
-0.05315669
-0.0673955
-0.07471882
-0.07370309
-0.0686606
-0.06074312
-0.05069337
-0.03960577
-0.02826913
-0.01766453
-0.008596322
-0.003034171
-0.005069559
-0.01682808
-0.03748594
-0.06480956
-0.08982505
-0.1058201
-0.1069843
-0.09219944
-0.07329732
-0.05667078
-0.04883386
-0.05252184
-0.05963162
-0.06786443
-0.07523599
-0.08052922
-0.08636063
-0.09118239
-0.09035642
-0.08170695
-0.06475063
-0.04005416
-0.0126834
0.01331318
0.03342036
0.04735778
0.06298051
0.08099014
0.09793282
0.1164554
0.143218
0.1773242
0.2068584
0.2265216
0.2345377
0.2292426
0.2145303
0.1912592
0.1603332
0.1238366
0.08433316
0.04458951
0.007386366
-0.02450662
-0.0487953
-0.0639748
-0.07137406
-0.07261081
-0.07162202
-0.06955783
-0.06412323
-0.05658031
-0.0503456
-0.04589071
-0.04004337
-0.03080351
-0.01579087
0.005101079
0.0276278
0.05037776
0.07082018
0.08235171
0.07362882
0.04382923
0.009120125
-0.02418015
-0.05263575
-0.07170146
-0.08174264
-0.08232917
-0.07801483
-0.07184622
-0.06589506
-0.06112286
-0.05438887
-0.04702239
-0.0440027
-0.04573861
-0.0486877
-0.05266088
-0.05953765
-0.06866876
-0.07683808
-0.08230827
-0.08444387
-0.08297635
-0.07903578
-0.07157264
-0.05739117
-0.0365341
-0.01349756
0.008387517
0.02522069
0.03676443
0.04893554
0.06104919
0.0667023
0.06483171
0.05816882
0.04738589
0.03307856
0.01587991
-0.003586405
-0.02429704
-0.04504621
-0.0647358
-0.0824506
-0.0973626
-0.108851
-0.1159327
-0.1174656
-0.1130997
-0.1037885
-0.09058135
-0.07508886
-0.05695925
-0.03791365
-0.03076403
-0.06020417
-0.1179796
-0.1495521
-0.1455189
-0.1388488
-0.1361624
-0.1394509
-0.1499856
-0.1596033
-0.1664961
-0.1679504
-0.1619312
-0.150141
-0.1322917
-0.1095424
-0.08308116
-0.05449173
-0.02562202
0.001384564
0.02398921
0.04034769
0.05154264
0.06354596
0.0758732
0.08062412
0.07659497
0.06777059
0.05576625
0.04421311
0.03718961
0.03990148
0.05358424
0.07044102
0.08545382
0.09167973
0.08649141
0.07665565
0.06469618
0.05442911
0.04751657
0.03993143
0.02996058
0.01435927
-0.007429076
-0.03059218
-0.05286721
-0.07101159
-0.0824516
-0.08662659
-0.08292325
-0.07383976
-0.06140632
-0.04941777
-0.04144945
-0.04073043
-0.04940024
-0.06522886
-0.08572592
-0.1040473
-0.1162441
-0.1218515
-0.1198282
-0.1128855
-0.1019027
-0.08748004
-0.07110032
-0.05445656
-0.03956401
-0.02822187
-0.02091589
-0.01528091
-0.01032919
-0.005683861
-0.001687833
-0.0008487291
-0.003162514
-0.006055852
-0.008739659
-0.01107045
-0.0128374
-0.01461829
-0.01653581
-0.01900295
-0.02279668
-0.02905051
-0.03787061
-0.04744081
-0.05678325
-0.06462075
-0.06955286
-0.07018787
-0.06543523
-0.05551907
-0.0410215
-0.02466654
-0.00862213
0.004619
0.01311426
0.01671662
0.01505326
0.009470244
0.0008959947
-0.009282685
-0.01945611
-0.02797832
-0.03352721
-0.03596086
-0.03509675
-0.03216314
-0.02832792
-0.02513513
-0.0229363
-0.01954567
-0.01393922
-0.00586863
0.002871846
0.008273048
0.01423951
0.03321993
0.06167337
0.07643186
0.07314605
0.06435784
0.05243627
0.03867799
0.02478469
0.01192663
0.004151901
0.005948244
0.01565051
0.02191002
0.0225802
0.02440573
0.02802566
0.03236022
0.03711382
0.04128359
0.04473416
0.04747201
0.04925637
0.050008
0.04968536
0.04866885
0.04735422
0.0462417
0.04535407
0.04398999
0.04225491
0.04079282
0.03921928
0.03560327
0.02865408
0.01763362
0.003404319
-0.009219879
-0.01751187
-0.01946045
-0.01334878
-6.611398E-05
0.02006989
0.04487897
0.07231495
0.09967822
0.1243048
0.1439711
0.1564321
0.160486
0.1551253
0.141014
0.1190012
0.09163991
0.06125823
0.03086537
0.003491477
-0.01804768
-0.03146459
-0.03740635
-0.03787409
-0.03943399
-0.04428752
-0.04899651
-0.05239164
-0.05186214
-0.04731169
-0.0426284
-0.03837359
-0.03290616
-0.02504362
-0.01262662
0.0034806
0.01753448
0.0267897
0.02969497
0.02487911
0.01374398
-0.003224247
-0.02422873
-0.04733447
-0.07039788
-0.09178219
-0.1100359
-0.1208253
-0.1165554
-0.09660053
-0.07203242
-0.0497126
-0.03749396
-0.0377285
-0.0409422
-0.04559634
-0.05284972
-0.06148515
-0.07091498
-0.07982111
-0.08707736
-0.09159687
-0.09194796
-0.08718665
-0.07728634
-0.0627634
-0.04641043
-0.03044179
-0.01746431
-0.009113197
-0.004423721
-0.003067439
-0.003266698
-0.004119746
-0.005785219
-0.007762041
-0.009809386
-0.01115196
-0.01013558
-0.005751968
0.00240964
0.01416348
0.02719888
0.0398551
0.05009081
0.05665301
0.06041768
0.0617267
0.06204903
0.06204213
0.06133411
0.06017724
0.05891556
0.05865506
0.06077258
0.06328215
0.05985376
0.0510297
0.04564267
0.04498473
0.04469791
0.04490794
0.04622798
0.04530327
0.0347973
0.01669316
0.005922697
0.004646566
0.003386819
0.0007040971
-0.001786119
-0.002870026
-0.001211438
-0.002177201
-0.01805081
-0.0452112
-0.05934168
-0.05653258
-0.052021
-0.04906964
-0.04852616
-0.05138325
-0.0542911
-0.05534101
-0.05021219
-0.0380189
-0.02431413
-0.01191342
-0.004442936
-0.002930284
-0.003058962
-0.004566309
-0.008924851
-0.01570976
-0.02371316
-0.03210217
-0.03967791
-0.04396489
-0.04078206
-0.02984035
-0.01715427
-0.005252477
0.004664881
0.01216504
0.0201944
0.0281733
0.03288257
0.03419969
0.03468835
0.03542221
0.03653368
0.03714731
0.03325563
0.02287626
0.00604387
-0.01570958
-0.035003
-0.04746915
-0.0507041
-0.04430616
-0.03560083
-0.02808632
-0.02422183
-0.02517301
-0.02646002
-0.0269579
-0.02616208
-0.0230029
-0.01756036
-0.009402704
0.001125024
0.01369698
0.02771736
0.04251762
0.05736784
0.07147363
0.08414815
0.09482888
0.1032044
0.1084011
0.1086479
0.1027498
0.09013254
0.07095532
0.04769493
0.02208727
-0.003393557
-0.02626346
-0.04425235
-0.05552686
-0.0606908
-0.06091366
-0.06003512
-0.05887769
-0.05378957
-0.04321762
-0.02592759
-0.003602407
0.01566863
0.02835183
0.03439182
0.03385594
0.03187915
0.03057424
0.0301158
0.0304209
0.02736735
0.01943992
0.007092187
-0.00857136
-0.02219073
-0.03114336
-0.03471514
-0.03217186
-0.02618302
-0.01833798
-0.01112815
-0.006255823
-0.003210574
-0.002005236
-0.001184842
-0.0004072918
-0.0003524369
-0.0003134826
0.00162264
0.006774463
0.01600649
0.02926221
0.04382961
0.05777285
0.06878745
0.07608559
0.08200367
0.08660547
0.08901025
0.08936765
0.08858827
0.08782111
0.08799225
0.08760407
0.08094487
0.06683785
0.05029251
0.03551185
0.03046615
0.03769666
0.05105897
0.06798668
0.08331127
0.09338779
0.09731155
0.09361081
0.0844109
0.07083276
0.05498594
0.03906425
0.0252753
0.01646949
0.01570559
0.02470161
0.04160931
0.06386416
0.08413877
0.09759415
0.1015255
0.09388252
0.07859269
0.05883578
0.04128177
0.02932844
0.02055349
0.01440487
0.007048536
-0.003109484
-0.01317275
-0.01856075
-0.008017938
0.02015298
0.05290791
0.08245294
0.0983285
0.09788331
0.09347292
0.08735536
0.07878232
0.06987375
0.06193965
0.05642281
0.0524718
0.04938924
0.04592956
0.04205865
0.0395812
0.03771299
0.03309177
0.02501472
0.01584206
0.007496778
0.003488786
0.004734325
0.008247346
0.01349514
0.02028642
0.02790626
0.03571857
0.04291892
0.04884736
0.05254149
0.05252924
0.04786813
0.03849458
0.02487288
0.009560913
-0.0056149
-0.01831835
-0.02610703
-0.02769976
-0.02384404
-0.02011395
-0.01796814
-0.01472157
-0.009615321
-0.0009173687
0.01140107
0.02467293
0.03801099
0.04965841
0.0559397
0.05175263
0.03856435
0.02788391
0.02068711
0.007866018
-0.01132468
-0.03239249
-0.05295634
-0.06926187
-0.07935938
-0.08397872
-0.08353116
-0.08151936
-0.08001251
-0.07961987
-0.07969587
-0.07531557
-0.06578581
-0.05513895
-0.04540871
-0.03964349
-0.03861358
-0.03862658
-0.03781351
-0.03281762
-0.02119523
-0.003024906
0.02025169
0.04101991
0.05466773
0.05801267
0.04884866
0.03117973
0.008250251
-0.01237425
-0.02612527
-0.03317101
-0.03331086
-0.03180052
-0.03076214
-0.03029039
-0.0314207
-0.03273055
-0.033424
-0.0328677
-0.03323766
-0.04201975
-0.06041947
-0.08144362
-0.1005261
-0.1107635
-0.1105285
-0.1072547
-0.102063
-0.09380935
-0.08310959
-0.07009102
-0.05558533
-0.04051111
-0.02546404
-0.01096955
0.002430669
0.01423012
0.0239417
0.03121819
0.03573899
0.03742633
0.03638404
0.03338256
0.02923303
0.02533786
0.02269498
0.02167972
0.02254266
0.02417609
0.02542249
0.02388744
0.01800221
0.007529366
-0.007414813
-0.02396513
-0.03994584
-0.05270974
-0.06103517
-0.06726391
-0.07234452
-0.07819334
-0.08576272
-0.09312607
-0.09768034
-0.09220789
-0.07267943
-0.04023497
0.001015136
0.03625047
0.05976194
0.07589865
0.08577198
0.09522877
0.1041433
0.1044931
0.0945971
0.0766545
0.05367834
0.03415792
0.02116943
0.01187565
0.005695812
4.449211E-05
-0.004457169
-0.004294892
-0.002850688
-0.009953855
-0.02473408
-0.03356965
-0.03444988
-0.03499664
-0.03634301
-0.03810338
-0.04095921
-0.04431317
-0.04545699
-0.03682465
-0.01715777
0.005375935
0.02584467
0.03756077
0.03922214
0.03965122
0.04049961
0.04052673
0.04066519
0.04078573
0.04062769
0.03783241
0.03096087
0.01997715
0.005848036
-0.006565479
-0.01462514
-0.01737777
-0.01468961
-0.01073742
-0.007266714
-0.005069824
-0.005002346
-0.005370276
-0.004806406
-0.0003816343
0.008803348
0.02058313
0.03495292
0.0513754
0.06656067
0.07309306
0.06861118
0.05755094
0.04085319
0.02000749
-0.003126555
-0.02652198
-0.04775867
-0.06473644
-0.07546547
-0.07880659
-0.07395808
-0.06185949
-0.04366544
-0.02272719
-0.00220311
0.01435771
0.02503888
0.03192004
0.03591301
0.03904218
0.04135103
0.04126634
0.04302835
0.05587148
0.07668681
0.08623248
0.08209032
0.07800167
0.07554156
0.07134094
0.06700036
0.06466378
0.06000473
0.04045324
0.009606249
-0.007855892
-0.007937047
-0.0054356
-0.00312044
-0.001134326
-0.0003578572
0.0008803819
0.002214531
0.00377629
0.00573252
0.007736557
0.00985723
0.01189323
0.01366942
0.01504095
0.01590462
0.01639618
0.01659409
0.01669144
0.0168057
0.01688138
0.01686199
0.01663549
0.01651899
0.0176538
0.02063236
0.02546767
0.03172194
0.03731333
0.04096781
0.0416573
0.03856595
0.03220959
0.02291397
0.0123219
0.002048715
-0.006026783
-0.0113181
-0.01631428
-0.02226158
-0.03043652
-0.04075636
-0.04963561
-0.05527195
-0.05636809
-0.05280839
-0.04819768
-0.04415841
-0.0417406
-0.04141439
-0.04109365
-0.04046004
-0.04003163
-0.03983899
-0.0401883
-0.04044211
-0.03839605
-0.03256894
-0.02172748
-0.005624262
0.0133715
0.03378387
0.05386536
0.07274113
0.08962209
0.09922501
0.09057139
0.06241604
0.0287725
-0.00182051
-0.01926954
-0.02113712
-0.02072321
-0.02036603
-0.01803808
-0.0151114
-0.01184215
-0.009282995
-0.0076616
-0.006900114
-0.006602889
-0.006678433
-0.007051479
-0.006300632
-0.002797094
-0.0001079419
-0.008375287
-0.02594721
-0.0364234
-0.03726367
-0.03758615
-0.03862841
-0.03944223
-0.04003339
-0.03954025
-0.03810868
-0.03604617
-0.0334067
-0.03105287
-0.03079907
-0.03329507
-0.03151527
-0.009445426
0.02690002
0.04196489
0.03024627
0.01549671
0.003662305
-0.003250597
-0.004804876
-0.0092138
-0.01699389
-0.02445128
-0.03002737
-0.03232583
-0.0356285
-0.05096436
-0.0756688
-0.09012236
-0.09129885
-0.0909538
-0.09103958
-0.09064026
-0.08990915
-0.08767279
-0.08432591
-0.081303
-0.08060433
-0.08310636
-0.08163076
-0.05853645
-0.01680647
0.01383533
0.0285712
0.04313902
0.05870007
0.0721448
0.08360943
0.09396106
0.1029903
0.1075671
0.1072447
0.1045022
0.09981019
0.09310093
0.08467409
0.07463247
0.06336178
0.05134033
0.03893827
0.02651096
0.01442493
0.003049688
-0.007235537
-0.01613089
-0.02340904
-0.02895461
-0.03243414
-0.03319835
-0.03094066
-0.02623605
-0.02038491
-0.0162287
-0.01400411
-0.01032711
-0.004508084
0.002630594
0.01107416
0.02035619
0.03029895
0.04069581
0.05115221
0.06124313
0.07053975
0.07870918
0.08546171
0.09062271
0.09381273
0.09435872
0.09183005
0.08610418
0.07732814
0.06658261
0.05467793
0.04284024
0.0323936
0.02447047
0.01918474
0.01449323
0.01005901
0.006599815
0.003395323
-0.001363641
-0.008344662
-0.01679909
-0.02645425
-0.03656297
-0.04650196
-0.05579032
-0.06404282
-0.07094098
-0.07494936
-0.07306677
-0.06516926
-0.05561915
-0.04674558
-0.04068373
-0.03815756
-0.03605323
-0.03347551
-0.02956607
-0.02298005
-0.01312663
-0.0006131927
0.01037802
0.0176319
0.02014684
0.01716477
0.01087218
0.002716599
-0.004645944
-0.009646857
-0.01301996
-0.01487549
-0.01682129
-0.01948819
-0.02192391
-0.02293589
-0.02001739
-0.01438821
-0.01283372
-0.01709175
-0.02424552
-0.03316066
-0.04088029
-0.04579336
-0.04806806
-0.04771719
-0.04697723
-0.04631123
-0.04438275
-0.04075132
-0.03472876
-0.02691895
-0.02023236
-0.01581705
-0.01354567
-0.01347088
-0.01434538
-0.01575577
-0.01769661
-0.01977422
-0.0216707
-0.02289969
-0.02293164
-0.02168589
-0.01997589
-0.01849026
-0.01837095
-0.02022137
-0.0237372
-0.02893384
-0.03529736
-0.04239373
-0.0494637
-0.05551323
-0.05979691
-0.06302987
-0.06819802
-0.07478505
-0.07809144
-0.07729091
-0.07467254
-0.07059446
-0.06517088
-0.05863486
-0.05111496
-0.04305851
-0.0349986
-0.02737073
-0.02050783
-0.01469508
-0.01017411
-0.007472139
-0.007300902
-0.009468633
-0.01226759
-0.01492506
-0.01728046
-0.01923847
-0.02145068
-0.02347199
-0.02387436
-0.0227251
-0.02155049
-0.0203192
-0.01721904
-0.01117167
-0.001419291
0.01117285
0.02216927
0.0294102
0.03208864
0.02935701
0.02255853
0.0121183
-0.00104382
-0.01572119
-0.03045162
-0.04374611
-0.05433848
-0.06107149
-0.06353694
-0.0615412
-0.0563627
-0.04942124
-0.04324132
-0.0390292
-0.03561913
-0.03250791
-0.02810375
-0.02202642
-0.01577029
-0.009871827
-0.005208336
-0.002280038
-0.0007426579
-0.0005625756
-0.001224645
-0.002497324
-0.004441112
-0.00687517
-0.009662662
-0.01263823
-0.01561266
-0.01842413
-0.02094065
-0.02308283
-0.02483402
-0.02592707
-0.02562561
-0.02341962
-0.01895403
-0.01220187
-0.004096943
0.004697109
0.01332971
0.02123847
0.02806914
0.032294
0.03055782
0.02106879
0.004553648
-0.01681008
-0.03560743
-0.04810642
-0.05410908
-0.05304343
-0.04865246
-0.04274876
-0.03701391
-0.03306172
-0.0303428
-0.02890218
-0.02750235
-0.02569687
-0.02410857
-0.02279172
-0.02206912
-0.02163591
-0.02001122
-0.01625737
-0.009497319
0.0004924547
0.01227623
0.02507466
0.03774965
0.0492941
0.05872
0.06431536
0.06437636
0.05969656
0.05541644
0.0528482
0.04943446
0.04424833
0.03542728
0.02283348
0.009355471
-0.003513367
-0.0137681
-0.02033702
-0.02435645
-0.02613912
-0.02684707
-0.02696253
-0.0259689
-0.02420914
-0.02211988
-0.01983447
-0.01755026
-0.01625096
-0.01827085
-0.02419553
-0.03152634
-0.03759793
-0.03761254
-0.0310949
-0.02390764
-0.01666018
-0.00736142
0.002274459
0.0078444
0.00845342
0.007980521
0.007816138
0.008080133
0.00751867
0.001851338
-0.007658812
-0.01316497
-0.01341372
-0.01295368
-0.01255184
-0.01196847
-0.01136719
-0.0104833
-0.00976674
-0.01000471
-0.01146445
-0.01357728
-0.0153366
-0.01425749
-0.009115239
-0.0005887127
0.0101991
0.01939287
0.02551698
0.02988347
0.03296753
0.03684836
0.04204484
0.04721775
0.05230277
0.05668215
0.05888737
0.05673243
0.05115211
0.04814121
0.04895461
0.05050287
0.05247068
0.0548681
0.05749517
0.06035419
0.06306406
0.06525315
0.0666109
0.06686959
0.06581546
0.06338371
0.05958623
0.05475587
0.04915546
0.04315486
0.03710079
0.0313945
0.02657857
0.02316551
0.02095374
0.01815613
0.01362945
0.006408911
-0.003673158
-0.01454447
-0.02505195
-0.03366445
-0.03917359
-0.04150832
-0.04048348
-0.03746063
-0.03378745
-0.03095219
-0.02824672
-0.021645
-0.01227648
-0.007059127
-0.007130366
-0.008543891
-0.01062648
-0.01354322
-0.01703826
-0.02114404
-0.02538838
-0.02929523
-0.03274341
-0.03578832
-0.03769662
-0.03635328
-0.03063019
-0.0210162
-0.00929679
-1.900016E-05
0.007206298
0.0183358
0.03193536
0.03941106
0.03942216
0.03716381
0.03384708
0.02977985
0.02576085
0.0221296
0.01957848
0.01819389
0.0179628
0.0183615
0.0190886
0.0200922
0.02118277
0.02223591
0.02290174
0.02245211
0.02042377
0.01664468
0.01121154
0.00518774
-0.0006705114
-0.005450695
-0.008528848
-0.0100963
-0.01014076
-0.009156054
-0.00738104
-0.004839516
-0.001772702
0.001582275
0.004971545
0.008135314
0.01083193
0.01286146
0.01414214
0.01488546
0.01520276
0.01528906
0.01538427
0.01583058
0.01695039
0.01898438
0.0220074
0.02561941
0.02957669
0.03349182
0.03698026
0.03971351
0.04147431
0.04247866
0.04282484
0.0429228
0.04325223
0.04397856
0.04412498
0.040589
0.03283381
0.02390084
0.01582335
0.01175486
0.01252608
0.01496459
0.01844974
0.02278259
0.02710158
0.03068553
0.03308994
0.03515749
0.03730758
0.03968967
0.04158918
0.04050416
0.03615813
0.0310722
0.02647288
0.02360529
0.02265235
0.02147594
0.01973235
0.01810016
0.0166585
0.01571654
0.0151513
0.01427953
0.01277236
0.01036507
0.007066899
0.003516736
-0.0001069425
-0.003456405
-0.00537268
-0.003659036
0.001984595
0.008687663
0.01477068
0.01834248
0.01900004
0.01949727
0.02031387
0.0208069
0.02098616
0.02070807
0.0206975
0.02244422
0.02551405
0.02700272
0.02628381
0.02474994
0.0225945
0.01997209
0.0170687
0.01404619
0.01131143
0.009277422
0.007965645
0.006597178
0.004723928
0.002074049
-0.001188476
-0.003841175
-0.005608416
-0.007141016
-0.008786595
-0.01127435
-0.01473823
-0.01838115
-0.02185711
-0.02465716
-0.02643468
-0.02725242
-0.02708533
-0.02633171
-0.02527789
-0.02426012
-0.02351492
-0.02301582
-0.02295194
-0.02326932
-0.02324714
-0.02105095
-0.01635511
-0.01107061
-0.006254188
-0.003158492
-0.001899911
-0.0003807668
0.001655747
0.003275815
0.004344626
0.004725022
0.004423098
0.003681884
0.002514168
0.0008930057
-0.001150898
-0.003566585
-0.006286188
-0.009232682
-0.0123322
-0.01551223
-0.01870674
-0.02185509
-0.02486703
-0.02762125
-0.02999501
-0.03199255
-0.03384198
-0.03574394
-0.03665588
-0.03363862
-0.02628706
-0.01777262
-0.01001665
-0.005470045
-0.004576774
-0.003960726
-0.003026762
-0.002471448
-0.002099485
-0.002034337
-0.002124137
-0.002211614
-0.002270957
-0.002269101
-0.002197684
-0.002155532
-0.002394914
-0.003012406
-0.002924353
0.0004054879
0.006290605
0.009776619
0.01008332
0.0101987
0.01058155
0.0109535
0.01130097
0.01117834
0.01055936
0.009480232
0.007934657
0.006129042
0.004186112
0.002269834
0.0004618942
-0.001164473
-0.002095143
-0.001248675
0.001507566
0.004817672
0.007817047
0.009396006
0.009254041
0.008697013
0.007999854
0.007066027
0.005938092
0.004591082
0.003835895
0.00556276
0.01010912
0.01548928
0.02025938
0.02229471
0.02127761
0.02003347
0.01906085
0.01748616
0.014912
0.01019113
0.003325094
-0.004127394
-0.0113016
-0.01702315
-0.02062035
-0.02271249
-0.02373042
-0.02476213
-0.02554224
-0.02346551
-0.01739367
-0.00744028
0.004985496
0.01521757
0.02250567
0.03014916
0.03759237
0.04194724
0.04297108
0.04285894
0.04228067
0.04128418
0.04055062
0.04043931
0.03988238
0.03521865
0.02588457
0.01549723
0.005968595
-0.0005368099
-0.004008732
-0.008547035
-0.01450329
-0.01938061
-0.02262359
-0.02404779
-0.02370158
-0.02249479
-0.02069027
-0.01846026
-0.01620397
-0.01434008
-0.01312013
-0.01228981
-0.01169987
-0.01101048
-0.01007733
-0.009089854
-0.0080515
-0.007050213
-0.006188845
-0.005571148
-0.005177584
-0.004638765
-0.003706448
-0.002114122
0.0002228298
0.002946369
0.005871649
0.008743284
0.0113937
0.01367641
0.01501368
0.01433788
0.01153374
0.00808418
0.004962477
0.00340879
0.003804138
0.004769473
0.005942846
0.007067149
0.007799908
0.008169219
0.008038347
0.007525179
0.006665841
0.005448957
0.003938595
0.002191778
0.0002809755
-0.001712145
-0.00371142
-0.005636535
-0.007402728
-0.008949655
-0.01025101
-0.01131001
-0.01196547
-0.01176015
-0.01045642
-0.008151447
-0.005173971
-0.002593923
-0.0008801496
0.0001402148
0.0004995635
0.0007267012
0.0009783014
0.001091161
0.001137355
0.001132151
0.001107079
0.001082415
0.001043348
0.0009994764
0.001007474
0.001113705
0.001114559
0.0004265256
-0.001034087
-0.002671561
-0.00417613
-0.005235914
-0.005874483
-0.006797501
-0.008109406
-0.009455038
-0.01073943
-0.01178172
-0.01242906
-0.01252096
-0.01192766
-0.01077626
-0.009289345
-0.008029327
-0.007182484
-0.006390371
-0.005497479
-0.004233735
-0.002640911
-0.001327792
-0.0004722523
1.632929E-05
0.0001713858
0.0002657464
0.0003730201
0.0004168921
0.0004315451
0.0004218155
0.000395224
0.0003559964
0.000328628
0.0004124964
0.00067996
0.001193364
0.001961537
0.002870008
0.003852868
0.004831834
0.005754728
0.006553327
0.006945449
0.006429213
0.005088385
0.003680107
0.002032325
-0.000693585
-0.003832949
-0.004815918
-0.002885668
0.0006413509
0.004928893
0.0083278
0.01073643
0.01436667
0.01950938
0.02506988
0.03021892
0.03329435
0.03399358
0.03374741
0.03257275
0.02984009
0.02566558
0.02085416
0.0161482
0.01247022
0.01010586
0.008090889
0.005947368
0.003131281
-0.0002876197
-0.002983248
-0.004762023
-0.006408599
-0.008318765
-0.0110688
-0.01453509
-0.01741294
-0.01930534
-0.02041334
-0.02080924
-0.02107444
-0.02136108
-0.02149993
-0.02158315
-0.02165959
-0.02169215
-0.02140152
-0.02056124
-0.01898769
-0.01666233
-0.01414166
-0.01199133
-0.01069156
-0.009371471
-0.005277704
0.0009561183
0.004508086
0.004593607
0.003984696
0.003166417
0.002214134
0.001626311
0.001418637
0.0005462028
-0.003625588
-0.009782944
-0.0112553
-0.007075244
-0.002103081
0.002046175
0.00433233
0.004846379
0.006017282
0.006457335
0.001752489
-0.006987953
-0.01239479
-0.01324918
-0.01406347
-0.01554787
-0.01719758
-0.01905184
-0.02067074
-0.02214823
-0.0236247
-0.0250404
-0.02633276
-0.02751336
-0.02859848
-0.02910834
-0.02790309
-0.02501052
-0.02192473
-0.01882515
-0.01485892
-0.009923631
-0.004476686
0.0006421727
0.003750242
0.004748678
0.005699638
0.007044229
0.008297632
0.009480116
0.01045112
0.01138058
0.01243675
0.0129366
0.0110822
0.006611769
0.001471652
-0.003216108
-0.006135077
-0.007121879
-0.008298536
-0.01004316
-0.01168662
-0.0130708
-0.0138234
-0.01435691
-0.0161404
-0.01944534
-0.02317031
-0.02653161
-0.02818489
-0.0278367
-0.02688271
-0.02567968
-0.02446976
-0.02370018
-0.02374246
-0.02491728
-0.02705169
-0.02992215
-0.03264157
-0.03433057
-0.03399368
-0.03148461
-0.02849361
-0.02579562
-0.02388766
-0.02283815
-0.02136396
-0.0194054
-0.01782113
-0.01677338
-0.01621353
-0.01605057
-0.01593335
-0.01578227
-0.01572084
-0.01575576
-0.01584121
-0.01578286
-0.0154141
-0.01535017
-0.01740244
-0.02186951
-0.02696585
-0.03160592
-0.03432218
-0.03486128
-0.03522662
-0.03582765
-0.03629508
-0.03654459
-0.03597462
-0.0346386
-0.03321589
-0.03191966
-0.03079591
-0.02971153
-0.02823921
-0.02680441
-0.02624667
-0.02511173
-0.01946835
-0.01031481
-0.004873815
-0.004237637
-0.003952302
-0.003310114
-0.002762063
-0.002242326
-0.002113973
-0.002186609
-0.00219684
-0.002186552
-0.002467266
-0.003263377
-0.004754007
-0.007005819
-0.009789605
-0.0129906
-0.0163959
-0.01979354
-0.02297326
-0.0257112
-0.02783461
-0.02917285
-0.02964965
-0.02924544
-0.02819267
-0.0267672
-0.02548391
-0.02462491
-0.02410225
-0.02389085
-0.02373054
-0.02361003
-0.02370766
-0.02375884
-0.02291088
-0.02067793
-0.01703337
-0.0123827
-0.008394609
-0.005750286
-0.004175093
-0.003613372
-0.003263545
-0.00288716
-0.002708711
-0.002588581
-0.002520263
-0.002572478
-0.002860147
-0.003003184
-0.001577995
0.00219632
0.008341237
0.01618047
0.02290689
0.02736707
0.03002301
0.03097403
0.03158635
0.03225955
0.03258522
0.03274778
0.03277093
0.03272605
0.0326679
0.03263882
0.03279984
0.03323824
0.03400067
0.03506942
0.03625574
0.03751537
0.03872552
0.03932139
0.0382133
0.03542419
0.03247953
0.02955312
0.02565664
0.02054684
0.01466404
0.00935099
0.007695892
0.01008491
0.01320415
0.01586879
0.01748962
0.01782511
0.01840276
0.01939855
0.02036098
0.02133056
0.02222039
0.0230643
0.02387033
0.02455138
0.0250177
0.02531475
0.02576831
0.02655971
0.02775533
0.02926182
0.03053437
0.03137158
0.03186524
0.0320348
0.03214119
0.03226095
0.03231742
0.03234382
0.03234121
0.03232298
0.03230674
0.03230408
0.03232427
0.03234488
0.03231115
0.0321985
0.03211559
0.03231944
0.03290634
0.03278782
0.02942634
0.02351178
0.01999551
0.01965165
0.01949698
0.01908779
0.01872263
0.01836303
0.01825654
0.01829121
0.01831567
0.01831551
0.01831972
0.01833704
0.01833213
0.01827097
0.01819921
0.01829504
0.01869594
0.01872418
0.01649093
0.01181792
0.006734802
0.001994538
-0.002178277
-0.00596231
-0.01034922
-0.01396892
-0.01297149
-0.007761924
-0.003687581
-0.001391133
0.00229046
0.00732166
0.0117808
0.01490031
0.01643198
0.01639781
0.01568409
0.01453939
0.01289523
0.01095242
0.008925762
0.007106089
0.005766043
0.004902403
0.003966389
0.002594332
0.0003830464
-0.002814407
-0.006518793
-0.01051557
-0.01444956
-0.01799897
-0.02087477
-0.02265203
-0.02296927
-0.02188062
-0.02035964
-0.01897003
-0.01813047
-0.01799614
-0.01788072
-0.01766878
-0.01752929
-0.0174627
-0.01755793
-0.01762608
-0.01702746
-0.01534292
-0.01222833
-0.007598703
-0.002091439
0.003910117
0.009830944
0.01515301
0.01945382
0.02218221
0.02285746
0.02121798
0.01779915
0.01340922
0.009711041
0.007097979
0.004098828
0.0004729737
-0.003403944
-0.006979762
-0.00874362
-0.008442632
-0.007247441
-0.005376137
-0.002829189
0.0002046453
0.003566638
0.006981347
0.01016494
0.01289216
0.01500507
0.0163321
0.01675984
0.01622496
0.01484623
0.01277322
0.01038894
0.008032307
0.006080345
0.004821314
0.004279048
0.004517577
0.005377763
0.006763544
0.008541352
0.01052863
0.01252028
0.01432317
0.015776
0.01669457
0.016908
0.01628756
0.01482998
0.012584
0.009830408
0.006816875
0.003843377
0.001121615
-0.001201605
-0.002654698
-0.002282531
0.0004290726
0.005228918
0.01142595
0.01681293
0.02040433
0.02256212
0.02334564
0.02384835
0.02439935
0.02467145
0.02481253
0.02483227
0.02478874
0.02474873
0.02474773
0.02482331
0.02486851
0.0245411
0.02365842
0.02232518
0.02094402
0.02018573
0.01915734
0.01513526
0.008797209
0.004944985
0.004251469
0.003647257
0.002618369
0.001527265
0.0003474331
-0.0006220127
-0.00144465
-0.002225197
-0.00291833
-0.003454237
-0.003791747
-0.003985797
-0.0040743
-0.004122773
-0.004172531
-0.004216218
-0.004237874
-0.004138762
-0.003854935
-0.003334788
-0.002563359
-0.001642316
-0.0006300868
0.0003754776
0.001273229
0.001971006
0.002407019
0.002650778
0.002769647
0.002888044
0.002968811
0.00267571
0.001831732
0.0003225017
-0.001831924
-0.004194225
-0.006487113
-0.008364673
-0.009564819
-0.01007944
-0.009846912
-0.009020944
-0.007695116
-0.005992714
-0.004077501
-0.002147492
-0.0004158839
0.0009241023
0.001773946
0.002274404
0.00250642
0.002635621
0.002738697
0.002751656
0.002751596
0.002908899
0.003336824
0.004109845
0.005220338
0.006442344
0.007621423
0.008567102
0.009173202
0.009538948
0.009691409
0.009759677
0.009833617
0.009973209
0.01027119
0.01079423
0.01156951
0.01249448
0.01349745
0.01448094
0.0153744
0.01612727
0.01660682
0.01658131
0.01590933
0.01468075
0.013151
0.01196475
0.0111462
0.009751549
0.007294138
0.003490669
-0.001312847
-0.005328749
-0.007993488
-0.009908141
-0.0113547
-0.01328869
-0.015935
-0.01859773
-0.02107329
-0.0229963
-0.02421556
-0.02500007
-0.02535138
-0.02526165
-0.02465407
-0.02326064
-0.02106635
-0.01832011
-0.01514743
-0.01174341
-0.008294675
-0.0050724
-0.002462895
-0.0007220368
0.0006346218
0.00316564
0.00660369
0.008406727
0.008163907
0.00725371
0.005931248
0.004260628
0.002384495
0.0003851009
-0.001435354
-0.002754166
-0.003603846
-0.004693172
-0.006419409
-0.00896464
-0.01215427
-0.01484245
-0.01661663
-0.0176672
-0.01804195
-0.01828682
-0.018559
-0.01869764
-0.01876804
-0.01878066
-0.01877717
-0.01879638
-0.01880903
-0.01870821
-0.01842267
-0.01790218
-0.01713374
-0.01621552
-0.01519983
-0.01418775
-0.01330114
-0.01266052
-0.01224856
-0.01172504
-0.01089672
-0.009676046
-0.008159858
-0.006918295
-0.006093439
-0.005390833
-0.00465094
-0.003491603
-0.001806132
0.000112362
0.002167002
0.004165413
0.005950158
0.007394504
0.008313824
0.008547184
0.007999848
0.006850813
0.005377095
0.004167145
0.003328524
0.002145097
0.0002093193
-0.002991091
-0.007518881
-0.01241108
-0.01711306
-0.02088968
-0.02330046
-0.02464408
-0.024999
-0.02485053
-0.02442571
-0.02365891
-0.0227008
-0.02168205
-0.02080032
-0.02023457
-0.01981941
-0.01884837
-0.01716512
-0.01529187
-0.01360175
-0.01279249
-0.01303718
-0.01369373
-0.01462399
-0.0157422
-0.01685731
-0.01780359
-0.0184359
-0.01881785
-0.0189896
-0.01909237
-0.01918915
-0.01923733
-0.01926259
-0.0192722
-0.01927623
-0.01928223
-0.01928948
-0.01929823
-0.01930331
-0.01930503
-0.0193177
-0.0193621
-0.01938597
-0.0191934
-0.01865227
-0.01765151
-0.01616085
-0.0143834
-0.01243346
-0.01049854
-0.008782121
-0.0074762
-0.006641559
-0.005983825
-0.005322371
-0.004422933
-0.003199656
-0.001925693
-0.0007202797
0.0002318443
0.0008210536
0.001159695
0.00132032
0.001488772
0.001604595
0.001160233
-0.0001154841
-0.002403638
-0.005677368
-0.00927211
-0.0127564
-0.01559326
-0.01740975
-0.01829464
-0.01822527
-0.01749766
-0.01626648
-0.01460752
-0.01270819
-0.01077367
-0.009045192
-0.007756184
-0.00693088
-0.006142446
-0.005149636
-0.003778385
-0.002077616
-0.0006679996
0.0002495739
0.0007793691
0.0009562702
0.001070023
0.001200035
0.001259799
0.001284426
0.001281389
0.001265753
0.001252874
0.001242936
0.001233464
0.001223122
0.001212418
0.001201816
0.001191127
0.00118016
0.00116965
0.001161632
0.001156315
0.00114973
0.001140505
0.001128614
0.001116286
0.001111917
0.001131485
0.001134309
0.0009603883
0.0005071786
-0.0002873164
-0.001411297
-0.00264223
-0.003841928
-0.004842597
-0.005483181
-0.005655088
-0.005254594
-0.004303669
-0.002836236
-0.001025308
0.0009783317
0.0029754
0.004766341
0.006173901
0.00706727
0.007481309
0.007418593
0.006980321
0.006225788
0.005174572
0.003891518
0.00244513
0.0009126
-0.0006215403
-0.002078579
-0.003391023
-0.004496236
-0.005353249
-0.005888619
-0.005984958
-0.005562421
-0.00459657
-0.003107689
-0.001283667
0.0007325029
0.002739038
0.004524368
0.005893272
0.006766096
0.007385374
0.007908776
0.008588994
0.009556102
0.01069172
0.01200001
0.01342983
0.01493085
0.01644124
0.01787288
0.01915239
0.02023176
0.02110602
0.02164901
0.02148418
0.02033558
0.01802112
0.01456878
0.01078429
0.007538441
0.005562461
0.003541462
-0.002670945
-0.012147
-0.01777477
-0.01855971
-0.01891368
-0.01959162
-0.02015669
-0.02069285
-0.02085419
-0.0208092
-0.02077697
-0.02075893
-0.02072884
-0.02075467
-0.02097029
-0.02107962
-0.0199444
-0.01693807
-0.01204377
-0.005800079
-0.0004449629
0.003103921
0.005216793
0.005970423
0.006453504
0.006985909
0.007241769
0.007364732
0.007377015
0.00734705
0.007321735
0.007283283
0.007242893
0.00725667
0.007377915
0.00738873
0.006655222
0.005079651
0.003294802
0.00166751
0.0006526799
0.0002968668
-0.0001313358
-0.0007657337
-0.001432801
-0.002178017
-0.002965943
-0.003765813
-0.004494645
-0.00507568
-0.005624146
-0.006488373
-0.007801507
-0.007921358
-0.002983746
0.006126419
0.01227014
0.01431563
0.0163036
0.01853927
0.02004331
0.02078397
0.02106363
0.02117158
0.02120873
0.02128151
0.02138462
0.02139814
0.02088248
0.01954198
0.01718442
0.01382346
0.01012945
0.006552714
0.0036607
0.00179535
0.000692432
0.0002515103
-2.965257E-07
-0.0003861527
-0.0008283047
-0.0008368839
0.0008892375
0.0039614
0.005779573
0.005946517
0.006014081
0.006214523
0.006391982
0.006562462
0.006597955
0.006563507
0.006550696
0.006543161
0.006429824
0.006131351
0.005587306
0.004784913
0.003836719
0.002812077
0.001805586
0.0008882765
0.0001036332
-0.0003925946
-0.0002638596
0.0007258478
0.002712658
0.00570518
0.00931223
0.01327677
0.01720997
0.02072305
0.02347381
0.02522177
0.02612361
0.02625156
0.02586452
0.02510001
0.02392402
0.02242664
0.02068094
0.01876927
0.01678878
0.01481214
0.01290185
0.01111198
0.009512099
0.008241551
0.007452751
0.006932154
0.005728638
0.003304435
-0.0004497329
-0.005189897
-0.00922896
-0.01190735
-0.01350394
-0.01408045
-0.01445869
-0.01487905
-0.0150955
-0.01520938
-0.01523535
-0.01522837
-0.01523328
-0.01524231
-0.01525291
-0.01526579
-0.01529331
-0.01531478
-0.01523323
-0.0149826
-0.01450969
-0.01380299
-0.01295986
-0.01203464
-0.0111175
-0.01030595
-0.009689771
-0.009301148
-0.009001673
-0.008703446
-0.008280152
-0.007671763
-0.006955847
-0.006144014
-0.005287788
-0.004444002
-0.003658986
-0.002973001
-0.002407101
-0.002063465
-0.002188464
-0.002949528
-0.004454953
-0.006714672
-0.009431364
-0.01240781
-0.01535464
-0.01799824
-0.02011075
-0.02145685
-0.02192733
-0.02144623
-0.02015265
-0.01819201
-0.01592159
-0.01368576
-0.01186654
-0.01069246
-0.009993936
-0.009695394
-0.009530536
-0.009375308
-0.009310802
-0.009290739
-0.009303018
-0.009326756
-0.00934616
-0.009363304
-0.009377722
-0.009391604
-0.009407904
-0.009426548
-0.009442986
-0.009456518
-0.009469074
-0.009482594
-0.009499027
-0.009517735
-0.009534297
-0.009548123
-0.009560893
-0.009573667
-0.009587535
-0.009604227
-0.009623123
-0.009639293
-0.009652107
-0.009664756
-0.009681628
-0.009703195
-0.009722046
-0.009731561
-0.00973493
-0.009753353
-0.009820601
-0.009862733
-0.009588729
-0.008835235
-0.0075983
-0.006018542
-0.00466711
-0.003773631
-0.00324549
-0.003067303
-0.002959368
-0.002833758
-0.002772459
-0.002751308
-0.002804455
-0.002939687
-0.003172119
-0.003523195
-0.003973655
-0.004513983
-0.00512339
-0.005783303
-0.006471092
-0.007161858
-0.00782954
-0.008446406
-0.008990476
-0.009439083
-0.009774183
-0.009990688
-0.01012192
-0.01019069
-0.01023481
-0.01027454
-0.01030001
-0.01031981
-0.01033651
-0.0103507
-0.01036432
-0.01037763
-0.01039113
-0.0104067
-0.01042607
-0.01044673
-0.01046611
-0.01047644
-0.01047637
-0.01049398
-0.01057078
-0.01062795
-0.01036052
-0.009588029
-0.008314438
-0.006750843
-0.0055626
-0.004751115
-0.003348426
-0.0008602329
0.002997353
0.007904879
0.01208897
0.01484291
0.01629498
0.01641838
0.01599767
0.01528009
0.014236
0.01313312
0.01218798
0.01154614
0.01108279
0.01070276
0.0102157
0.009537611
0.008770361
0.007921829
0.007040121
0.006165613
0.005343777
0.004632277
0.004077219
0.003714503
0.003517664
0.003464551
0.003437898
0.003273015
0.00293808
0.002971369
0.004668398
0.007710571
0.009682793
0.01028468
0.01113048
0.01243958
0.01383318
0.01519071
0.01620826
0.0167928
0.01696508
0.01667117
0.01597181
0.01492511
0.01371624
0.01252738
0.01155701
0.01092406
0.0105375
0.01035821
0.01024893
0.01014699
0.01009275
0.01006009
0.0100436
0.01002921
0.01000877
0.009994427
0.009997775
0.009991668
0.00987199
0.009569072
0.009028315
0.008235853
0.007293365
0.006258005
0.005230461
0.004320648
0.003633157
0.003181132
0.002737922
0.002159516
0.001294275
0.0001047842
-0.001159982
-0.002374792
-0.003365617
-0.00399943
-0.004278598
-0.004170095
-0.00375562
-0.003079803
-0.002205348
-0.001220734
-0.000230013
0.0006568292
0.001340445
0.001769521
0.002014869
0.002118434
0.002171557
0.002219832
0.002231668
0.002220622
0.002196925
0.002180874
0.002199523
0.002200839
0.001977772
0.001389457
0.0003195086
-0.001263951
-0.003142207
-0.005186556
-0.007206028
-0.009022057
-0.01049188
-0.0114269
-0.01164393
-0.01102218
-0.00961067
-0.007511769
-0.005125948
-0.002791126
-0.0008974214
0.0003197483
0.00104226
0.001349418
0.001521396
0.001684445
0.001749397
0.001766531
0.001752429
0.001728477
0.001709396
0.001691342
0.001673095
0.001654091
0.001637235
0.001620972
0.00160306
0.001584688
0.001566134
0.001551521
0.001549943
0.001542107
0.001453319
0.001234034
0.0008412131
0.00025553
-0.0004668857
-0.001293513
-0.00217229
-0.003054
-0.00388377
-0.004597571
-0.005140661
-0.005488143
-0.005695481
-0.005804091
-0.005882072
-0.005946015
-0.00590754
-0.005730032
-0.005372288
-0.004817672
-0.004127073
-0.003330925
-0.002482816
-0.00163366
-0.0008371487
-0.0001572041
0.0003529249
0.0006688674
0.0008447017
0.0009160245
0.0009462555
0.0009713475
0.0009755521
0.0009678777
0.0009497656
0.0009274631
0.0009108439
0.0009002596
0.0008893644
0.0008688814
0.0008399728
0.0008256891
0.0008598845
0.0008694075
0.0005626213
-0.0002226139
-0.001490245
-0.003100795
-0.004486205
-0.005410729
-0.005967911
-0.006179631
-0.006323869
-0.006475417
-0.006549057
-0.006603326
-0.006678044
-0.006714819
-0.006435815
-0.00568139
-0.004447423
-0.002869876
-0.001517105
-0.0006245185
-0.0001004143
7.822441E-05
0.0001899577
0.0003135359
0.0003638282
0.0003795495
0.0003683849
0.0003467662
0.0003277028
0.0003100918
0.0002934614
0.0002749949
0.0002531175
0.0002294805
0.0002146632
0.0002180202
0.0002267267
0.0001824367
3.276157E-05
-7.473474E-06
0.0006945884
0.002241782
0.004006891
0.005613518
0.00654946
0.006726371
0.006842934
0.007023402
0.007126259
0.007190245
0.007190573
0.007160377
0.007135777
0.007118795
0.007105313
0.007088564
0.007067618
0.007049915
0.007041484
0.007032441
0.006987289
0.006881838
0.006692898
0.01200356
0.01168163
0.01128251
0.01081759
0.01029729
0.009740023
0.009162813
0.008580866
0.008014075
0.007482756
0.007005276
0.006595636
0.0062666
0.006030534
0.00589105
0.005822786
0.005804778
0.005806053
0.005808497
0.005821876
0.005842553
0.00586498
0.005885311
0.005903106
0.005923644
0.005946985
0.005967913
0.005981933
0.00599297
0.006010952
0.006049001
0.006093574
0.006081999
0.005966032
0.005959077
0.006680428
0.008227192
0.009979754
0.01156379
0.01248272
0.01266067
0.01277993
0.01295809
0.01304866
0.01309404
0.01309016
0.01309123
0.01310669
0.01302554
0.01275058
0.0126782
0.01397041
0.01680479
0.02001537
0.02291148
0.02459698
0.02495106
0.02528769
0.0258465
0.02634678
0.02685398
0.02730435
0.02774062
0.02820263
0.02866823
0.02910689
0.02948483
0.0297848
0.02999263
0.03009579
0.03008028
0.02992739
0.02962344
0.0291692
0.02857361
0.02786197
0.02705253
0.02617477
0.02526229
0.02435401
0.02348891
0.02269481
0.02198627
0.02136234
0.02089786
0.02080912
0.02120564
0.02204535
0.02317717
0.02410795
0.02462829
0.02482017
0.02470309
0.02452071
0.02434377
0.02410057
0.02382332
0.02351616
0.02319757
0.02288108
0.02256181
0.02223675
0.02191074
0.02158946
0.02126362
0.02089921
0.0204689
0.0199456
0.01931733
0.01860073
0.01779778
0.01691685
0.01596886
0.01496517
0.01392229
0.01285756
0.01178579
0.01072488
0.009691043
0.008696779
0.00775585
0.006880495
0.006084039
0.005376645
0.004769465
0.004268975
0.003869182
0.003540324
0.003261735
0.003004644
0.002752919
0.002512659
0.002276509
0.002042484
0.001810192
0.001578758
0.001348823
0.001119048
0.0008851872
0.0006421222
0.0004048437
0.0002290862
0.0001522767
0.000212403
0.0004280044
0.0007648983
0.001209219
0.001734741
0.002312289
0.002908448
0.00348744
0.00401681
0.004464691
0.004804684
0.005006782
0.005049909
0.004934252
0.004706627
0.004397503
0.004052231
0.003705128
0.003359151
0.002996836
0.002518713
0.001867911
0.00101468
-3.50941E-05
-0.001138153
-0.002191906
-0.003070546
-0.003735364
-0.004341544
-0.004979631
-0.005796717
-0.006855688
-0.00806259
-0.009399646
-0.01081351
-0.01225309
-0.01366205
-0.01497709
-0.01614144
-0.01709551
-0.01779611
-0.01823525
-0.0184896
-0.01861149
-0.01867555
-0.01872576
-0.01874576
-0.01875029
-0.01874392
-0.01873225
-0.01872026
-0.01870822
-0.01869435
-0.01867482
-0.01864512
-0.0186187
-0.01864561
-0.01875723
-0.0189764
-0.01930517
-0.0196899
-0.02009972
-0.0204858
-0.02080033
-0.02100514
-0.02108285
-0.0210699
-0.02098625
-0.02087431
-0.02075624
-0.02062078
-0.0204765
-0.02032574
-0.02017097
-0.0200146
-0.01985664
-0.01969711
-0.01953661
-0.01937501
-0.01921075
-0.01904378
-0.01887488
-0.01870434
-0.01853224
-0.01835887
-0.01818502
-0.0180105
-0.01783381
-0.0176546
-0.01747355
-0.01729164
-0.01711011
-0.01692821
-0.01674209
-0.01654705
-0.01635673
-0.01621869
-0.01615858
-0.01618819
-0.01630071
-0.0164269
-0.01651951
-0.0165242
-0.01642684
-0.01629783
-0.01617296
-0.01610098
-0.01609314
-0.01608393
-0.01604006
-0.01591717
-0.01571716
-0.01553067
-0.01539533
-0.01533429
-0.01533409
-0.01527698
-0.01509391
-0.01470536
-0.01407688
-0.01328449
-0.01240815
-0.01163811
-0.01105303
-0.01060816
-0.01028829
-0.009997551
-0.009707549
-0.009443485
-0.009192947
-0.008953051
-0.008718006
-0.008483981
-0.008251558
-0.00802109
-0.007792739
-0.007566045
-0.007341131
-0.00711848
-0.006898184
-0.00667976
-0.006463171
-0.006248667
-0.006036384
-0.005826341
-0.005618503
-0.005412883
-0.005209585
-0.005008785
-0.004810428
-0.004614157
-0.004419964
-0.00422802
-0.004038404
-0.003851145
-0.0036663
-0.003483943
-0.003303945
-0.003126049
-0.002950499
-0.002777762
-0.002607054
-0.002435761
-0.002262452
-0.002085874
-0.001906045
-0.001725732
-0.001546459
-0.001370047
-0.001197881
-0.001031429
-0.0008719288
-0.0007200495
-0.0005764062
-0.0004409741
-0.0003133585
-0.0001923194
-7.674647E-05
3.465813E-05
0.0001427766
0.0002480832
0.0003513291
0.000453247
0.0005543696
0.0006551177
0.0007558339
0.0008568106
0.0009581992
0.001060112
0.001162624
0.001265661
0.001369028
0.001472457
0.001575874
0.001679418
0.001783023
0.001886415
0.001989178
0.002090538
0.002190001
0.002287082
0.002381483
0.002473003
0.002561532
0.002647141
0.002730099
0.002811017
0.002890287
0.002968289
0.003045223
0.003121071
0.003195902
0.003269749
0.003342642
0.003414598
0.003485626
0.003555742
0.003624958
0.003693278
0.003760711
0.003827268
0.003892958
0.003957791
0.004021776
0.004084922
0.004147237
0.004208727
0.004269403
0.004329272
0.004388344
0.004446621
0.004504111
0.004560817
0.004616749
0.004671917
0.004726324
0.004779971
0.004832856
0.004884977
0.004936338
0.004986941
0.005036794
0.005085899
0.005134263
0.005181887
0.005228774
0.005274923
0.005320333
0.005365
0.005408922
0.005452093
0.005494509
0.005536165
0.005577055