0.02
-0.03695617
-0.02800765
-0.01692142
-0.02217885
-0.01977219
-0.0153859
-0.004916505
-0.002556283
0.009219389
0.02629585
0.0395951
0.009379977
-0.03130559
0.0001676016
0.03605624
0.06098588
0.04688103
0.0007725532
-0.0503381
-0.01029554
0.01845759
-0.007942819
0.01423726
0.01949344
0.02457411
0.001251811
-0.03958394
-0.055188
-0.06361741
-0.03612348
0.001625515
0.02520771
0.03223223
0.06130505
0.07778293
0.1156787
0.09324263
0.02457706
-0.008393587
0.01141876
0.1018569
0.1344836
0.08739837
0.01052304
0.04690959
0.08606042
0.06470183
-0.02683265
0.00111165
0.0510401
0.08108069
0.08525112
-0.01017727
-0.07510449
-0.08651015
-0.0359762
-0.09371307
-0.1036312
-0.01102388
0.03368438
0.08047664
0.0458139
0.04045082
0.07857663
0.03380516
-0.02336422
-0.06433378
0.001764196
-0.04070643
-0.08718547
-0.04265989
-0.03325985
0.006406862
0.07216641
0.0006872268
-0.06148933
-0.06185977
-0.0409793
0.02402458
0.01698916
0.01433185
0.06080716
0.0876498
0.04146272
0.001849828
0.02011406
0.0237181
-0.02166408
-0.02035955
-0.01582132
-0.02445201
-0.01292413
0.001460066
0.01296716
0.01260891
-0.03825125
-0.06546136
-0.094552
-0.1175529
-0.1123372
-0.01092497
0.04830043
0.06850507
0.0970547
0.05719737
0.0555129
-0.02236214
-0.05770074
-0.04579767
-0.08448824
-0.108623
-0.1018137
-0.09052406
-0.08302639
-0.0627365
-0.06929973
-0.08231403
-0.06601108
-0.0562357
-0.06504631
-0.05533227
-0.02473329
0.005455091
0.0163496
0.0057297
-0.002596777
-0.00247923
0.007718427
0.01056542
0.006990961
0.01296929
0.002843319
-0.0340847
-0.04987578
-0.04576107
-0.04154794
-0.04225173
-0.04213288
-0.04964516
-0.05649086
-0.04399889
-0.01652871
0.03677962
0.08701318
0.06326871
0.02812833
-0.06269024
-0.07259269
0.01470018
0.01853416
0.0006783944
-0.03311533
-0.05094242
-0.06551517
-0.05887437
0.00952187
0.0526023
0.04500154
0.01892408
-0.0195305
-0.04046598
-0.02693301
0.01614688
0.00598645
-0.04357598
-0.02583614
0.02504716
0.05893278
0.07484765
0.06953184
0.06774586
0.07625843
0.07491538
0.08994704
0.1588679
0.1651708
0.03462481
-0.07171278
-0.09303783
-0.09655709
-0.09852325
-0.09131793
-0.08092749
-0.08460116
-0.09007855
-0.09504219
-0.07873816
-0.01923948
0.02582381
0.07099286
0.09693457
0.08299192
0.05169671
0.04692119
0.0993694
0.1383431
0.1133114
0.03469894
-0.005061063
-0.03508751
-0.05617089
-0.02485818
0.04018665
0.06483308
0.009545898
-0.01990292
-0.05006092
-0.0927091
-0.102228
-0.09496196
-0.03469396
0.01735869
0.02527567
0.03510081
0.04041628
0.04498791
0.06296617
0.05479342
-0.0127395
-0.03915748
-0.01519485
-0.02689675
-0.03535835
-0.03990236
-0.01051019
0.03506305
0.04145478
0.04167326
0.03630397
0.03212784
0.03678981
0.04441363
0.04373752
0.01101584
-0.03609721
-0.09025867
-0.1067456
-0.02240065
0.02208863
0.007513595
0.02397187
0.05139088
0.05394107
0.00776467
-0.02897794
-0.03027776
-0.05603942
-0.06796188
-0.02477596
0.008006813
0.005028216
-0.01842807
-0.01095404
-0.02725842
-0.1014674
-0.1224569
-0.07023608
-0.004352553
0.02629187
0.05871604
0.09231001
0.1289526
0.1493914
0.1165105
0.0889314
0.05794335
0.02003346
-0.001129195
-0.01343532
-0.003945192
-0.00965115
-0.02329488
-0.03052803
-0.02833957
-0.01375516
-0.005334735
-0.004559323
-0.007832408
0.001996297
0.05301045
0.04342017
-0.006310268
-0.01278669
-0.0128005
-0.01005533
-0.01180538
-0.005532207
0.002389184
-0.0161422
-0.01174714
0.001448398
-0.001556819
0.01103878
0.02557942
0.04752621
0.04805597
0.04107233
0.03652437
0.02642958
-0.005828875
-0.02840964
-0.001327704
0.04572678
0.05892128
0.04810491
0.01253919
-0.00824169
-0.007329276
-0.01616608
-0.01873301
-0.02867358
-0.0530115
-0.05885077
-0.006989708
0.0307698
0.03902168
0.01636342
-0.02704576
-0.03201424
-0.019246
-0.005805622
0.01291628
0.0294339
0.04665122
0.05952126
0.06122939
0.07250305
0.06366738
0.0269877
0.0001846634
-0.0006502304
-0.001527994
-0.03972146
-0.06458255
-0.05294907
-0.03293428
-0.02548796
0.02439748
0.06454394
0.0673492
0.05210758
-0.01014993
-0.05783371
-0.08142409
-0.06047003
-0.03914779
-0.04571746
-0.01650452
0.01615601
0.01750661
-0.005523852
-0.04095446
-0.06299146
-0.05757414
-0.02783595
-0.01380474
-0.007193
0.002163552
-0.003755414
-0.02130952
-0.04049664
-0.05470309
-0.05646555
-0.04119706
-0.01343559
0.00198183
-0.003688212
-0.01203269
-0.01476409
-0.006071479
0.003086263
-0.007194121
-0.02911575
-0.02953678
0.0004626755
0.0118492
0.01053571
0.01111842
0.02154212
0.03501258
0.02726705
0.01813741
0.001597498
-0.01112657
-0.02305809
-0.02578713
-0.009275884
0.008103406
0.01213092
-0.009513908
-0.02432879
-0.02492586
0.01154797
0.04339512
0.0460091
0.04716656
0.04369529
0.04097885
0.03137541
0.02258902
0.01709931
0.0041514
-0.01036728
-0.00535393
-0.01423091
-0.03864856
-0.0390615
-0.02157849
-0.02296239
-0.03725127
-0.04652274
-0.03263608
0.004307716
0.01487232
0.008524354
0.0002465906
-0.001086966
-0.01283467
-0.02953851
-0.02235901
-0.007927253
0.02000834
0.04078357
0.0380499
0.02972769
0.02211647
0.01810795
0.01202277
0.01054192
0.007354651
0.004117464
0.00471451
0.006812032
0.002493809
-0.01064328
-0.004631851
-0.002292366
-0.007905764
-0.003118164
-0.002033107
0.0001933879
0.002333242
0.01776069
0.05770391
0.07059371
0.04942477
0.04749512
0.0516478
0.04232123
0.04916071
0.05666019
0.05086914
0.0497987
0.02672183
-0.002931945
-0.01529869
-0.01952577
-0.02379155
-0.02021754
-0.002467511
0.001481986
0.007092107
0.0197913
0.03059233
0.0321094
0.02882742
0.02508753
0.03214543
0.03573337
0.0327546
0.04029924
0.03607213
0.02217652
-0.0008470159
-0.02989562
-0.04818315
-0.05106658
-0.05202417
-0.03605785
0.000617585
0.007918119
0.001338562
0.002336656
-0.02590654
-0.04540724
-0.02976684
-0.008812162
-0.01914388
-0.03417159
-0.006885566
0.01835646
0.02439399
0.01889335
0.004519809
0.003601157
0.01931877
0.02461717
0.01735943
0.009248027
0.004932121
0.0007019631
-0.003063002
-0.001820715
-0.003610815
-0.002200082
0.006185484
0.01740876
0.02548337
0.02338049
0.01618381
0.009450289
0.004059151
0.002459429
0.005664999
0.009297002
0.01030564
0.01332783
0.008878596
-0.002116929
-0.0128431
-0.01612626
-0.01708271
-0.01569617
-0.01159226
-0.0008603265
0.01921386
0.03036312
0.02434484
0.01492188
0.002441018
-0.01328847
-0.01268258
-0.008066994
-0.009588679
-0.00816045
0.003423991
0.008334646
-0.01132337
-0.02298246
-0.02564918
-0.03044863
-0.02776937
-0.01800716
-0.009633102
-0.005255327
-0.00537568
-0.01308884
-0.01933109
-0.01924621
-0.01682851
-0.01576633
-0.0131394
-0.0136805
-0.01777012
-0.02660879
-0.03403061
-0.03757737
-0.04252249
-0.04350994
-0.03836711
-0.0342789
-0.02793029
-0.0185512
-0.01485955
-0.01196038
-0.01174169
-0.008720996
-0.008795932
-0.0130732
-0.01413638
-0.01683557
-0.0159096
-0.01043846
-0.005955622
-0.008195539
-0.008601426
-0.002490467
0.0006105417
-0.002438983
-0.002537582
0.002258867
0.008010105
0.0150058
0.01499418
0.009022746
0.005866591
0.006113218
0.00463917
0.006904509
0.01277153
0.01777263
0.01925175
0.01935902
0.02137173
0.02309176
0.02173552
0.01443581
0.009941171
0.008322989
0.00479237
0.003090674
0.00496108
0.003152409
-0.002455701
-0.00362981
-0.004049056
-0.0007115826
0.006665153
0.009020488
0.01142383
0.00996958
0.004158975
0.001568569
-0.0007892164
-0.002281983
-0.005521952
-0.01182288
-0.008625513
-0.003560467
-0.002610043
-0.004838903
-0.01422607
-0.02475047
-0.03096736
-0.03164458
-0.03982791
-0.03776121
-0.02180716
-0.01519421
-0.01488378
-0.02502627
-0.02746259
-0.01265373
-0.00141685
-2.291745E-05
0.001836187
0.003261845
0.006080875
0.01473436
0.01933951
0.02084902
0.01790117
0.01016753
-0.002697667
-0.01553834
-0.01389395
-0.000789797
-0.000598802
-0.008007778
-0.009488466
-0.006613705
-0.004684437
-0.007505262
-0.004808859
-0.00222767
-0.003611174
-0.005087452
-0.005305004
-0.00531341
-0.002675891
0.0006022311
-0.0007748808
-0.004617289
-0.008201594
-0.008003694
2.988798E-05
0.006833393
0.009842541
0.01432665
0.02029491
0.02538396
0.03017725
0.03156786
0.02800744
0.02724287
0.02331736
0.01621052
0.009460713
0.01700727
0.02914385
0.03343668
0.02528555
0.01910407
0.01620601
0.01680454
0.01621583
-0.002058616
-0.006858833
-0.01833593
-0.03289239
-0.0300527
-0.01405497
0.02264776
0.02714709
0.00907181
0.002764303
-0.00457031
-0.01912446
-0.02570522
-0.008598504
-0.006458212
-0.01001255
-0.004392978
-2.083698E-05
-0.007262386
-0.01137353
-0.01014392
-0.01356344
-0.008980018
-0.003236825
-0.0007280263
0.00182466
-0.002794248
-0.005777049
-0.01041121
-0.01749946
-0.01099822
-0.01037216
-0.01370368
-0.02328369
-0.02459352
-0.01963644
-0.00402239
0.003775428
-0.00108901
8.191251E-05
-0.02335056
-0.03793553
-0.03005193
-0.01797203
-0.01426732
-0.01089103
-0.00496167
-0.005465426
-0.005606043
-0.006744203
0.001422094
0.01037381
0.01482938
0.01367497
0.009904274
0.006490596
0.0007768334
-0.001836115
-0.001603249
-0.002435247
-0.003857811
-0.0009831028
0.00297996
0.001333035
0.003194923
0.006744924
0.007043177
0.01316054
0.01289883
0.007006742
0.00168382
-0.003683973
-0.004671877
-0.00622587
0.001364446
0.00567037
0.007970984
0.01247888
0.01315363
0.01589797
0.02162377
0.02278917
0.02206246
0.0232401
0.02033673
0.01419078
0.01258588
0.01768646
0.02105305
0.01962768
0.01527492
0.0111435
0.002375157
-0.003659579
-0.001552673
0.007548375
0.01098026
0.01303719
0.01349273
0.009282778
0.00672319
0.004155442
0.005617715
0.006798465
0.002707856
0.002057704
0.00687271
0.01144189
0.007716438
-0.006045822
-0.01043224
-0.006901433
0.004090677
0.005847702
-0.005840916
-0.003188339
0.005060972
0.005420578
-0.005398001
-0.005462726
-0.0002999579
-0.006202156
-0.01474616
-0.0123466
-0.006080213
-0.0112256
-0.0118932
-0.01159078
-0.01734207
-0.01624
-0.01444228
-0.01073413
-0.008764056
-0.01180118
-0.01696093
-0.01745623
-0.02026388
-0.02696795
-0.02650754
-0.02874199
-0.02438827
-0.01186335
-0.005870511
-0.003515011
0.003922117
0.01458039
0.02281105
0.02870182
0.03144383
0.03291286
0.02505501
0.0164566
0.01626401
0.009558711
0.00637851
0.00446207
0.006289015
0.008508643
0.008620932
0.007627524
0.005895619
0.007535815
0.005698813
0.009821653
0.01342937
0.01329062
0.005804777
-0.001043581
0.0009983614
0.006813264
0.01035559
0.01204761
0.008029647
-0.01013879
-0.0172984
-0.00793402
0.001517035
0.007817287
0.01902882
0.02361644
0.01914747
0.01307809
-0.001043192
-0.0109366
-0.01451724
-0.00926064
0.001604924
0.006644221
0.004424155
-0.004267836
-0.01372791
-0.02253011
-0.02430454
-0.02083619
-0.01745661
-0.0143392
-0.01063836
-0.006068526
-0.009943292
-0.01581729
-0.01472674
-0.006855267
-0.0008861215
0.004005877
0.01384484
0.01705481
0.01461598
0.01570531
0.01278295
0.008370333
0.004625792
-0.0007099788
-0.009462777
-0.01789023
-0.01776501
-0.008077318
-0.006418077
-0.01118691
-0.01557531
-0.01873362
-0.02197254
-0.02224534
-0.0131617
0.0006771433
0.008930436
0.02330268
0.04836652
0.0566187
0.04796945
0.02863464
0.0297967
0.01603408
-0.02032564
-0.03710242
-0.03282439
-0.007111091
0.007270991
0.00136932
0.0006624756
0.001744677
0.01299421
0.01478422
0.004208739
-0.004298216
-0.01705861
-0.0005399283
0.01188443
0.002438941
0.009841774
0.02923365
0.03554705
0.02955718
0.02400893
0.02550477
0.02427003
0.008702215
-0.009960319
-0.01531188
-0.02267186
-0.03902216
-0.03345372
-0.02614213
-0.01938137
-0.005927415
-0.004936874
-0.006947209
-0.01820694
-0.01788563
-0.01127606
-0.01294688
-0.01300002
-0.003457036
0.01319735
0.01551662
0.01630381
0.01293447
-0.003423597
-0.01605972
-0.0195832
-0.01043729
0.001406477
0.005765446
0.008542359
0.0008142529
-0.0009428107
-0.006901292
-0.01127779
-0.007011868
-0.01205552
-0.01848642
-0.02682169
-0.01054644
0.006784477
0.008830651
0.01189067
0.008575645
0.000104486
-0.007354871
-0.006643048
-0.01156676
-0.01583159
-0.01461091
-0.01415016
-0.01419944
0.00469875
0.02456182
0.02728784
0.02795852
0.01730818
0.007463604
0.004783468
0.0005692136
-0.009086782
-0.01002181
-0.0021961
-0.002889467
-0.008372794
-0.01665708
-0.02001174
0.005124199
0.02730108
0.02066088
0.01104633
0.001468454
-0.006051098
-0.01650115
-0.01943384
-0.01867518
-0.003406044
0.0216673
0.02388545
0.01446028
0.004988143
0.004869369
-0.001543861
-0.01064687
-0.01320866
-0.01073983
-0.003679019
-0.001116437
-0.0001257127
-0.003086506
-0.0003506359
0.005522717
0.004979212
0.00296177
-0.002955167
-0.009622864
-0.006293575
-0.002509405
-0.00762273
-0.004574052
-0.0005788505
-0.0007299856
0.006865743
0.01588739
0.01404601
0.007180072
0.005060155
-0.003721416
-0.01358932
-0.01743008
-0.01717967
-0.01185274
-0.01160545
-0.01378681
-0.01601921
-0.01124526
0.005920622
0.01077916
0.006129217
0.001964764
0.002522876
-0.002051687
-0.006198904
-0.01089492
-0.00777368
0.0112483
0.01826893
0.02146146
0.02525883
0.02625727
0.01845614
0.009330004
-0.003349847
-0.01419271
-0.01378807
-0.01450036
-0.019105
-0.01063226
-0.001528161
-0.0004310993
0.00722351
0.008784609
0.006211617
0.003569233
0.004055158
0.005299932
0.0008296155
-0.005383912
-0.003977049
0.003649743
0.006282585
0.006070617
0.004657059
0.002427472
0.001877796
-0.000960789
-0.002681484
-0.0003946275
0.007747001
0.01346406
0.01467983
0.01277335
0.01059655
0.008732857
0.003813217
0.00402721
0.004814416
0.002574234
-0.001878354
-0.001164668
-0.001893289
-0.005119915
-0.001424848
0.004411174
0.008901789
0.01218878
0.01204039
0.006986787
0.004445423
0.001112515
-0.001850158
0.0004228064
-0.001208813
-0.004594858
-0.004429284
-0.002316554
-0.001975587
-0.001826403
-0.00266766
-0.007395141
-0.01029684
-0.006315606
-0.0004239314
0.004579302
0.008942976
0.01190617
0.01157066
0.00911251
0.00886774
0.00604133
0.001751203
-0.001865745
-0.003649771
-0.006180457
-0.007032241
-0.005805283
-0.004704824
-0.0006188426
0.002624602
0.003563848
0.002896578
0.0004942716
-0.0003107317
-0.002219391
-0.003381427
-0.005012678
-0.006040105
-0.006723807
-0.008699864
-0.01036688
-0.01010304
-0.005172722
-0.003284056
0.0006762166
0.007611816
0.01043782
0.008321915
0.008372476
0.007301025
0.0001911617
-0.006695333
-0.00920298
-0.01025816
-0.01206713
-0.009894021
-0.003842892
-0.002459291
-0.003816439
-0.002815357
-0.001680664
-0.00334486
-0.008757565
-0.01543711
-0.01809481
-0.01887063
-0.01951792
-0.0155895
-0.008764292
-0.0002979064
0.005584812
0.007885284
0.007166551
0.002674833
-0.00276447
-0.004701098
-0.00324623
-0.004690206
-0.007413266
-0.00835949
-0.009530116
-0.008719906
-0.009805878
-0.01141205
-0.008113049
-0.006792845
-0.004739264
-0.001289305
0.002808354
0.007572074
0.008936133
0.006490492
0.005044451
0.006195331
0.008593674
0.01217012
0.01441036
0.01420771
0.01018312
0.005034492
0.002516448
0.002469867
0.003018969
0.006108896
0.007793268
0.007640623
0.009290324
0.01257917
0.01365564
0.01173434
0.008752244
0.006585134
0.004610811
0.002226456
0.001732167
0.0003239677
-0.001080144
-0.0006533474
9.067807E-05
0.002235172
0.005046756
0.00472491
0.004619315
0.00271751
0.0005097146
0.0007744109
0.0002363787
0.002064758
0.00357695
0.003167473
0.002315331
0.00101848
0.0009803226
0.0005311196
-0.0004821297
0.0007567952
0.003112634
0.005521529
0.007155239
0.007240604
0.005641966
0.006200644
0.008881959
0.01048107
0.01129276
0.009660543
0.005113187
0.0004567091
-0.003894771
-0.004617071
-0.003875652
-0.001754155
0.0006774431
0.0002204207
0.000521279
-0.000240682
-0.001763542
-0.00300588
-0.003790218
-0.004304232
-0.006048345
-0.007066194
-0.008367582
-0.01001167
-0.01094376
-0.01370062
-0.01456433
-0.01336252
-0.01191894
-0.0090708
-0.006438871
-0.008251057
-0.008508737
-0.00574413
-0.003236537
-0.002742397
-0.003650729
-0.003322793
-0.00029897
0.002766701
0.001630002
0.00357985
0.004740249
0.005742577
0.007440574
0.007932963
0.00944436
0.009585926
0.008457629
0.005983979
0.005588103
0.003399097
0.003997783
0.006657922
0.005303374
0.004562899
0.003200258
0.002210969
0.0001639754
-0.002843824
-0.00727347
-0.00893786
-0.009063036
-0.005799737
-0.002257941
0.00069637
0.003618078
0.002938202
0.003744503
0.00506084
0.005063455
0.002428389
0.001175458
0.001249587
3.855444E-05
-0.0003911199
0.002369805
0.003063228
0.002771372
0.003202735
0.003588238
0.00420022
0.003620884
0.002467328
0.0001367341
-0.001738899
-0.002886211
-0.0007144012
0.001263651
0.002172785
0.001476481
-8.575913E-05
1.056327E-05
0.000941289
-0.0005902221
-0.00332121
-0.003797953
-0.004579632
-0.004567707
-0.004549617
-0.004190802
-0.004928442
-0.004658277
-0.004217727
-0.004661471
-0.002782629
-0.0021614
-0.002425485
-0.001697064
-0.001870276
-0.001008141
-0.0001796188
0.0009957514
0.001653009
0.002462293
0.001865046
0.000985308
-0.0004380424
-0.001399284
-0.002586917
-0.002810601
-0.001721496
-0.002235782
-0.001342418
-0.002829685
-0.002815461
-0.002071887
-0.002196284
-0.00036631
0.001119974
-0.0006821705
-0.002553625
-0.002594127
-0.00283246
-0.001228621
-0.00101295
-0.001225628
-0.002654094
-0.004312008
-0.004396011
-0.00479616
-0.005063658
-0.004507964
-0.003037277
-0.002353978
-0.003582106
-0.00442054
-0.005928042
-0.007841451
-0.007655646
-0.007671749
-0.005351997
-0.003265772
-0.002522835
8.777703E-05
0.0002616626
-0.001807378
-0.004254784
-0.007535477
-0.01036527
-0.008976299
-0.00310845
0.001085634
0.002539032
0.000873326
6.345338E-05
0.001285475
0.002012852
0.002467943
0.004763169
0.00433913
0.001508965
5.585546E-05
0.0004541003
0.00355846
0.004999255
0.002689565
-0.001244931
-0.003378051
-0.001671837
0.002707852
0.005387256
0.006213375
0.00413867
0.003037099
0.003368682
0.002640541
0.004371674
0.005917222
0.005668646
0.001920504
0.0007193561
0.002697603
0.003975165
0.005219122
0.003480653
0.002338937
0.0003598575
-0.001994528
-0.00106548
0.002361602
0.004577999
0.00534095
0.004282234
0.003153193
0.003649064
0.00306991
0.00113523
-0.001278797
-0.002366772
-0.0006170521
0.0002290001
6.020519E-05
0.0001444232
0.000560194
0.000358917
0.0002392925
-0.0002780799
-0.00205102
-0.003797388
-0.004736885
-0.004648171
-0.005077564
-0.002946707
-0.0006740178
-0.003694058
-0.006904788
-0.004930808
-0.002981257
-0.003767296
-0.007008425
-0.008252346
-0.005648776
-0.003189998
-0.00256411
-0.0003969545
0.00263521
4.824264E-05
-0.004403237
-0.007772448
-0.005854952
-0.00472179
-0.005194061
-0.006519005
-0.007256382
-0.001636055
0.003446779
0.003507179
0.002475203
0.003250712
-0.0006749148
-0.002616597
-0.0007087562
0.001701988
0.004005675
0.006680686
0.003202079
-0.0005478064
0.001290929
0.002104607
-0.003332234
-0.004454435
0.001208444
-0.001417158
-0.00547072
-0.005249423
-0.001781428
-3.719449E-05
0.0008523166
0.002157005
0.00233973
0.002392951
0.003838507
0.0039938
0.001374727
9.902898E-05
-0.001578516
-0.003213186
-0.0008382039
0.0003230107
7.563734E-05
-0.0008836645
0.0006601445
0.007106104
0.01061245
0.008640413
0.00499254
0.004798416
0.004038221
0.001772531
0.001901828
0.001231471
-0.0009392795
-0.001204646
-0.001235388
-0.0006592063
0.001129778
0.001762105
0.004229434
0.004963804
0.004128415
0.004555805
0.004275335
0.006563242
0.006452128
0.005804512
0.004911091
0.002292866
0.001829917
0.002885762
0.004169081
0.004465053
0.003942997
0.001203472
-0.003431201
-0.006712325
-0.005871619
-0.005852005
-0.003775044
-0.002120355
-0.00172026
-0.0006632796
-0.001155674
-0.002063206
-0.004785315
-0.00668326
-0.006820686
-0.006817351
-0.006788516
-0.004398382
-0.002448891
-0.002624062
-0.002842078
-0.002723498
-0.002767104
-0.001797857
-0.0006266576
-0.002222726
-0.003171105
-0.003738013
-0.003222713
-0.002376945
-0.00106811
0.00129845
0.001097655
0.001025364
0.002046496
0.00248519
0.002141524
0.002211958
0.002206891
0.004245882
0.004760969
0.002909632
0.001788589
-0.0009573405
-0.002882197
-0.003596343
-0.00333948
-0.004790126
-0.005200405
-0.002921997
-0.001388224
0.0004841864
0.001208501
0.002967559
0.003413876
0.001599507
0.0009970907
0.001590349
0.001568256
0.0009419658
0.0006415919
0.0006724486
-0.0005762099
-0.0009643566
0.002315912
0.006004775
0.006879936
0.005877086
0.004145699
0.004513388
0.005221825
0.004151832
0.00364031
0.003701495
0.002772422
0.002733275
0.003543675
0.003823003
0.004288565
0.004951774
0.003997046
0.002919274
0.002311926
0.001939701
0.002325684
0.003038629
0.003183353
0.003605814
0.004545836
0.003356665
0.003951585
0.00440241
0.003798624
0.003552657
0.002067546
0.001600267
0.001671516
0.001825424
0.002247013
0.002470284
0.002184648
0.001869825
0.001367776
0.0007591881
0.001216266
0.001485151
0.001675084
0.00209415
0.001824727
0.001592252
0.001039864
9.996379E-05
-0.000737938
-0.001584133
-0.0008774303
0.0001589285
-0.0005405079
-0.001019203
-0.0009939286
-0.00118102
-0.001302761
-0.001304307
-0.001232001
-0.001349317
-0.001182925
-0.001782143
-0.002164221
-0.001915432
-0.001558317
-0.001747494
-0.001878456
-0.001279595
-0.001146688
-0.001442228
-0.002376425
-0.002965576
-0.003269348
-0.003135455
-0.002719615
-0.002264302
-0.001696124
-0.001717777
-0.001530397
-0.00153344
-0.001847213
-0.001470496
-0.00117062
-0.001101579
-0.001191756
-0.001189907
-0.0011129
-0.0008553382
-0.0006301429
-0.0005992409
-0.0006519416
-0.0006200776
-0.0004537448
-0.000247224
7.983683E-05
-7.085242E-06
-0.0001396392
-0.0002715399
-0.0003877786
-0.0003652834
-0.0002352738
-0.0001880167
-0.0002549057
-0.0003210469
-0.0003617047
-0.0003003557
-0.0003062645
-0.0003298735
-0.0003446422
-0.0003640733
-0.0003529613
-0.0003532084
-0.000276114
-0.0002119777
-0.0001527909
-0.0001012552
-0.0001184976
-0.0001783152
-0.0002566332
-0.0002845831
-0.0003044577
-0.0002970281
-0.0003464583
-0.0002657882
-0.0001964426
-0.0002683325
-0.0003083033
-0.000320477
-0.0003292751
-0.0003543369
-0.0003760065
-0.0003976906
-0.000388603
-0.0003891231
-0.0004060111
-0.0004196385
-0.0004326363
-0.0004503167
-0.0004607785
-0.0004687426
-0.0004773995
-0.0004771007
-0.0004765989
-0.0004731499
-0.0004759319
-0.0004777509
-0.0004745632
-0.0004675589
-0.0004586353
-0.0004510726
-0.0004416648
-0.0004293962
-0.0004133359
-0.000394814
-0.0003743982
-0.0003518348
-0.0003272616
-0.0003004852
-0.0002713779
-0.0002398814
-0.0002060354
-0.0001697976
-0.0001311982
-9.027203E-05
-4.70688E-05
-1.645213E-06
4.593685E-05
