0.02
0.00304
0.00761
0.00735
0.00409
0.00688
0.01133
0.00802
-0.00226
0.00438
0.00408
0.00316
0.00508
0.00049
0.00376
0.00335
0.00046
-0.00737
-0.00431
0.00335
-0.00266
-0.00048
0.00557
-0.00254
-0.00811
-0.00769
-0.00355
0.00723
0.00387
-0.01506
0.01975
0.0277
-0.0022
-0.00006
-0.00037
0.00283
-0.00683
-0.00625
-0.00264
-0.00794
-0.01338
-0.00735
-0.00279
-0.01176
-0.02226
-0.0269
-0.01374
-0.00759
-0.01187
-0.01773
-0.01134
-0.01357
-0.0076
0.00879
-0.0023
-0.01381
-0.00206
0.00992
-0.0013
0.00738
0.00584
-0.00108
-0.00687
0.00447
-0.00697
-0.03691
-0.00109
-0.03394
-0.02616
0.01532
-0.0133
-0.02045
-0.01224
0.03147
0.02411
0.01216
0.02141
-0.01134
-0.00124
0.01203
-0.03312
-0.03106
-0.01423
-0.03993
-0.02817
-0.02226
-0.00399
0.01889
0.00877
0.00244
-0.0113
-0.02364
-0.03242
-0.04683
-0.06274
-0.06148
-0.06145
-0.04063
-0.00518
0.00494
0.01491
-0.00381
-0.00279
0.03461
0.04028
0.04788
0.02766
-0.02742
-0.03021
-0.01872
-0.03885
-0.01829
0.02277
0.02259
0.04017
0.03317
0.02086
0.04672
0.01671
0.00414
0.04808
0.02362
-0.02252
-0.02384
-0.00375
-0.00889
-0.0103
0.03679
0.03904
0.00931
0.00622
0.00445
0.00449
-0.03106
-0.0881
-0.10904
-0.12336
-0.14367
-0.14892
-0.14793
-0.15963
-0.16551
-0.14661
-0.14078
-0.10196
0.09404
0.20093
0.27564
0.42567
0.58477
0.4708
0.15876
0.17293
0.25669
0.25887
0.2987
0.30126
0.18694
0.14425
0.14487
0.13198
0.13003
0.0865
-0.02022
-0.21166
-0.2556
-0.11658
-0.06134
-0.16845
-0.28677
-0.35016
-0.46172
-0.59079
-0.57977
-0.35955
-0.19014
-0.1701
-0.18846
-0.13834
-0.04872
0.0707
0.18962
0.30119
0.36484
0.08396
0.07577
0.29269
0.35203
0.45014
0.34339
0.18893
0.25543
0.31362
0.26806
0.17266
0.05514
-0.02895
-0.17079
-0.28979
-0.39257
-0.12976
0.16051
-0.0677
-0.12986
-0.01437
-0.01631
-0.07461
-0.15813
-0.18808
-0.19118
-0.20468
-0.1737
-0.17976
-0.2012
-0.15181
-0.15932
-0.17434
-0.0543
0.00751
0.00177
0.06012
0.07634
0.19796
0.29291
0.42465
0.32843
-0.12488
-0.01396
0.08892
-0.02418
-0.05138
-0.08599
-0.07746
0.02086
0.1146
0.10752
0.12406
0.08353
-0.02547
-0.1538
-0.18085
-0.12524
-0.15846
-0.16599
-0.1349
-0.18995
-0.23088
-0.22885
-0.02691
0.06831
0.00129
0.07023
0.13758
0.08158
0.06387
0.10777
0.08629
0.09619
0.12354
0.16176
0.14533
0.08284
0.06886
0.01084
0.00827
-0.00956
-0.11314
-0.07509
-0.02556
-0.08465
-0.11981
-0.12749
-0.13372
-0.02966
-0.00364
-0.01366
0.04565
0.08868
0.11032
0.12241
0.10816
0.08157
0.00162
-0.08452
-0.08564
0.00361
0.05462
-0.04312
-0.07328
-0.07094
-0.04925
-0.03013
-0.03917
0.01268
0.02943
0.00989
0.04159
0.11158
0.10688
0.109
0.07638
-0.06705
-0.09467
-0.06644
0.05026
0.18392
0.14198
0.04394
-0.00062
0.09062
0.13521
0.05581
0.06891
0.11606
0.11732
0.10429
0.07305
0.07146
0.06616
-0.01999
-0.08789
-0.11483
-0.16572
-0.22902
-0.25754
-0.23497
-0.15723
-0.12058
-0.09543
0.10325
0.15394
0.17045
0.28775
0.33138
0.23173
0.07162
0.01644
-0.05733
-0.07645
-0.13755
-0.18729
-0.12195
-0.09408
-0.05228
0.01904
0.09035
0.1184
0.05784
0.01397
0.05099
-0.01723
-0.1108
-0.12726
-0.07943
0.08802
0.09613
0.04698
-0.02308
-0.0842
-0.09481
-0.13026
-0.14414
-0.15505
-0.14525
-0.12267
-0.0785
-0.0691
-0.08345
-0.12537
-0.15105
-0.14383
-0.069
-0.03995
-0.03926
0.00098
0.07186
0.09587
0.11324
0.13398
0.20731
0.10294
-0.12794
-0.06001
-0.06095
-0.09993
-0.09754
-0.11233
-0.08164
-0.02544
0.03099
-0.04037
-0.14959
-0.12363
-0.11674
-0.03149
0.0242
0.01677
0.04374
0.02997
0.03238
0.06933
0.09415
0.13118
0.08529
-0.02006
0.0524
0.12343
0.13928
0.1466
0.17473
0.19525
0.17253
0.16832
0.13761
0.09135
0.05571
0.00958
-0.00757
-0.00266
-0.00777
-0.03668
-0.09155
-0.13878
-0.18175
-0.0582
0.00214
-0.11766
-0.14715
-0.14364
-0.15929
-0.20422
-0.16371
0.01831
0.05034
-0.01143
-0.0162
-0.03292
-0.01078
0.01331
0.03925
0.05339
0.11738
0.18401
0.27589
0.12977
-0.10327
-0.01836
0.0277
-0.01125
-0.04004
-0.02953
-0.03997
-0.05005
-0.06375
-0.07119
0.05061
0.14893
0.17495
0.25049
0.22698
0.05744
0.01293
0.00447
0.00668
0.05712
0.0229
-0.04447
-0.03909
-0.05478
-0.08351
-0.10825
-0.12405
-0.14686
-0.16893
-0.23989
-0.19423
0.11557
0.05887
0.03365
0.07206
-0.13114
-0.11121
-0.01397
0.02996
0.00587
0.01902
0.0702
0.13187
0.04124
-0.03219
0.04581
0.04505
0.00525
-0.03683
-0.02839
-0.00751
-0.00858
-0.06331
-0.08864
-0.09087
-0.10547
-0.03351
0.02117
0.01034
0.03524
0.06145
0.05741
0.05808
0.04164
0.00673
0.02272
0.06021
0.05942
0.06286
0.09347
0.11483
0.08809
0.03061
0.03531
0.04809
0.01909
0.0107
0.02014
0.01938
-0.00791
-0.03536
-0.07651
-0.10523
-0.12785
-0.07127
0.03774
0.0112
0.00172
0.02907
0.0042
-0.01721
0.00358
0.03852
0.04792
0.05189
0.04709
0.02124
0.01748
0.00237
-0.01025
0.0125
0.01793
0.0305
0.05102
0.04031
-0.0059
-0.02595
-0.02155
-0.01859
-0.0153
-0.02121
-0.02335
-0.01056
-0.00499
-0.01184
-0.01012
0.00793
-0.01413
-0.06041
-0.06481
-0.07246
-0.07734
-0.0582
-0.04315
-0.03624
-0.0131
0.0147
0.01742
0.01901
0.03321
0.04302
0.04485
0.03657
0.0325
0.02932
0.02342
0.01763
0.01447
0.00914
0.0121
0.00117
-0.0291
-0.04102
-0.02057
0.01265
0.01226
0.01414
0.01855
0.00839
-0.00134
0.00171
-0.01301
-0.03346
-0.03088
-0.02668
0.02253
0.06364
0.06696
0.07376
0.07719
0.06867
0.05067
0.03933
0.00255
-0.02691
-0.03681
-0.0516
-0.05905
-0.03632
0.00277
0.0168
0.02748
0.02756
0.01593
0.00899
-0.01094
-0.04152
-0.0557
-0.06129
-0.0614
-0.05104
-0.04621
-0.04666
-0.04569
-0.04058
-0.02949
-0.01508
-0.00655
-0.00692
-0.00616
0.00216
0.02034
0.02933
0.03169
0.01688
-0.01003
-0.01774
0.0023
0.0191
0.02324
0.03085
0.03126
0.01989
-0.0124
-0.03392
-0.04251
-0.04823
-0.04308
-0.0173
0.01304
0.02023
0.031
0.04652
0.04953
0.03859
0.0141
0.00204
0.00144
-0.00037
0.00621
0.02623
0.03291
0.03587
0.04581
0.04782
0.02584
-0.00397
-0.01807
-0.03547
-0.04548
-0.03516
-0.02275
-0.01567
-0.00896
0.00049
0.0105
0.01625
0.02343
0.02702
0.02587
0.0057
-0.00387
0.00265
-0.00422
-0.0114
-0.01258
-0.01369
-0.02358
-0.03212
-0.0284
0.00105
0.02898
0.03975
0.04655
0.04811
0.04487
0.0229
0.00904
0.00458
-0.01373
-0.02482
-0.0233
0.00652
0.0339
0.02893
0.01426
0.00086
0.00102
0.00169
0.00055
-0.00443
-0.02171
-0.02647
-0.02115
-0.01552
-0.01544
-0.02765
-0.02801
-0.01631
0.00091
0.00976
0.01134
0.01711
0.02081
-0.00959
-0.03342
-0.03231
-0.03252
-0.03
-0.02859
-0.03959
-0.02719
0.01542
0.02568
0.02067
-0.00135
-0.00508
0.00434
-0.02331
-0.04094
-0.03697
-0.02841
-0.00298
0.0097
0.00991
0.01499
0.0202
0.01906
0.01883
0.01689
0.01182
0.01413
0.02169
0.01453
0.00847
0.00801
-0.00449
-0.01425
-0.02343
-0.02771
-0.02746
-0.002
0.01059
-0.00602
-0.01109
-0.00039
0.01595
0.01183
-0.01995
-0.02396
-0.00345
-0.0023
0.00046
-0.00018
-0.00057
0.00106
-0.00062
-0.0158
-0.00883
0.01272
0.00578
0.00772
0.01797
0.00908
-0.01193
-0.01385
-0.00958
-0.0096
-0.00431
-0.00363
-0.00829
0.0004
0.01147
0.00805
0.00775
0.01464
0.01575
0.0074
-0.00629
-0.01073
-0.00325
0.00743
0.01906
0.0218
0.02344
0.02531
0.02481
0.02707
0.03256
0.04243
0.04187
0.04387
0.02272
0.00493
0.01263
0.00468
0.00156
0.00346
0.00907
0.02005
0.01035
0.0062
0.02594
0.04242
0.056
0.05885
0.04651
0.051
0.0734
0.08263
0.06836
-0.00553
-0.04548
-0.06858
-0.15525
-0.20095
-0.2516
-0.28683
-0.30408
-0.14192
-0.00096
-0.08679
-0.0517
-0.01543
-0.01255
0.01741
0.02266
0.00797
-0.00347
0.02294
0.05285
0.10883
0.1698
0.18114
0.15534
0.11083
0.09554
0.1016
0.09092
0.05956
0.02543
-0.00169
-0.0207
-0.02825
-0.03743
-0.0446
-0.0637
-0.09409
-0.13358
-0.17022
-0.1797
-0.15559
-0.13618
-0.13141
-0.08742
-0.05165
-0.04034
-0.01461
0.00955
0.03597
0.07754
0.10355
0.11952
0.13724
0.13832
0.12759
0.11561
0.11552
0.08244
0.04906
0.04648
0.02468
0.0021
-0.00655
-0.01852
-0.04019
-0.06828
-0.08328
-0.09315
-0.10338
-0.11043
-0.07566
-0.02369
-0.00967
0.01527
0.04027
0.06133
0.09034
0.11482
0.12893
0.1517
0.17434
0.17903
0.1039
0.04488
0.04348
-0.00827
-0.05356
-0.08039
-0.12769
-0.15815
-0.1125
-0.08226
-0.08809
-0.09048
-0.11582
-0.11216
-0.05652
-0.03421
-0.02868
-0.01555
-0.01265
-0.00337
0.02214
0.05996
0.10139
0.12034
0.08166
0.08299
0.10475
0.06292
-0.00345
-0.04096
-0.06217
-0.06838
-0.0751
-0.10371
-0.11006
-0.11002
-0.09166
-0.02776
0.02717
0.04753
0.05553
0.04767
0.04056
0.02359
0.01335
0.0206
0.05022
0.0747
0.08236
0.08436
0.0322
0.03176
0.05835
0.06675
0.06285
0.04199
0.02598
-0.0196
-0.07101
-0.10806
-0.11224
-0.10619
-0.11877
-0.12205
-0.06309
-0.02241
-0.03444
-0.01884
0.01396
0.05885
0.09036
0.09781
0.08326
0.03961
0.05357
0.10196
0.09595
0.02052
-0.01028
0.01569
-0.02986
-0.05989
-0.082
-0.0838
-0.09655
-0.09449
-0.1522
-0.1076
0.10329
0.09746
0.08553
-0.00148
-0.02787
0.09292
0.13335
0.13302
0.13125
0.14278
0.08771
-0.00576
-0.02008
-0.01553
-0.02907
-0.0155
-0.02451
-0.07134
-0.11962
-0.08104
-0.04472
-0.10374
-0.09009
0.00827
-0.00889
-0.07046
-0.05415
-0.0258
0.00899
0.10631
0.13369
0.08953
0.08533
0.03027
0.01382
0.07853
0.13287
0.1223
0.12698
0.06321
-0.02225
-0.03913
-0.08382
-0.09276
-0.0484
-0.03384
-0.05718
-0.08712
-0.11185
-0.12439
-0.12776
-0.12102
-0.08514
-0.02635
-0.00879
-0.00961
0.0299
0.08604
0.16793
0.23384
0.25343
0.1902
-0.04555
-0.05169
-0.02532
-0.12347
-0.09278
0.0264
-0.00297
-0.07794
-0.04218
-0.0326
-0.02028
0.0134
0.01958
-0.05993
-0.0298
0.02695
-0.01872
-0.06953
-0.05163
-0.02069
0.01069
0.0684
0.07633
0.03766
0.00179
0.01902
0.0237
0.01419
0.0027
-0.01058
-0.03889
-0.07086
-0.08302
-0.08325
-0.05831
-0.04952
-0.03591
-0.00485
0.01101
0.01973
0.02603
0.02714
0.02383
0.01403
0.00931
0.00538
0.00821
0.01838
0.03268
0.02702
-0.01373
-0.02132
-0.01331
-0.01151
-0.0113
-0.03241
-0.04343
-0.04351
-0.04013
-0.01655
0.00772
0.02482
0.03537
0.0348
0.03027
0.02386
0.01442
0.00498
0.00025
-0.00706
-0.01178
-0.00343
0.00432
0.00275
0.00599
0.00904
0.00774
0.01008
-0.01227
-0.02766
-0.02169
-0.02246
-0.02475
-0.02641
-0.01495
-0.00282
0.00216
0.00248
-0.00135
0.0085
0.02444
0.03336
0.03699
0.03299
0.02041
0.01463
0.01452
0.00926
0.00149
-0.0096
-0.01866
-0.02485
-0.02528
-0.01788
-0.00982
-0.00267
0.00866
0.01139
0.00528
0.00588
0.0091
0.00321
-0.00963
-0.00961
-0.0013
0.01278
0.02673
0.03362
0.01344
-0.01913
-0.02249
-0.02176
-0.01663
-0.01646
-0.01884
-0.0025
0.011
0.01398
0.01583
0.0084
-0.00022
0.01545
0.0255
0.01407
0.00383
-0.00418
-0.01157
-0.00595
0.01299
0.0139
-0.00046
-0.00113
0.00541
-0.00098
-0.01266
-0.01904
-0.02308
-0.02636
-0.02702
-0.01632
-0.00323
-0.00066
0.00876
0.02947
0.02889
0.00859
0.00599
0.01398
0.01398
0.01339
0.01384
0.01336
0.00722
0.00361
0.00375
-0.00128
-0.0074
-0.00865
-0.00042
0.00382
-0.00206
-0.00659
-0.01461
-0.0135
0.01188
0.00799
-0.00595
0.00254
-0.00109
-0.00757
-0.00713
-0.01051
-0.01182
-0.0042
-0.00055
-0.00454
-0.00717
-0.00466
-0.00426
-0.01384
-0.02146
-0.01956
-0.02032
-0.01988
-0.01438
-0.01001
-0.00171
0.01119
0.02174
0.02629
0.02719
0.00995
-0.00874
-0.00835
-0.00088
0.00531
0.00321
0.00417
0.0068
0.00607
0.00605
0.00465
0.00032
0.00149
0.00543
0.0023
-0.00148
0.0007
0.00517
0.00487
0.0044
0.01123
0.01608
0.01761
0.01829
0.01553
0.01689
0.02431
0.02512
0.01578
0.00473
-0.00039
-0.00319
-0.00683
-0.00554
-0.00497
-0.00365
-0.00208
-0.00424
-0.00768
-0.00932
-0.00662
-0.00305
-0.00325
-0.00683
-0.00527
-0.00255
-0.00232
0.0026
0.00806
0.00946
0.00589
-0.00034
-0.00487
-0.00815
-0.01263
-0.01369
-0.01288
-0.01377
-0.0138
-0.00742
0.00542
0.00636
0.00244
0.00218
-0.0012
-0.00717
-0.00681
-0.0006
0.00506
0.00564
0.00678
0.01338
0.02002
0.02075
0.0188
0.0145
0.00805
0.00099
-0.00984
-0.01616
-0.0199
-0.02095
-0.01726
-0.01306
-0.00746
-0.00041
0.00275
0.00188
0.00241
0.00394
0.00691
0.00959
0.00994
0.01058
0.011
0.00695
0.00116
0.00251
0.00369
-0.00014
-0.00305
-0.00363
-0.00381
-0.00357
-0.00431
-0.00618
-0.00937
-0.01075
-0.00678
-0.00555
-0.00508
-0.00157
0.00162
0.0044
0.00504
0.00793
0.01102
0.01245
0.013
0.01071
0.00523
-0.00227
-0.00417
-0.00605
-0.00702
-0.00673
-0.00616
-0.0085
-0.00637
0.00344
0.00613
0.00471
0.00416
0.00359
-0.00118
-0.00497
-0.00663
-0.00493
-0.00055
-0.00222
-0.0031
-0.00333
-0.00674
-0.01058
-0.01219
-0.01155
-0.00939
-0.00966
-0.00847
0.0056
0.01516
0.00402
-0.00821
-0.00085
0.00783
0.00163
-0.00403
-0.00705
-0.01073
-0.01114
-0.00464
-0.00048
0.00632
0.01714
0.00886
-0.00504
-0.00263
0.0129
0.02069
0.01477
0.00483
-0.00188
0.00343
0.01895
0.01928
0.00547
0.00111
-0.00336
-0.00895
-0.00453
0.0067
0.00876
0.00474
-0.00116
-0.00606
0.00274
0.00958
0.00661
0.00806
0.01032
0.00802
0.00717
0.00798
0.00882
0.00592
-0.0023
-0.01134
-0.01654
-0.01943
-0.02179
-0.02227
-0.01461
-0.00889
-0.00614
-0.00406
-0.00854
-0.0123
-0.00959
-0.00493
-0.00303
0.00017
-0.00032
-0.00364
-0.0012
0.00214
0.00066
-0.00231
-0.00848
-0.01375
-0.00994
-0.00359
-0.00253
-0.00095
0.0056
0.00687
0.00488
0.00975
0.01525
0.0055
-0.00713
-0.00646
-0.00947
-0.00786
0.00287
0.00455
-0.0013
-0.00481
-0.00402
-0.00725
-0.00968
-0.00639
-0.0044
0.00023
0.00461
0.0065
0.0106
0.01455
0.01075
0.00508
0.00324
0.00338
-0.00025
-0.00615
-0.00665
-0.00193
0.00314
0.00386
0.00733
0.01271
0.01512
0.01274
0.01151
0.01306
0.01319
0.00812
0.0015
0.00437
0.00549
0.0037
0.00937
0.01652
0.01399
0.00878
0.00343
0.00104
-0.0001
-0.00345
-0.00118
-0.00237
-0.00808
-0.01062
-0.00902
-0.00435
0.0002
-0.0029
-0.00191
-0.00001
-0.00248
-0.00122
0.00037
-0.00173
-0.00001
0.00397
0.00058
-0.00905
-0.0124
-0.00791
-0.00558
-0.00442
-0.00272
0.00098
0.00653
0.00846
0.00915
0.01675
0.01627
0.01107
0.00879
0.00298
0.00109
0.00266
-0.00122
-0.00292
-0.00101
-0.00185
-0.00511
-0.0047
-0.00378
-0.00932
-0.01036
-0.00255
-0.00156
-0.00583
-0.00339
-0.00337
-0.00504
-0.00305
-0.00006
0.00162
0.00482
0.00681
0.0047
0.00188
-0.00385
-0.00583
-0.00493
-0.00692
-0.00843
-0.00611
-0.00432
-0.00481
-0.00644
-0.0057
-0.00335
-0.00194
-0.00001
0.00005
-0.00434
-0.00352
0.00243
0.00124
-0.00113
-0.00074
-0.00242
-0.00448
0.00038
0.00282
-0.00115
-0.00092
0.004
0.00303
-0.00116
-0.00226
-0.00213
-0.00291
-0.00555
-0.00796
-0.00715
-0.0046
-0.00247
0.0014
0.00525
0.00629
0.00298
-0.00247
-0.00379
-0.00334
-0.00549
-0.00481
-0.0043
-0.00272
0.00084
-0.00103
-0.00487
-0.00545
-0.00282
-0.00334
-0.00243
0.00174
0.00074
0.0008
0.00259
0.00353
0.00417
0.00187
0.00054
0.00013
-0.00184
-0.00522
-0.00681
-0.00619
-0.00471
-0.00313
0.0007
0.00343
0.00445
0.00578
0.00476
0.00413
0.00253
0.00004
-0.00141
0.00037
0.00301
0.00272
0.00262
0.00178
0.00078
0.00162
0.00283
0.00343
0.00221
0.00033
-0.00037
-0.00066
-0.0006
0.00024
0.00127
0.00166
0.00214
0.00248
0.00265
0.00246
0.00256
0.00339
0.00309
0.0025
0.00233
0.00167
0.00049
0.00025
-0.00028
-0.00107
-0.0018
-0.00181
-0.00132
-0.00128
-0.00028
-0.00006
-0.00049
0.00007
0.00045
0.00009
-0.00002
-0.00001
0.00024
0.00019
0.00047
0.0012
0.0014
0.00125
0.00116
0.00119
0.00099
0.00058
0.00048
0.0005
0.00012
-0.00028
-0.00063
-0.00065
-0.00056
-0.00042
-0.00029
-0.00026
-0.00032
-0.00029
-0.00017
-0.00024
-0.00043
-0.00056
-0.00068
-0.00077
-0.00068
-0.00059
-0.00048
-0.00039
-0.0003
-0.00019
-0.00015
-0.0001
0
0.0001
0.00013
0.00015
0.00021
0.00022
0.00022
0.00021
0.00023
0.00026
0.00026
0.00027
0.00028
0.00028
0.00029
0.00029
0.00028
0.00029
0.00029
0.0003
0.0003
0.00029
0.00029
0.00028
0.00028
0.00027
0.00026
0.00025
0.00023
0.00022
0.00021
0.00019
0.00018
0.00016
0.00014
0.00012
0.0001
0.00008
0.00006
0.00003
0.00001