0.02
-0.00185
-0.00263
0.00331
0.00419
-0.00089
0.00127
0.00303
0.00486
0.00347
0.00614
0.00138
0.00391
0.01084
0.00342
-0.00244
-0.00549
-0.00513
-0.0029
-0.00983
-0.01123
-0.00615
-0.00077
0.00405
-0.01033
-0.01064
-0.00156
-0.00457
-0.00016
0.00404
0.00605
0.00694
0.00467
0.0022
0.01168
0.00362
0.02365
0.02011
-0.01495
0.00814
0.00074
-0.01254
-0.03
-0.03848
-0.03529
-0.02451
-0.01718
-0.00676
-0.00845
0.00564
0.03002
0.02951
0.02749
0.00533
0.01864
0.03405
0.0474
0.04025
0.02264
-0.00827
0.01025
0.0414
-0.00975
-0.01728
0.00981
0.0134
0.028
0.03622
-0.00798
-0.05836
-0.03276
-0.01717
-0.01663
-0.02853
-0.00832
0.05069
0.08405
0.0945
0.07831
0.06935
0.07721
0.07098
0.02947
0.01913
0.00338
-0.00111
0.00539
0.0023
0.01462
0.03142
0.00916
-0.00046
0.03547
0.04797
0.06329
0.04364
-0.03027
-0.02097
0.02549
0.03052
0.00206
0.00873
0.05232
0.0629
0.06456
0.05918
0.07811
0.09887
0.06898
0.03263
0.02775
-0.00734
-0.02616
0.00795
-0.0085
-0.0197
0.05145
0.06714
0.07617
0.08882
0.03309
0.04558
0.11213
0.08523
0.06981
0.079
0.06238
0.021
0.00459
0.01275
-0.00799
-0.03047
-0.06562
-0.0803
-0.06864
-0.07598
-0.11042
-0.16669
-0.24255
-0.32134
-0.34117
-0.29166
-0.2979
-0.3587
-0.38068
-0.40119
-0.33498
-0.27968
-0.30634
-0.30424
-0.42002
-0.60128
-0.65579
-0.16376
0.02073
-0.27494
-0.12473
-0.02016
-0.04547
0.05703
0.16
0.2139
0.30068
0.44832
0.6265
0.66156
0.47118
0.38293
0.42041
0.42926
0.43775
0.37716
0.26993
0.1243
-0.12271
-0.34194
-0.34331
-0.30587
-0.32984
-0.40116
-0.45724
-0.50988
-0.5181
-0.53879
-0.34132
0.0519
-0.05674
-0.12635
-0.00397
0.05475
0.17425
0.2227
0.22165
0.2244
0.13102
0.17467
0.32452
0.33473
0.4422
0.46004
0.41574
0.22172
0.0624
0.14984
0.10348
0.01604
-0.0125
-0.01922
-0.06079
-0.10112
-0.12735
-0.01872
0.18047
0.18527
0.19651
0.29972
0.32206
0.318
0.05761
-0.0895
0.01522
-0.0504
-0.08471
-0.06034
-0.0897
-0.17244
-0.27358
-0.05105
0.04802
0.00481
0.07488
0.05163
0.09808
0.05368
-0.13877
-0.18552
-0.18027
-0.25033
-0.25947
-0.23436
-0.23416
-0.08277
0.06501
-0.00672
0.01221
0.04511
0.05011
0.03119
0.03833
0.07874
0.05697
0.08189
0.19073
0.27479
0.35441
0.23773
-0.05861
-0.04122
0.01582
-0.0744
-0.0711
-0.12414
-0.15898
-0.21042
-0.07518
0.17381
0.08587
0.01079
-0.08759
-0.12696
-0.05963
-0.0216
0.02262
0.00267
-0.09465
-0.11337
-0.09073
-0.09951
-0.10067
-0.07469
-0.01394
0.01457
0.04364
0.09108
0.04122
0.02074
0.0893
0.08127
0.08565
0.10467
0.10204
0.12827
0.1232
0.06285
0.08897
0.13521
0.13314
0.15794
0.09221
-0.04049
-0.04285
-0.09516
-0.15619
-0.12798
-0.17708
-0.27478
-0.19603
-0.13314
-0.21926
-0.23037
-0.24569
-0.05293
0.06409
0.02222
0.13895
0.19568
0.21365
0.13679
0.04604
0.08087
0.05461
0.01794
0.02939
0.01851
-0.00709
0.00585
0.06673
0.15957
0.1664
0.19893
0.12939
-0.01681
0.04666
0.03002
-0.07622
-0.16679
-0.16211
-0.12653
-0.0042
0.11036
0.0825
0.03397
-0.00891
0.00653
-0.03654
-0.07995
-0.04822
-0.00893
0.06053
0.06434
0.02935
-0.01161
-0.03337
-0.00946
-0.03954
-0.05807
-0.04845
-0.08434
-0.08878
-0.06612
-0.07942
-0.08696
-0.1011
-0.10729
-0.11492
-0.06283
0.03773
0.02345
-0.01564
-0.01713
-0.01173
-0.01307
-0.0234
0.01915
0.0206
0.02918
0.07248
0.05427
0.05458
0.08895
0.10539
0.10173
0.03322
-0.00217
-0.0115
-0.0833
-0.05375
-0.00951
0.01416
0.01349
-0.05267
-0.04442
-0.02505
-0.02849
0.02441
0.09499
0.08284
0.07784
0.09657
0.08153
0.06661
0.07871
0.05751
0.02714
0.021
0.01931
0.00452
-0.01352
-0.01605
-0.01626
-0.02097
-0.0561
-0.08921
-0.06816
0.07951
0.09774
0.04345
0.03895
-0.01576
-0.02716
0.01338
0.01874
-0.00057
-0.00454
0.00888
0.09585
0.07661
0.0299
0.02486
0.00701
-0.01623
-0.04855
-0.12138
-0.13
-0.04465
-0.10202
-0.13833
-0.12604
-0.13705
-0.11719
-0.10284
-0.10319
-0.09257
-0.06042
0.00492
0.11751
0.04909
-0.02232
0.03427
-0.04586
-0.03256
0.02065
0.00011
0.02184
0.04568
-0.01304
-0.07452
-0.01693
-0.00504
-0.02328
0.03854
0.09374
0.08838
0.09503
0.0627
0.04434
0.03848
-0.01075
-0.03228
-0.04571
-0.05947
-0.02149
0.01895
0.00853
-0.00708
-0.01533
-0.00227
0.02756
0.01311
0.0103
0.08012
-0.01614
-0.12943
-0.06102
0.02799
0.05919
0.0547
0.07064
0.04851
-0.02878
0.07428
0.14614
0.06262
0.09059
0.05286
-0.04662
-0.05268
-0.05944
-0.0413
0.03338
0.01603
-0.04906
-0.07813
-0.07696
-0.07919
-0.07959
-0.02819
0.00481
0.02691
0.08073
0.06503
0.02507
0.0433
0.05255
0.05519
0.05206
0.04213
0.02212
-0.00823
-0.01241
-0.01779
-0.01879
-0.01783
-0.04357
-0.05462
-0.03968
-0.03491
-0.04661
-0.04677
-0.0293
0.02502
0.01185
-0.0329
-0.02452
-0.02019
-0.02558
-0.00637
0.03211
0.01891
0.01002
0.02949
0.006
-0.03932
-0.03323
-0.03744
-0.01179
0.04177
0.02183
0.00208
0.00769
0.01038
0.01219
0.02531
0.0374
0.03516
0.02203
0.01495
0.00315
-0.0309
-0.05029
-0.05403
-0.05692
-0.05301
-0.05256
-0.01717
0.02541
0.03209
0.03722
0.0352
0.04064
0.0516
0.05317
0.01339
-0.01424
-0.00534
-0.00344
-0.00332
0.00104
-0.00151
-0.01587
-0.02871
-0.0406
-0.05342
-0.06395
-0.0643
-0.05685
-0.04119
-0.02361
-0.02016
-0.02463
0.00308
0.03109
0.05346
0.07303
0.07055
0.065
0.0659
0.03228
-0.0137
-0.02152
-0.03166
-0.03269
-0.0212
-0.0255
-0.03328
-0.02711
-0.02554
-0.0137
0.00938
-0.01096
-0.03017
-0.01839
-0.00859
0.00128
0.01981
0.0346
0.04556
0.05942
0.06719
0.06723
0.05899
0.0435
0.02544
0.01033
-0.00469
-0.00979
-0.01735
-0.02974
-0.03301
-0.03051
-0.02857
-0.0383
-0.04381
-0.04777
-0.04044
-0.01196
-0.00463
0.00196
0.01115
0.01879
0.03257
0.04158
0.02408
-0.01595
-0.02325
-0.01188
-0.0035
-0.00387
-0.01062
-0.00423
0.00377
0.00494
0.00742
0.00823
0.00456
-0.00676
-0.01594
-0.02044
-0.02745
-0.02746
-0.01662
-0.00016
0.00343
-0.00725
-0.01389
-0.01822
-0.001
0.01893
0.01847
0.01449
0.0048
-0.00535
-0.00064
0.01081
0.00554
0.01084
0.02306
0.02137
0.01203
0.00862
0.01185
0.01484
0.02041
0.01753
0.01248
0.01219
0.01869
0.02187
0.02179
0.01554
-0.00093
-0.01282
-0.01705
-0.01327
-0.01071
-0.00419
0.00599
0.0056
0.00336
-0.00295
-0.00982
-0.00734
-0.00385
-0.02162
-0.04194
-0.04564
-0.04938
-0.0437
-0.00792
0.01437
0.00896
0.00483
0.01253
0.03285
0.04173
0.04048
0.03275
0.02603
0.02908
0.04181
0.04183
0.03495
0.03674
0.03834
0.03832
0.02439
0.0178
0.00088
-0.01347
-0.0142
-0.01089
0.00054
0.00315
-0.01206
-0.03283
-0.03141
-0.02251
0.01845
0.04183
0.03307
0.02536
0.01815
0.03742
0.0469
0.0304
0.02064
0.03534
0.03061
-0.00561
-0.01228
-0.00644
-0.00812
-0.00918
-0.00757
0.00371
0.01322
0.01023
0.00955
-0.0045
-0.0281
-0.03286
-0.02656
-0.02338
-0.01819
0.00155
0.01208
0.02026
0.03098
0.03528
0.02951
0.01865
0.00506
-0.005
-0.00998
-0.01071
-0.00609
0.00785
0.00974
-0.005
-0.00936
-0.015
-0.02794
-0.03013
-0.02609
-0.01856
-0.00215
-0.00261
-0.0147
-0.02299
-0.02981
-0.02965
-0.02527
-0.02643
-0.02048
-0.00659
0.00036
-0.00325
-0.00829
-0.01291
-0.02124
-0.03311
-0.03719
-0.03199
-0.03209
-0.0247
-0.01743
-0.02205
-0.02241
-0.01002
0.00023
-0.00458
-0.02078
-0.02807
-0.02612
-0.02328
-0.00222
0.00592
-0.01015
-0.01982
-0.01321
0.00069
0.00474
0.00393
0.0106
0.0146
0.02194
0.03125
0.04632
0.06384
0.06801
0.05557
0.04398
0.03847
0.03412
0.03663
0.03625
-0.00437
-0.06995
-0.08311
-0.10771
-0.13579
-0.13121
-0.13072
-0.12644
-0.10189
0.00137
0.01076
-0.04024
0.00938
0.03451
0.02926
0.03482
0.04392
0.04302
0.04657
0.05732
0.05389
0.06634
0.10029
0.11062
0.08785
0.05972
0.08151
0.09556
0.06075
0.05638
0.07637
0.06899
0.04536
0.01329
-0.03285
-0.072
-0.09804
-0.1224
-0.14574
-0.14209
-0.11546
-0.09983
-0.10339
-0.09005
-0.02356
0.0108
0.01661
0.05012
0.06842
0.06515
0.06355
0.06937
0.08656
0.096
0.0877
0.07625
0.07132
0.06665
0.02763
0.00054
0.00374
-0.0027
-0.01657
-0.03515
-0.06047
-0.07572
-0.07278
-0.06326
-0.05662
-0.0496
-0.02115
0.0232
0.03214
0.02689
0.02955
0.0287
0.03717
0.0664
0.10081
0.1256
0.1319
0.11554
0.06702
-0.03235
-0.06615
-0.07326
-0.11907
-0.13883
-0.15405
-0.17433
-0.11435
-0.02484
-0.0326
-0.04197
-0.0062
0.00809
0.03131
0.05583
0.05222
0.05874
0.07156
0.09071
0.09509
0.10208
0.11262
0.12355
0.07042
-0.04196
-0.06319
-0.08508
-0.14287
-0.15122
-0.15491
-0.17758
-0.17104
-0.14441
-0.08974
-0.05715
-0.05015
-0.00311
0.02017
0.01204
0.02475
0.05662
0.06621
0.05932
0.08685
0.12068
0.13222
0.09962
0.05995
0.0631
0.04395
0.03488
0.0391
0.02963
0.02119
0.01412
-0.01528
-0.0539
-0.06203
-0.05891
-0.04913
-0.0437
-0.04669
-0.04095
-0.0101
-0.00984
-0.06367
-0.05304
0.00092
0.02042
0.02616
0.02261
0.00843
0.01639
0.05236
0.0456
0.03225
0.02057
-0.02559
-0.04284
-0.03869
-0.05413
-0.04232
-0.02147
-0.02568
-0.02912
-0.02709
-0.03919
-0.03862
0.05343
0.08499
0.08626
0.02588
-0.0484
-0.00325
0.03005
0.01965
-0.00236
0.02455
0.05699
0.00633
-0.0086
0.02899
-0.00732
-0.04289
-0.04325
-0.06383
-0.08211
-0.08549
-0.01597
0.00078
0.0201
0.05921
-0.04829
-0.0497
0.06506
0.07668
0.06924
0.13187
0.03991
-0.04681
0.03032
0.05342
-0.00834
-0.00341
0.03643
0.03045
0.00076
-0.05025
-0.0595
-0.06394
-0.08716
-0.09217
-0.11277
-0.06471
0.02175
-0.00114
-0.00789
-0.01112
0.00148
0.03763
0.04692
0.01066
0.00543
0.04235
0.04718
0.05277
0.04618
0.04267
0.04587
0.05932
-0.01413
-0.05436
-0.03281
-0.09583
-0.08509
0.01495
-0.03718
-0.07557
0.01514
0.03346
0.05554
0.10759
0.12967
0.07858
0.02386
0.05027
0.05516
0.04643
-0.00104
-0.04827
-0.04759
0.00161
0.03245
0.00852
0.00392
0.01882
0.02841
0.01723
0.01232
-0.00321
-0.01371
-0.01291
-0.02055
-0.03492
-0.04516
-0.05443
-0.03738
0.00961
0.0202
0.024
0.0304
0.02055
0.01607
0.02106
0.01533
0.00393
0.00662
-0.00228
-0.00668
-0.00869
-0.02592
-0.03304
-0.0409
-0.0482
-0.04502
-0.03578
-0.03421
-0.03845
-0.02204
-0.00559
0.00048
0.00549
0.00565
0.00531
0.00919
0.01453
0.01644
0.02017
0.02546
0.02706
0.02359
0.02832
0.03545
0.0326
0.02218
0.00722
0.00214
0.00136
0.00364
0.00267
-0.00547
-0.01169
-0.01547
-0.01335
-0.00694
0.00022
0.00849
0.01862
0.01896
0.00806
0.00452
0.00987
0.00846
-0.00197
-0.01286
-0.01746
-0.02353
-0.02946
-0.02478
-0.01659
-0.01061
-0.00387
0.0055
0.02564
0.03936
0.03369
0.02099
0.01101
0.01476
0.01667
0.0118
0.00464
-0.0069
-0.01461
-0.0174
-0.01916
-0.01718
-0.01766
-0.02351
-0.01918
-0.00988
-0.00552
-0.0013
0.00011
-0.0063
-0.00427
0.00787
0.01462
0.0131
0.00389
0.00325
0.01536
0.01679
0.01207
-0.0078
-0.03119
-0.02383
-0.02085
-0.01145
0.00788
0.00494
-0.00912
-0.00637
0.01426
0.01577
0.01378
0.00657
-0.00935
-0.01165
-0.00547
0.01361
0.02125
0.01558
0.01372
0.0084
-0.00251
-0.0102
-0.00404
0.00133
0.00114
0.00303
-0.001
-0.00813
-0.00889
-0.00702
-0.01093
-0.01534
-0.01364
-0.00287
0.00798
0.00574
0.00478
-0.0058
-0.01894
-0.01756
-0.01939
-0.02265
-0.01781
-0.0146
-0.01847
-0.01677
-0.0151
-0.01628
-0.01468
-0.01304
-0.0124
-0.01381
-0.01035
-0.0041
-0.00535
-0.00945
-0.00714
-0.00459
-0.00168
0.00402
0.00561
0.00874
0.01402
0.0197
0.02332
0.01553
0.0063
0.00487
0.00657
0.00437
0.00378
0.00535
0.00694
0.00896
0.00413
0.00134
-0.00243
-0.00691
-0.01084
-0.01499
-0.01482
-0.0141
-0.00943
-0.00508
-0.00585
-0.00367
0.00258
0.0033
0.00387
0.00552
0.00153
-0.00573
-0.00493
0.00222
0.00698
0.00794
0.00683
0.01104
0.01542
0.01852
0.02024
0.01542
0.00902
0.01064
0.01666
0.01682
0.01354
0.00994
0.00623
0.00381
0.00373
0.00132
-0.00203
-0.00093
-0.00179
-0.00127
0.00375
0.00725
0.00852
0.01058
0.0116
0.00933
0.00079
-0.00295
-0.00003
0.00027
-0.00062
-0.00807
-0.01652
-0.01699
-0.01231
-0.00739
-0.00696
-0.00903
-0.00535
-0.00308
-0.00223
0.00215
0.00081
0.00215
0.00667
0.0073
0.01077
0.01402
0.00961
0.00459
0.0005
0.00136
0.00594
0.00133
-0.00433
-0.00357
0.00052
0.00322
0.00104
-0.00318
-0.00394
-0.00141
0.00198
0.0031
0.00298
0.00362
0.0015
0.00082
0.00053
-0.00342
-0.00617
-0.009
-0.00749
-0.00557
-0.01012
-0.01012
-0.00607
-0.00333
0.00321
0.0104
0.01246
0.01513
0.01541
0.01673
0.01953
0.0172
0.01447
0.01053
0.0031
-0.00581
-0.01322
-0.01685
-0.01789
-0.01867
-0.0183
-0.01517
-0.00802
-0.00457
-0.00268
-0.00067
-0.00233
-0.00219
0.00071
-0.00046
0.00078
0.00455
0.0051
0.00803
0.00322
0.00033
0.00454
0.00406
-0.00228
-0.005
-0.00903
-0.01712
-0.02058
-0.02446
-0.02695
-0.02659
0.0071
0.03012
0.02523
0.00986
0.00201
0.01454
0.01408
0.01029
0.00315
-0.00806
-0.0146
-0.01368
-0.00634
0.00509
0.0036
-0.00895
-0.01661
-0.01779
-0.01293
0.00065
0.01358
0.00876
-0.00712
-0.00754
0.00313
0.00201
-0.00315
-0.00518
-0.01232
-0.01936
-0.01828
-0.0096
0.00166
0.00283
-0.01039
-0.01692
-0.0106
-0.00417
0.00132
0.00543
0.00795
0.00835
0.00765
0.00588
0.01099
0.01416
0.00949
0.0055
0.00888
0.01153
0.00793
0.00027
-0.00548
-0.00417
-0.00192
0.00015
-0.00192
-0.00177
-0.00192
0.00236
0.01256
0.01586
0.0101
0.00464
0.00865
0.01176
0.01163
0.01392
0.01186
0.00988
0.00763
0.00217
0.00055
-0.00185
-0.00631
-0.00907
-0.0108
-0.00972
-0.0121
-0.01275
-0.00956
-0.00377
0.00319
0.009
0.01249
0.014
0.01749
0.01604
0.01062
0.00277
-0.00289
-0.007
-0.00973
-0.00787
-0.00832
-0.01226
-0.01512
-0.01654
-0.01839
-0.01375
-0.00989
-0.00701
-0.00159
0.00075
0.0093
0.01628
0.01759
0.01265
0.00493
0.00262
0.00174
-0.00111
-0.00431
-0.00805
-0.01193
-0.01509
-0.01488
-0.01527
-0.01516
-0.00766
-0.00385
-0.00443
-0.00067
0.00198
-0.00032
0.00066
-0.00174
-0.00811
-0.01238
-0.01102
-0.00767
-0.00679
-0.00228
0.0023
0.00254
0.00313
0.00856
0.00937
0.00403
-0.00139
-0.00433
-0.00544
-0.00424
-0.00187
-0.00236
-0.0058
-0.00455
-0.0029
-0.00348
-0.00538
-0.0076
-0.00563
-0.00766
-0.01219
-0.00949
-0.00632
-0.00632
-0.00049
0.00431
0.00503
0.0058
0.00713
0.00635
0.00508
0.00759
0.00989
0.01024
0.01249
0.01268
0.00925
0.00754
0.00734
0.00553
0.00611
0.00628
0.00084
-0.00344
-0.00418
-0.0041
-0.00475
-0.00676
-0.00791
-0.00556
-0.00248
0.00153
0.00411
0.00661
0.0063
0.00761
0.01053
0.01027
0.00841
0.00737
0.00771
0.00752
0.00773
0.00767
0.00773
0.00793
0.01014
0.0096
0.01118
0.01262
0.01167
0.01025
0.00851
0.00641
0.00733
0.0085
0.00629
0.00323
0.00264
0.00295
0.00097
-0.00207
-0.00433
-0.00537
-0.00546
-0.00372
-0.00147
0.00335
0.00634
0.0056
0.00654
0.00295
-0.0006
-0.00466
-0.01003
-0.01092
-0.00986
-0.0083
-0.00651
-0.00214
0.00064
0.00158
0.00144
0.00174
0.00211
0.00364
0.00318
0.00111
0.00143
-0.00034
-0.00219
-0.00151
-0.00138
0.00061
0.00386
0.00354
-0.00061
-0.00365
-0.00374
-0.00237
-0.00142
-0.00249
-0.00362
-0.00183
-0.00007
0.00038
0.002
0.00112
-0.00171
-0.0031
-0.00218
-0.00129
0.00056
0.00231
0.00237
0.00088
0.00115
0.00082
-0.00139
-0.0037
-0.00449
-0.00442
-0.00525
-0.00519
-0.00534
-0.00531
-0.00481
-0.00425
-0.00446
-0.00414
-0.0031
-0.00227
-0.00179
-0.00049
0.00069
0.00037
0.00093
0.0012
0.00109
0.00085
0.00053
0.00067
0.0007
0.00032
-0.00035
-0.00028
-0.00024
-0.00054
-0.00143
-0.00177
-0.00174
-0.00184
-0.00152
-0.00123
-0.00064
-0.00018
0.00026
0.00043
0.00024
-0.00011
-0.00041
-0.00042
-0.0003
-0.00011
0.00006
0.0002
0.00027
0.00026
0.00006
-0.00018
-0.00027
-0.00044
-0.00058
-0.00051
-0.00048
-0.00052
-0.0005
-0.00045
-0.00039
-0.00024
-0.00015
-0.00014
-0.00008
-0.00002
-0.00002
-0.00003
-0.00001
-0.00002
-0.00009
-0.00014
-0.00021
-0.00024
-0.00023
-0.00021
-0.00019
-0.00019
-0.00016
-0.00013
-0.00011
-0.0001
-0.00008
-0.00006
-0.00002
0.00001
0.00003
0.00005
0.00007
0.00009
0.00011
0.00013
0.00014
0.00016
0.00017
0.00019
0.0002
0.00022
0.00023
0.00024
0.00026
0.00027
0.00028
0.00028
0.00029
0.00029
0.0003
0.0003
0.0003
0.0003