0.005
-0.00712
-0.00711
-0.0071
-0.00709
-0.00708
-0.00707
-0.00706
-0.00706
-0.00705
-0.00704
-0.00703
-0.00702
-0.00701
-0.007
-0.00699
-0.00698
-0.00697
-0.00696
-0.00695
-0.00695
-0.00694
-0.00693
-0.00692
-0.00691
-0.0069
-0.00689
-0.00688
-0.00687
-0.00686
-0.00686
-0.00685
-0.00684
-0.00683
-0.00682
-0.00681
-0.0068
-0.00679
-0.00678
-0.00677
-0.00676
-0.00676
-0.00675
-0.00674
-0.00673
-0.00672
-0.00671
-0.0067
-0.00669
-0.00668
-0.00667
-0.00667
-0.00666
-0.00665
-0.00664
-0.00664
-0.00663
-0.00662
-0.0066
-0.00659
-0.00658
-0.00657
-0.00656
-0.00655
-0.00655
-0.00656
-0.00655
-0.00653
-0.00651
-0.00649
-0.00647
-0.00646
-0.00646
-0.00646
-0.00645
-0.00645
-0.00647
-0.00648
-0.00647
-0.00644
-0.0064
-0.00637
-0.00636
-0.00636
-0.00638
-0.00637
-0.00635
-0.00634
-0.00634
-0.00635
-0.00634
-0.0063
-0.00628
-0.00628
-0.0063
-0.0063
-0.00628
-0.00625
-0.00625
-0.00631
-0.00636
-0.00635
-0.0063
-0.00624
-0.00617
-0.00607
-0.00595
-0.00591
-0.006
-0.00609
-0.00612
-0.00613
-0.00621
-0.0063
-0.0063
-0.00618
-0.00605
-0.00602
-0.00606
-0.00605
-0.00596
-0.00586
-0.00586
-0.00593
-0.00598
-0.00602
-0.00615
-0.00637
-0.00652
-0.00642
-0.00611
-0.00581
-0.00572
-0.0058
-0.00586
-0.00589
-0.00594
-0.00592
-0.00579
-0.00561
-0.00539
-0.0052
-0.00523
-0.00555
-0.00599
-0.00626
-0.0063
-0.00627
-0.00627
-0.00615
-0.00588
-0.00571
-0.00578
-0.00595
-0.00601
-0.00594
-0.00575
-0.00543
-0.00515
-0.00514
-0.00533
-0.00556
-0.00594
-0.00646
-0.00682
-0.00692
-0.00694
-0.00673
-0.00597
-0.00508
-0.00491
-0.00555
-0.00604
-0.00572
-0.00509
-0.0049
-0.005
-0.00504
-0.00494
-0.00472
-0.00466
-0.00519
-0.00632
-0.00718
-0.00693
-0.00595
-0.00517
-0.00484
-0.0047
-0.0047
-0.00493
-0.00526
-0.00534
-0.00491
-0.00421
-0.00376
-0.00389
-0.00466
-0.00583
-0.00678
-0.00694
-0.00666
-0.00638
-0.00616
-0.00613
-0.00608
-0.00539
-0.00434
-0.0041
-0.00476
-0.00521
-0.00503
-0.00479
-0.00492
-0.00559
-0.00673
-0.00765
-0.00798
-0.00816
-0.00817
-0.00791
-0.00775
-0.0072
-0.00464
-0.00053
0.00205
0.00235
0.00115
-0.00161
-0.00554
-0.00892
-0.01081
-0.01141
-0.01086
-0.00992
-0.00901
-0.00685
-0.00308
0.00011
0.00087
0
-0.00116
-0.00266
-0.00458
-0.00645
-0.00818
-0.00933
-0.00937
-0.0094
-0.01022
-0.01013
-0.0081
-0.00523
-0.00242
-0.00003
0.00123
0.0014
0.0009
-0.00068
-0.00316
-0.00658
-0.01102
-0.01413
-0.0134
-0.01072
-0.00919
-0.00685
-0.0012
0.00468
0.00701
0.0062
0.00448
0.0029
0.00074
-0.00353
-0.00961
-0.01478
-0.01604
-0.01289
-0.00816
-0.00542
-0.00528
-0.00572
-0.00547
-0.00518
-0.0044
-0.00193
0.00043
0.00028
-0.00117
-0.00197
-0.0036
-0.00716
-0.00998
-0.01025
-0.0099
-0.01019
-0.00896
-0.00405
0.00291
0.00672
0.00511
0.0007
-0.00198
-0.00183
-0.00247
-0.00582
-0.01033
-0.0147
-0.01686
-0.01494
-0.01069
-0.00774
-0.00661
-0.00655
-0.00774
-0.00848
-0.00616
-0.00205
0.00113
0.00296
0.00332
0.00205
0.00109
0.00161
0.00253
0.00314
0.00323
0.00147
-0.00274
-0.00771
-0.01207
-0.01448
-0.01217
-0.00611
-0.00177
-0.00345
-0.01033
-0.01815
-0.02011
-0.01198
0.00009
0.00684
0.00954
0.01321
0.01521
0.01032
-0.00005
-0.01141
-0.01884
-0.0153
-0.00168
0.01322
0.01989
0.01245
-0.005
-0.02117
-0.0273
-0.02486
-0.02204
-0.02093
-0.01774
-0.01014
0.00041
0.00645
0.00052
-0.01044
-0.01092
0.00028
0.01012
0.01095
0.0061
0.00167
0.00036
0.00059
-0.00006
-0.00066
0.00263
0.01095
0.0204
0.02312
0.01241
-0.0126
-0.03846
-0.04486
-0.03201
-0.01443
-0.00337
-0.00058
-0.00184
-0.00497
-0.0106
-0.01517
-0.01446
-0.01008
-0.0031
0.00616
0.01161
0.00603
-0.00798
-0.01949
-0.02291
-0.01881
-0.00974
0.00085
0.01013
0.01705
0.02202
0.02392
0.02005
0.0085
-0.00924
-0.02364
-0.02395
-0.01482
-0.0143
-0.0274
-0.03591
-0.02619
-0.00982
-0.00428
-0.00846
-0.00617
0.01105
0.0288
0.02823
0.01747
0.00983
0.00413
-0.00178
-0.00545
-0.00809
-0.01235
-0.01624
-0.01792
-0.02011
-0.02324
-0.0237
-0.02044
-0.01246
0.00582
0.03373
0.05607
0.05973
0.04718
0.02943
0.01539
0.00557
-0.00854
-0.03226
-0.05922
-0.07981
-0.08638
-0.07625
-0.0549
-0.03258
-0.01613
0.00003
0.02639
0.05735
0.07845
0.07957
0.06389
0.04221
0.0202
-0.00416
-0.02953
-0.05132
-0.07613
-0.10511
-0.12128
-0.10781
-0.06687
-0.01477
0.03047
0.05904
0.08344
0.10719
0.11525
0.09902
0.06532
0.02247
-0.02277
-0.06018
-0.08644
-0.11586
-0.14831
-0.15842
-0.12758
-0.06162
0.02361
0.10688
0.15691
0.16124
0.13684
0.10243
0.06412
0.02342
-0.01625
-0.04927
-0.07029
-0.08607
-0.10206
-0.11358
-0.10979
-0.08219
-0.03598
0.00618
0.02804
0.04499
0.07675
0.10929
0.1167
0.0969
0.06365
0.02435
-0.02001
-0.0598
-0.08438
-0.09547
-0.09988
-0.09218
-0.06039
-0.00735
0.04232
0.06426
0.07296
0.08368
0.08324
0.05865
0.02071
-0.01502
-0.04433
-0.06897
-0.08699
-0.09001
-0.06612
-0.02385
0.01388
0.03731
0.05678
0.07939
0.0909
0.07464
0.03671
-0.00234
-0.02436
-0.02695
-0.02415
-0.02702
-0.03207
-0.03076
-0.0215
-0.01164
-0.00537
0.00454
0.02181
0.03486
0.03775
0.04278
0.0489
0.03327
-0.00995
-0.06294
-0.10709
-0.12862
-0.11349
-0.06252
-0.00437
0.03359
0.05047
0.05815
0.06402
0.06443
0.04909
0.02051
-0.00125
-0.00464
0.0007
-0.00272
-0.01895
-0.03665
-0.03864
-0.02051
-0.00204
0.00248
0.00336
0.0144
0.02721
0.02361
0.00739
-0.00031
-0.00106
-0.01563
-0.03998
-0.05253
-0.04931
-0.04443
-0.04815
-0.05687
-0.05541
-0.03638
-0.00896
0.01338
0.03372
0.06492
0.10303
0.1185
0.09188
0.04713
0.01051
-0.01456
-0.03109
-0.04167
-0.05195
-0.05798
-0.04706
-0.02612
-0.01075
0.00388
0.02439
0.03858
0.03772
0.03111
0.02422
0.01354
0.00195
-0.00596
-0.01512
-0.03359
-0.05709
-0.07312
-0.06271
-0.0173
0.03511
0.0662
0.07256
0.06559
0.05203
0.03597
0.02105
-0.00104
-0.03778
-0.07531
-0.09151
-0.08058
-0.05199
-0.02028
0.00485
0.02294
0.03768
0.05515
0.07354
0.08011
0.0662
0.03802
0.00484
-0.02965
-0.05665
-0.06373
-0.05976
-0.06064
-0.06309
-0.05553
-0.03579
-0.0063
0.02947
0.05984
0.07739
0.08631
0.08968
0.08183
0.05867
0.02249
-0.01742
-0.04259
-0.05204
-0.06226
-0.08034
-0.08929
-0.0687
-0.02312
0.02482
0.05792
0.07391
0.08095
0.0824
0.07731
0.06446
0.04336
0.01338
-0.02279
-0.05051
-0.05931
-0.05862
-0.06225
-0.06883
-0.06475
-0.04289
-0.01423
0.00483
0.01804
0.03403
0.0487
0.05179
0.03802
0.01155
-0.01818
-0.04386
-0.06193
-0.07038
-0.06601
-0.05558
-0.05024
-0.04795
-0.03203
0.00445
0.04288
0.0657
0.07429
0.07116
0.05385
0.02854
0.0097
0.00341
0.00161
-0.00871
-0.03115
-0.05399
-0.05938
-0.04668
-0.03461
-0.02928
-0.01255
0.02228
0.0552
0.06301
0.04604
0.01904
-0.00827
-0.03117
-0.04018
-0.0293
-0.01643
-0.02349
-0.045
-0.05533
-0.03983
-0.00777
0.01984
0.02776
0.02859
0.03992
0.05563
0.0529
0.02539
-0.00862
-0.03168
-0.04102
-0.03598
-0.01906
-0.00417
-0.00196
-0.00391
0.00176
0.0098
0.00735
-0.00446
-0.01224
-0.00835
0.00536
0.0182
0.01493
-0.00741
-0.02955
-0.02897
-0.012
0.00824
0.02964
0.04558
0.04702
0.04145
0.0418
0.04083
0.02235
-0.00546
-0.02115
-0.02163
-0.01603
-0.00845
-0.00296
-0.00589
-0.01194
-0.0096
-0.00261
-0.00141
-0.00471
-0.00239
0.01131
0.02579
0.02036
-0.0026
-0.02655
-0.04645
-0.06306
-0.06722
-0.05074
-0.02092
0.00401
0.01403
0.02212
0.04052
0.05679
0.05139
0.02642
0.00462
0.00042
0.00342
-0.00385
-0.01888
-0.02688
-0.02422
-0.02184
-0.02734
-0.03311
-0.02764
-0.01503
-0.00352
0.00807
0.02313
0.03624
0.03976
0.02967
0.01188
0.0042
0.01226
0.02207
0.01944
0.00705
-0.00508
-0.01359
-0.0128
0.00417
0.02333
0.0243
0.01381
0.0152
0.03369
0.05229
0.05532
0.0373
0.00623
-0.0244
-0.04352
-0.04902
-0.04586
-0.03547
-0.00997
0.02905
0.05819
0.06852
0.07026
0.07091
0.0685
0.06065
0.04754
0.02842
0.00411
-0.01923
-0.03333
-0.0354
-0.03017
-0.02514
-0.0253
-0.02971
-0.03164
-0.02263
0.00402
0.04129
0.06355
0.05353
0.02172
-0.00658
-0.01577
-0.01572
-0.02669
-0.05118
-0.06982
-0.06436
-0.03554
-0.0053
0.002
-0.00942
-0.00598
0.02652
0.06347
0.06935
0.03683
-0.00471
-0.02633
-0.02671
-0.02765
-0.03917
-0.05447
-0.06515
-0.06712
-0.06231
-0.05624
-0.0493
-0.03777
-0.02187
-0.0036
0.01811
0.03887
0.04714
0.03694
0.0117
-0.01759
-0.03161
-0.0214
-0.00352
-0.00241
-0.02037
-0.03885
-0.04163
-0.02528
-0.00312
0.00983
0.01052
0.00953
0.02056
0.0448
0.06805
0.07344
0.05801
0.03226
0.00576
-0.01745
-0.03583
-0.04887
-0.05756
-0.06374
-0.0605
-0.03675
0.00011
0.03246
0.05502
0.06967
0.06897
0.04962
0.02961
0.02226
0.01682
-0.00284
-0.0338
-0.0557
-0.05675
-0.04445
-0.03425
-0.03279
-0.03159
-0.01926
0.0083
0.0475
0.08283
0.09238
0.07626
0.06386
0.07092
0.07206
0.04421
0.00238
-0.02476
-0.03224
-0.03027
-0.02395
-0.01694
-0.01556
-0.0178
-0.01317
-0.00062
0.01087
0.02245
0.039
0.04647
0.03257
0.01085
0.00468
0.01081
0.00432
-0.02147
-0.04224
-0.04056
-0.03232
-0.03686
-0.04582
-0.03668
-0.00692
0.01916
0.02425
0.01586
0.00933
0.00596
0.0013
-0.00481
-0.00929
-0.00932
-0.00522
-0.00015
0.00401
0.00826
0.01489
0.02388
0.03066
0.03053
0.02563
0.01918
0.00662
-0.01358
-0.02838
-0.02778
-0.01922
-0.01394
-0.0067
0.01434
0.04457
0.06973
0.08419
0.09032
0.09231
0.09356
0.09213
0.0824
0.06783
0.05753
0.04758
0.03471
0.02652
0.02343
0.01981
0.02347
0.04674
0.07493
0.08016
0.06495
0.05299
0.04938
0.04034
0.02521
0.01531
0.00846
-0.00456
-0.01495
-0.01163
-0.00284
0.00179
0.00563
0.00801
0.00608
0.0114
0.02878
0.04021
0.03441
0.02433
0.01998
0.01312
0.00138
-0.00453
-0.00595
-0.01378
-0.02789
-0.0407
-0.04878
-0.05365
-0.05324
-0.04125
-0.01858
0.00546
0.01975
0.01671
-0.00114
-0.0225
-0.02897
-0.01431
-0.00631
-0.02908
-0.0669
-0.08813
-0.09138
-0.09387
-0.09232
-0.07101
-0.03917
-0.01579
0.00512
0.03406
0.06384
0.08769
0.10871
0.11427
0.0867
0.04523
0.01234
-0.01775
-0.04946
-0.06355
-0.04382
-0.00531
0.01598
0.01167
0.01484
0.045
0.0809
0.10101
0.10084
0.08137
0.05658
0.04829
0.0495
0.03591
0.01342
0.01292
0.0396
0.06202
0.06128
0.05152
0.04717
0.04279
0.03213
0.01942
0.01002
0.00648
0.01139
0.01966
0.01456
-0.00943
-0.03843
-0.0576
-0.06636
-0.06669
-0.04902
-0.00421
0.05138
0.08799
0.09545
0.08573
0.07328
0.06221
0.0479
0.02752
0.00567
-0.00853
-0.00768
-0.00212
-0.01065
-0.02374
-0.01562
0.01165
0.0273
0.02055
0.01611
0.03081
0.04855
0.04455
0.01004
-0.03857
-0.06511
-0.04679
-0.0142
-0.01432
-0.0435
-0.05205
-0.01706
0.01706
0.00453
-0.0324
-0.03936
-0.0056
0.03853
0.06229
0.05738
0.03821
0.02577
0.02457
0.01919
0.00829
0.01011
0.0293
0.05009
0.06156
0.06503
0.06331
0.05475
0.03629
0.00857
-0.01884
-0.0351
-0.04258
-0.0575
-0.08531
-0.11528
-0.13913
-0.14888
-0.13482
-0.10837
-0.09352
-0.08928
-0.05369
0.03574
0.12001
0.15023
0.14541
0.14999
0.17197
0.18268
0.15157
0.08079
0.01947
0.00999
0.02746
0.02245
-0.00159
0.00419
0.05359
0.09788
0.09661
0.0867
0.10643
0.13274
0.11726
0.05381
-0.01864
-0.05524
-0.05229
-0.05917
-0.10243
-0.1359
-0.10523
-0.03065
0.01557
0.00081
-0.03261
-0.03986
-0.02634
-0.01466
-0.01345
-0.02495
-0.04294
-0.04995
-0.04374
-0.03978
-0.03365
-0.0075
0.02678
0.03604
0.02341
0.02779
0.06773
0.10836
0.10765
0.08149
0.05538
0.01728
-0.03708
-0.07242
-0.07005
-0.07406
-0.11775
-0.15872
-0.14402
-0.08677
-0.03845
-0.01943
-0.01898
-0.03671
-0.05028
-0.01525
0.05059
0.06253
-0.0027
-0.0547
-0.02919
0.02356
0.02868
-0.00072
-0.01393
-0.00422
0.01386
0.04252
0.07263
0.07537
0.0517
0.03455
0.02879
0.0124
-0.01077
-0.01512
0.00321
0.02426
0.03379
0.02593
0.0058
-0.01163
-0.01266
-0.00031
0.0077
0.00334
0.00173
0.01222
0.00854
-0.03542
-0.09851
-0.12252
-0.08004
-0.01281
0.0119
-0.00832
-0.01316
0.01719
0.04625
0.06692
0.10538
0.15814
0.18356
0.15189
0.0827
0.02219
-0.01154
-0.02508
-0.01681
0.01545
0.05555
0.078
0.07843
0.08394
0.10651
0.11396
0.07974
0.02997
0.00173
-0.0112
-0.03043
-0.04936
-0.05928
-0.06364
-0.05864
-0.05015
-0.06058
-0.08359
-0.08
-0.04216
-0.01235
-0.00476
0.00716
0.02655
0.02283
-0.01267
-0.05749
-0.09267
-0.11509
-0.12262
-0.10417
-0.06417
-0.0273
-0.01198
-0.00812
0.00926
0.03597
0.04281
0.02478
0.00447
-0.00011
0.01
0.01457
-0.01449
-0.07474
-0.11686
-0.10592
-0.07035
-0.06007
-0.06718
-0.04586
0.01091
0.05698
0.06099
0.0526
0.05979
0.06882
0.06323
0.04768
0.03903
0.05181
0.07453
0.07013
0.02245
-0.043
-0.08269
-0.08024
-0.06653
-0.06895
-0.07274
-0.05573
-0.02554
-0.00537
-0.00205
-0.00284
-0.00502
-0.01458
-0.01894
-0.00847
-0.01062
-0.04409
-0.0727
-0.0586
-0.01144
0.03732
0.07573
0.099
0.09605
0.07429
0.06372
0.077
0.09001
0.07291
0.03858
0.04127
0.09612
0.1556
0.16745
0.13583
0.11078
0.11982
0.14931
0.16437
0.14007
0.09622
0.07047
0.06339
0.04757
0.01711
-0.01183
-0.0393
-0.07236
-0.09476
-0.08531
-0.05364
-0.02728
-0.01225
0.00656
0.02123
0.00072
-0.05092
-0.09988
-0.12794
-0.14748
-0.17791
-0.21906
-0.23999
-0.2125
-0.1692
-0.16322
-0.19607
-0.21858
-0.2
-0.14907
-0.08137
-0.00302
0.05944
0.07613
0.06762
0.08466
0.12844
0.14267
0.09344
0.00813
-0.06399
-0.10713
-0.12
-0.10229
-0.07041
-0.05314
-0.06659
-0.0928
-0.08562
-0.02572
0.04478
0.07056
0.05806
0.05862
0.09242
0.13153
0.15994
0.19122
0.20554
0.15443
0.05904
0.0029
0.0034
-0.02417
-0.09943
-0.11545
-0.03335
0.06997
0.12596
0.13561
0.12526
0.097
0.05086
0.016
0.01735
0.03808
0.05356
0.05633
0.03468
-0.02408
-0.09845
-0.14031
-0.13319
-0.10065
-0.06032
-0.02686
-0.04117
-0.11696
-0.17908
-0.14218
-0.03027
0.04359
0.02926
-0.01458
-0.0105
0.04124
0.08141
0.0773
0.06257
0.07244
0.06924
0.01374
-0.04142
-0.02473
0.04877
0.10459
0.11596
0.10856
0.09121
0.05914
0.0344
0.03661
0.04368
0.02877
0.00553
-0.01387
-0.05273
-0.11264
-0.15149
-0.13796
-0.09199
-0.05616
-0.053
-0.06202
-0.05138
-0.0266
-0.00594
0.00387
-0.00164
-0.01465
-0.01684
-0.01744
-0.03185
-0.03076
0.01449
0.07468
0.10041
0.09069
0.09689
0.1293
0.12012
0.04338
-0.03007
-0.02249
0.04813
0.08891
0.06335
0.02442
0.01715
0.01466
-0.00435
-0.00791
0.01824
0.03373
0.00671
-0.03114
-0.01226
0.07476
0.16153
0.19115
0.17123
0.12819
0.07987
0.04211
0.01388
-0.02287
-0.06884
-0.09918
-0.09699
-0.07401
-0.05158
-0.03516
-0.0152
0.01016
0.02801
0.03378
0.04231
0.0763
0.13445
0.16267
0.10437
0.01312
0.01176
0.0921
0.11088
-0.00329
-0.15621
-0.21035
-0.14955
-0.06986
-0.05265
-0.06829
-0.06575
-0.04722
-0.02675
-0.00142
0.01279
-0.02861
-0.11226
-0.13992
-0.09689
-0.05595
-0.03192
0.01589
0.06233
0.05041
0.03903
0.12207
0.22704
0.2199
0.1194
0.04251
0.02874
0.024
0.00094
-0.00163
0.03854
0.09026
0.10478
0.08235
0.07555
0.0919
0.06912
0.0092
0.01208
0.07078
0.07227
0.01188
-0.01209
0.01759
0.0215
-0.01628
-0.03759
-0.03835
-0.05251
-0.06529
-0.0636
-0.08225
-0.13763
-0.17588
-0.14892
-0.11546
-0.13885
-0.1682
-0.11805
-0.01933
0.02451
0.00168
0.01367
0.09517
0.13918
0.07796
0.00344
-0.00545
-0.00714
-0.0709
-0.13911
-0.13434
-0.09125
-0.06928
-0.06049
-0.03104
0.02979
0.10954
0.18102
0.21378
0.21758
0.21282
0.20884
0.20452
0.18776
0.15384
0.12174
0.11392
0.13104
0.15742
0.17282
0.15457
0.09818
0.03428
0.00464
0.01226
0.03846
0.08236
0.13978
0.16974
0.14602
0.11903
0.16537
0.24534
0.23391
0.13863
0.07063
0.08749
0.15977
0.21932
0.22352
0.16244
0.06943
0.02881
0.07765
0.16436
0.20063
0.16688
0.13856
0.17858
0.21711
0.15101
0.04555
0.04803
0.14006
0.17661
0.12178
0.08016
0.08425
0.06579
0.02613
0.02982
0.06853
0.08292
0.08794
0.14854
0.25549
0.30528
0.22784
0.09235
0.02826
0.07007
0.12306
0.10414
0.07701
0.15122
0.25937
0.2628
0.20593
0.20083
0.22572
0.21341
0.19499
0.19695
0.16032
0.088
0.08606
0.19756
0.30358
0.27494
0.14876
0.05064
0.01156
-0.02495
-0.05265
-0.01977
0.03904
0.05053
0.00187
-0.05383
-0.0345
0.07295
0.12991
0.01085
-0.2043
-0.28876
-0.14908
0.02779
0.05531
0.01344
0.08499
0.22558
0.20662
-0.03068
-0.21842
-0.12952
0.10809
0.18662
0.02922
-0.15411
-0.18353
-0.10029
-0.03054
-0.03081
-0.07813
-0.11744
-0.11258
-0.07932
-0.0494
-0.01039
0.05149
0.0769
-0.00409
-0.12456
-0.14552
-0.09872
-0.0863
-0.10672
-0.10538
-0.08313
-0.05841
-0.04519
-0.09355
-0.21676
-0.30639
-0.25524
-0.13086
-0.06752
-0.07046
-0.02215
0.12951
0.26044
0.24708
0.15059
0.10382
0.1516
0.24021
0.27524
0.16822
-0.06258
-0.21699
-0.11501
0.16628
0.3585
0.31846
0.1446
0.02438
0.05162
0.17299
0.31112
0.4078
0.39144
0.24086
0.0803
0.07826
0.1878
0.20074
0.08274
-0.00808
-0.01205
-0.02043
-0.09444
-0.17202
-0.16021
-0.04558
0.07841
0.12996
0.10459
0.05128
0.0116
-0.01354
-0.05931
-0.14615
-0.22677
-0.21077
-0.04398
0.18792
0.32738
0.29227
0.13435
0.01003
0.02235
0.11572
0.19343
0.24775
0.27522
0.21608
0.0487
-0.09575
-0.04413
0.11024
0.14207
0.00261
-0.14765
-0.16323
-0.07893
0.014
0.10085
0.17595
0.19224
0.13376
0.07575
0.08663
0.13587
0.14572
0.10608
0.06032
-0.01588
-0.174
-0.34674
-0.37367
-0.20829
0.01566
0.16211
0.20351
0.19782
0.13697
-0.00794
-0.13869
-0.11173
0.06269
0.22605
0.25077
0.16497
0.06137
0.0053
0.02738
0.09703
0.12032
0.05642
0.00103
0.04178
0.1292
0.1848
0.21798
0.25231
0.24237
0.12075
-0.05217
-0.09409
-0.01042
0.02907
-0.03882
-0.08976
-0.02257
0.09585
0.13391
0.05407
-0.04716
-0.05285
0.07342
0.23398
0.28959
0.20973
0.0823
-0.0281
-0.15559
-0.31106
-0.39531
-0.33029
-0.17579
-0.05723
-0.0171
0.0196
0.12352
0.25843
0.3607
0.41883
0.431
0.37025
0.24132
0.11449
0.05641
0.04929
0.03437
0.0034
-0.0219
-0.04164
-0.04593
0.00817
0.10981
0.13643
0.02172
-0.10572
-0.11422
-0.05431
-0.04417
-0.08019
-0.09364
-0.09938
-0.1382
-0.14553
-0.03138
0.15709
0.25758
0.19637
0.03423
-0.11755
-0.17668
-0.14911
-0.08157
-0.02469
0.00223
0.03709
0.12473
0.24033
0.31646
0.34221
0.3604
0.39622
0.4297
0.41209
0.32914
0.27168
0.36103
0.53972
0.65398
0.63772
0.52252
0.35108
0.14507
-0.05266
-0.16473
-0.16369
-0.12298
-0.11501
-0.13076
-0.11952
-0.05555
0.0302
0.10188
0.17709
0.28582
0.39452
0.44665
0.39162
0.20507
-0.09051
-0.39958
-0.57576
-0.59622
-0.48878
-0.2878
-0.11568
-0.10541
-0.24279
-0.35601
-0.2927
-0.11822
-0.01342
-0.06094
-0.16618
-0.20857
-0.17049
-0.11981
-0.11595
-0.13301
-0.10128
-0.03248
0.00235
-0.02193
-0.06535
-0.09141
-0.10871
-0.13243
-0.15089
-0.14225
-0.10425
-0.055
-0.02654
-0.05364
-0.13962
-0.23235
-0.275
-0.28126
-0.27265
-0.24185
-0.20519
-0.21199
-0.2888
-0.4076
-0.52306
-0.62688
-0.70751
-0.72516
-0.65188
-0.51318
-0.35674
-0.22445
-0.15156
-0.09772
-0.01345
0.08825
0.16592
0.19764
0.17864
0.1162
0.04167
-0.0221
-0.11119
-0.23105
-0.30497
-0.28815
-0.24328
-0.2559
-0.32306
-0.38411
-0.42498
-0.46539
-0.48531
-0.4286
-0.29331
-0.16885
-0.13816
-0.19157
-0.2405
-0.23004
-0.16986
-0.10145
-0.0753
-0.1127
-0.19715
-0.30237
-0.41004
-0.50172
-0.53891
-0.53619
-0.55949
-0.61657
-0.6316
-0.56743
-0.48933
-0.45119
-0.4153
-0.33352
-0.21132
-0.09465
-0.02735
-0.01521
-0.02708
-0.02748
-0.01145
0.01005
0.03054
0.05045
0.07364
0.11121
0.16606
0.20558
0.18155
0.06951
-0.07287
-0.14919
-0.12776
-0.06969
-0.05306
-0.08011
-0.09709
-0.0918
-0.09963
-0.12918
-0.1423
-0.11247
-0.07561
-0.09882
-0.18181
-0.26002
-0.26962
-0.20665
-0.13974
-0.13032
-0.19146
-0.29625
-0.39117
-0.44689
-0.44317
-0.37392
-0.24795
-0.07431
0.11888
0.23719
0.1702
-0.04652
-0.2383
-0.28876
-0.22666
-0.1469
-0.07864
0.01589
0.10792
0.10411
-0.03029
-0.19533
-0.23776
-0.14104
-0.02546
0.01473
0.00175
0.01077
0.04689
0.06416
0.06099
0.07539
0.12428
0.18227
0.18867
0.09538
-0.05834
-0.17999
-0.2388
-0.27006
-0.28416
-0.23476
-0.1256
-0.07017
-0.12344
-0.21554
-0.2459
-0.18245
-0.07291
0.03918
0.13526
0.16897
0.09982
-0.02532
-0.12215
-0.17469
-0.22017
-0.26475
-0.26847
-0.21497
-0.15902
-0.17775
-0.27198
-0.36685
-0.37453
-0.27808
-0.14842
-0.04803
0.02178
0.09899
0.17272
0.18044
0.09905
0.01614
0.0448
0.17559
0.26101
0.21667
0.15255
0.16678
0.17859
0.0886
-0.04809
-0.10363
-0.07641
-0.05855
-0.05355
0.00744
0.09373
0.11227
0.08944
0.15749
0.30943
0.38483
0.35789
0.33112
0.34716
0.36614
0.34048
0.24849
0.06868
-0.16119
-0.30811
-0.34253
-0.34227
-0.36163
-0.3919
-0.42659
-0.48805
-0.56334
-0.57612
-0.48465
-0.32817
-0.15653
-0.0254
-0.00427
-0.10083
-0.22152
-0.24219
-0.16785
-0.07766
-0.03363
-0.06244
-0.14613
-0.23897
-0.31777
-0.38135
-0.40015
-0.32831
-0.17863
-0.03697
0.04855
0.11628
0.21313
0.31372
0.34777
0.33266
0.36279
0.46691
0.55398
0.51875
0.36032
0.19051
0.12537
0.11995
0.08924
0.02953
-0.03583
-0.11497
-0.22015
-0.33763
-0.42773
-0.44806
-0.40464
-0.33345
-0.26056
-0.18364
-0.10831
-0.07045
-0.07485
-0.06194
-0.00357
0.03574
0.00699
-0.05009
-0.08624
-0.13635
-0.25901
-0.39854
-0.42301
-0.2766
-0.05928
0.06377
0.04155
-0.04145
-0.08653
-0.07264
-0.04513
-0.02803
-0.01088
0.01669
0.05298
0.08857
0.10796
0.10674
0.09907
0.10793
0.13743
0.17034
0.16703
0.09416
-0.03755
-0.16217
-0.19974
-0.16854
-0.13182
-0.11509
-0.11916
-0.15151
-0.21978
-0.28769
-0.27682
-0.15543
0.00583
0.08696
0.04855
-0.02037
-0.01399
0.04666
0.02629
-0.11036
-0.23299
-0.24769
-0.18729
-0.08964
0.05267
0.22308
0.33579
0.314
0.23082
0.18822
0.1925
0.18549
0.1334
0.06681
0.03486
0.02873
-0.01241
-0.10252
-0.17974
-0.19749
-0.18764
-0.2031
-0.23842
-0.23702
-0.17844
-0.11207
-0.08357
-0.08726
-0.10365
-0.13153
-0.17252
-0.19899
-0.17463
-0.12814
-0.11586
-0.14399
-0.15959
-0.11369
-0.01364
0.08075
0.1055
0.06221
0.02316
0.04819
0.11399
0.14428
0.08041
-0.06619
-0.20051
-0.22849
-0.16104
-0.07337
-0.00136
0.04985
0.06296
0.03034
0.00261
0.05761
0.17324
0.24475
0.19434
0.05166
-0.0579
-0.05237
0.02817
0.07363
0.02548
-0.05606
-0.09301
-0.08455
-0.06633
-0.04994
-0.02035
0.02064
0.02516
-0.03454
-0.10652
-0.12217
-0.06356
0.02681
0.07643
0.04256
-0.04084
-0.08215
-0.03788
0.02862
0.02688
-0.02922
-0.05596
-0.02239
0.02692
0.05478
0.08233
0.12202
0.1445
0.13709
0.12462
0.11511
0.06842
-0.03291
-0.12568
-0.13855
-0.08428
-0.05009
-0.09468
-0.1691
-0.18088
-0.10764
-0.02747
0.00822
0.03162
0.09993
0.20637
0.2779
0.22935
0.08462
0.00741
0.07151
0.19248
0.24092
0.15675
-0.00826
-0.11946
-0.07576
0.06667
0.13749
0.07253
-0.03226
-0.0628
-0.00606
0.06621
0.08952
0.05286
0.01313
0.02429
0.07444
0.10665
0.09693
0.07693
0.08101
0.09813
0.09595
0.08246
0.09464
0.13813
0.16963
0.12361
-0.00604
-0.0928
-0.01315
0.14765
0.20798
0.14002
0.07441
0.09834
0.14822
0.15552
0.15398
0.16952
0.13016
-0.02698
-0.21995
-0.2992
-0.24356
-0.1689
-0.1649
-0.18732
-0.1568
-0.08031
-0.02061
0.00753
0.03521
0.07844
0.12583
0.17379
0.23227
0.27778
0.25693
0.16478
0.08105
0.08578
0.12647
0.05824
-0.12586
-0.28148
-0.2692
-0.08846
0.1126
0.21532
0.22852
0.22478
0.24582
0.25364
0.18112
0.02944
-0.12553
-0.20181
-0.17316
-0.07486
0.05205
0.17624
0.25355
0.25441
0.20792
0.16611
0.12365
0.04652
-0.03598
-0.07565
-0.06561
-0.01924
0.05445
0.12831
0.16369
0.12203
0.00834
-0.08756
-0.08516
0.01494
0.12242
0.15363
0.12293
0.12137
0.19627
0.27841
0.26808
0.15923
0.03887
0.00578
0.05996
0.08941
0.04931
0.02459
0.04748
0.03938
-0.03978
-0.11555
-0.11779
-0.07684
-0.07158
-0.11625
-0.11859
-0.00714
0.17181
0.29959
0.3143
0.24498
0.16115
0.11247
0.09529
0.06611
0.01506
-0.01506
0.01744
0.09403
0.16657
0.22907
0.29493
0.35215
0.38594
0.41635
0.47592
0.53675
0.52646
0.37056
0.10401
-0.07233
-0.06361
0.02949
0.06055
0.01322
-0.02156
0.00334
0.03306
0.03543
0.06788
0.15091
0.20875
0.18251
0.10901
0.04845
0.00871
-0.00819
-0.00196
-0.00873
-0.07749
-0.19376
-0.2774
-0.284
-0.24016
-0.17986
-0.09901
0.01228
0.09793
0.08279
-0.02717
-0.13195
-0.13494
-0.05516
0.01644
0.05576
0.10457
0.15787
0.14771
0.04722
-0.0854
-0.17678
-0.19349
-0.18793
-0.21928
-0.28151
-0.31505
-0.2782
-0.19575
-0.12713
-0.09282
-0.05737
0.00436
0.05458
0.04697
0.00466
0.01327
0.11572
0.2341
0.28064
0.29463
0.34065
0.3979
0.40523
0.33221
0.16457
-0.06813
-0.23545
-0.26705
-0.20184
-0.10792
-0.03895
-0.02693
-0.07388
-0.12639
-0.1049
-0.01223
0.06135
0.05762
0.03141
0.05311
0.09331
0.059
-0.0552
-0.13408
-0.11146
-0.06155
-0.06722
-0.1256
-0.17925
-0.18386
-0.13974
-0.07586
-0.01991
0.00287
-0.01308
-0.01999
0.04243
0.15628
0.23525
0.24177
0.23496
0.22576
0.12665
-0.08657
-0.30407
-0.41179
-0.41202
-0.37907
-0.32233
-0.22112
-0.1326
-0.12997
-0.17234
-0.14598
-0.00604
0.17124
0.25527
0.22641
0.15346
0.10871
0.11261
0.10697
0.03479
-0.07955
-0.14468
-0.10313
-0.02032
-0.00599
-0.07966
-0.1602
-0.15092
-0.03597
0.09332
0.16572
0.2234
0.30541
0.35178
0.28215
0.11788
-0.04461
-0.15271
-0.19355
-0.18204
-0.13804
-0.09899
-0.08897
-0.06267
0.03099
0.15135
0.20108
0.16076
0.11996
0.14571
0.20588
0.23959
0.21465
0.1094
-0.0735
-0.26242
-0.36527
-0.34849
-0.22916
-0.05013
0.12843
0.27981
0.41824
0.51411
0.50781
0.36029
0.11493
-0.10993
-0.21846
-0.21135
-0.13072
-0.01942
0.06242
0.07857
0.04345
0.03337
0.1091
0.20563
0.18096
0.01311
-0.164
-0.25943
-0.30029
-0.30194
-0.23079
-0.10273
0.0097
0.08817
0.18622
0.32016
0.40613
0.36907
0.25261
0.1392
0.02215
-0.14766
-0.32165
-0.39107
-0.3962
-0.44453
-0.53389
-0.5738
-0.48894
-0.27544
-0.02377
0.12603
0.10827
-0.01689
-0.13807
-0.17306
-0.13267
-0.10425
-0.10895
-0.08436
-0.0246
0.01535
0.02978
0.06628
0.11989
0.11967
0.03274
-0.04273
0.03276
0.19937
0.25425
0.13608
-0.02012
-0.06813
0.0128
0.12836
0.18667
0.17934
0.14774
0.11498
0.10488
0.1431
0.2003
0.20624
0.15176
0.11317
0.1227
0.11878
0.0503
-0.04254
-0.10009
-0.12432
-0.14866
-0.18112
-0.19742
-0.16071
-0.06488
0.04478
0.09538
0.04366
-0.0577
-0.10628
-0.06529
0.01822
0.104
0.1594
0.12726
-0.04128
-0.27519
-0.37766
-0.30608
-0.19366
-0.1504
-0.15793
-0.12429
-0.01303
0.15152
0.32759
0.46154
0.52367
0.47881
0.33835
0.19081
0.1206
0.10105
0.03205
-0.07089
-0.08651
-0.00167
0.05761
-0.01115
-0.15675
-0.23478
-0.18248
-0.05374
0.06688
0.14723
0.20667
0.27166
0.31372
0.26866
0.08878
-0.1711
-0.34006
-0.34597
-0.2484
-0.17234
-0.21148
-0.34642
-0.46039
-0.44922
-0.30578
-0.10599
0.06247
0.14877
0.13251
0.02809
-0.11106
-0.22803
-0.29867
-0.37179
-0.47166
-0.53105
-0.46882
-0.29378
-0.07402
0.14395
0.32786
0.42334
0.42625
0.3628
0.24894
0.081
-0.10815
-0.21868
-0.17536
-0.06109
-0.04037
-0.11087
-0.12164
0.00146
0.17406
0.2743
0.27239
0.21799
0.17522
0.15871
0.13545
0.06378
-0.03618
-0.0874
-0.01931
0.12784
0.19379
0.09727
-0.10384
-0.27964
-0.33516
-0.2609
-0.12214
-0.01663
-0.00056
-0.04447
-0.08253
-0.07564
-0.02064
0.05397
0.10016
0.06881
-0.05974
-0.22685
-0.34913
-0.39414
-0.38864
-0.36186
-0.30211
-0.18563
-0.03628
0.08448
0.17623
0.25633
0.30739
0.31084
0.28801
0.28288
0.29874
0.27532
0.18141
0.07298
0.00627
-0.03829
-0.11317
-0.23027
-0.32677
-0.30727
-0.17942
-0.02604
0.06389
0.04636
-0.0165
-0.02537
0.03526
0.09096
0.09315
0.08614
0.09985
0.1042
0.10043
0.14221
0.2397
0.31932
0.32193
0.28885
0.28223
0.30085
0.28663
0.18923
0.02898
-0.08187
-0.03399
0.08824
0.13699
0.08181
0.00049
-0.02077
0.02513
0.07377
0.06931
0.01547
-0.06626
-0.15359
-0.20199
-0.17362
-0.09036
-0.01834
-0.00579
-0.05903
-0.1589
-0.27371
-0.36815
-0.37608
-0.23566
0.02904
0.26714
0.28557
0.12744
-0.03921
-0.12108
-0.11946
-0.08786
-0.06716
-0.05487
-0.04356
-0.0501
-0.07191
-0.0704
-0.03613
-0.01
-0.02999
-0.09087
-0.15691
-0.18299
-0.14412
-0.06586
-0.00551
0.00369
-0.01244
-0.01539
-0.03408
-0.12511
-0.25871
-0.34211
-0.31514
-0.20556
-0.0862
0.02205
0.16194
0.33137
0.42415
0.38626
0.26826
0.1575
0.08846
0.04645
0.01942
0.00512
-0.02343
-0.09803
-0.18643
-0.21366
-0.13945
0.00106
0.13181
0.20992
0.2338
0.23501
0.22816
0.20535
0.14191
0.00906
-0.18686
-0.36693
-0.43068
-0.37223
-0.28103
-0.21036
-0.13327
-0.02108
0.08606
0.13458
0.15611
0.22366
0.32326
0.36026
0.28321
0.15234
0.08853
0.17573
0.34644
0.37496
0.16522
-0.15933
-0.40645
-0.4754
-0.39921
-0.24124
-0.0262
0.20259
0.34377
0.36602
0.28562
0.12258
-0.07805
-0.21123
-0.17358
0.00205
0.16362
0.21188
0.17451
0.12435
0.10631
0.11085
0.07354
-0.03778
-0.15486
-0.20545
-0.19782
-0.17864
-0.14809
-0.0586
0.09791
0.25205
0.31355
0.26217
0.1535
0.04653
-0.02259
-0.0349
0.0097
0.08328
0.12337
0.08024
-0.00996
-0.06734
-0.07642
-0.09682
-0.17299
-0.26034
-0.26786
-0.16306
-0.02227
0.08322
0.14493
0.18914
0.23468
0.2657
0.24552
0.17686
0.10942
0.04506
-0.03938
-0.09916
-0.0589
0.07682
0.20939
0.2441
0.1642
0.03332
-0.06439
-0.08935
-0.05789
-0.00979
0.02323
0.02526
0.00572
0.01769
0.09879
0.20875
0.25398
0.19384
0.0838
0.01763
0.02482
0.04524
0.04323
0.04792
0.07306
0.08916
0.07771
0.05875
0.04992
0.04449
0.04995
0.09265
0.1577
0.17261
0.10033
0.00973
-0.01787
0.01452
0.04086
0.04605
0.06064
0.09058
0.11574
0.132
0.14039
0.1262
0.07669
-0.00406
-0.1063
-0.2099
-0.27849
-0.26674
-0.1657
-0.03959
0.03128
0.04948
0.074
0.13684
0.2282
0.3175
0.3664
0.34752
0.2513
0.09708
-0.0915
-0.26963
-0.36645
-0.3304
-0.1635
0.1062
0.37525
0.46118
0.33103
0.12221
-0.00465
0.00496
0.09512
0.15923
0.11364
-0.01467
-0.12313
-0.17054
-0.19608
-0.21657
-0.18732
-0.06243
0.09866
0.15171
0.07766
-0.05515
-0.2064
-0.32286
-0.32045
-0.18536
-0.02975
0.0088
-0.07491
-0.1668
-0.19348
-0.18933
-0.20365
-0.22695
-0.22529
-0.19149
-0.13191
-0.04553
0.05743
0.15703
0.22461
0.2279
0.16538
0.09542
0.09438
0.14464
0.17786
0.15824
0.08046
-0.03481
-0.14309
-0.18442
-0.14165
-0.09145
-0.10133
-0.14648
-0.14966
-0.07618
0.03812
0.12675
0.14555
0.09704
0.02917
-0.00409
0.01546
0.05539
0.06423
0.03589
0.02267
0.07058
0.14478
0.17402
0.12273
0.03141
-0.02377
-0.02705
-0.04429
-0.12262
-0.19891
-0.19255
-0.09851
0.02629
0.14081
0.2266
0.2524
0.19379
0.08278
-0.0065
-0.0425
-0.05466
-0.08936
-0.1613
-0.23516
-0.24737
-0.16835
-0.06254
-0.01103
-0.03489
-0.08572
-0.08529
-0.00288
0.1282
0.2227
0.19269
0.06134
-0.06358
-0.11596
-0.13757
-0.20719
-0.30913
-0.31574
-0.15803
0.06032
0.18965
0.18543
0.09857
0.01121
-0.01205
0.03964
0.11745
0.14826
0.07726
-0.0997
-0.31316
-0.45663
-0.48202
-0.40443
-0.25772
-0.07861
0.11947
0.2855
0.34175
0.27073
0.14464
0.0695
0.10342
0.2132
0.30783
0.31783
0.23107
0.06887
-0.12332
-0.2865
-0.341
-0.21862
0.01416
0.20996
0.24946
0.12932
-0.0034
-0.00525
0.14781
0.32914
0.34575
0.18625
0.0081
-0.05673
-0.01094
0.0631
0.1065
0.11113
0.06879
-0.01745
-0.09328
-0.09901
-0.02145
0.10136
0.217
0.28731
0.28513
0.23457
0.17563
0.13049
0.09858
0.05508
-0.0209
-0.11446
-0.17152
-0.1475
-0.07556
-0.01494
0.02831
0.0754
0.10286
0.05658
-0.05921
-0.16435
-0.20307
-0.19597
-0.17464
-0.14735
-0.12409
-0.12274
-0.13311
-0.10661
-0.02099
0.08969
0.16845
0.17882
0.12718
0.04538
-0.01009
0.00824
0.06846
0.0997
0.07333
0.02711
0.00989
0.02479
0.03745
0.02899
-0.0013
-0.07062
-0.17635
-0.2581
-0.23373
-0.09873
0.03968
0.07356
0.00204
-0.06317
-0.06309
-0.04462
-0.05547
-0.07107
-0.05414
-0.02765
-0.04642
-0.1102
-0.18358
-0.24886
-0.29574
-0.29968
-0.2562
-0.20169
-0.17216
-0.15743
-0.13265
-0.10893
-0.10769
-0.1102
-0.08708
-0.05198
-0.02863
0.0042
0.07552
0.16479
0.2254
0.2468
0.24821
0.22629
0.1419
0.00002
-0.11257
-0.17031
-0.20695
-0.21941
-0.17909
-0.10444
-0.04635
-0.00565
0.05629
0.13152
0.16378
0.13149
0.06538
0.00364
-0.02986
-0.0124
0.05473
0.11684
0.12263
0.0731
0.00832
-0.02857
-0.02432
0.0074
0.04165
0.05816
0.05986
0.05236
0.03
-0.007
-0.0364
-0.03271
-0.00666
0.01203
0.02538
0.05742
0.10618
0.15318
0.1942
0.22105
0.18964
0.07757
-0.0451
-0.09091
-0.04571
0.03206
0.06681
0.02781
-0.07455
-0.19062
-0.23888
-0.19326
-0.08877
0.01747
0.09794
0.14142
0.11316
0.01153
-0.07126
-0.05355
0.02586
0.07832
0.05515
-0.02943
-0.13257
-0.22113
-0.23683
-0.13603
0.05634
0.21944
0.23273
0.127
0.01481
-0.06456
-0.12706
-0.14978
-0.10682
-0.03309
0.00321
-0.01071
-0.02969
-0.02598
-0.01952
-0.03147
-0.05855
-0.09245
-0.11973
-0.11404
-0.07394
-0.0551
-0.09001
-0.11688
-0.06687
0.0445
0.13615
0.13691
0.06076
-0.02309
-0.05923
-0.04118
-0.00624
0.01317
0.01838
0.03585
0.07866
0.12191
0.12841
0.09285
0.05478
0.05567
0.08519
0.10568
0.1188
0.15815
0.21937
0.24206
0.19054
0.12157
0.08283
0.05006
-0.00621
-0.06643
-0.09608
-0.10333
-0.13753
-0.21696
-0.30657
-0.36232
-0.37027
-0.33891
-0.2935
-0.26835
-0.2611
-0.22045
-0.11251
0.03003
0.15637
0.22676
0.2148
0.12447
0.0093
-0.03374
0.02307
0.13357
0.23176
0.26788
0.23198
0.14263
0.04606
0.01056
0.05054
0.09816
0.10526
0.10528
0.13507
0.17442
0.17987
0.15248
0.1306
0.12899
0.12791
0.11869
0.09487
0.03399
-0.0737
-0.17182
-0.16889
-0.07783
0.01937
0.06034
0.03192
-0.02697
-0.07376
-0.0736
-0.01069
0.06266
0.07985
0.03328
-0.02145
-0.04456
-0.05394
-0.09114
-0.15663
-0.19585
-0.16683
-0.0863
0.0172
0.12512
0.20119
0.18889
0.08653
-0.00384
-0.00213
0.06261
0.1055
0.07944
0.02973
0.03101
0.11144
0.22609
0.29564
0.30615
0.28264
0.24443
0.20076
0.14994
0.07367
-0.033
-0.12607
-0.15555
-0.12436
-0.06804
-0.02327
-0.01433
-0.05672
-0.14576
-0.22745
-0.2539
-0.23323
-0.20337
-0.1791
-0.14309
-0.0836
-0.01247
0.04288
0.06267
0.05487
0.0315
0.00436
-0.01248
-0.02176
-0.04549
-0.08406
-0.09225
-0.03663
0.05161
0.12271
0.16582
0.20076
0.23303
0.24173
0.21433
0.16238
0.08683
-0.01348
-0.10512
-0.14326
-0.12683
-0.09745
-0.08956
-0.0965
-0.09072
-0.05841
-0.01146
0.02557
0.02972
0.00022
-0.03031
-0.03983
-0.04915
-0.07368
-0.09619
-0.1054
-0.11385
-0.11975
-0.09468
-0.04268
-0.01834
-0.04831
-0.08413
-0.05766
0.02191
0.07919
0.07361
0.05576
0.09008
0.15656
0.19331
0.17996
0.13995
0.09658
0.04051
-0.05188
-0.14864
-0.17091
-0.10102
-0.00883
0.03337
0.02859
0.02131
0.00573
-0.04734
-0.1044
-0.11565
-0.10157
-0.12468
-0.18013
-0.19541
-0.10935
0.04266
0.14361
0.14856
0.07049
-0.06197
-0.19206
-0.2408
-0.16832
-0.03169
0.07177
0.11637
0.14093
0.1778
0.24028
0.31329
0.33541
0.2611
0.13995
0.06403
0.05659
0.06682
0.04529
-0.00384
-0.05154
-0.07743
-0.06685
-0.01878
0.02986
0.02744
-0.02389
-0.07587
-0.09746
-0.08784
-0.05468
-0.01888
-0.0181
-0.06246
-0.12029
-0.14202
-0.10121
-0.01134
0.08914
0.14619
0.13875
0.07139
-0.01815
-0.05946
-0.03313
0.00223
-0.00481
-0.03033
-0.02505
-0.00484
-0.01329
-0.04528
-0.06866
-0.07407
-0.07075
-0.06166
-0.04018
-0.00534
0.02345
0.02065
-0.02324
-0.09124
-0.14856
-0.16363
-0.13395
-0.10009
-0.08335
-0.05926
-0.0072
0.06011
0.12817
0.19074
0.22424
0.20264
0.14736
0.10806
0.10817
0.13342
0.15955
0.16443
0.12231
0.01528
-0.1261
-0.22676
-0.24192
-0.20441
-0.18022
-0.18112
-0.14682
-0.02955
0.12789
0.24402
0.26796
0.21144
0.14221
0.11158
0.10523
0.07084
-0.00562
-0.08215
-0.11312
-0.10577
-0.10097
-0.1241
-0.16554
-0.19243
-0.18418
-0.15851
-0.14357
-0.13853
-0.12342
-0.10128
-0.10529
-0.14376
-0.18131
-0.2013
-0.21263
-0.20702
-0.16148
-0.08006
0.0058
0.06183
0.08044
0.09348
0.13116
0.18113
0.20963
0.19896
0.15144
0.08804
0.05102
0.0645
0.09184
0.08414
0.04558
0.01456
0.00505
-0.01269
-0.05129
-0.07136
-0.05553
-0.03255
-0.0185
0.00851
0.05692
0.09362
0.06613
-0.03255
-0.12684
-0.16758
-0.17052
-0.1685
-0.15979
-0.1192
-0.0486
0.00888
0.02202
-0.00001
-0.03319
-0.05466
-0.0372
0.02133
0.08666
0.11849
0.09723
0.05201
0.02185
0.01171
0.00717
0.00919
0.0347
0.06485
0.04017
-0.04263
-0.10801
-0.09967
-0.04693
-0.00197
0.02675
0.06151
0.09715
0.08969
0.03167
-0.02344
-0.03242
-0.00936
-0.00311
-0.04386
-0.09965
-0.10519
-0.06139
-0.02018
-0.01251
-0.01783
0.00511
0.06364
0.10957
0.084
0.0034
-0.05627
-0.05177
-0.01822
-0.0005
0.00611
0.03458
0.08641
0.11413
0.07786
-0.00061
-0.07181
-0.09401
-0.05213
0.0379
0.13349
0.17109
0.13567
0.05646
-0.02381
-0.06442
-0.0624
-0.05225
-0.07521
-0.13206
-0.16352
-0.12839
-0.04398
0.03809
0.08884
0.11556
0.12786
0.11199
0.06585
0.02769
0.02273
0.02314
0.002
-0.01287
0.03271
0.13506
0.20785
0.19111
0.10246
0.00937
-0.03133
-0.02395
-0.00244
0.02187
0.04345
0.03041
-0.02469
-0.06939
-0.05314
0.00063
0.0229
-0.01743
-0.07985
-0.11202
-0.1098
-0.09611
-0.07683
-0.05453
-0.04775
-0.06597
-0.08168
-0.05567
0.00889
0.08632
0.15225
0.17561
0.13479
0.04236
-0.05366
-0.10188
-0.10595
-0.11641
-0.13333
-0.10362
-0.02529
0.03811
0.04716
0.03467
0.03046
0.01602
-0.01033
-0.00672
0.04415
0.09867
0.11295
0.10114
0.09239
0.07309
0.02635
-0.01857
-0.03012
-0.04018
-0.09775
-0.18266
-0.21693
-0.1662
-0.07447
0.00153
0.03285
0.02002
-0.01106
-0.02017
0.01927
0.09317
0.1539
0.15996
0.10765
0.03516
-0.01444
-0.04513
-0.08078
-0.1035
-0.08665
-0.04851
-0.03408
-0.0536
-0.06507
-0.03241
0.04611
0.13801
0.18416
0.15939
0.07822
-0.0194
-0.10837
-0.19041
-0.26389
-0.29633
-0.25764
-0.16577
-0.0615
0.02728
0.06346
0.02579
-0.03718
-0.03661
0.0669
0.21045
0.31692
0.35909
0.32541
0.20425
0.01787
-0.1206
-0.08467
0.07212
0.16694
0.10517
-0.03001
-0.12506
-0.16017
-0.18842
-0.23911
-0.24634
-0.1412
0.02515
0.14225
0.15974
0.12735
0.13288
0.18421
0.21524
0.20523
0.18677
0.17586
0.15921
0.12091
0.05476
-0.0442
-0.15291
-0.2101
-0.2078
-0.17867
-0.1298
-0.04811
0.03773
0.06197
0.01676
-0.01976
0.00314
0.03882
0.03749
0.01606
0.01409
0.03976
0.06432
0.04625
-0.01444
-0.07849
-0.10896
-0.10635
-0.09612
-0.08469
-0.05452
-0.00512
0.03232
0.04209
0.04101
0.05948
0.10157
0.12777
0.10269
0.05007
0.01958
0.01807
0.01162
-0.02776
-0.09222
-0.13513
-0.09588
0.02192
0.1171
0.12684
0.08665
0.05791
0.06018
0.06725
0.05228
0.00434
-0.06643
-0.12444
-0.15205
-0.1486
-0.12165
-0.08444
-0.04759
-0.00977
0.03049
0.0591
0.06993
0.0763
0.08516
0.07692
0.0306
-0.03119
-0.05756
-0.03175
0.00522
0.0273
0.03846
0.0337
0.00668
-0.02738
-0.05053
-0.06164
-0.06354
-0.05475
-0.03526
-0.00187
0.05088
0.09941
0.09472
0.04139
0.00827
0.0147
0.00249
-0.05171
-0.10246
-0.11073
-0.08862
-0.06148
-0.03973
-0.02064
-0.00416
0.01002
0.02749
0.05089
0.07614
0.09693
0.10102
0.07695
0.03845
0.02047
0.03378
0.05115
0.04695
0.0261
0.00547
-0.00734
-0.01372
-0.01899
-0.02959
-0.04222
-0.04292
-0.01891
0.02903
0.07325
0.08094
0.04448
-0.00917
-0.04252
-0.04431
-0.02988
-0.01559
-0.00647
-0.00378
-0.01176
-0.03278
-0.05835
-0.08128
-0.10575
-0.12692
-0.11488
-0.056
0.01621
0.06532
0.08748
0.09016
0.07453
0.05021
0.04717
0.08344
0.12176
0.11891
0.08154
0.04378
0.0096
-0.04161
-0.11726
-0.19083
-0.21599
-0.18055
-0.11027
-0.04986
-0.02235
-0.01002
0.02027
0.07679
0.13123
0.15712
0.15814
0.14804
0.12772
0.09082
0.03354
-0.03873
-0.10124
-0.13457
-0.13091
-0.09668
-0.05123
-0.00883
0.03024
0.06874
0.0986
0.09787
0.05785
0.00279
-0.02406
-0.01275
0.0049
0.00194
-0.01126
-0.01561
-0.01295
-0.01217
-0.00888
0.00087
0.00514
-0.01458
-0.05141
-0.07149
-0.06472
-0.04607
-0.02773
-0.01897
-0.02839
-0.05448
-0.07851
-0.07582
-0.03984
0.0151
0.06241
0.07765
0.05894
0.0223
-0.02172
-0.06692
-0.09366
-0.09105
-0.0748
-0.05961
-0.04608
-0.03624
-0.03024
-0.01081
0.03529
0.0868
0.11187
0.10183
0.07494
0.05591
0.05244
0.05272
0.03781
0.00379
-0.0297
-0.03957
-0.02821
-0.01479
-0.00966
-0.00049
0.03076
0.0724
0.08695
0.05156
-0.02326
-0.09117
-0.10516
-0.0765
-0.05494
-0.05747
-0.0508
-0.01504
0.02822
0.05029
0.05076
0.04566
0.02942
-0.01449
-0.06359
-0.07772
-0.04798
-0.01169
0.00608
0.02377
0.05887
0.08491
0.06793
0.01869
-0.03189
-0.07763
-0.11941
-0.14358
-0.13935
-0.11878
-0.1013
-0.08303
-0.0526
-0.01378
0.02308
0.05193
0.07166
0.08559
0.09313
0.0819
0.04754
0.01288
0.00921
0.02966
0.03288
0.00591
-0.00866
0.0158
0.04543
0.04577
0.02858
0.01511
0.00237
-0.02182
-0.04886
-0.0564
-0.04388
-0.02288
-0.00108
0.01482
0.02404
0.03298
0.04897
0.06747
0.06847
0.04176
0.00075
-0.02899
-0.03324
-0.01283
0.02467
0.06209
0.07619
0.05858
0.01959
-0.02826
-0.06871
-0.08367
-0.07097
-0.04581
-0.02778
-0.01916
-0.01233
-0.00406
0.01204
0.04903
0.10699
0.16094
0.17659
0.13913
0.05363
-0.06273
-0.17034
-0.22982
-0.22005
-0.12775
0.03127
0.17082
0.19551
0.1101
-0.00956
-0.08835
-0.09184
-0.04471
-0.00357
-0.01211
-0.05279
-0.08274
-0.0734
-0.02509
0.02612
0.04595
0.04229
0.04528
0.05569
0.0534
0.04387
0.04953
0.06183
0.04908
0.00536
-0.03894
-0.05607
-0.04896
-0.03257
-0.01366
-0.0039
-0.01766
-0.04232
-0.04483
-0.01842
0.00356
0.00536
0.00462
0.01472
0.02828
0.03585
0.0313
0.0178
0.01394
0.02142
0.01306
-0.02811
-0.07944
-0.09626
-0.05782
0.00508
0.04645
0.05922
0.06438
0.06963
0.06565
0.04907
0.02963
0.01376
-0.00501
-0.03637
-0.07155
-0.08252
-0.05819
-0.02642
-0.0132
-0.01099
-0.00212
0.00588
-0.0015
-0.01274
-0.0046
0.0207
0.0377
0.02714
-0.00268
-0.02271
-0.01312
0.01671
0.04708
0.06098
0.04775
0.01036
-0.03317
-0.05789
-0.06461
-0.07218
-0.09122
-0.10921
-0.0995
-0.05307
0.0061
0.04044
0.03683
0.01812
0.00744
0.01013
0.01938
0.02254
0.00816
-0.02587
-0.06949
-0.09997
-0.09312
-0.04388
0.02418
0.07736
0.10012
0.10062
0.09626
0.09282
0.07741
0.04158
-0.00322
-0.03981
-0.06236
-0.06596
-0.04676
-0.01851
0.00642
0.02928
0.05013
0.06008
0.05622
0.05487
0.0749
0.10225
0.09655
0.04602
-0.01567
-0.05111
-0.06277
-0.07682
-0.08405
-0.05739
-0.01971
-0.00688
-0.00819
0.01222
0.05374
0.08183
0.06595
0.016
-0.01863
-0.02036
-0.00927
-0.00428
-0.01539
-0.0441
-0.06477
-0.04324
0.00072
0.01686
0.00961
0.01633
0.03634
0.04161
0.02934
0.01363
-0.00363
-0.01919
-0.01695
0.00247
0.01013
-0.01007
-0.03972
-0.04359
-0.00565
0.04468
0.06811
0.04827
0.00655
-0.02082
-0.01715
-0.00143
-0.00867
-0.03888
-0.05
-0.0197
0.03154
0.06995
0.07768
0.05912
0.0292
0.00526
-0.00796
-0.01621
-0.02749
-0.0425
-0.04691
-0.0276
0.00796
0.03422
0.03106
-0.00093
-0.05177
-0.09998
-0.12023
-0.10332
-0.0599
-0.01071
0.02204
0.03253
0.03286
0.03202
0.02731
0.01395
-0.00873
-0.03559
-0.05074
-0.04186
-0.01207
0.01768
0.02671
0.01805
0.00812
0.00433
0.00266
0.00247
0.01127
0.02744
0.03242
0.01199
-0.02515
-0.04966
-0.03633
0.00492
0.0353
0.03194
0.00295
-0.03365
-0.06493
-0.08063
-0.07097
-0.04183
-0.01941
-0.01844
-0.02503
-0.01405
0.01762
0.04832
0.05311
0.02886
-0.00128
-0.02399
-0.04231
-0.057
-0.06114
-0.04713
-0.01694
0.00794
0.00566
-0.00757
0.00199
0.03641
0.06669
0.06965
0.04643
0.01323
-0.01042
-0.02145
-0.02548
-0.02609
-0.03008
-0.04461
-0.06604
-0.07616
-0.05998
-0.03024
-0.00724
0.00422
0.01529
0.03614
0.06375
0.0844
0.08635
0.06377
0.02126
-0.02307
-0.04881
-0.05387
-0.05746
-0.07495
-0.08948
-0.07324
-0.03562
-0.00061
0.02952
0.05925
0.07417
0.05501
0.0164
0.00435
0.03083
0.0503
0.02906
-0.00912
-0.0305
-0.03257
-0.02907
-0.02416
-0.01594
-0.01129
-0.01515
-0.01707
-0.00438
0.01657
0.02515
0.01307
-0.00572
-0.0129
-0.0028
0.0152
0.02903
0.03655
0.04006
0.02893
-0.00605
-0.04385
-0.06367
-0.06587
-0.05799
-0.04084
-0.02069
-0.01487
-0.0264
-0.03178
-0.01419
0.01102
0.02105
0.00388
-0.03802
-0.08484
-0.10849
-0.08956
-0.04267
0.00568
0.03655
0.04522
0.03988
0.02743
0.00972
-0.01086
-0.03126
-0.04491
-0.03527
-0.00036
0.03581
0.0504
0.04212
0.02337
0.00349
-0.01693
-0.03786
-0.05374
-0.05933
-0.05437
-0.03566
-0.00144
0.02779
0.03426
0.02946
0.03854
0.06389
0.08246
0.08292
0.07793
0.07619
0.06546
0.03199
-0.01531
-0.05026
-0.06107
-0.06083
-0.06268
-0.06157
-0.05343
-0.04803
-0.04726
-0.0418
-0.02779
-0.00783
0.02054
0.05382
0.07123
0.06655
0.05509
0.05227
0.05595
0.05266
0.04106
0.03169
0.02522
0.01221
-0.00476
-0.01371
-0.01498
-0.01561
-0.0132
-0.00219
0.01115
0.01501
0.01042
0.00809
0.01205
0.01699
0.0174
0.01158
-0.00232
-0.022
-0.03692
-0.03803
-0.02851
-0.01845
-0.01172
-0.00667
0.00185
0.01989
0.03949
0.045
0.03738
0.0364
0.04361
0.03658
0.00946
-0.00913
0.00022
0.0196
0.02791
0.02573
0.01837
0.00589
-0.00866
-0.01384
-0.00433
0.00152
-0.01262
-0.03507
-0.04322
-0.03454
-0.02235
-0.01403
-0.00875
-0.00575
-0.00484
-0.00673
-0.0129
-0.0216
-0.02552
-0.01665
0.00385
0.02329
0.02878
0.01871
-0.0002
-0.01786
-0.02449
-0.01166
0.02116
0.0521
0.05658
0.03232
0.00107
-0.01243
-0.00477
0.0104
0.02176
0.02489
0.01634
-0.00209
-0.02033
-0.03069
-0.03475
-0.03286
-0.01854
0.00747
0.03367
0.05444
0.06976
0.07538
0.07169
0.06918
0.06564
0.04412
0.00969
-0.01216
-0.01489
-0.01323
-0.01843
-0.0307
-0.04556
-0.05648
-0.05928
-0.05419
-0.03821
-0.00958
0.02252
0.04877
0.06074
0.04695
0.01003
-0.0249
-0.03889
-0.03963
-0.04469
-0.05533
-0.05309
-0.02422
0.01311
0.02964
0.03796
0.0591
0.07942
0.07328
0.04307
0.01136
-0.00368
0.00195
0.01809
0.02975
0.0255
0.00592
-0.01575
-0.02003
0.00484
0.04546
0.07252
0.07374
0.05911
0.04016
0.01902
-0.00934
-0.04984
-0.08711
-0.08654
-0.04817
-0.0002
0.03459
0.04724
0.04123
0.02768
0.01413
-0.00313
-0.02882
-0.05484
-0.06521
-0.05747
-0.04334
-0.0306
-0.01314
0.0168
0.04363
0.04199
0.01658
-0.00573
-0.00946
0.00136
0.01657
0.02658
0.02609
0.02408
0.02406
0.01387
-0.00855
-0.02396
-0.02061
-0.00357
0.01584
0.02622
0.02901
0.03323
0.03735
0.02768
-0.00216
-0.0336
-0.03297
0.00948
0.06067
0.08061
0.06065
0.01993
-0.01794
-0.04131
-0.0472
-0.03593
-0.01706
0.0041
0.02578
0.03454
0.01933
-0.00788
-0.02625
-0.02813
-0.01758
0.0005
0.01395
0.00664
-0.01972
-0.0388
-0.02677
0.00297
0.01557
0.00857
0.0121
0.03556
0.05639
0.05723
0.04725
0.04141
0.04121
0.03602
0.01614
-0.01535
-0.03741
-0.03365
-0.01623
-0.01063
-0.01967
-0.02101
-0.00768
0.0014
-0.00832
-0.02428
-0.02238
0.00142
0.0288
0.04849
0.06338
0.06994
0.06004
0.0335
-0.00361
-0.04392
-0.06962
-0.05882
-0.02613
-0.00221
0.003
0.0032
0.01447
0.03563
0.0517
0.05796
0.06572
0.07202
0.05664
0.01926
-0.02164
-0.05288
-0.07019
-0.0722
-0.06305
-0.04964
-0.02943
0.00515
0.04611
0.06975
0.06055
0.033
0.01804
0.01463
-0.00182
-0.03421
-0.05928
-0.06766
-0.07528
-0.08841
-0.09021
-0.07136
-0.04339
-0.01752
0.00679
0.03241
0.0535
0.05916
0.05019
0.04092
0.04047
0.0428
0.03977
0.0286
0.01045
-0.01342
-0.04328
-0.06792
-0.06972
-0.0422
-0.00308
0.02228
0.03186
0.0405
0.04247
0.01611
-0.03162
-0.07279
-0.08851
-0.0807
-0.05894
-0.02885
0.00906
0.04645
0.06051
0.04329
0.01585
-0.00237
-0.0083
-0.00508
0.00248
0.00522
-0.00002
0.00016
0.01274
0.02456
0.02125
0.00573
-0.01068
-0.01829
-0.01467
-0.00794
-0.00182
0.00681
0.01437
0.01633
0.01787
0.01955
0.01136
-0.00149
-0.00658
-0.01111
-0.02122
-0.02464
-0.01662
-0.0138
-0.02053
-0.01838
-0.00324
0.01043
0.01642
0.02005
0.02312
0.02236
0.01857
0.01516
0.00941
-0.00206
-0.01025
-0.00236
0.01842
0.03397
0.03003
0.0124
0.00058
0.00329
0.0083
0.00341
-0.00804
-0.01452
-0.01093
-0.00265
-0.00034
-0.00745
-0.0203
-0.03311
-0.04191
-0.04698
-0.0486
-0.04064
-0.02179
-0.00432
0.00563
0.01077
0.01195
0.00808
0.00257
0.00129
0.00249
-0.00099
-0.008
-0.0097
-0.00436
0.0011
0.0019
0.00108
0.00139
0.00143
0.00274
0.00949
0.01842
0.01958
0.00765
-0.01391
-0.0395
-0.06345
-0.07814
-0.07743
-0.0556
-0.01801
0.02248
0.05825
0.08871
0.11172
0.11568
0.0929
0.0504
0.0019
-0.04018
-0.06783
-0.08139
-0.08532
-0.07992
-0.06074
-0.02506
0.01692
0.0421
0.04009
0.02572
0.02338
0.03928
0.05231
0.04485
0.01863
-0.01127
-0.03337
-0.0496
-0.06737
-0.0794
-0.06901
-0.03972
-0.00938
0.01628
0.03761
0.04934
0.0487
0.03851
0.02464
0.01002
-0.00915
-0.03221
-0.0421
-0.02504
0.00633
0.02249
0.00935
-0.01611
-0.03259
-0.03102
-0.01253
0.01673
0.04472
0.05661
0.04749
0.02553
0.00033
-0.02222
-0.0323
-0.02193
-0.00196
0.00541
-0.0029
-0.00674
0.00373
0.01453
0.01233
0.00482
0.0052
0.00822
-0.00411
-0.02962
-0.0405
-0.02933
-0.014
-0.00771
-0.00606
-0.00171
0.00321
0.00127
-0.01086
-0.02859
-0.03907
-0.03409
-0.02094
-0.01238
-0.01019
-0.0115
-0.01404
-0.0096
0.0113
0.04468
0.07678
0.09409
0.08713
0.04152
-0.04052
-0.11399
-0.14895
-0.14908
-0.1292
-0.09192
-0.03339
0.03487
0.08388
0.0977
0.09074
0.07955
0.07127
0.06581
0.05318
0.02634
-0.00586
-0.03199
-0.0597
-0.09476
-0.12247
-0.12468
-0.1028
-0.06918
-0.02352
0.03414
0.07869
0.09468
0.08595
0.06663
0.04936
0.03943
0.0341
0.02777
0.01759
0.0031
-0.0146
-0.03416
-0.05664
-0.07712
-0.07434
-0.03119
0.029
0.06722
0.07126
0.05468
0.02948
-0.0024
-0.03484
-0.04275
-0.0131
0.02287
0.03846
0.03704
0.03136
0.02862
0.02889
0.02576
0.01687
0.00936
0.00401
-0.00773
-0.0267
-0.04311
-0.05083
-0.04936
-0.03573
-0.01285
0.00694
0.01733
0.02127
0.02144
0.01905
0.01594
0.0115
0.00529
-0.00162
-0.01422
-0.03644
-0.05849
-0.06792
-0.06095
-0.03875
-0.00652
0.02317
0.04278
0.05553
0.06422
0.06495
0.05325
0.02755
-0.00527
-0.02879
-0.04119
-0.05191
-0.06042
-0.05922
-0.05257
-0.0524
-0.05153
-0.02569
0.02566
0.07738
0.10645
0.1091
0.09114
0.06182
0.03225
0.00698
-0.01508
-0.03235
-0.03972
-0.03829
-0.03797
-0.04389
-0.04738
-0.04327
-0.0404
-0.04108
-0.03463
-0.01873
-0.00273
0.01113
0.02736
0.03529
0.01993
-0.00426
-0.01308
-0.00513
0.00253
0.00599
0.01611
0.0323
0.03309
0.00479
-0.033
-0.05074
-0.04501
-0.03078
-0.01614
0.00077
0.01814
0.02995
0.03672
0.03947
0.03571
0.02505
0.01075
-0.0042
-0.02117
-0.04213
-0.06078
-0.06858
-0.0598
-0.03756
-0.00975
0.01786
0.04427
0.06761
0.07804
0.0719
0.05619
0.03117
-0.00605
-0.04142
-0.05019
-0.03403
-0.02745
-0.04236
-0.05183
-0.03669
-0.01224
-0.00078
-0.00354
-0.00726
-0.002
0.00713
0.01165
0.01687
0.03187
0.04718
0.03971
0.00179
-0.04057
-0.05342
-0.03797
-0.02157
-0.01547
-0.00807
0.01134
0.03666
0.04872
0.03522
0.01374
0.00726
0.01466
0.01282
-0.00963
-0.03485
-0.0363
-0.01299
0.00809
0.01527
0.01987
0.03208
0.04827
0.05735
0.05092
0.02827
-0.00167
-0.02351
-0.02835
-0.01996
-0.00878
-0.00302
-0.00242
-0.00038
0.00737
0.01769
0.02477
0.02344
0.01199
-0.00171
-0.00566
0.00438
0.01951
0.02829
0.03188
0.03285
0.02642
0.01005
-0.007
-0.01137
-0.00259
0.00634
0.00873
0.0118
0.01937
0.02249
0.0142
0.00003
-0.01087
-0.01387
-0.01511
-0.02429
-0.03973
-0.04574
-0.03241
-0.00773
0.01313
0.02055
0.01543
0.00747
0.00397
0.00168
-0.0056
-0.01369
-0.01237
-0.00408
0.00062
0.00124
0.0025
0.00326
0.00097
-0.00318
-0.00564
-0.00498
-0.0042
-0.00748
-0.01336
-0.01504
-0.00803
0.00291
0.00937
0.00392
-0.01299
-0.02704
-0.02988
-0.02901
-0.03423
-0.04294
-0.04541
-0.03541
-0.01531
0.00485
0.01812
0.0265
0.03469
0.04633
0.06019
0.06674
0.05795
0.03714
0.01106
-0.01896
-0.04557
-0.05244
-0.03658
-0.01416
-0.00003
0.00679
0.01286
0.01855
0.02318
0.02955
0.03563
0.03142
0.00955
-0.02278
-0.04768
-0.05483
-0.04686
-0.02917
-0.00564
0.01861
0.03663
0.03841
0.02073
0.00232
0.00064
0.00938
0.0106
0.00021
-0.01377
-0.02458
-0.02474
-0.00995
0.00751
0.012
0.00755
0.00623
0.00727
0.0029
-0.00406
-0.00508
-0.00202
-0.00103
-0.00046
0.00123
-0.00128
-0.01025
-0.01768
-0.01453
-0.0039
0.00933
0.02654
0.04589
0.05663
0.05289
0.03874
0.01941
-0.0029
-0.02669
-0.04472
-0.05122
-0.04633
-0.03215
-0.01646
-0.01214
-0.01776
-0.01344
0.00909
0.03527
0.04397
0.02995
0.01271
0.00754
0.00541
-0.00606
-0.02116
-0.029
-0.02912
-0.02664
-0.02224
-0.0162
-0.01238
-0.01134
-0.00744
0.00295
0.01502
0.0203
0.01646
0.01069
0.01003
0.01257
0.01396
0.01449
0.01354
0.00802
0.00012
-0.00647
-0.01685
-0.03299
-0.04083
-0.02835
-0.00157
0.02488
0.04082
0.04285
0.03645
0.03274
0.03341
0.0286
0.01275
-0.00996
-0.03081
-0.03972
-0.03649
-0.03399
-0.03521
-0.03068
-0.01967
-0.00968
-0.00135
0.01015
0.02238
0.02365
0.01029
-0.00094
0.00061
0.00448
0.00247
0.00338
0.01278
0.02305
0.02822
0.03173
0.03529
0.03377
0.02378
0.00805
-0.00444
-0.00496
0.00351
0.01147
0.01442
0.00924
-0.00641
-0.02558
-0.03745
-0.04164
-0.04104
-0.03244
-0.01502
0.00733
0.02662
0.0298
0.01345
-0.00672
-0.01111
-0.00111
0.00362
-0.00182
-0.00706
-0.0064
-0.00085
0.00944
0.0243
0.03769
0.03558
0.01246
-0.01494
-0.0284
-0.02915
-0.0291
-0.03057
-0.02739
-0.02012
-0.01356
-0.00804
-0.00674
-0.01341
-0.01831
-0.00927
0.00767
0.01296
-0.0006
-0.0185
-0.02478
-0.02005
-0.01374
-0.01085
-0.01015
-0.00899
-0.00573
0.00121
0.00924
0.00999
-0.00076
-0.01598
-0.02331
-0.01722
-0.00529
-0.00002
-0.00553
-0.0156
-0.01895
-0.01014
0.00471
0.0126
0.00729
-0.00048
0.00051
0.00695
0.01012
0.01045
0.01274
0.01479
0.01089
0.00352
0.00083
0.00349
0.00329
-0.00882
-0.03111
-0.05024
-0.05776
-0.05496
-0.04531
-0.02738
-0.00263
0.01926
0.02645
0.01563
-0.00562
-0.02583
-0.03866
-0.0419
-0.03028
-0.00819
0.01063
0.01895
0.01756
0.00765
-0.0062
-0.01275
-0.00549
0.01007
0.02357
0.02891
0.02744
0.02199
0.01273
0.00056
-0.01083
-0.02027
-0.02791
-0.02875
-0.01861
-0.00656
-0.0048
-0.00715
-0.00282
0.00532
0.01169
0.01885
0.02769
0.03344
0.03285
0.02296
0.0029
-0.01744
-0.02632
-0.02318
-0.01501
-0.00736
-0.0067
-0.01515
-0.02144
-0.01628
-0.0041
0.0071
0.01812
0.03493
0.05236
0.05073
0.02258
-0.00981
-0.02122
-0.01737
-0.01803
-0.02145
-0.01162
0.00563
0.00991
0.00203
-0.00336
-0.00341
-0.00426
-0.00987
-0.01851
-0.02363
-0.0211
-0.01558
-0.01177
-0.01108
-0.01047
-0.00222
0.01525
0.02972
0.02956
0.02178
0.01811
0.01543
0.00375
-0.01535
-0.03009
-0.03476
-0.03286
-0.02424
-0.00529
0.01962
0.0405
0.05028
0.04847
0.03704
0.01782
0.0003
-0.00538
0.00136
0.01031
0.01154
0.00597
-0.00137
-0.0083
-0.01283
-0.01471
-0.01583
-0.01595
-0.01471
-0.01242
-0.00751
-0.00224
-0.00312
-0.00583
0.00019
0.01077
0.01524
0.00945
-0.00526
-0.02218
-0.03124
-0.02958
-0.02393
-0.01342
0.00494
0.01963
0.02055
0.01754
0.02827
0.05067
0.06141
0.05121
0.02926
0.00669
-0.01268
-0.02829
-0.0395
-0.0477
-0.05589
-0.06372
-0.06568
-0.05836
-0.04306
-0.02276
0.00058
0.02568
0.04812
0.06417
0.06857
0.05946
0.0432
0.02634
0.00952
-0.00437
-0.00905
-0.0061
-0.0031
-0.00292
-0.00332
-0.003
-0.0022
0.00053
0.00564
0.00678
0.00099
-0.00212
0.00413
0.01305
0.01455
0.00635
-0.00683
-0.01749
-0.02181
-0.01894
-0.01073
-0.00153
0.00646
0.01433
0.02445
0.0365
0.04271
0.03725
0.02432
0.01297
0.00427
-0.00475
-0.01372
-0.02067
-0.02161
-0.01503
-0.00864
-0.00928
-0.01311
-0.01342
-0.01293
-0.01705
-0.02239
-0.02149
-0.01206
0.00245
0.01391
0.01579
0.01164
0.0102
0.01323
0.01693
0.019
0.01478
0.00164
-0.01163
-0.01461
-0.00936
-0.00393
-0.00212
-0.0044
-0.00561
0.0029
0.0203
0.03491
0.03804
0.02731
0.00747
-0.00948
-0.01668
-0.01766
-0.01651
-0.01366
-0.00907
0.00043
0.01754
0.03397
0.04334
0.0448
0.03551
0.01367
-0.01282
-0.03385
-0.04659
-0.04938
-0.04108
-0.02574
-0.0083
0.00749
0.01799
0.02323
0.02857
0.03326
0.02695
0.00585
-0.01861
-0.03629
-0.04781
-0.0526
-0.04436
-0.02588
-0.0116
-0.00553
-0.00165
0.00548
0.01828
0.03223
0.03641
0.02738
0.01249
-0.00264
-0.01613
-0.0235
-0.0205
-0.00968
0.00317
0.01465
0.02334
0.03121
0.03671
0.03463
0.02627
0.01833
0.01083
0.00051
-0.0081
-0.01116
-0.01541
-0.02496
-0.03434
-0.03816
-0.03494
-0.0246
-0.0114
-0.00405
-0.00509
-0.00661
-0.0016
0.00855
0.0179
0.02244
0.0196
0.00825
-0.00682
-0.01678
-0.01606
-0.00888
-0.00573
-0.01157
-0.02376
-0.03416
-0.03234
-0.0185
-0.00356
0.00489
0.01144
0.01992
0.02274
0.01479
0.0063
0.00607
0.00672
0.00027
-0.00475
0.00277
0.0123
0.01091
0.00901
0.01636
0.01994
0.01033
0.00108
0.00416
0.01309
0.01852
0.01764
0.00892
-0.00496
-0.01603
-0.02062
-0.02202
-0.02192
-0.01656
-0.00437
0.00665
0.00899
0.00687
0.0083
0.01187
0.00897
-0.0031
-0.0147
-0.01441
-0.00533
0.00334
0.00563
0.00051
-0.00654
-0.00953
-0.00453
0.00664
0.01263
0.00827
0.00043
-0.00334
-0.00357
-0.00306
-0.00134
-0.00086
-0.00707
-0.01558
-0.01759
-0.01502
-0.01305
-0.01014
-0.00776
-0.01173
-0.01741
-0.01438
-0.00345
0.00713
0.0138
0.0158
0.01056
0.00061
-0.0028
0.00733
0.02115
0.02228
0.00933
-0.00368
-0.00548
0.00206
0.00843
0.00447
-0.00843
-0.01917
-0.02021
-0.01174
0.00197
0.0156
0.02243
0.01498
-0.00268
-0.01757
-0.02001
-0.01116
0.00106
0.01375
0.02788
0.03617
0.02877
0.01087
-0.00531
-0.01546
-0.02057
-0.02001
-0.01339
-0.00715
-0.01025
-0.01956
-0.02344
-0.01952
-0.01115
0.00257
0.02057
0.03058
0.02167
0.00451
-0.00782
-0.01574
-0.02304
-0.02617
-0.02057
-0.00849
0.00262
0.00681
0.00499
0.00096
-0.00186
-0.00342
-0.00689
-0.01043
-0.00575
0.00861
0.02177
0.02441
0.01815
0.00877
0.00003
-0.00737
-0.01305
-0.01316
-0.00679
0.00124
0.00481
0.00193
-0.00349
-0.00723
-0.0079
-0.00515
0.00031
0.00628
0.00983
0.00935
0.0047
-0.001
-0.00186
0.00205
0.00322
-0.00266
-0.01212
-0.01843
-0.01383
0.00158
0.01163
0.00279
-0.01445
-0.01938
-0.00909
0.00376
0.00884
0.00465
-0.00518
-0.01646
-0.02566
-0.02799
-0.02057
-0.00558
0.0084
0.01246
0.00529
-0.00363
-0.00405
0.00176
0.00316
-0.00341
-0.0102
-0.0071
0.00418
0.00904
0.00205
-0.00399
0.00029
0.01051
0.01963
0.02489
0.02387
0.01506
-0.00093
-0.0215
-0.04081
-0.05334
-0.05174
-0.03578
-0.01535
0.00099
0.01273
0.02059
0.02103
0.01452
0.0073
0.00367
0.00466
0.00894
0.01051
0.00579
-0.00026
-0.00544
-0.01477
-0.02873
-0.03883
-0.03725
-0.02483
-0.00935
0.00228
0.00993
0.01754
0.02605
0.03497
0.04127
0.03721
0.0195
-0.00249
-0.01875
-0.02993
-0.03676
-0.03369
-0.02141
-0.00983
-0.00415
0.00155
0.01327
0.02752
0.03587
0.03358
0.02274
0.00879
-0.00561
-0.01724
-0.01973
-0.01315
-0.00615
-0.00454
-0.00622
-0.00771
-0.00857
-0.00807
-0.00219
0.00876
0.01461
0.00812
-0.00344
-0.00452
0.00983
0.02752
0.03497
0.02916
0.01869
0.00938
0.00231
-0.001
-0.00122
-0.00091
0.00204
0.00902
0.01241
0.00745
-0.00097
-0.00558
-0.0049
-0.00297
-0.0054
-0.01202
-0.01447
-0.00897
-0.00151
0.00566
0.01511
0.02286
0.02218
0.0166
0.01396
0.01183
0.00584
-0.0018
-0.00771
-0.0104
-0.00862
-0.00406
-0.00271
-0.00703
-0.01116
-0.01036
-0.00782
-0.0062
-0.00219
0.00513
0.00844
0.00321
-0.00369
-0.00458
-0.00009
0.00431
0.00497
0.00323
0.00253
0.00328
0.0024
-0.00134
-0.00559
-0.0061
-0.00072
0.00742
0.01033
0.00376
-0.00553
-0.01141
-0.01665
-0.02475
-0.03075
-0.02777
-0.01878
-0.01171
-0.00319
0.01449
0.03358
0.04027
0.03154
0.01418
-0.004
-0.0162
-0.01721
-0.01392
-0.01438
-0.01784
-0.01794
-0.00958
0.00425
0.01104
0.00574
0.00087
0.00293
0.00414
-0.00092
-0.0079
-0.01078
-0.00895
-0.00454
0.00589
0.02593
0.04306
0.03945
0.01694
-0.00414
-0.01123
-0.00772
0.00087
0.0092
0.00982
0.00074
-0.01028
-0.01469
-0.01214
-0.0067
-0.0028
-0.00366
-0.0053
-0.00126
0.00495
0.00551
0.00208
0.00182
0.00076
-0.01262
-0.0344
-0.04438
-0.03348
-0.01053
0.01324
0.03136
0.03611
0.02363
0.00886
0.00753
0.0164
0.01905
0.00487
-0.02169
-0.0418
-0.03695
-0.01313
0.00816
0.01636
0.01822
0.02082
0.02234
0.0199
0.01653
0.01527
0.01247
0.00372
-0.00918
-0.01795
-0.0148
-0.00135
0.01163
0.01262
0.00483
-0.00157
-0.00295
-0.00394
-0.00957
-0.01874
-0.0242
-0.02094
-0.01563
-0.01691
-0.0211
-0.0157
0.00369
0.02673
0.03993
0.03999
0.03162
0.01929
0.00459
-0.01063
-0.02125
-0.02305
-0.01758
-0.00912
-0.00185
0.00245
0.00376
0.00487
0.0084
0.00876
-0.00181
-0.01781
-0.02242
-0.00927
0.0094
0.01877
0.01609
0.00848
0.00332
0.00125
-0.00039
-0.0001
0.00537
0.01535
0.0293
0.04336
0.04421
0.02093
-0.01107
-0.02024
-0.01045
-0.00521
-0.00923
-0.01064
-0.0019
0.01166
0.01815
0.01423
0.01059
0.01305
0.01221
-0.00169
-0.02084
-0.02481
-0.00634
0.01105
0.00273
-0.01836
-0.02395
-0.01563
-0.0124
-0.01342
-0.00407
0.00751
0.00081
-0.01262
-0.00941
0.00632
0.01398
0.01135
0.01299
0.02136
0.02066
0.00492
-0.00924
-0.00751
0.00066
-0.0001
-0.00917
-0.01504
-0.01173
-0.00019
0.01332
0.01821
0.01106
0.00112
-0.00319
-0.00565
-0.0109
-0.01254
-0.00512
0.00426
0.00288
-0.00864
-0.01425
-0.00705
-0.00056
-0.00672
-0.01505
-0.0116
0.00168
0.01407
0.0205
0.02066
0.01423
0.00343
-0.00506
-0.00505
0.0006
0.00263
-0.00215
-0.00794
-0.01046
-0.00733
0.00453
0.01746
0.0181
0.00795
0.00174
0.00292
0.00151
-0.00501
-0.00952
-0.01019
-0.01003
-0.00708
0.00113
0.00961
0.01064
0.00555
0.00332
0.00446
0.00139
-0.00645
-0.01311
-0.01541
-0.0142
-0.01088
-0.00675
-0.00186
0.00625
0.01414
0.01356
0.00619
0.00212
0.00213
-0.00188
-0.00918
-0.00892
-0.00136
0.0034
0.00196
-0.00157
-0.00495
-0.00682
-0.00224
0.01081
0.02441
0.02682
0.0126
-0.01084
-0.02716
-0.02632
-0.01337
-0.00167
0.0016
-0.0016
-0.00626
-0.00991
-0.01253
-0.01261
-0.00854
-0.00298
0.00083
0.00305
0.00134
-0.0056
-0.01172
-0.00983
0.00105
0.01513
0.0223
0.01827
0.00966
0.00255
-0.00447
-0.01403
-0.02509
-0.03153
-0.02573
-0.01141
0.00063
0.00442
0.00382
0.00597
0.01067
0.01242
0.00901
0.00362
-0.0007
-0.00304
-0.00427
-0.0046
-0.00323
-0.00227
-0.00422
-0.00445
-0.001
-0.00132
-0.00574
-0.00485
0.00299
0.01081
0.01456
0.01074
0.00012
-0.0066
-0.0009
0.0093
0.00982
-0.00012
-0.01102
-0.01689
-0.01846
-0.01616
-0.00948
-0.00418
-0.00636
-0.01284
-0.01444
-0.00846
-0.00072
0.00639
0.01551
0.02413
0.02674
0.02566
0.02573
0.0198
0.00038
-0.02133
-0.03398
-0.04159
-0.04618
-0.03933
-0.02138
-0.00242
0.01384
0.02718
0.03356
0.0284
0.01479
-0.00061
-0.01327
-0.02115
-0.02378
-0.02012
-0.01282
-0.00889
-0.008
-0.00331
0.00329
0.00473
0.00512
0.01188
0.01857
0.01375
-0.00246
-0.01658
-0.0167
-0.00568
0.00295
0.00298
0.00236
0.00508
0.00478
-0.0001
-0.0032
-0.00239
-0.00187
-0.00394
-0.00769
-0.0098
-0.0054
0.00342
0.00567
-0.00368
-0.01571
-0.02062
-0.01633
-0.00618
0.00537
0.01176
0.00733
-0.00595
-0.0192
-0.01738
0.00276
0.01803
0.01664
0.01073
0.00969
0.0076
0.00174
0.00019
0.00277
-0.00461
-0.02092
-0.02172
0.00399
0.03095
0.03128
0.01482
0.0059
0.00851
0.01075
0.00812
0.00168
-0.00631
-0.00976
-0.00679
-0.0069
-0.01698
-0.02683
-0.02445
-0.00824
0.01273
0.02536
0.02071
0.00161
-0.01681
-0.01926
-0.00692
0.00431
0.00331
-0.00664
-0.01484
-0.01373
-0.00469
0.00464
0.01012
0.01259
0.01254
0.0078
-0.00205
-0.01243
-0.01802
-0.01983
-0.0219
-0.01874
-0.00386
0.01252
0.018
0.01394
0.00825
0.00544
0.00816
0.01528
0.01733
0.00601
-0.01349
-0.02704
-0.02729
-0.01835
-0.00565
0.01164
0.0299
0.03402
0.01747
0.00014
0.00209
0.01635
0.01912
-0.00061
-0.03291
-0.06018
-0.06948
-0.05866
-0.03241
0.00834
0.05785
0.08816
0.0749
0.02988
-0.01504
-0.03589
-0.03284
-0.02476
-0.01827
-0.00396
0.01647
0.02666
0.01661
-0.00772
-0.0283
-0.02787
-0.00741
0.00908
0.00866
0.01163
0.02752
0.03238
0.00929
-0.02425
-0.03489
-0.0119
0.01769
0.02157
0.00405
-0.01369
-0.02469
-0.02768
-0.0116
0.0221
0.04385
0.03707
0.01275
-0.00713
-0.00429
0.01558
0.02774
0.01349
-0.01803
-0.03531
-0.02484
-0.00059
0.01003
-0.00567
-0.03031
-0.04038
-0.04045
-0.04349
-0.04135
-0.02395
0.00115
0.01883
0.022
0.019
0.02132
0.02735
0.02688
0.01889
0.0106
0.00557
0.0015
-0.00258
-0.00542
-0.00824
-0.01395
-0.02221
-0.02737
-0.021
-0.00126
0.02161
0.03581
0.03856
0.0285
0.01043
0.00072
0.0065
0.01299
0.00536
-0.01213
-0.02712
-0.02977
-0.01968
-0.00386
0.00546
0.00157
-0.00539
-0.00262
0.00561
0.00553
-0.00134
0.00019
0.01521
0.02953
0.03006
0.01948
0.00777
0.00001
-0.0056
-0.01443
-0.02655
-0.03388
-0.02874
-0.01547
-0.00779
-0.01033
-0.01272
-0.00596
0.00548
0.01159
0.01081
0.00886
0.00689
0.00073
-0.00773
-0.00976
-0.00535
-0.00238
-0.00325
-0.00352
-0.00177
-0.00197
-0.00552
-0.00832
-0.006
0.00232
0.01264
0.01677
0.01255
0.00896
0.00953
0.0071
-0.00016
-0.00642
-0.00878
-0.00834
-0.00589
-0.00288
-0.00349
-0.00894
-0.01291
-0.00978
-0.00116
0.00423
0.00158
-0.00422
-0.00835
-0.01173
-0.01251
-0.00643
0.00525
0.01905
0.03069
0.03181
0.01558
-0.01042
-0.02704
-0.03081
-0.02748
-0.016
0.0057
0.02933
0.04182
0.03042
-0.00054
-0.02134
-0.01844
-0.00667
-0.00263
-0.00481
-0.00626
-0.00764
-0.00972
-0.00848
-0.00339
0.00088
0.00396
0.0095
0.01608
0.018
0.01512
0.01282
0.01068
0.00352
-0.00272
0.00497
0.0209
0.02611
0.01632
0.00592
0.00307
-0.00064
-0.00879
-0.01343
-0.01219
-0.00878
0.00015
0.01794
0.03268
0.03197
0.01982
0.00678
-0.00173
-0.0071
-0.01302
-0.01753
-0.01648
-0.01325
-0.01081
-0.00612
0.00034
0.00231
-0.00111
-0.00152
0.00692
0.01766
0.02419
0.02384
0.01342
-0.00688
-0.02533
-0.02753
-0.01684
-0.01007
-0.01217
-0.01145
-0.00193
0.00663
0.00585
0.00358
0.00827
0.01183
0.00565
-0.0042
-0.00732
-0.00318
0.00036
-0.00093
-0.00298
-0.00024
0.00526
0.00657
0.0017
-0.00174
0.00451
0.01859
0.02714
0.02024
0.0084
0.0049
0.00157
-0.00927
-0.01343
-0.00117
0.01021
0.00728
0.00359
0.01403
0.031
0.03592
0.02117
-0.00145
-0.01705
-0.02065
-0.01576
-0.00988
-0.00866
-0.01285
-0.01766
-0.01744
-0.01121
-0.00184
0.00675
0.01105
0.01271
0.01504
0.01463
0.00723
-0.00202
-0.00683
-0.01005
-0.0152
-0.0203
-0.02296
-0.02203
-0.01681
-0.00894
-0.00091
0.00469
0.00641
0.00888
0.01845
0.03194
0.03806
0.02978
0.00951
-0.01289
-0.02651
-0.02716
-0.01839
-0.00654
0.00358
0.00996
0.01404
0.01676
0.01442
0.00703
0.00215
0.0003
-0.00658
-0.02008
-0.03075
-0.03226
-0.02421
-0.00912
0.00354
0.00703
0.00423
0.00269
0.00421
0.00604
0.00841
0.01183
0.01139
0.00457
-0.00297
-0.00742
-0.01018
-0.01188
-0.01301
-0.01263
-0.00572
0.00717
0.01746
0.01717
0.00472
-0.01213
-0.02189
-0.01856
-0.00932
-0.00681
-0.01126
-0.01821
-0.0262
-0.02961
-0.02122
-0.00282
0.01724
0.02946
0.02778
0.01822
0.01466
0.01959
0.02024
0.00529
-0.01742
-0.0267
-0.0212
-0.01677
-0.01981
-0.02119
-0.01393
-0.00243
0.0086
0.01905
0.02549
0.0246
0.01838
0.01129
0.00447
-0.00199
-0.00616
-0.00705
-0.00251
0.0071
0.01194
0.0056
-0.00349
-0.00483
-0.00021
0.00319
0.00163
-0.00293
-0.00618
-0.00635
-0.00692
-0.01086
-0.01517
-0.01412
-0.00678
0.00241
0.01006
0.01418
0.01509
0.01363
0.00795
-0.00118
-0.0074
-0.00822
-0.00778
-0.0062
-0.00227
-0.00288
-0.01174
-0.01697
-0.00994
0.00168
0.00973
0.01252
0.01017
0.00617
0.00365
-0.00175
-0.01269
-0.01868
-0.01089
0.00211
0.00907
0.00974
0.0092
0.00992
0.01033
0.00765
0.00383
0.00184
-0.00196
-0.0125
-0.02432
-0.02594
-0.01492
-0.00185
0.00229
0.00246
0.00646
0.01082
0.01081
0.0104
0.01296
0.0111
-0.00053
-0.009
-0.00307
0.01073
0.01665
0.00927
-0.00213
-0.00756
-0.00963
-0.01172
-0.00846
0.00021
0.00312
-0.00443
-0.01099
-0.00237
0.01683
0.0247
0.01415
0.00061
0.00079
0.01195
0.01783
0.01302
0.00298
-0.0078
-0.01769
-0.02421
-0.0208
-0.00681
0.00796
0.01276
0.00407
-0.01283
-0.0261
-0.02799
-0.02263
-0.01619
-0.00913
-0.00023
0.01114
0.02145
0.02264
0.0177
0.01481
0.0122
0.00327
-0.00806
-0.01215
-0.00509
0.00879
0.02125
0.02329
0.00896
-0.0099
-0.01446
-0.00507
0.00238
0.00211
0.00275
0.01045
0.01921
0.01906
0.00751
-0.00711
-0.01564
-0.01936
-0.02316
-0.02359
-0.0142
0.00112
0.00978
0.0063
-0.00313
-0.00667
0.00154
0.01126
0.00997
-0.00199
-0.01165
-0.01033
-0.00292
0.00116
0.00285
0.00598
0.00575
0.00128
0.00224
0.01009
0.01271
0.00506
-0.00313
-0.00384
-0.00297
-0.00737
-0.01416
-0.01499
-0.00746
0.00147
0.00491
0.00362
0.0011
-0.00335
-0.01012
-0.01364
-0.00785
0.00457
0.01432
0.01626
0.01211
0.00749
0.00747
0.01049
0.00879
0.00014
-0.009
-0.0152
-0.01702
-0.012
-0.00363
0.00003
-0.00132
-0.00156
-0.00059
0.00057
0.00585
0.01328
0.01488
0.00842
0.00199
0.00158
0.00247
-0.00218
-0.00756
-0.00444
0.00358
0.00718
0.00751
0.00978
0.01129
0.00642
-0.00005
0.00085
0.0042
0.00138
-0.00379
-0.00232
0.00275
-0.00017
-0.01425
-0.02596
-0.0197
-0.00249
0.00768
0.00843
0.01058
0.01751
0.02196
0.01974
0.01613
0.01534
0.01261
0.0024
-0.01076
-0.0166
-0.01418
-0.01194
-0.01329
-0.01313
-0.00944
-0.00546
-0.00138
0.00529
0.01374
0.01646
0.008
-0.00261
-0.0039
0.00346
0.00888
0.00493
-0.00696
-0.0184
-0.02047
-0.0143
-0.00948
-0.00821
-0.00451
0.00202
0.00569
0.00738
0.01084
0.01273
0.01047
0.00694
0.00297
-0.00428
-0.01215
-0.01424
-0.0078
0.00279
0.00714
0.00291
-0.00116
0.002
0.00828
0.01076
0.01037
0.01012
0.00825
0.00298
-0.00499
-0.01368
-0.01783
-0.01334
-0.00504
-0.00058
-0.00179
-0.00482
-0.00634
-0.00436
0.00053
0.00409
0.00484
0.00522
0.00368
-0.00321
-0.01205
-0.0178
-0.02028
-0.01683
-0.00401
0.01183
0.02034
0.01907
0.01276
0.00659
0.00327
0.00199
0.0002
-0.00413
-0.01158
-0.01717
-0.01534
-0.00831
-0.00305
-0.00053
0.00315
0.00728
0.00715
0.00346
0.00291
0.00619
0.00758
0.00272
-0.0069
-0.01358
-0.01153
-0.0064
-0.00613
-0.00649
-0.00014
0.0097
0.01543
0.01534
0.0131
0.01214
0.01151
0.00714
0.00113
-0.00091
-0.00241
-0.00891
-0.01411
-0.01011
-0.00163
0.00355
0.00544
0.00164
-0.00791
-0.01307
-0.00883
-0.00498
-0.00669
-0.00379
0.00967
0.02394
0.0283
0.02008
0.00442
-0.01029
-0.01892
-0.01773
-0.00755
0.00348
0.00567
0.00102
0.00073
0.0056
0.00789
0.00737
0.00761
0.00521
-0.00122
-0.00491
-0.00187
0.00439
0.01079
0.01565
0.01306
-0.00002
-0.01498
-0.02012
-0.01328
-0.00364
-0.00122
-0.0043
-0.00391
0.00015
0.00167
-0.00126
-0.00412
-0.00058
0.01082
0.02182
0.02143
0.01209
0.00664
0.00761
0.00299
-0.01292
-0.02938
-0.03365
-0.02573
-0.01321
-0.00093
0.00987
0.01803
0.01989
0.01276
0.0025
-0.00245
-0.00457
-0.01225
-0.02033
-0.01666
-0.00422
0.00049
-0.01031
-0.02323
-0.01945
-0.00345
0.00676
0.00676
0.0072
0.01362
0.0203
0.0193
0.01013
-0.0001
-0.00676
-0.01138
-0.01281
-0.0081
-0.0014
-0.0002
-0.0025
-0.00113
0.00303
0.0065
0.00824
0.00597
0.00005
-0.00489
-0.00699
-0.00789
-0.00802
-0.00851
-0.01108
-0.01382
-0.01177
-0.00368
0.00529
0.00983
0.01007
0.00925
0.0073
0.00078
-0.00934
-0.01547
-0.0124
-0.00247
0.00887
0.01703
0.01748
0.01201
0.00848
0.00681
0.00054
-0.00814
-0.01118
-0.00822
-0.00483
-0.00422
-0.0058
-0.00576
0.00046
0.01127
0.01852
0.01842
0.01561
0.01257
0.00574
-0.0048
-0.01258
-0.01249
-0.00505
0.00371
0.00817
0.00632
-0.001
-0.00766
-0.00645
0.00035
0.00579
0.01124
0.02039
0.02467
0.01413
-0.00118
-0.00638
-0.00422
-0.00535
-0.00817
-0.00748
-0.0053
-0.002
0.00456
0.00973
0.00848
0.00471
0.00195
-0.00089
-0.00181
0.00217
0.00804
0.00919
0.00283
-0.00558
-0.00667
-0.00201
-0.00309
-0.00795
-0.00671
-0.00112
0.00376
0.00895
0.01323
0.01138
0.00229
-0.0112
-0.02245
-0.02164
-0.00856
0.00386
0.00888
0.01064
0.01055
0.00883
0.0101
0.01758
0.02644
0.02849
0.02047
0.00385
-0.01345
-0.02134
-0.02383
-0.02796
-0.03027
-0.02545
-0.01698
-0.01096
-0.00519
0.00596
0.02048
0.02943
0.0275
0.019
0.01228
0.0086
0.00442
-0.00026
-0.00492
-0.01045
-0.0149
-0.01273
-0.00244
0.00934
0.01342
0.0099
0.00848
0.0108
0.00853
-0.00256
-0.01644
-0.02329
-0.01949
-0.01103
-0.00616
-0.00605
-0.00398
0.00479
0.01568
0.02069
0.01741
0.01
0.00618
0.00799
0.01034
0.00823
0.00441
0.00446
0.00681
0.00535
-0.00046
-0.0041
-0.00234
0.00155
0.00278
0.00137
0.00318
0.01252
0.02273
0.02297
0.01593
0.01277
0.0137
0.00846
-0.00629
-0.0206
-0.02387
-0.01672
-0.00944
-0.00527
-0.00016
0.00473
0.00518
0.00432
0.00665
0.00909
0.00958
0.01243
0.01664
0.01531
0.00796
0.00009
-0.00538
-0.00843
-0.00955
-0.00693
0.00194
0.01272
0.01503
0.00643
-0.00367
-0.00772
-0.00641
-0.00449
-0.00411
-0.00266
0.00209
0.00663
0.00725
0.00824
0.01391
0.01718
0.01264
0.0051
-0.001
-0.00798
-0.01739
-0.02428
-0.02068
-0.00601
0.00741
0.00914
0.00433
0.00398
0.00876
0.01306
0.01481
0.01154
0.004
-0.001
-0.00147
-0.00382
-0.0093
-0.01141
-0.0101
-0.01082
-0.00979
-0.00092
0.01101
0.0169
0.01486
0.00914
0.00609
0.00631
0.00327
-0.00342
-0.00595
-0.00348
-0.00214
-0.00245
0.00062
0.00669
0.0104
0.00982
0.00568
0.0023
0.0055
0.01139
0.01002
0.00109
-0.00531
-0.00526
-0.00317
0.00075
0.00786
0.014
0.01417
0.00874
0.00158
-0.00624
-0.0149
-0.02064
-0.02114
-0.01867
-0.01418
-0.0079
-0.00434
-0.00559
-0.00401
0.00402
0.01081
0.00884
0.00048
-0.00829
-0.01136
-0.00405
0.00975
0.0192
0.01474
-0.00117
-0.01519
-0.0146
0.00057
0.01498
0.01516
0.00537
-0.00192
-0.00388
-0.00605
-0.00966
-0.00712
0.00371
0.00941
0.00345
-0.00153
0.00275
0.004
-0.0075
-0.02084
-0.0206
-0.00735
0.00613
0.01537
0.02073
0.02206
0.01996
0.01241
-0.00148
-0.01235
-0.01135
-0.0048
-0.00312
-0.00473
-0.00091
0.00901
0.01402
0.00918
0.00455
0.00698
0.00975
0.00609
-0.00053
-0.00374
-0.00413
-0.00336
0.00007
0.00374
0.00304
-0.0013
-0.00307
0.00065
0.00692
0.01114
0.00865
-0.00007
-0.00582
-0.00388
-0.00072
-0.00076
0.00036
0.00508
0.009
0.00999
0.01008
0.00809
0.00285
-0.00206
-0.00467
-0.00796
-0.01136
-0.00908
-0.00083
0.0073
0.01174
0.01484
0.01788
0.01708
0.01104
0.00444
-0.00116
-0.00744
-0.01173
-0.0113
-0.00754
-0.00212
0.00319
0.00466
0.00084
-0.0031
-0.00316
-0.00158
-0.00208
-0.0037
-0.00485
-0.00604
-0.00437
0.00513
0.01825
0.02324
0.01667
0.00671
0.00214
0.00282
0.00138
-0.00405
-0.00737
-0.00565
-0.0042
-0.0073
-0.01063
-0.0079
-0.00041
0.00689
0.01229
0.01334
0.00668
-0.00475
-0.01196
-0.0099
-0.00527
-0.00934
-0.01933
-0.02045
-0.00723
0.00761
0.01137
0.00465
-0.00253
-0.00147
0.00594
0.01072
0.00945
0.00617
0.00304
-0.00247
-0.00992
-0.01268
-0.00707
-0.00018
0.00232
0.0033
0.0064
0.00812
0.00346
-0.00383
-0.0047
0.00174
0.0085
0.00995
0.00592
0.00008
-0.00351
-0.00399
-0.00343
-0.00282
-0.00066
0.00435
0.01038
0.01186
0.006
-0.00179
-0.0059
-0.00621
-0.0058
-0.00586
-0.00502
-0.00091
0.00615
0.0119
0.01072
0.00237
-0.00611
-0.00908
-0.00801
-0.01127
-0.0214
-0.02623
-0.01539
0.00039
0.0059
0.00217
-0.00308
-0.00651
-0.00512
0.00126
0.00504
0.00225
0.00007
0.00336
0.0063
0.00257
-0.00549
-0.0104
-0.0099
-0.00532
0.00248
0.00822
0.00574
-0.00237
-0.00593
-0.00295
-0.0016
-0.00591
-0.01108
-0.0127
-0.00863
0.0014
0.01223
0.01741
0.01634
0.01086
0.00036
-0.01038
-0.01217
-0.00449
0.00182
0.00005
-0.00348
-0.00405
-0.00441
-0.0036
0.00167
0.00741
0.00808
0.00666
0.00682
0.00601
0.00112
-0.00778
-0.01617
-0.01396
0.00189
0.01915
0.02229
0.00986
-0.00747
-0.01724
-0.00977
0.0077
0.0182
0.01348
0.00059
-0.00947
-0.01614
-0.02127
-0.01926
-0.00898
0.00189
0.00826
0.01234
0.0161
0.01575
0.0055
-0.01073
-0.01869
-0.01352
-0.00541
-0.00021
0.00537
0.01077
0.00889
-0.00104
-0.00797
-0.00489
0.00255
0.00419
-0.0026
-0.00969
-0.0105
-0.00793
-0.00725
-0.00651
-0.00162
0.0046
0.00713
0.00722
0.00837
0.0104
0.0107
0.00624
-0.00332
-0.01271
-0.01781
-0.01837
-0.01417
-0.00587
0.00161
0.00273
-0.00152
-0.00731
-0.01014
-0.00847
-0.00705
-0.0076
-0.00531
-0.00104
-0.00169
-0.00382
-0.00119
0.0012
-0.00088
-0.00057
0.00682
0.01343
0.01241
0.0086
0.00731
0.00771
0.00579
-0.0029
-0.01568
-0.02029
-0.01069
0.00162
0.00804
0.01018
0.00992
0.0086
0.00848
0.00766
0.00219
-0.00545
-0.00965
-0.00835
-0.0047
-0.00369
-0.00812
-0.01359
-0.01263
-0.00547
0.00137
0.00465
0.00484
0.00594
0.01339
0.02372
0.0235
0.0074
-0.00895
-0.0121
-0.00643
-0.00155
-0.00149
-0.00755
-0.01707
-0.02034
-0.01277
-0.00345
0.0016
0.00791
0.01698
0.02057
0.01523
0.00814
0.00332
-0.00319
-0.0111
-0.01508
-0.01393
-0.01168
-0.00939
-0.00443
0.00016
-0.00007
-0.00176
-0.00104
-0.00119
-0.00364
-0.00369
0.0007
0.00607
0.01002
0.01328
0.01396
0.00969
0.00296
-0.00106
-0.00055
0.00094
-0.00051
-0.00279
-0.00095
0.00331
0.00223
-0.00719
-0.0169
-0.01644
-0.00579
0.00492
0.00999
0.01038
0.00692
0.00122
-0.00284
-0.00064
0.00683
0.01022
0.00488
-0.00402
-0.00811
-0.00503
0.00044
0.00478
0.00885
0.01251
0.01375
0.01145
0.00487
-0.00403
-0.00901
-0.00668
-0.00231
-0.00123
0.00114
0.00758
0.01389
0.01855
0.02106
0.01689
0.00724
0.00073
0.00032
0.00161
0.00126
-0.00054
-0.0007
0.00305
0.0074
0.00727
0.00402
0.00198
0.0011
0.00035
0.00048
-0.00104
-0.0079
-0.01465
-0.0106
0.00081
0.00768
0.00675
0.00508
0.00883
0.01677
0.01882
0.00853
-0.00203
-0.00266
0.00025
-0.00083
-0.00265
-0.00123
0.00112
0.00315
0.00691
0.01262
0.01806
0.0207
0.01751
0.00781
-0.00275
-0.00613
-0.00097
0.00398
0.00257
-0.0003
0.00195
0.00512
0.00302
-0.00026
0.00195
0.0068
0.00834
0.00408
-0.00381
-0.00891
-0.00446
0.00468
0.0099
0.00603
-0.00049
-0.00099
0.00444
0.00907
0.00892
0.00631
0.00553
0.00753
0.00775
0.00289
-0.00502
-0.01176
-0.01399
-0.01081
-0.00563
-0.00268
-0.00037
0.005
0.01114
0.0125
0.00719
-0.00101
-0.00493
-0.00232
0.00063
-0.00245
-0.00989
-0.01533
-0.01385
-0.00657
-0.00111
-0.00157
-0.0026
0.0008
0.00569
0.00722
0.00457
0.00121
0.00156
0.00581
0.00766
0.00301
-0.00388
-0.00824
-0.00937
-0.00697
-0.00076
0.00685
0.0114
0.01116
0.00927
0.00793
0.00725
0.00807
0.00928
0.00615
-0.00264
-0.00994
-0.00893
-0.00155
0.0031
0.00169
0.00217
0.00746
0.00872
0.00268
-0.00141
0.00008
0.00288
0.00426
0.00429
0.0047
0.0072
0.01009
0.01157
0.013
0.01347
0.0096
0.00172
-0.00557
-0.00778
-0.00259
0.00621
0.00951
0.00621
0.00487
0.00757
0.00721
0.00362
0.0034
0.00635
0.00702
0.00655
0.0087
0.01112
0.00841
-0.00134
-0.01222
-0.01444
-0.00718
-0.00036
0.00003
-0.00094
0.005
0.01669
0.02061
0.00991
-0.00265
-0.00466
-0.00249
-0.00685
-0.01299
-0.01066
-0.00288
0.00189
0.00277
0.00227
0.00097
0.00075
0.00329
0.00691
0.00917
0.00965
0.00829
0.00512
0.00201
-0.00009
-0.00355
-0.00854
-0.00978
-0.00298
0.00835
0.015
0.01277
0.00487
0.00035
0.0048
0.01091
0.01021
0.00492
0.00182
0.0017
-0.00028
-0.00631
-0.01164
-0.01175
-0.00827
-0.00436
0.00139
0.01012
0.01655
0.01588
0.0094
0.00056
-0.00699
-0.00911
-0.00609
-0.00405
-0.00559
-0.00673
-0.00323
0.00429
0.01004
0.00922
0.00329
-0.00106
0.00068
0.00559
0.00947
0.01103
0.00961
0.00345
-0.00689
-0.01365
-0.00947
-0.00033
0.00304
0.00061
-0.00046
0.00312
0.00898
0.01141
0.00645
0.00035
0.00011
0.00151
-0.00199
-0.00644
-0.00556
-0.00093
0.00291
0.00546
0.00731
0.00638
0.00228
-0.00284
-0.00701
-0.00803
-0.00459
0.0017
0.00715
0.00807
0.00375
-0.00105
-0.0013
0.00091
0.00116
-0.00157
-0.00708
-0.01445
-0.01718
-0.00961
0.00279
0.01223
0.01601
0.01331
0.00642
-0.00003
-0.00334
-0.00302
0.00057
0.00345
0.00092
-0.00347
-0.00407
-0.00431
-0.00756
-0.00892
-0.00623
-0.00479
-0.00425
0.00059
0.00732
0.01066
0.00983
0.00429
-0.00543
-0.01275
-0.0129
-0.00781
-0.0016
0.0007
-0.00213
-0.00367
0.00184
0.00818
0.00611
-0.00081
-0.00344
-0.00192
0.00037
0.00395
0.008
0.00877
0.00468
-0.00353
-0.01317
-0.01753
-0.01298
-0.00145
0.01004
0.01276
0.0067
0.00197
0.00342
0.0031
-0.00217
-0.0042
-0.00055
0.00116
-0.00146
-0.00188
0.00356
0.0083
0.0038
-0.00717
-0.01169
-0.0047
0.00371
0.00435
0.00216
0.00128
-0.00266
-0.00808
-0.00824
-0.00474
-0.00145
0.00406
0.01009
0.00714
-0.00385
-0.00766
-0.00244
0.00074
-0.00084
-0.0021
-0.0012
0.00096
0.00398
0.00551
0.00421
0.00417
0.00755
0.00797
0.00011
-0.00871
-0.01015
-0.00797
-0.00848
-0.00856
-0.00452
-0.00022
0.00022
-0.00273
-0.00732
-0.00946
-0.00343
0.00694
0.01108
0.00788
0.00436
0.00289
0.00171
0.00134
0.00179
-0.00087
-0.00875
-0.018
-0.02083
-0.01366
-0.00259
0.00383
0.00339
0.0014
0.00087
0.00276
0.00904
0.01555
0.01358
0.00049
-0.01467
-0.01864
-0.01027
0.00042
0.00263
-0.00294
-0.00561
0.0002
0.00908
0.01612
0.02015
0.01823
0.01022
0.00191
-0.00372
-0.00956
-0.01569
-0.01767
-0.01536
-0.01086
-0.00722
-0.0073
-0.00786
-0.00348
0.00308
0.00461
0.00114
-0.00309
-0.00652
-0.00887
-0.01086
-0.01341
-0.01406
-0.00971
-0.003
0.00233
0.00648
0.00978
0.01046
0.00796
0.00282
-0.00361
-0.00803
-0.00994
-0.01006
-0.00652
-0.0015
-0.00288
-0.01113
-0.01432
-0.00537
0.0058
0.01139
0.01223
0.00813
0.00001
-0.00546
-0.00492
-0.0034
-0.00348
-0.00281
-0.00221
-0.00332
-0.00443
-0.00451
-0.00347
-0.00066
0.00179
0.00196
0.00162
0.00176
0.00034
-0.00296
-0.00598
-0.00832
-0.01054
-0.01084
-0.00883
-0.0068
-0.00583
-0.0045
-0.0015
0.00274
0.00582
0.00564
0.00371
0.00292
0.0027
0.00137
-0.00005
-0.00059
-0.00158
-0.00302
-0.00304
-0.00193
-0.0016
-0.00162
-0.00044
0.00158
0.00165
-0.00201
-0.00573
-0.00479
-0.00032
0.0012
-0.00273
-0.00752
-0.00882
-0.00832
-0.00771
-0.0042
0.00227
0.00636
0.00603
0.0064
0.00938
0.00754
-0.00246
-0.01109
-0.01197
-0.00955
-0.00844
-0.00686
-0.00339
-0.00041
0.001
0.00307
0.00626
0.00735
0.00488
0.00146
-0.00033
0.00009
0.00178
0.00262
0.00043
-0.00415
-0.00913
-0.01272
-0.01282
-0.008
0.00018
0.00827
0.01434
0.01606
0.012
0.00539
-0.0004
-0.00732
-0.01645
-0.02129
-0.01601
-0.00589
0.00073
0.00271
0.00357
0.00568
0.00832
0.00779
0.00133
-0.00788
-0.01258
-0.00938
-0.00301
-0.00067
-0.00399
-0.00937
-0.01216
-0.00986
-0.00178
0.00822
0.01259
0.00904
0.00287
0.00003
0.00071
0.00046
-0.00171
-0.00241
-0.00059
0.00069
-0.00097
-0.00423
-0.00617
-0.00642
-0.00645
-0.00588
-0.00285
0.00163
0.00372
0.00146
-0.00221
-0.00386
-0.00507
-0.00644
-0.00508
-0.00222
-0.00278
-0.00563
-0.00439
0.00108
0.00399
0.00356
0.00311
0.00242
0.00069
-0.00018
0.00072
0.00075
-0.00248
-0.00651
-0.00712
-0.00413
-0.00105
-0.00082
-0.00336
-0.00608
-0.00583
-0.00293
0.00013
0.0014
0.00068
-0.00036
-0.0002
0.00035
-0.00095
-0.00399
-0.0059
-0.00482
-0.00248
-0.00121
-0.00109
-0.00098
-0.00054
0.00043
0.00188
0.00222
0.00025
-0.00266
-0.0043
-0.00424
-0.00304
-0.00136
-0.00008
0.00079
0.00233
0.00384
0.00288
-0.00026
-0.00199
-0.00112
-0.00066
-0.00192
-0.0031
-0.00297
-0.00216
-0.00181
-0.00205
-0.00196
-0.00109
-0.00027
-0.0003
-0.00124
-0.00254
-0.00297
-0.002
-0.0013
-0.0024
-0.00352
-0.00267
-0.00113
-0.00107
-0.00174
-0.0013
-0.00002
0.00079
0.0012
0.00172
0.0019
0.00121
-0.00029
-0.00205
-0.00323
-0.00332
-0.00257
-0.00182
-0.00144
-0.00136
-0.00144
-0.00141
-0.00071
0.00059
0.00149
0.00156
0.001
0.00018
-0.00054
-0.00123
-0.00221
-0.00316
-0.00322
-0.0026
-0.00244
-0.00261
-0.00185
-0.00027
0.0007
0.00067
0.00051
0.00012
-0.00122
-0.00267
-0.00284
-0.00205
-0.00181
-0.00219
-0.00182
-0.00068
-0.00022
-0.00069
-0.00091
-0.00044
-0.00011
-0.00052
-0.00121
-0.00145
-0.00112
-0.00075
-0.00072
-0.00079
-0.00064
-0.00049
-0.00054
-0.00068
-0.00092
-0.00129
-0.00144
-0.0012
-0.00082
-0.00054
-0.00045
-0.00073
-0.00118
-0.00133
-0.00126
-0.00116
-0.00077
-0.00021
-0.00015
-0.00066
-0.00086
-0.00037
-0.00002
-0.00027
-0.00066
-0.00086
-0.00099
-0.00103
-0.00089
-0.0006
-0.00028
-0.00021
-0.00049
-0.00074
-0.00056
-0.0003
-0.00043
-0.00087
-0.00126
-0.00135
-0.00099
-0.00036
-0.00004
-0.00023
-0.00049
-0.00053
-0.0005
-0.00062
-0.00079
-0.00075
-0.00054
-0.00046
-0.00057
-0.00052
-0.00027
-0.00025
-0.00053
-0.0008
-0.00088
-0.00074
-0.00054
-0.00049
-0.00059
-0.00057
-0.00036
-0.00015
-0.00017
-0.00036
-0.00052
-0.00055
-0.00056
-0.00062
-0.00068
-0.00062
-0.00042
-0.0002
-0.00014
-0.00024
-0.00024
-0.00016
-0.00026
-0.00051
-0.00055
-0.00037
-0.00026
-0.00036
-0.00048
-0.00046
-0.00035
-0.00026
-0.0002
-0.00016
-0.00015
-0.0002
-0.00028
-0.00034
-0.00036
-0.00033
-0.00026
-0.00024
-0.00029
-0.00037
-0.00036
-0.00028
-0.00022
-0.0002
-0.00014
-0.00007
-0.00001
0.00002
0.00001
-0.00008
-0.00021
-0.00025
-0.00021
-0.00018
-0.00019
-0.00018
-0.00012
-0.00008
-0.0001
-0.00012
-0.00006
0.00002
0.00005
0.00003
0
-0.00004
-0.00008
-0.00009
-0.00004
0.00001
0.00005
0.00005
0.00004
0.00006
0.0001
0.00012
0.00008
0.00003
0.00002
0.00006
0.00012
0.00016
0.00014
0.0001
0.00009
0.00012
0.00015
0.00013
0.0001
0.00007
0.00009
0.00016
0.00022
0.00025
0.00023
0.0002
0.00018
0.00018
0.00019
0.00019
0.00019
0.0002
0.00022
0.00024
0.00024
0.00023
0.00022
0.00024
0.00027
0.0003
0.0003
0.0003
0.0003
0.0003
0.0003
0.00031
0.00031
0.00032
0.00032
0.00033
0.00034
0.00034
0.00035
0.00036
0.00037
0.00038
0.00038
0.00039
0.00039
0.00039
0.0004
0.0004
0.00041
0.00042
0.00042
0.00043
0.00043
0.00044
0.00045
0.00045
0.00046
0.00047
0.00047
0.00048
0.00048
0.00049
0.00049
0.0005
0.00051
0.00051
0.00052
0.00052
0.00053
0.00054
0.00054
0.00055
0.00055
0.00056
0.00056
0.00057
0.00057
0.00058
0.00059
0.00059
0.0006
0.0006
0.00061
0.00061
0.00062
0.00062
0.00063
0.00064
0.00064
0.00065
0.00065
0.00066
0.00066
0.00067
0.00067
0.00068
0.00068
0.00069
0.00069
0.0007
0.0007
0.00071
0.00071
0.00072
0.00072
0.00073
0.00073
0.00074
0.00074
0.00075
0.00075
0.00076
0.00076
0.00077
0.00077
0.00078
0.00078
0.00079
0.00079
0.0008
0.0008
0.00081
0.00081
0.00082
0.00082
0.00082
0.00083
0.00083
0.00084
0.00084
0.00085
0.00085
0.00086
0.00086
0.00086
0.00087
0.00087
0.00088
0.00088
0.00088
0.00089
0.00089