0.005
-0.00144
-0.00144
-0.00144
-0.00144
-0.00144
-0.00143
-0.00143
-0.00143
-0.00143
-0.00143
-0.00143
-0.00143
-0.00143
-0.00142
-0.00142
-0.00142
-0.00142
-0.00142
-0.00142
-0.00142
-0.00141
-0.00141
-0.00141
-0.00141
-0.00141
-0.00141
-0.00141
-0.00141
-0.0014
-0.0014
-0.0014
-0.0014
-0.0014
-0.0014
-0.0014
-0.0014
-0.0014
-0.0014
-0.00139
-0.00139
-0.00139
-0.00139
-0.00138
-0.00138
-0.00138
-0.00139
-0.00138
-0.00138
-0.00138
-0.00138
-0.00138
-0.00138
-0.00137
-0.00137
-0.00137
-0.00137
-0.00137
-0.00137
-0.00137
-0.00137
-0.00138
-0.00137
-0.00137
-0.00136
-0.00135
-0.00134
-0.00132
-0.00132
-0.00132
-0.00133
-0.00134
-0.00136
-0.00136
-0.00134
-0.00133
-0.00134
-0.00135
-0.00135
-0.00134
-0.00133
-0.00132
-0.00132
-0.00132
-0.00131
-0.00129
-0.00129
-0.00131
-0.00133
-0.00135
-0.00137
-0.00138
-0.0014
-0.00142
-0.00143
-0.00143
-0.00142
-0.00139
-0.00138
-0.00137
-0.00134
-0.00128
-0.00122
-0.00119
-0.0012
-0.0012
-0.0012
-0.0012
-0.00121
-0.0012
-0.00115
-0.00108
-0.00109
-0.0012
-0.00135
-0.00148
-0.00155
-0.00154
-0.00143
-0.00127
-0.00113
-0.00105
-0.00103
-0.00106
-0.00113
-0.00129
-0.00153
-0.00172
-0.00179
-0.00178
-0.00176
-0.0017
-0.0016
-0.00142
-0.00119
-0.00098
-0.00082
-0.00064
-0.00041
-0.00021
-0.00023
-0.00056
-0.00104
-0.00136
-0.00147
-0.00151
-0.00154
-0.00156
-0.00158
-0.0016
-0.00162
-0.00162
-0.00166
-0.00177
-0.00184
-0.00172
-0.00141
-0.00111
-0.00103
-0.00123
-0.00153
-0.00168
-0.00168
-0.00164
-0.00161
-0.00158
-0.0016
-0.00165
-0.00162
-0.00155
-0.00164
-0.00191
-0.00215
-0.00219
-0.00189
-0.00106
-0.00004
0.00054
0.00051
0.00033
0.00029
0.00038
0.00033
-0.00017
-0.00096
-0.0015
-0.00145
-0.00096
-0.00045
-0.00032
-0.00058
-0.00074
-0.00043
0.00022
0.00058
0.00033
-0.00016
-0.00033
-0.00029
-0.00058
-0.00158
-0.00323
-0.00486
-0.00535
-0.00431
-0.0028
-0.00185
-0.00102
0.00067
0.00276
0.00374
0.0027
0.00026
-0.00244
-0.00466
-0.00588
-0.00594
-0.00533
-0.00478
-0.00418
-0.00312
-0.00169
-0.00021
0.0013
0.00244
0.00261
0.00217
0.00165
0.00071
-0.00099
-0.00304
-0.00492
-0.00605
-0.00579
-0.00499
-0.00449
-0.00317
-0.00049
0.00127
0.00038
-0.00131
-0.0014
-0.00047
-0.00034
-0.00139
-0.00295
-0.0043
-0.00462
-0.00377
-0.00219
-0.00023
0.00191
0.00348
0.00382
0.00281
0.00087
-0.00151
-0.00421
-0.00669
-0.00721
-0.00578
-0.00404
-0.00274
-0.00149
-0.00023
0.00094
0.0023
0.00369
0.00472
0.00583
0.0069
0.00649
0.00413
0.00173
0.00039
-0.00147
-0.00501
-0.00799
-0.00838
-0.00775
-0.00789
-0.00716
-0.0038
0.00016
0.00147
0.00169
0.00325
0.00457
0.00384
0.0031
0.00511
0.00861
0.00908
0.0048
-0.00134
-0.00606
-0.00791
-0.00731
-0.00644
-0.00577
-0.00436
-0.00333
-0.00384
-0.00422
-0.00351
-0.0037
-0.00532
-0.0054
-0.00313
-0.00182
-0.00167
-0.0003
0.00192
0.00321
0.00291
0.00193
0.00266
0.00518
0.00601
0.00492
0.0061
0.00958
0.0096
0.0034
-0.00514
-0.00993
-0.01068
-0.01029
-0.01028
-0.00906
-0.00378
0.00507
0.01204
0.01205
0.00661
0.00131
-0.00126
-0.00344
-0.00738
-0.01023
-0.00754
-0.00061
0.00503
0.00695
0.00613
0.00345
0.00182
0.00546
0.0127
0.01616
0.01165
0.00466
0.00105
0.00111
0.00156
-0.00067
-0.00526
-0.00896
-0.01008
-0.00986
-0.01038
-0.01265
-0.01454
-0.01055
0.00093
0.01271
0.01622
0.01157
0.00444
-0.00157
-0.00426
0.00032
0.01185
0.02299
0.02702
0.02318
0.01587
0.00664
-0.00617
-0.01942
-0.02632
-0.02566
-0.0232
-0.02331
-0.0244
-0.02301
-0.01895
-0.01575
-0.0155
-0.01465
-0.00811
0.00475
0.01955
0.03107
0.03488
0.02888
0.01425
-0.00366
-0.01839
-0.02742
-0.03187
-0.03298
-0.0282
-0.01622
-0.0017
0.00937
0.01516
0.01746
0.01799
0.01726
0.01401
0.00694
-0.00092
-0.00418
-0.00299
-0.00335
-0.01066
-0.02435
-0.03508
-0.03157
-0.01613
-0.00413
-0.00353
-0.00541
-0.00127
0.01082
0.02868
0.04108
0.03469
0.01706
0.00843
0.01027
0.00583
-0.01185
-0.03041
-0.03989
-0.03993
-0.03463
-0.02603
-0.01016
0.01514
0.04058
0.0574
0.07189
0.08501
0.08272
0.05663
0.0178
-0.02334
-0.06554
-0.1031
-0.13375
-0.15129
-0.14229
-0.1041
-0.05031
0.00594
0.06067
0.10845
0.13622
0.14176
0.13004
0.10528
0.06683
0.01568
-0.03897
-0.08566
-0.11675
-0.13465
-0.14189
-0.1358
-0.11337
-0.07388
-0.02053
0.03199
0.06524
0.08662
0.10274
0.105
0.09213
0.07386
0.0541
0.03182
0.00743
-0.02103
-0.05483
-0.08272
-0.09487
-0.09184
-0.07388
-0.03975
0.00089
0.03272
0.05499
0.07233
0.08018
0.07417
0.05834
0.03404
-0.00446
-0.05337
-0.09789
-0.12001
-0.10979
-0.07588
-0.03861
-0.00852
0.01709
0.04183
0.06187
0.07294
0.07422
0.07298
0.07448
0.07075
0.0503
0.01617
-0.01743
-0.04261
-0.05949
-0.06799
-0.06696
-0.05793
-0.04519
-0.03009
-0.00884
0.02164
0.05235
0.0689
0.06717
0.052
0.02692
-0.0051
-0.03561
-0.05293
-0.05452
-0.04274
-0.02646
-0.01372
-0.00308
0.01084
0.02768
0.04381
0.05588
0.0589
0.05219
0.04567
0.04679
0.04688
0.0324
0.00384
-0.02576
-0.04317
-0.04053
-0.01912
0.00806
0.02854
0.03096
0.01096
-0.01437
-0.03038
-0.04107
-0.05519
-0.07208
-0.08751
-0.09894
-0.09778
-0.07524
-0.03977
-0.00643
0.02331
0.0554
0.08808
0.1107
0.11506
0.10344
0.08247
0.05097
0.01197
-0.02076
-0.04031
-0.05251
-0.0648
-0.0762
-0.0776
-0.06515
-0.04099
-0.0109
0.01781
0.03936
0.05426
0.06263
0.0558
0.03132
0.00029
-0.03039
-0.06084
-0.08663
-0.09703
-0.08338
-0.04692
-0.00116
0.03941
0.06594
0.07906
0.08593
0.08978
0.07942
0.04287
-0.00729
-0.0514
-0.0759
-0.07781
-0.06546
-0.04986
-0.02771
0.01201
0.05416
0.07416
0.07537
0.0718
0.06202
0.04064
0.0119
-0.01476
-0.02809
-0.0281
-0.02566
-0.03081
-0.03992
-0.03935
-0.02488
-0.00244
0.01928
0.03047
0.03294
0.03588
0.0391
0.03108
0.0063
-0.02515
-0.04917
-0.06044
-0.06479
-0.06835
-0.0684
-0.05805
-0.03866
-0.01945
-0.00502
0.008
0.02666
0.05096
0.07235
0.08292
0.08103
0.06623
0.03729
0.005
-0.01074
-0.01789
-0.03808
-0.0654
-0.07454
-0.05598
-0.02332
0.00604
0.02519
0.03808
0.04885
0.05603
0.05726
0.05258
0.03902
0.01202
-0.02297
-0.0563
-0.08108
-0.09151
-0.08489
-0.06575
-0.04146
-0.01529
0.01242
0.03792
0.06217
0.08595
0.10348
0.10735
0.09507
0.06712
0.02785
-0.01132
-0.04156
-0.06179
-0.07381
-0.08305
-0.0949
-0.10133
-0.08382
-0.04148
0.00207
0.03022
0.045
0.05169
0.04985
0.04132
0.03048
0.01433
-0.01008
-0.03399
-0.04547
-0.04928
-0.05797
-0.07022
-0.07107
-0.04991
-0.01166
0.02933
0.06084
0.07643
0.0738
0.05682
0.03187
0.00217
-0.0271
-0.05259
-0.07008
-0.07387
-0.0644
-0.05137
-0.04212
-0.03226
-0.01654
-0.00094
0.01505
0.03954
0.06803
0.08541
0.08504
0.07138
0.05036
0.02717
0.00456
-0.01885
-0.04237
-0.05975
-0.06392
-0.04975
-0.02226
-0.00427
-0.00649
-0.01458
-0.01097
0.00609
0.02461
0.03457
0.02715
0.00001
-0.02645
-0.03451
-0.02702
-0.01768
-0.01275
-0.00953
-0.00011
0.0192
0.0347
0.02795
0.00361
-0.0161
-0.01683
-0.00721
-0.00348
-0.00261
0.00812
0.02394
0.03494
0.04277
0.04945
0.04949
0.04222
0.03382
0.02805
0.02428
0.01981
0.01076
-0.00379
-0.01932
-0.02643
-0.01974
-0.00771
-0.00044
0.00507
0.01219
0.01446
0.00415
-0.01591
-0.0332
-0.03833
-0.0314
-0.01783
-0.00166
0.00967
0.0098
0.00614
0.00833
0.01294
0.01049
0.00105
-0.00803
-0.01141
-0.00985
-0.00658
-0.00513
-0.00717
-0.01042
-0.01128
-0.00982
-0.00891
-0.01136
-0.01807
-0.02592
-0.02862
-0.02484
-0.01713
-0.00405
0.01724
0.0415
0.0583
0.06048
0.04767
0.02157
-0.01216
-0.04021
-0.05237
-0.04427
-0.0262
-0.01537
-0.0186
-0.02756
-0.02442
0.00049
0.03483
0.05733
0.06163
0.05535
0.04601
0.03356
0.01645
-0.00339
-0.02679
-0.05095
-0.062
-0.04982
-0.02621
-0.01122
-0.00596
0.00593
0.02771
0.04645
0.05452
0.05493
0.04864
0.03488
0.01916
0.00786
-0.00151
-0.01574
-0.03262
-0.04496
-0.04873
-0.0444
-0.03502
-0.02814
-0.03402
-0.04482
-0.0365
-0.0005
0.03705
0.04642
0.03226
0.01647
0.00655
-0.00224
-0.00974
-0.01253
-0.01611
-0.02706
-0.03645
-0.02667
0.00031
0.01683
0.00972
0.00232
0.01568
0.03746
0.04247
0.02581
0.00626
0.00275
0.00865
0.00921
-0.00133
-0.02301
-0.04921
-0.0696
-0.07042
-0.04357
-0.00797
0.01063
0.00876
0.00825
0.02387
0.0467
0.06117
0.06057
0.04178
0.01193
-0.01
-0.0161
-0.02066
-0.03715
-0.05703
-0.05771
-0.02733
0.0173
0.05319
0.07074
0.07155
0.06465
0.0588
0.06122
0.07066
0.07003
0.04583
0.00141
-0.04542
-0.07714
-0.08911
-0.09137
-0.0939
-0.08735
-0.05995
-0.02299
0.00691
0.02974
0.05108
0.06772
0.07688
0.08083
0.07735
0.05923
0.02618
-0.01568
-0.05998
-0.10007
-0.12937
-0.14114
-0.13239
-0.11326
-0.09599
-0.07949
-0.05581
-0.02308
0.01497
0.05258
0.0789
0.08456
0.0695
0.04352
0.01876
-0.00186
-0.02504
-0.04664
-0.04944
-0.03492
-0.01962
-0.013
-0.01023
-0.0014
0.01493
0.03718
0.06071
0.06515
0.0372
-0.00251
-0.01655
-0.00416
-0.00002
-0.02082
-0.04278
-0.04157
-0.02444
-0.00951
0.00052
0.0099
0.01718
0.01735
0.01004
-0.00062
-0.01348
-0.02711
-0.03163
-0.01716
0.01135
0.03945
0.05427
0.05278
0.04379
0.03432
0.02749
0.02595
0.02538
0.01531
-0.00501
-0.02284
-0.02971
-0.0292
-0.02247
-0.00772
0.00537
0.00262
-0.0123
-0.02349
-0.02326
-0.01826
-0.0121
-0.00507
-0.00075
-0.00136
-0.00543
-0.01149
-0.01541
-0.01392
-0.01013
-0.00264
0.0147
0.03504
0.04349
0.04005
0.0389
0.03659
0.01637
-0.01526
-0.03427
-0.03305
-0.02662
-0.02898
-0.03324
-0.02852
-0.02157
-0.02185
-0.02794
-0.03624
-0.04383
-0.04612
-0.03849
-0.02143
-0.00006
0.02316
0.04394
0.05462
0.04978
0.03012
0.00559
-0.00906
-0.01132
-0.01915
-0.04279
-0.07259
-0.09402
-0.09857
-0.08293
-0.05287
-0.02289
0.00336
0.02794
0.04646
0.05456
0.05288
0.04304
0.02738
0.01039
-0.0069
-0.02852
-0.04979
-0.05954
-0.05653
-0.04406
-0.01612
0.02845
0.0669
0.08378
0.09148
0.09762
0.08933
0.06282
0.03527
0.01513
-0.00647
-0.0374
-0.07272
-0.10145
-0.11334
-0.1015
-0.06628
-0.02036
0.01314
0.02392
0.02987
0.04164
0.04612
0.03318
0.01188
-0.00436
-0.01456
-0.01985
-0.01667
-0.00705
0.00376
0.01568
0.02681
0.02825
0.02233
0.02651
0.04133
0.04964
0.04216
0.02147
-0.00947
-0.0461
-0.07419
-0.0826
-0.08432
-0.09593
-0.10933
-0.10706
-0.08922
-0.06701
-0.04474
-0.02059
0.0012
0.01883
0.03729
0.05757
0.07252
0.0765
0.07087
0.057
0.03503
0.00758
-0.02294
-0.05367
-0.07359
-0.07138
-0.05479
-0.04196
-0.03436
-0.01527
0.01944
0.05096
0.05985
0.045
0.01428
-0.02865
-0.07487
-0.09885
-0.09401
-0.08447
-0.08117
-0.06363
-0.01891
0.03811
0.08702
0.11915
0.14515
0.16771
0.16824
0.13085
0.07368
0.03433
0.02022
-0.0033
-0.05506
-0.10869
-0.13316
-0.12994
-0.11384
-0.08799
-0.04396
0.01589
0.06158
0.07277
0.0636
0.04952
0.0268
-0.00496
-0.02928
-0.03427
-0.0316
-0.03899
-0.05107
-0.04901
-0.03424
-0.02719
-0.03368
-0.02798
0.01065
0.05634
0.08083
0.086
0.08325
0.06873
0.03415
-0.01373
-0.05679
-0.07605
-0.07064
-0.06276
-0.07171
-0.08059
-0.05317
0.01388
0.08058
0.11189
0.12779
0.14674
0.15475
0.14131
0.11749
0.09378
0.07016
0.04522
0.0152
-0.02778
-0.0723
-0.0948
-0.09299
-0.07671
-0.04345
0.00324
0.03528
0.04271
0.04955
0.06438
0.06161
0.02515
-0.02839
-0.07763
-0.10908
-0.12172
-0.11408
-0.08739
-0.0582
-0.04654
-0.05197
-0.05307
-0.03631
-0.0154
-0.00545
-0.01205
-0.03296
-0.04934
-0.02852
0.03996
0.11284
0.13581
0.11579
0.09554
0.0795
0.04956
0.01865
0.00645
-0.01035
-0.04583
-0.05147
0.00467
0.07171
0.08949
0.07478
0.07098
0.0709
0.04817
0.02487
0.02808
0.03951
0.02646
-0.00826
-0.03496
-0.03182
-0.00032
0.0392
0.06234
0.06231
0.04558
0.01926
-0.00483
-0.00803
0.01151
0.03023
0.03328
0.02326
-0.00166
-0.04529
-0.08804
-0.09945
-0.0655
-0.0078
0.02662
0.02612
0.0171
0.02973
0.06863
0.10705
0.10934
0.07346
0.0304
-0.00296
-0.02998
-0.04395
-0.04041
-0.03549
-0.04345
-0.05182
-0.03863
-0.00485
0.03484
0.07333
0.11072
0.13245
0.11103
0.03579
-0.05183
-0.08627
-0.07999
-0.09164
-0.13403
-0.17168
-0.17665
-0.14526
-0.08352
-0.0128
0.03313
0.04824
0.05859
0.07995
0.09756
0.09581
0.07174
0.02758
-0.0161
-0.01862
0.03475
0.10723
0.15338
0.17028
0.17025
0.14847
0.1113
0.08693
0.09283
0.10815
0.09708
0.04864
-0.00991
-0.04228
-0.04702
-0.04614
-0.03818
-0.00877
0.02966
0.04897
0.03902
0.01148
-0.01207
-0.02016
-0.01788
-0.02387
-0.05412
-0.09515
-0.11681
-0.09801
-0.04922
-0.00916
0.01489
0.04079
0.06901
0.08511
0.08182
0.06558
0.05455
0.0605
0.06769
0.05314
0.02193
0.00058
-0.00147
-0.00686
-0.02591
-0.03154
-0.01118
0.00806
-0.00415
-0.03618
-0.04061
0.00114
0.05356
0.07583
0.07211
0.0717
0.0815
0.08475
0.07066
0.0461
0.02523
0.01317
-0.00079
-0.0273
-0.05095
-0.0426
0.00595
0.06752
0.10085
0.08548
0.03874
-0.00531
-0.03726
-0.06288
-0.0763
-0.07385
-0.06819
-0.07587
-0.09872
-0.1198
-0.12703
-0.12563
-0.12575
-0.11489
-0.07057
-0.00577
0.03621
0.0482
0.06663
0.09872
0.11322
0.09849
0.07966
0.07817
0.07977
0.05961
0.02628
0.00773
0.01182
0.01654
0.00004
-0.02883
-0.03378
-0.00131
0.02483
0.01778
0.00698
0.02441
0.05522
0.0709
0.08058
0.11544
0.163
0.18204
0.17469
0.1815
0.20872
0.21398
0.17116
0.10845
0.06198
0.01784
-0.04305
-0.10472
-0.1409
-0.14798
-0.14399
-0.13875
-0.11883
-0.07904
-0.04914
-0.05922
-0.08713
-0.09208
-0.07607
-0.06894
-0.06749
-0.03824
0.00782
0.01294
-0.03098
-0.05178
0.00024
0.07605
0.1202
0.14348
0.16926
0.17749
0.1565
0.13751
0.14189
0.1504
0.13559
0.09669
0.05801
0.02621
-0.00601
-0.03297
-0.03861
-0.02476
-0.01568
-0.02375
-0.02706
0.00061
0.04791
0.07418
0.04849
-0.01024
-0.0402
-0.00928
0.04759
0.07324
0.05138
0.01243
-0.01137
-0.0277
-0.05846
-0.09097
-0.09069
-0.06284
-0.04523
-0.04363
-0.02026
0.03782
0.09116
0.10706
0.11407
0.14104
0.16288
0.15716
0.1455
0.14126
0.12236
0.07253
0.01285
-0.02461
-0.04382
-0.05948
-0.07358
-0.0812
-0.07515
-0.0586
-0.03765
-0.00412
0.04109
0.07157
0.06452
0.03158
-0.00844
-0.04381
-0.06041
-0.05626
-0.042
-0.02139
0.00616
0.03514
0.05929
0.07902
0.10243
0.12842
0.13401
0.10864
0.07278
0.05462
0.05026
0.02838
-0.01586
-0.04244
-0.02541
-0.00387
-0.0141
-0.03838
-0.04815
-0.04979
-0.0585
-0.06322
-0.03905
0.01454
0.06981
0.10498
0.11894
0.11052
0.08183
0.05524
0.04834
0.05276
0.05683
0.06316
0.06757
0.05448
0.02692
0.00769
0.01507
0.03863
0.04848
0.04089
0.03561
0.04289
0.05441
0.04729
0.00255
-0.05237
-0.05575
-0.0059
0.02925
0.01252
-0.0169
-0.00677
0.03377
0.05282
0.03055
0.01284
0.03449
0.06778
0.0725
0.05794
0.05186
0.04331
0.01083
-0.02532
-0.04553
-0.04684
-0.02114
0.02844
0.06475
0.05612
0.02582
0.0075
-0.01274
-0.05267
-0.09488
-0.12102
-0.13141
-0.11672
-0.06839
-0.01088
0.03524
0.06796
0.07017
0.02838
-0.02068
-0.0399
-0.03493
-0.01007
0.044
0.09186
0.0787
0.03303
0.02104
0.03869
0.03774
0.0228
0.0253
0.03289
0.02886
0.03133
0.03848
0.01386
-0.05262
-0.11619
-0.12756
-0.11258
-0.11388
-0.11793
-0.08854
-0.03754
-0.00511
-0.00151
-0.00392
0.00226
0.01343
0.03359
0.06621
0.08351
0.05387
-0.00542
-0.04722
-0.06496
-0.08521
-0.1058
-0.10643
-0.09838
-0.11055
-0.14438
-0.16941
-0.15384
-0.10728
-0.06308
-0.0444
-0.05081
-0.0657
-0.07898
-0.09174
-0.10127
-0.09249
-0.05529
-0.00259
0.03444
0.03623
0.0064
-0.04087
-0.09162
-0.12244
-0.10926
-0.06027
-0.01669
-0.00383
0.00418
0.04849
0.10682
0.11108
0.06808
0.03432
0.02577
0.01152
-0.02917
-0.07941
-0.10747
-0.10116
-0.07679
-0.05271
-0.03086
0.00454
0.07248
0.161
0.20754
0.14572
-0.00023
-0.11169
-0.11867
-0.07574
-0.06742
-0.09525
-0.09741
-0.06797
-0.06717
-0.10337
-0.12147
-0.08892
-0.02544
0.0361
0.08422
0.10576
0.07792
0.01069
-0.05298
-0.0775
-0.0782
-0.10118
-0.14794
-0.14723
-0.05779
0.04016
0.05995
0.04228
0.05948
0.10861
0.15074
0.17002
0.14653
0.06654
-0.00896
-0.00562
0.04403
0.03322
-0.04576
-0.0859
-0.02835
0.04058
0.01674
-0.03935
-0.01573
0.06308
0.09685
0.04681
-0.04432
-0.10565
-0.1147
-0.13773
-0.23098
-0.34149
-0.34834
-0.21934
-0.0803
-0.03904
-0.04958
-0.01052
0.06273
0.06346
-0.04635
-0.15476
-0.15123
-0.07654
-0.05057
-0.08998
-0.10801
-0.05354
0.03266
0.08418
0.05954
-0.02915
-0.09551
-0.06715
-0.00647
-0.01328
-0.07105
-0.09958
-0.09157
-0.10692
-0.15634
-0.19974
-0.24073
-0.28945
-0.29341
-0.18313
0.01652
0.2105
0.30961
0.28087
0.17818
0.0847
0.0436
0.02763
-0.01645
-0.07926
-0.0837
-0.006
0.05124
-0.00104
-0.10309
-0.14305
-0.1001
-0.05303
-0.09396
-0.21782
-0.30541
-0.26729
-0.12038
0.04075
0.11722
0.10347
0.07331
0.11599
0.25578
0.40949
0.49142
0.44128
0.25917
0.04262
-0.06994
-0.06226
-0.08357
-0.19754
-0.2743
-0.22326
-0.12151
-0.09113
-0.15437
-0.22085
-0.19439
-0.06023
0.09284
0.17294
0.15625
0.09438
0.05243
0.02815
-0.0529
-0.22173
-0.37204
-0.38567
-0.23426
-0.0259
0.09329
0.06906
-0.0148
-0.01444
0.08979
0.17063
0.14808
0.05746
-0.03635
-0.08843
-0.06385
0.04488
0.15908
0.17549
0.07744
-0.04753
-0.10794
-0.11363
-0.12169
-0.14195
-0.15479
-0.16301
-0.16811
-0.14318
-0.08196
-0.02566
-0.01486
-0.03098
-0.0174
0.02419
0.00899
-0.1098
-0.2606
-0.31666
-0.23492
-0.09573
-0.00162
0.00012
-0.04693
-0.09594
-0.12319
-0.10556
-0.05472
-0.02094
-0.03294
-0.0504
-0.01158
0.06471
0.10759
0.09549
0.0613
0.03138
0.01787
0.04035
0.09813
0.14117
0.12137
0.0429
-0.04537
-0.09484
-0.10477
-0.115
-0.15233
-0.19854
-0.22695
-0.22062
-0.15946
-0.04648
0.08028
0.17713
0.21248
0.17119
0.07861
-0.01436
-0.08757
-0.15866
-0.19657
-0.1037
0.11807
0.28258
0.24896
0.09738
-0.03005
-0.08238
-0.09182
-0.10329
-0.09904
-0.03007
0.08451
0.18396
0.2379
0.24807
0.22518
0.18928
0.17921
0.20677
0.21936
0.18266
0.12583
0.09133
0.08293
0.08855
0.11039
0.14394
0.15641
0.14283
0.14548
0.1725
0.1573
0.0552
-0.07941
-0.16411
-0.1821
-0.19754
-0.23529
-0.26723
-0.29046
-0.31848
-0.33045
-0.29635
-0.23909
-0.21614
-0.22916
-0.24117
-0.22419
-0.16529
-0.06794
0.04365
0.14099
0.20469
0.2427
0.27108
0.29313
0.29049
0.23271
0.09567
-0.08686
-0.21501
-0.26904
-0.29645
-0.30392
-0.2519
-0.13027
0.02108
0.15398
0.24834
0.31887
0.39874
0.49193
0.57759
0.63058
0.60778
0.46818
0.27092
0.16035
0.17984
0.23184
0.24457
0.23677
0.24667
0.25986
0.22322
0.1234
0.02343
-0.00841
0.03751
0.09859
0.09755
0.02414
-0.06172
-0.10257
-0.11594
-0.17482
-0.28226
-0.33712
-0.26919
-0.13862
-0.08512
-0.17905
-0.30302
-0.27871
-0.11371
0.04434
0.10872
0.11597
0.14472
0.19919
0.22771
0.2349
0.25885
0.29196
0.29956
0.26809
0.19682
0.07314
-0.08124
-0.18952
-0.22096
-0.18557
-0.11723
-0.05588
-0.00745
0.06194
0.1593
0.22136
0.19494
0.10285
-0.01083
-0.1126
-0.17098
-0.17752
-0.14317
-0.06831
0.0461
0.16617
0.24402
0.27651
0.29678
0.30994
0.29876
0.26266
0.20183
0.09478
-0.0413
-0.13357
-0.14963
-0.13606
-0.14201
-0.15611
-0.14967
-0.1291
-0.10522
-0.05797
0.02315
0.09036
0.07341
-0.02277
-0.10749
-0.12807
-0.09771
-0.04933
-0.01687
-0.02251
-0.05848
-0.09359
-0.10717
-0.11437
-0.12072
-0.09758
-0.05128
-0.04311
-0.0974
-0.15496
-0.16016
-0.14449
-0.14829
-0.13785
-0.07922
-0.02071
-0.03229
-0.10908
-0.1874
-0.22902
-0.27236
-0.34225
-0.39409
-0.3768
-0.30339
-0.22354
-0.16921
-0.13887
-0.11453
-0.08668
-0.0564
-0.01203
0.06839
0.17899
0.27352
0.30753
0.28072
0.21696
0.11607
-0.02392
-0.15928
-0.23104
-0.22516
-0.17264
-0.12156
-0.08904
-0.05685
-0.00798
0.04796
0.08958
0.11488
0.13517
0.14805
0.14589
0.13593
0.11039
0.04557
-0.03533
-0.03782
0.09518
0.26538
0.33488
0.30894
0.27059
0.24151
0.1906
0.1041
0.01073
-0.03811
-0.02664
-0.02854
-0.11538
-0.26864
-0.37453
-0.32256
-0.13603
0.05835
0.18551
0.28602
0.39214
0.42868
0.3481
0.21804
0.13878
0.1441
0.17284
0.15836
0.12105
0.11851
0.14187
0.14318
0.13044
0.17317
0.28027
0.36533
0.39273
0.39789
0.39099
0.35063
0.29223
0.26305
0.23962
0.13039
-0.05943
-0.22597
-0.31288
-0.38647
-0.50821
-0.63335
-0.67439
-0.61091
-0.49377
-0.37752
-0.25933
-0.09826
0.11596
0.3233
0.42194
0.34046
0.14029
-0.01533
-0.05699
-0.03207
0.02381
0.11514
0.22592
0.30047
0.30487
0.27192
0.22999
0.16603
0.09614
0.08281
0.15005
0.23023
0.23434
0.16189
0.08875
0.0534
0.02989
-0.00002
-0.01408
0.01026
0.05096
0.06274
0.05041
0.05168
0.07453
0.0829
0.04577
-0.02062
-0.07793
-0.11635
-0.15671
-0.21195
-0.27115
-0.31875
-0.34095
-0.33008
-0.30523
-0.29751
-0.29661
-0.2573
-0.15249
0.03114
0.2812
0.50034
0.53565
0.35295
0.11288
-0.03632
-0.09322
-0.11801
-0.14487
-0.16258
-0.13608
-0.02689
0.13817
0.24034
0.23731
0.17619
0.11009
0.07619
0.11074
0.20844
0.2798
0.22443
0.06782
-0.06404
-0.10382
-0.09166
-0.09148
-0.11525
-0.13828
-0.16508
-0.22896
-0.32091
-0.36937
-0.29426
-0.09318
0.15079
0.29424
0.2349
0.05438
-0.09129
-0.11857
-0.04919
0.05744
0.15339
0.21574
0.23969
0.21377
0.12663
0.01211
-0.06259
-0.05253
0.01789
0.08987
0.12746
0.1112
0.04255
-0.06725
-0.19993
-0.30353
-0.3136
-0.22541
-0.14061
-0.15713
-0.20888
-0.16843
-0.02743
0.11472
0.19669
0.2249
0.19977
0.10995
0.00066
-0.04484
-0.01166
0.042
0.04377
-0.03695
-0.17546
-0.30802
-0.34403
-0.2586
-0.08961
0.07814
0.14594
0.10199
0.01968
-0.03655
-0.05136
-0.03017
0.01686
0.05903
0.0624
0.03088
-0.02171
-0.1224
-0.28384
-0.41112
-0.40465
-0.2943
-0.15846
-0.02373
0.10808
0.21186
0.25493
0.252
0.2625
0.29524
0.30418
0.26019
0.17321
0.06332
-0.05486
-0.1614
-0.23512
-0.28978
-0.33077
-0.3415
-0.32327
-0.29936
-0.2759
-0.235
-0.17766
-0.13456
-0.12374
-0.1264
-0.11414
-0.09215
-0.09687
-0.13331
-0.15271
-0.12502
-0.06068
0.0238
0.10745
0.14805
0.12051
0.04305
-0.04732
-0.12676
-0.18913
-0.20566
-0.15664
-0.06434
0.03496
0.12066
0.17698
0.18239
0.14674
0.10215
0.06177
0.028
0.00154
-0.04329
-0.11259
-0.12941
-0.04043
0.08932
0.13829
0.08205
0.02664
0.03872
0.05973
0.021
-0.04577
-0.0928
-0.12675
-0.16502
-0.19365
-0.18555
-0.12324
-0.02542
0.04246
0.03409
-0.0108
-0.01479
0.07242
0.22348
0.32807
0.29157
0.14662
0.03619
0.03192
0.06186
0.0443
0.02642
0.09758
0.22869
0.29838
0.27191
0.22986
0.20202
0.13575
0.028
-0.04606
-0.04397
-0.02267
-0.04296
-0.08297
-0.09823
-0.10078
-0.12934
-0.17826
-0.19214
-0.14829
-0.0969
-0.0803
-0.07844
-0.05287
0.00234
0.05798
0.0885
0.08722
0.0671
0.05897
0.07622
0.09213
0.05905
-0.03934
-0.14944
-0.18065
-0.1065
-0.01759
-0.02
-0.08639
-0.11796
-0.08795
-0.04674
-0.02848
-0.03139
-0.05432
-0.07989
-0.07278
-0.03084
0.0011
0.00224
0.00938
0.05426
0.09709
0.06893
-0.01325
-0.069
-0.05676
-0.00172
0.05009
0.08133
0.11555
0.15385
0.13765
0.03013
-0.10421
-0.15946
-0.13353
-0.14858
-0.24427
-0.29099
-0.20912
-0.07104
0.01454
0.03061
0.05116
0.11183
0.15235
0.11804
0.0677
0.07594
0.11411
0.09352
0.00455
-0.07425
-0.08573
-0.05369
-0.00794
0.05587
0.1182
0.12315
0.07029
0.03934
0.07565
0.09829
0.0216
-0.07288
-0.05486
0.07087
0.17999
0.18007
0.08621
-0.06741
-0.24657
-0.36997
-0.4097
-0.3871
-0.31826
-0.2084
-0.07959
0.03558
0.12794
0.20165
0.25079
0.25632
0.22879
0.22838
0.27824
0.2803
0.14816
-0.02754
-0.11137
-0.10244
-0.07857
-0.08946
-0.14144
-0.21743
-0.26079
-0.22082
-0.14878
-0.11784
-0.10703
-0.05226
0.02487
0.02984
-0.06204
-0.14783
-0.15581
-0.15312
-0.20409
-0.26188
-0.24714
-0.16249
-0.08499
-0.05804
-0.05692
-0.03504
0.01812
0.08033
0.1271
0.14825
0.14526
0.10838
0.05002
0.05063
0.14518
0.23765
0.1974
0.01658
-0.17232
-0.21798
-0.10319
0.04826
0.1196
0.12073
0.12929
0.18766
0.2534
0.2292
0.10088
-0.00838
-0.02899
-0.00596
0.01083
0.03336
0.08247
0.12534
0.08279
-0.04854
-0.13345
-0.09141
0.01214
0.06457
0.04949
0.04887
0.11628
0.18762
0.17974
0.13728
0.15502
0.21199
0.20211
0.09808
-0.01072
-0.05755
-0.05289
-0.03061
0.00283
0.02402
-0.0079
-0.07718
-0.12281
-0.1269
-0.12299
-0.10241
0.01173
0.22474
0.38581
0.36792
0.25222
0.23818
0.36423
0.46416
0.42965
0.32615
0.23048
0.1316
-0.00452
-0.16002
-0.25068
-0.20343
-0.09993
-0.05217
-0.05751
-0.0417
0.00526
0.01424
-0.06816
-0.18638
-0.21724
-0.14362
-0.05284
-0.02083
-0.03659
-0.02393
0.05328
0.11632
0.08702
0.02299
0.00868
0.02584
0.00372
-0.08066
-0.18881
-0.25512
-0.2227
-0.12504
-0.03935
-0.02023
-0.07663
-0.16569
-0.24316
-0.30498
-0.36232
-0.40237
-0.39672
-0.31941
-0.18578
-0.04883
0.02619
-0.00109
-0.09525
-0.16286
-0.16058
-0.14085
-0.16198
-0.19834
-0.16556
-0.01358
0.19452
0.32651
0.38058
0.40163
0.33794
0.13047
-0.12221
-0.25932
-0.20232
-0.01079
0.14687
0.15653
0.00494
-0.20012
-0.31142
-0.27762
-0.17894
-0.12775
-0.15051
-0.18408
-0.16269
-0.06311
0.09115
0.2252
0.23923
0.09632
-0.1067
-0.22748
-0.19936
-0.06181
0.06271
0.06676
-0.03105
-0.11399
-0.11187
-0.08503
-0.1116
-0.18465
-0.23262
-0.17816
0.03048
0.34752
0.58808
0.59319
0.44495
0.33187
0.29346
0.2394
0.13033
0.03082
-0.02222
-0.09105
-0.23565
-0.41624
-0.54547
-0.57211
-0.48844
-0.31992
-0.1368
-0.01079
0.06838
0.18281
0.32966
0.39791
0.32731
0.18749
0.10407
0.12076
0.16581
0.15166
0.0732
-0.01454
-0.03256
0.05401
0.16112
0.17377
0.09661
0.04648
0.08101
0.16669
0.26059
0.32625
0.32993
0.23353
0.04175
-0.15183
-0.29158
-0.36724
-0.36418
-0.27416
-0.14741
-0.0843
-0.11004
-0.13345
-0.09015
-0.03489
-0.0364
-0.10151
-0.198
-0.28957
-0.33687
-0.31851
-0.29219
-0.31956
-0.37319
-0.36329
-0.23985
-0.03578
0.19363
0.40087
0.53584
0.60153
0.59134
0.48533
0.30933
0.13386
0.00492
-0.0878
-0.16639
-0.23967
-0.28605
-0.25679
-0.13217
0.01695
0.07205
0.02833
0.01029
0.07097
0.13325
0.13198
0.11303
0.15208
0.22875
0.2528
0.21723
0.24233
0.36133
0.43546
0.34566
0.13852
-0.05173
-0.13557
-0.10552
-0.00153
0.09009
0.09195
0.00701
-0.09936
-0.18224
-0.27366
-0.39652
-0.46267
-0.40212
-0.26437
-0.17873
-0.21384
-0.29139
-0.31807
-0.32464
-0.39051
-0.4903
-0.52009
-0.40696
-0.18129
0.07742
0.30158
0.45489
0.54101
0.57525
0.55482
0.44769
0.25078
0.0301
-0.13651
-0.23136
-0.24082
-0.11571
0.10794
0.31004
0.39534
0.37752
0.33597
0.28814
0.17587
0.00611
-0.10046
-0.12004
-0.14699
-0.23737
-0.32742
-0.29963
-0.10993
0.12963
0.25413
0.23201
0.15463
0.09
0.06332
0.08618
0.15977
0.25942
0.30661
0.24744
0.10932
-0.01951
-0.08471
-0.12962
-0.20167
-0.25277
-0.20362
-0.08132
0.03107
0.10307
0.15637
0.20326
0.24278
0.27876
0.29073
0.21391
0.01774
-0.23701
-0.47543
-0.66253
-0.77756
-0.78876
-0.64769
-0.35147
0.01673
0.34921
0.54882
0.57476
0.50975
0.47031
0.47546
0.44559
0.34209
0.23864
0.20411
0.16847
0.0138
-0.2564
-0.50331
-0.59037
-0.49666
-0.33066
-0.20476
-0.15371
-0.16487
-0.20298
-0.22627
-0.23044
-0.23119
-0.21682
-0.16132
-0.07123
0.01609
0.06603
0.07038
0.0307
-0.04478
-0.13127
-0.21466
-0.26875
-0.24626
-0.13224
0.01947
0.13292
0.18809
0.21265
0.23367
0.25495
0.27709
0.30622
0.34055
0.36208
0.33445
0.21948
0.04874
-0.08924
-0.13823
-0.13763
-0.15986
-0.20205
-0.20125
-0.15331
-0.13678
-0.1769
-0.20686
-0.16706
-0.07499
-0.00176
0.00884
-0.00734
0.00424
0.03137
0.02562
-0.02775
-0.09588
-0.12957
-0.08408
0.05671
0.23726
0.3578
0.34762
0.22771
0.12026
0.11589
0.16305
0.12132
-0.0526
-0.21336
-0.23784
-0.14728
-0.0665
-0.08405
-0.17303
-0.2476
-0.25923
-0.21576
-0.14529
-0.07625
-0.0352
-0.05307
-0.13885
-0.25031
-0.30751
-0.24924
-0.12332
-0.00586
0.07673
0.12886
0.16702
0.2032
0.23403
0.2527
0.25827
0.23055
0.1372
0.00823
-0.07184
-0.06713
-0.04011
-0.06698
-0.12664
-0.14418
-0.10814
-0.06381
-0.01594
0.07674
0.22004
0.33051
0.30298
0.1818
0.08674
0.07937
0.13085
0.15053
0.08061
-0.05617
-0.17609
-0.20298
-0.14454
-0.03705
0.08459
0.18996
0.26881
0.31774
0.30704
0.23627
0.1976
0.2494
0.29853
0.2045
-0.01472
-0.18658
-0.21471
-0.16157
-0.14004
-0.17181
-0.21181
-0.22445
-0.20427
-0.15903
-0.09751
-0.04322
-0.03832
-0.08788
-0.15411
-0.18806
-0.16929
-0.12081
-0.09217
-0.10402
-0.11763
-0.07648
0.02204
0.13431
0.20386
0.20051
0.15242
0.11942
0.12126
0.10527
0.03655
-0.04464
-0.07985
-0.0618
-0.02426
0.00791
0.0272
0.0217
-0.02991
-0.11857
-0.17349
-0.13575
-0.04219
0.02566
0.06055
0.12763
0.24348
0.32527
0.28899
0.15066
0.02369
0.02549
0.14663
0.23654
0.20955
0.13185
0.09553
0.09974
0.06938
-0.03358
-0.17057
-0.25981
-0.25366
-0.20193
-0.16516
-0.13241
-0.05657
0.06857
0.17782
0.18878
0.0833
-0.07486
-0.19659
-0.23055
-0.18613
-0.11971
-0.07261
-0.02594
0.04887
0.13306
0.17602
0.15263
0.1032
0.08805
0.10277
0.07944
-0.00684
-0.07411
-0.06499
-0.0177
-0.00987
-0.07303
-0.17728
-0.26239
-0.2899
-0.27226
-0.25123
-0.2381
-0.21872
-0.18091
-0.11803
-0.01454
0.12572
0.25184
0.33357
0.36583
0.34793
0.2943
0.21193
0.08465
-0.07716
-0.18551
-0.15648
-0.0468
0.01982
0.00503
-0.03202
-0.04435
-0.06279
-0.11395
-0.12166
0.0014
0.19638
0.32832
0.30688
0.13987
-0.06546
-0.16937
-0.09696
0.04815
0.13489
0.13332
0.0845
0.04272
0.03076
0.02127
-0.02858
-0.11416
-0.18894
-0.21018
-0.19237
-0.18937
-0.22654
-0.26595
-0.2525
-0.18738
-0.13295
-0.1365
-0.19007
-0.23378
-0.19879
-0.05168
0.16817
0.32979
0.35847
0.28524
0.19799
0.16966
0.19386
0.22257
0.21915
0.16327
0.05681
-0.08928
-0.2424
-0.34395
-0.33721
-0.20059
0.00724
0.15467
0.17768
0.16547
0.20663
0.28234
0.33103
0.31683
0.23645
0.11988
0.03335
0.00604
0.02472
0.056
0.04586
-0.04203
-0.1773
-0.27271
-0.26577
-0.18605
-0.09086
-0.00621
0.05518
0.07411
0.03816
-0.03828
-0.10158
-0.09752
-0.04543
-0.01507
-0.03265
-0.05541
-0.0318
0.01195
-0.01932
-0.13441
-0.18772
-0.09259
0.0452
0.05454
-0.0921
-0.27699
-0.3689
-0.3245
-0.20726
-0.1008
-0.04374
-0.00682
0.06707
0.1923
0.31898
0.37329
0.31914
0.21022
0.13443
0.1103
0.07139
-0.03651
-0.16744
-0.21244
-0.12109
0.00978
0.09556
0.15588
0.2204
0.25086
0.19886
0.06543
-0.07708
-0.12921
-0.07866
0.01674
0.07186
0.01791
-0.12271
-0.21072
-0.13174
0.04243
0.14865
0.13915
0.07391
0.0219
0.01711
0.05725
0.12473
0.18321
0.18953
0.11157
-0.02572
-0.13468
-0.17124
-0.18961
-0.242
-0.27112
-0.17373
0.02164
0.17061
0.19277
0.14195
0.10079
0.07015
-0.00544
-0.11535
-0.20025
-0.25159
-0.29107
-0.29176
-0.21304
-0.08632
0.00011
0.01103
0.03487
0.13481
0.25711
0.30488
0.24784
0.13828
0.03689
-0.04267
-0.10967
-0.15518
-0.13544
-0.03847
0.07383
0.11098
0.04659
-0.04467
-0.08166
-0.06899
-0.04668
-0.00963
0.06473
0.14619
0.14895
0.03094
-0.11856
-0.188
-0.16761
-0.1153
-0.0639
-0.00802
0.04711
0.0545
-0.00236
-0.04481
-0.02161
0.01753
0.00444
-0.04785
-0.05591
0.02419
0.11434
0.10876
0.02501
-0.02593
0.01483
0.0999
0.14453
0.12671
0.10434
0.1423
0.21332
0.22801
0.13672
-0.01022
-0.1101
-0.11605
-0.0567
-0.00211
-0.01577
-0.07659
-0.11523
-0.11861
-0.13891
-0.19924
-0.24119
-0.19421
-0.07578
0.03562
0.10242
0.13799
0.14506
0.11022
0.04025
-0.0251
-0.0387
-0.0131
0.00866
0.00103
-0.02684
-0.04191
-0.03212
-0.02771
-0.05901
-0.10984
-0.15546
-0.19016
-0.20758
-0.19033
-0.12722
-0.02743
0.06773
0.09931
0.05422
-0.02442
-0.09581
-0.13816
-0.14203
-0.12797
-0.1228
-0.10595
-0.02823
0.11227
0.2534
0.32713
0.31673
0.24504
0.15351
0.09051
0.06641
0.02743
-0.05483
-0.12149
-0.10467
-0.03104
-0.00494
-0.07249
-0.15844
-0.18897
-0.18337
-0.1732
-0.12403
0.002
0.16364
0.26918
0.27189
0.24756
0.24974
0.22875
0.13153
0.00178
-0.07764
-0.06662
-0.00166
0.04219
0.05041
0.05388
0.07481
0.12357
0.18337
0.18906
0.10048
0.00027
-0.00581
0.05026
0.071
0.04833
0.05066
0.08119
0.06066
-0.03501
-0.12967
-0.16907
-0.16173
-0.12933
-0.09206
-0.07294
-0.07749
-0.07541
-0.03847
0.00952
0.02925
0.02827
0.03321
0.0319
-0.00581
-0.05479
-0.05624
-0.02155
-0.01458
-0.04289
-0.05612
-0.03201
-0.0148
-0.04272
-0.0911
-0.12378
-0.14256
-0.15011
-0.12658
-0.06913
-0.00641
0.03993
0.08033
0.12787
0.15686
0.10961
-0.02412
-0.18094
-0.26813
-0.22798
-0.09833
0.01373
0.04645
0.03768
0.03884
0.04903
0.04867
0.04682
0.06335
0.08781
0.08175
0.01857
-0.08576
-0.17006
-0.17026
-0.07853
0.04203
0.10651
0.09646
0.07042
0.05233
0.00598
-0.07556
-0.13531
-0.11717
-0.032
0.06322
0.13026
0.16341
0.15841
0.10727
0.02427
-0.05932
-0.11963
-0.12969
-0.08483
-0.01405
0.02106
-0.01207
-0.05334
-0.03716
0.00824
0.00673
-0.05092
-0.10416
-0.11558
-0.10961
-0.10876
-0.09731
-0.05917
-0.01067
0.03206
0.06919
0.08309
0.05785
0.03417
0.0664
0.12554
0.13263
0.0834
0.05841
0.0848
0.09969
0.05157
-0.01155
-0.01396
0.04744
0.10987
0.12565
0.10814
0.08205
0.05453
0.0237
-0.01621
-0.06284
-0.09097
-0.07236
-0.02762
-0.01082
-0.03862
-0.06654
-0.04694
0.00855
0.04692
0.04951
0.0668
0.11549
0.12775
0.04579
-0.07326
-0.12411
-0.07205
0.01164
0.04223
0.04739
0.08519
0.13501
0.14533
0.10504
0.03171
-0.05825
-0.13971
-0.18317
-0.17949
-0.13978
-0.0855
-0.04031
-0.01085
0.01609
0.04398
0.05332
0.0204
-0.05246
-0.13385
-0.18897
-0.20098
-0.16633
-0.10929
-0.08446
-0.09912
-0.10387
-0.06458
-0.00312
0.03435
0.02529
-0.00476
-0.00616
0.04367
0.11751
0.17771
0.19999
0.17827
0.12896
0.07809
0.03805
-0.01169
-0.08357
-0.14937
-0.16073
-0.10487
-0.02073
0.0416
0.06154
0.05027
0.02155
-0.01822
-0.04706
-0.03406
0.02561
0.10136
0.15489
0.16838
0.14894
0.10421
0.03202
-0.06202
-0.14982
-0.17904
-0.10667
0.03139
0.13113
0.12414
0.02342
-0.09396
-0.14169
-0.10252
-0.04649
-0.05034
-0.10256
-0.13879
-0.13136
-0.11516
-0.12899
-0.16627
-0.18527
-0.15116
-0.05186
0.08991
0.20816
0.24257
0.20655
0.1772
0.19532
0.20317
0.14155
0.06754
0.05059
0.05694
0.01993
-0.04641
-0.08211
-0.06041
-0.01347
0.00346
-0.01227
-0.01895
0.01785
0.09479
0.16073
0.15069
0.07108
0.00851
0.01392
0.03735
0.01969
-0.03312
-0.0784
-0.10021
-0.11025
-0.10141
-0.05134
0.03575
0.11738
0.15741
0.16385
0.15361
0.13045
0.10885
0.10599
0.09267
0.02884
-0.06127
-0.11967
-0.12549
-0.09956
-0.07468
-0.07404
-0.09848
-0.12132
-0.11309
-0.06426
0.00702
0.0724
0.1103
0.10129
0.04943
-0.01822
-0.05938
-0.04
0.02307
0.08085
0.09972
0.08437
0.05742
0.01477
-0.05479
-0.12163
-0.13749
-0.08619
0.00311
0.08144
0.12084
0.14864
0.19211
0.21709
0.15453
-0.00313
-0.17476
-0.26829
-0.2433
-0.15387
-0.05986
0.0059
0.02436
0.01631
0.02495
0.05313
0.04652
-0.02811
-0.11898
-0.14416
-0.08785
-0.00094
0.05788
0.06813
0.0515
0.0263
-0.01627
-0.07751
-0.12815
-0.1284
-0.07581
-0.014
0.03036
0.07412
0.13385
0.1806
0.17768
0.14256
0.12699
0.1414
0.1428
0.09926
0.03611
-0.02133
-0.07553
-0.12445
-0.1482
-0.13504
-0.09365
-0.03665
0.02335
0.06634
0.07679
0.05674
0.01382
-0.04476
-0.09361
-0.09065
-0.02518
0.04489
0.05728
0.00537
-0.05904
-0.08773
-0.09598
-0.1297
-0.18372
-0.20447
-0.17812
-0.11804
-0.02486
0.09422
0.19228
0.20459
0.12073
0.01397
-0.033
-0.01527
0.02664
0.07077
0.11296
0.14464
0.16352
0.17721
0.17893
0.14438
0.0624
-0.05109
-0.15941
-0.22538
-0.22428
-0.16886
-0.11213
-0.07062
-0.01811
0.05988
0.14051
0.19578
0.22953
0.2525
0.22626
0.13205
0.03958
0.02156
0.04897
0.03162
-0.07296
-0.21812
-0.31954
-0.36197
-0.36183
-0.31568
-0.22627
-0.11428
0.00723
0.14783
0.29121
0.36327
0.33808
0.25527
0.166
0.08181
-0.01402
-0.12638
-0.22797
-0.27604
-0.26401
-0.22436
-0.18239
-0.13682
-0.07816
-0.01154
0.03946
0.05423
0.05421
0.06758
0.09732
0.12712
0.13996
0.13395
0.10531
0.04459
-0.02608
-0.07295
-0.07526
-0.03936
0.0122
0.04415
0.02033
-0.05306
-0.11171
-0.10929
-0.06876
-0.02584
0.02182
0.08751
0.16005
0.21096
0.22591
0.21655
0.17494
0.0841
-0.02793
-0.10084
-0.11067
-0.09334
-0.10325
-0.15159
-0.19509
-0.18684
-0.12919
-0.05799
-0.00668
0.00934
0.00905
0.03576
0.10535
0.17635
0.20628
0.19195
0.15009
0.08618
0.00304
-0.06324
-0.07911
-0.04453
0.00293
0.01554
-0.0158
-0.05956
-0.09757
-0.14086
-0.18217
-0.18985
-0.14228
-0.05833
0.02105
0.05682
0.03473
-0.01085
-0.0187
0.04101
0.13367
0.19837
0.1942
0.13253
0.06356
0.02155
0.01623
0.03763
0.07221
0.09012
0.05416
-0.03006
-0.12135
-0.18321
-0.18858
-0.12238
-0.0024
0.10208
0.11257
0.02569
-0.0781
-0.11574
-0.08191
-0.02962
0.00353
0.02149
0.0334
0.04027
0.0514
0.09263
0.16673
0.21929
0.20853
0.15046
0.09534
0.0761
0.06589
0.01746
-0.07605
-0.16443
-0.18762
-0.16167
-0.14559
-0.1633
-0.18264
-0.14964
-0.04626
0.06593
0.09863
0.0538
0.01423
0.02103
0.04443
0.0473
0.02786
0.00333
-0.01568
-0.03358
-0.04597
-0.03384
0.00926
0.06141
0.10224
0.13043
0.14043
0.10913
0.03729
-0.032
-0.06227
-0.07276
-0.09941
-0.13424
-0.14254
-0.13306
-0.14486
-0.16202
-0.12006
-0.0012
0.1233
0.17003
0.13858
0.08064
0.01731
-0.05659
-0.11646
-0.12615
-0.09714
-0.07174
-0.05242
0.00969
0.13179
0.24986
0.28064
0.23005
0.15007
0.05093
-0.07022
-0.15696
-0.14065
-0.05587
0.00422
0.0055
-0.02651
-0.05949
-0.08279
-0.10518
-0.12878
-0.13831
-0.11422
-0.05189
0.01839
0.03747
-0.02105
-0.10148
-0.11499
-0.05201
0.01509
0.029
0.00615
-0.00164
0.02691
0.05781
0.04823
0.01562
0.02053
0.07694
0.14361
0.18013
0.18116
0.15525
0.10178
0.03995
0.00578
0.00831
0.01176
-0.02573
-0.09486
-0.15058
-0.14673
-0.07838
-0.00905
0.01657
0.01502
0.01971
0.02463
-0.01069
-0.10439
-0.20501
-0.23671
-0.18798
-0.0987
0.00354
0.09308
0.14145
0.15437
0.15841
0.15444
0.10888
0.00004
-0.12891
-0.18038
-0.10074
0.06417
0.18956
0.16339
0.01931
-0.10165
-0.10644
-0.03964
-0.00014
-0.03395
-0.10484
-0.13499
-0.09457
-0.03962
-0.02308
-0.02812
0.01271
0.13666
0.28712
0.34962
0.26837
0.13996
0.06035
0.02068
-0.03189
-0.1073
-0.17135
-0.19902
-0.19223
-0.15892
-0.10843
-0.05717
-0.00815
0.054
0.11529
0.11933
0.0438
-0.04406
-0.06651
-0.02654
0.03731
0.10749
0.17161
0.20692
0.19395
0.13328
0.05317
-0.01413
-0.04943
-0.05512
-0.05079
-0.04948
-0.04713
-0.03242
-0.00897
0.00186
-0.00835
-0.01483
-0.00257
0.00117
-0.02736
-0.05371
-0.02912
0.03173
0.06752
0.05103
0.01258
-0.00746
-0.00954
-0.01828
-0.03087
-0.01682
0.03093
0.07612
0.08246
0.06063
0.04284
0.03433
0.01236
-0.03172
-0.07526
-0.0865
-0.06541
-0.04057
-0.0359
-0.04743
-0.05045
-0.03045
0.0038
0.03518
0.05152
0.04407
0.01409
-0.01528
-0.02082
-0.00504
0.01147
0.02131
0.02302
0.00642
-0.02901
-0.06773
-0.08848
-0.07212
-0.02153
0.03368
0.05884
0.05307
0.03914
0.02303
-0.01113
-0.0532
-0.0521
0.00888
0.07463
0.0972
0.07675
0.03669
-0.0081
-0.05449
-0.09017
-0.10019
-0.0788
-0.04296
-0.03231
-0.06482
-0.11256
-0.12381
-0.07558
-0.00297
0.05175
0.06825
0.05418
0.03661
0.0385
0.05124
0.03784
-0.01294
-0.0635
-0.0813
-0.0778
-0.08022
-0.09287
-0.09228
-0.05721
-0.00309
0.03245
0.04136
0.04875
0.07046
0.09234
0.09745
0.08111
0.05198
0.03321
0.0352
0.04336
0.03531
0.00421
-0.03241
-0.04622
-0.03404
-0.02986
-0.05525
-0.07466
-0.03779
0.05672
0.15117
0.18128
0.13956
0.06973
0.00076
-0.06706
-0.11993
-0.13293
-0.11342
-0.09273
-0.09032
-0.09514
-0.07529
-0.01776
0.05037
0.08451
0.0687
0.02707
0.00045
0.01027
0.04228
0.06654
0.06746
0.0453
0.01147
-0.01281
-0.00741
0.02698
0.06298
0.08045
0.08262
0.07744
0.061
0.02552
-0.02047
-0.0494
-0.04438
-0.02483
-0.01424
-0.0107
-0.00174
0.00642
-0.00455
-0.04054
-0.08486
-0.11473
-0.11704
-0.08222
-0.00684
0.07754
0.12079
0.11322
0.09495
0.09736
0.09295
0.04685
-0.02499
-0.07454
-0.0769
-0.04997
-0.02055
0.00713
0.03876
0.0644
0.05896
0.01686
-0.03932
-0.08207
-0.09452
-0.07548
-0.03839
-0.01244
-0.02146
-0.05499
-0.06501
-0.02077
0.04965
0.10412
0.13157
0.15388
0.17333
0.16541
0.12129
0.05952
-0.00693
-0.07656
-0.1321
-0.14857
-0.13752
-0.1208
-0.0995
-0.0681
-0.03261
-0.0007
0.02635
0.04434
0.04729
0.03596
0.01904
0.01297
0.02448
0.0274
-0.00775
-0.06209
-0.08736
-0.0626
-0.00833
0.03725
0.0545
0.05774
0.06698
0.07472
0.06076
0.03733
0.03397
0.04726
0.05097
0.04046
0.03133
0.02748
0.01949
0.00219
-0.02327
-0.05043
-0.06582
-0.06156
-0.04725
-0.03928
-0.04646
-0.05714
-0.05419
-0.03434
-0.01047
0.00234
0.00194
0.00018
0.00376
0.00165
-0.0166
-0.04083
-0.04528
-0.01778
0.01866
0.03117
0.0224
0.01965
0.02821
0.02811
0.01158
-0.00518
-0.00747
-0.00097
0.00292
0.00362
0.00684
0.01291
0.01968
0.02783
0.03119
0.01723
-0.01564
-0.04523
-0.04666
-0.02703
-0.00794
-0.00131
-0.01105
-0.03408
-0.05518
-0.05508
-0.02343
0.03776
0.10803
0.15333
0.14126
0.0743
0.00034
-0.03589
-0.03008
-0.01285
0.00548
0.02664
0.03195
0.00591
-0.03862
-0.07673
-0.08733
-0.05871
0.00359
0.06932
0.09786
0.07592
0.02924
-0.00168
0.00198
0.01242
-0.00983
-0.04902
-0.05737
-0.02537
0.00927
0.01988
0.02813
0.06066
0.09744
0.1
0.05898
0.00529
-0.02533
-0.03375
-0.04232
-0.05264
-0.04838
-0.02675
0.00056
0.01821
0.01542
-0.00227
-0.01632
-0.02071
-0.02766
-0.03546
-0.02359
0.00931
0.02686
-0.0034
-0.06423
-0.10171
-0.08115
-0.03466
0.00119
0.02329
0.03092
0.01477
-0.02301
-0.04818
-0.01823
0.05492
0.11496
0.11493
0.05895
-0.01236
-0.05646
-0.06179
-0.05491
-0.06528
-0.09368
-0.11303
-0.09404
-0.03314
0.03646
0.07702
0.09077
0.10505
0.12483
0.11985
0.07159
0.01134
-0.01686
-0.01282
-0.00512
-0.0106
-0.02364
-0.02983
-0.01765
0.00865
0.03169
0.03233
0.00102
-0.04843
-0.0796
-0.07398
-0.05113
-0.03279
-0.01894
-0.00087
0.03113
0.07515
0.10638
0.11176
0.10242
0.0919
0.08083
0.06324
0.04109
0.02145
0.00599
-0.00785
-0.01985
-0.02513
-0.02456
-0.02817
-0.04166
-0.05379
-0.04388
-0.00865
0.02914
0.04738
0.04529
0.03335
0.0182
-0.00475
-0.03734
-0.05831
-0.04961
-0.02198
-0.00279
-0.00357
-0.01104
-0.01589
-0.02143
-0.02342
-0.00986
0.02061
0.05763
0.08325
0.07945
0.04253
-0.00969
-0.05168
-0.06818
-0.06601
-0.06158
-0.05884
-0.05116
-0.03894
-0.02724
-0.01216
0.00967
0.02686
0.02629
0.01624
0.0195
0.03865
0.05356
0.0468
0.02709
0.01935
0.02155
0.01561
0.00639
0.0114
0.02933
0.04197
0.03859
0.02084
-0.00126
-0.01183
-0.00634
-0.01001
-0.04496
-0.08606
-0.09513
-0.07307
-0.05042
-0.03842
-0.02932
-0.01302
0.018
0.05821
0.08289
0.07
0.0312
-0.00698
-0.0335
-0.05104
-0.05398
-0.03523
-0.00725
0.00923
0.01665
0.03041
0.04237
0.031
0.00322
-0.00445
0.03204
0.08173
0.08517
0.04944
0.01556
-0.01565
-0.06645
-0.12517
-0.15565
-0.13714
-0.08671
-0.04125
-0.00494
0.03421
0.07377
0.10657
0.12751
0.12397
0.08005
0.00291
-0.06709
-0.0901
-0.06456
-0.02531
-0.00381
0.0069
0.02797
0.05425
0.06715
0.06387
0.05206
0.03842
0.02807
0.02148
0.00383
-0.04027
-0.09282
-0.12252
-0.1179
-0.09722
-0.07574
-0.04625
0.00101
0.05539
0.09632
0.11839
0.12445
0.1123
0.08224
0.04497
0.01657
0.0019
-0.01403
-0.04653
-0.08004
-0.08191
-0.0478
-0.01355
-0.00559
-0.0206
-0.04594
-0.07458
-0.10348
-0.11427
-0.08403
-0.01839
0.0417
0.05918
0.04704
0.04173
0.04498
0.03074
-0.00473
-0.0347
-0.03802
-0.03286
-0.04877
-0.07589
-0.07787
-0.04617
-0.00739
0.0101
0.0098
0.01673
0.04715
0.08789
0.10768
0.09807
0.06924
0.03373
0.00193
-0.01713
-0.01959
-0.00946
0.00483
0.01252
0.00777
-0.00648
-0.02594
-0.05008
-0.07891
-0.09958
-0.08762
-0.04668
-0.00517
0.0153
0.01883
0.02348
0.03287
0.03382
0.02218
0.01114
0.00702
0.00701
0.01139
0.01934
0.02439
0.0214
0.01336
0.00362
-0.01014
-0.02691
-0.03723
-0.0371
-0.03639
-0.04418
-0.04928
-0.03307
-0.00207
0.02028
0.02164
0.01028
-0.00028
-0.01016
-0.02127
-0.0199
0.00424
0.03076
0.03073
0.00937
-0.00706
-0.0074
0.00137
0.01091
0.01728
0.01752
0.01349
0.01347
0.02331
0.03633
0.03946
0.02981
0.01629
0.00301
-0.01356
-0.02946
-0.03221
-0.02743
-0.03835
-0.06993
-0.0895
-0.06495
-0.00644
0.05435
0.09334
0.10264
0.087
0.05203
0.00155
-0.04957
-0.0775
-0.07036
-0.03919
-0.01173
-0.00776
-0.01692
-0.01472
0.00591
0.03015
0.04929
0.06574
0.07486
0.06596
0.04008
0.01334
-0.00002
-0.00502
-0.01747
-0.03776
-0.0468
-0.03333
-0.01191
-0.00675
-0.01864
-0.02558
-0.01377
0.01056
0.03682
0.05515
0.05792
0.04441
0.02021
-0.00247
-0.0163
-0.02448
-0.03529
-0.05472
-0.07812
-0.09046
-0.06861
-0.01077
0.04277
0.07143
0.08266
0.07937
0.05701
0.01722
-0.03195
-0.07226
-0.07987
-0.05814
-0.03403
-0.01724
0.00045
0.0218
0.04142
0.05235
0.0466
0.0267
0.00145
-0.01963
-0.02994
-0.02956
-0.02211
-0.00554
0.01756
0.02466
0.00251
-0.02585
-0.02645
-0.00152
0.0161
0.00881
-0.00872
-0.02326
-0.04083
-0.05867
-0.05666
-0.02123
0.0334
0.0715
0.07084
0.04554
0.02594
0.01818
0.01083
-0.00248
-0.02011
-0.03694
-0.03954
-0.01812
0.00824
0.01121
-0.01478
-0.04312
-0.05035
-0.04364
-0.04595
-0.06031
-0.05995
-0.02128
0.04119
0.09485
0.1173
0.10729
0.08009
0.05373
0.03906
0.02887
0.01538
0.00265
-0.00431
-0.00923
-0.01876
-0.03025
-0.03186
-0.01857
-0.00073
0.01007
0.01014
0.00024
-0.01362
-0.02022
-0.01833
-0.01919
-0.03046
-0.04813
-0.06701
-0.07436
-0.05218
-0.00129
0.0514
0.07564
0.0736
0.05507
0.02538
-0.00125
-0.01287
-0.01329
-0.0132
-0.01868
-0.02711
-0.03066
-0.02512
-0.01482
-0.00302
0.0103
0.02108
0.02611
0.03253
0.0464
0.05464
0.0372
-0.00516
-0.04456
-0.056
-0.04904
-0.04975
-0.05457
-0.04308
-0.01587
0.00801
0.02275
0.04059
0.06847
0.09047
0.08499
0.05792
0.03477
0.03064
0.03655
0.03159
0.00778
-0.02081
-0.03768
-0.0452
-0.05374
-0.06301
-0.06566
-0.06087
-0.04666
-0.01228
0.03855
0.07942
0.09034
0.07856
0.06624
0.06077
0.04961
0.01726
-0.02676
-0.04757
-0.03478
-0.01063
-0.00376
-0.02233
-0.04535
-0.0457
-0.02382
-0.00422
0.00385
0.01799
0.04575
0.06167
0.04253
0.00307
-0.02799
-0.03891
-0.042
-0.04653
-0.05178
-0.05869
-0.07033
-0.08428
-0.0878
-0.07235
-0.04594
-0.00803
0.04771
0.10544
0.13749
0.13199
0.1011
0.06758
0.04225
0.01464
-0.02692
-0.07594
-0.10634
-0.09885
-0.06583
-0.03123
-0.00451
0.02212
0.04834
0.06207
0.06079
0.05914
0.06625
0.06339
0.02844
-0.0231
-0.066
-0.09172
-0.1028
-0.09632
-0.06452
-0.00793
0.05349
0.0886
0.08951
0.07514
0.05741
0.03111
-0.00578
-0.03812
-0.04702
-0.03325
-0.0192
-0.013
-0.0041
0.01006
0.01682
0.00925
-0.00141
0.00038
0.01343
0.02562
0.02888
0.02346
0.01394
0.0021
-0.01751
-0.04405
-0.05825
-0.04732
-0.0246
-0.006
0.00951
0.03089
0.0586
0.07538
0.0586
0.01712
-0.02391
-0.04835
-0.05097
-0.03848
-0.02589
-0.02106
-0.01531
-0.00091
0.01149
0.0143
0.02061
0.03713
0.04402
0.02176
-0.01113
-0.02116
-0.01181
-0.00867
-0.01732
-0.02569
-0.02544
-0.01943
-0.00856
0.01442
0.04573
0.06274
0.04893
0.01622
-0.01147
-0.02763
-0.03917
-0.04976
-0.05709
-0.0592
-0.05543
-0.04438
-0.02266
0.00758
0.0356
0.05221
0.05581
0.04859
0.03364
0.01602
0.00423
0.00601
0.02406
0.04784
0.05388
0.03821
0.01581
-0.00417
-0.02422
-0.04447
-0.05705
-0.05731
-0.05104
-0.04453
-0.03117
-0.00185
0.03597
0.06484
0.07518
0.07071
0.05575
0.02726
-0.00592
-0.02119
-0.01424
-0.00449
-0.00451
-0.01209
-0.02911
-0.0528
-0.06531
-0.05305
-0.02358
0.00259
0.01069
-0.00002
-0.01727
-0.02368
-0.01568
-0.00289
0.01242
0.03313
0.05319
0.0625
0.05925
0.05153
0.04585
0.03662
0.0171
-0.00363
-0.01259
-0.01661
-0.03364
-0.05459
-0.05043
-0.02771
-0.01525
-0.01999
-0.02377
-0.0131
0.00604
0.01813
0.01554
0.00824
0.00952
0.01771
0.02075
0.01347
0.00339
0.00109
0.00695
0.01238
0.01703
0.02771
0.04315
0.0474
0.02564
-0.02228
-0.07801
-0.11125
-0.11527
-0.09485
-0.0508
0.0024
0.03446
0.03537
0.03219
0.04617
0.0535
0.03149
-0.00131
-0.0147
-0.01188
-0.01675
-0.03589
-0.05008
-0.0418
-0.01996
-0.00396
0.00581
0.02101
0.04171
0.05951
0.07127
0.07255
0.05835
0.02872
-0.00866
-0.04199
-0.06135
-0.06484
-0.05703
-0.0426
-0.02489
-0.00876
-0.0011
0.00154
0.01152
0.03081
0.04285
0.03275
0.00912
-0.00476
0.00212
0.02293
0.04094
0.04366
0.03538
0.02338
0.0037
-0.02732
-0.05776
-0.0677
-0.05292
-0.03308
-0.02419
-0.01686
0.00537
0.0348
0.05188
0.04608
0.02556
0.00416
-0.01326
-0.02637
-0.02491
-0.00121
0.02471
0.02642
0.00595
-0.01354
-0.01657
-0.00633
0.00723
0.01732
0.02537
0.03195
0.03314
0.02883
0.02373
0.01664
0.00471
-0.00168
0.01181
0.03261
0.03077
0.00051
-0.03578
-0.05668
-0.05699
-0.04421
-0.02824
-0.01622
-0.00823
0.00106
0.01304
0.01972
0.01125
-0.01106
-0.02866
-0.02591
-0.00392
0.02205
0.0391
0.04753
0.05121
0.0436
0.02059
-0.00453
-0.02272
-0.03495
-0.0415
-0.04231
-0.03904
-0.0299
-0.0104
0.01228
0.02384
0.02496
0.0304
0.0426
0.04691
0.03722
0.02607
0.02192
0.01267
-0.01261
-0.04508
-0.0695
-0.07918
-0.06974
-0.03169
0.02228
0.04806
0.0357
0.01301
0.00078
-0.00664
-0.02309
-0.04694
-0.05378
-0.02042
0.03977
0.08721
0.10312
0.08868
0.04956
0.00532
-0.01859
-0.02062
-0.02593
-0.03957
-0.04483
-0.04004
-0.0434
-0.06142
-0.073
-0.05893
-0.03397
-0.01514
0.00284
0.02831
0.05208
0.05705
0.03867
0.01191
-0.00989
-0.02873
-0.04059
-0.02893
0.00455
0.0315
0.03075
0.01026
-0.01334
-0.03861
-0.06606
-0.08327
-0.07599
-0.04736
-0.01562
0.00585
0.02069
0.03694
0.05056
0.04883
0.03077
0.01125
0.00252
-0.00128
-0.01119
-0.02154
-0.02188
-0.01655
-0.016
-0.01924
-0.01473
0.00618
0.03601
0.05289
0.04899
0.03153
0.00924
-0.01166
-0.02613
-0.03085
-0.02437
-0.01307
-0.00956
-0.01112
-0.00347
0.01559
0.03284
0.03491
0.02347
0.0138
0.00986
-0.00279
-0.02815
-0.04842
-0.05028
-0.0457
-0.05207
-0.05928
-0.04255
-0.00398
0.03387
0.05322
0.05314
0.04683
0.04339
0.04053
0.03407
0.02572
0.01743
0.00898
0.00239
0.00265
0.01257
0.02755
0.03836
0.03942
0.03186
0.0201
0.01001
0.00726
0.01097
0.00892
-0.01282
-0.05055
-0.08219
-0.09408
-0.09278
-0.08404
-0.05682
-0.0047
0.05009
0.07668
0.07683
0.07491
0.07274
0.05573
0.02849
0.01032
0.00574
0.00178
-0.00895
-0.02363
-0.03888
-0.05272
-0.05784
-0.04892
-0.03867
-0.04229
-0.0473
-0.03033
0.005
0.03784
0.05946
0.07094
0.06755
0.04212
0.00755
-0.00517
0.00768
0.02212
0.01833
-0.00211
-0.02359
-0.03087
-0.022
-0.01117
-0.01246
-0.02133
-0.02574
-0.02186
-0.01306
-0.00224
0.00466
-0.00018
-0.00993
-0.01364
-0.01452
-0.02136
-0.02855
-0.02251
0.0023
0.03245
0.04278
0.03339
0.02691
0.03505
0.04403
0.03527
0.01048
-0.0114
-0.02296
-0.0329
-0.04176
-0.03923
-0.02085
0.00402
0.01798
0.01257
-0.00337
-0.01324
-0.01067
-0.00372
-0.00587
-0.01693
-0.02167
-0.00532
0.0265
0.04869
0.05151
0.04371
0.03717
0.03687
0.03771
0.03006
0.01383
-0.00061
-0.00894
-0.01627
-0.025
-0.03184
-0.03454
-0.03743
-0.04738
-0.06326
-0.07416
-0.06956
-0.04511
-0.00469
0.03678
0.06418
0.07095
0.06308
0.05446
0.04514
0.0262
0.00242
-0.01261
-0.01408
-0.00853
-0.00287
0.00355
0.01176
0.01703
0.01552
0.00644
-0.00834
-0.02248
-0.02499
-0.00662
0.02273
0.03891
0.02913
0.00851
-0.00132
-0.00149
-0.00314
-0.00464
0.00077
0.00718
0.00169
-0.01699
-0.03532
-0.03773
-0.02295
-0.0079
-0.00555
-0.01151
-0.01646
-0.01539
-0.00222
0.02434
0.05034
0.05582
0.03371
0.00065
-0.02681
-0.04461
-0.05249
-0.04977
-0.03901
-0.02993
-0.02988
-0.03052
-0.02064
-0.00509
0.00312
0.00294
0.00175
0.00184
0.00114
0.0021
0.00857
0.01671
0.02012
0.01995
0.02125
0.02065
0.01288
0.00671
0.01044
0.01485
0.00912
0.00053
0.00091
0.00548
0.00308
-0.00303
-0.00224
0.00151
-0.00168
-0.00753
-0.0032
0.012
0.02249
0.01784
0.00861
0.00901
0.01355
0.01059
0.00344
0.00078
-0.00315
-0.01639
-0.02885
-0.02587
-0.00782
0.01108
0.02025
0.02629
0.03952
0.05414
0.05403
0.03745
0.01603
-0.00186
-0.01266
-0.01549
-0.01624
-0.02329
-0.03404
-0.03818
-0.0373
-0.03914
-0.0391
-0.02544
0.00161
0.0268
0.03549
0.02571
0.01053
0.00035
-0.00288
-0.00172
0.00095
0.00655
0.01876
0.03134
0.0282
0.00772
-0.016
-0.03307
-0.04388
-0.04815
-0.04523
-0.0411
-0.03925
-0.03449
-0.02353
-0.00721
0.015
0.04003
0.0598
0.06916
0.06725
0.0585
0.04468
0.02587
0.00553
-0.01286
-0.02866
-0.03613
-0.02678
-0.00425
0.01784
0.02892
0.03154
0.03541
0.0434
0.04665
0.03184
-0.0004
-0.03221
-0.05006
-0.05715
-0.05943
-0.05233
-0.02771
0.00139
0.00763
-0.00224
-0.00401
0.00516
0.01036
0.00505
-0.00235
-0.00751
-0.01685
-0.02835
-0.02856
-0.01159
0.00875
0.01978
0.02581
0.03644
0.04924
0.05434
0.04657
0.02708
-0.00053
-0.02681
-0.03926
-0.03301
-0.02076
-0.02053
-0.02396
-0.01241
0.00813
0.02104
0.02766
0.03465
0.03256
0.01337
-0.00903
-0.02036
-0.01652
-0.00359
0.00553
0.00388
-0.00253
-0.0075
-0.01355
-0.01937
-0.01609
-0.00173
0.01099
0.00897
-0.00379
-0.01355
-0.0155
-0.01773
-0.02369
-0.02839
-0.02956
-0.02822
-0.02068
-0.00076
0.02377
0.03149
0.01936
0.00476
0.00371
0.01555
0.0276
0.03119
0.03288
0.03922
0.03865
0.01816
-0.01331
-0.03625
-0.04487
-0.04623
-0.04091
-0.02788
-0.01517
-0.00823
-0.00173
0.00889
0.01649
0.01204
-0.00072
-0.00863
-0.00605
0.00026
0.00397
0.00351
-0.00149
-0.01065
-0.02087
-0.02892
-0.03411
-0.03388
-0.02343
-0.00585
0.00928
0.01828
0.0249
0.02846
0.02581
0.02256
0.02327
0.02007
0.00475
-0.01289
-0.01686
-0.00835
-0.00448
-0.01156
-0.01534
-0.00512
0.01173
0.02489
0.02996
0.02479
0.00879
-0.01444
-0.0369
-0.04989
-0.0523
-0.04573
-0.02669
0.00652
0.03834
0.04498
0.0313
0.01484
0.0022
-0.00882
-0.01863
-0.02152
-0.01434
-0.0064
-0.00688
-0.00656
0.00452
0.01644
0.01692
0.00997
0.00777
0.01286
0.01736
0.01605
0.01087
0.00245
-0.01076
-0.02563
-0.03487
-0.03547
-0.03066
-0.02477
-0.01911
-0.01511
-0.00969
0.00474
0.02555
0.03427
0.02202
0.00659
-0.0023
-0.01594
-0.03704
-0.04777
-0.03398
-0.00492
0.01555
0.01312
-0.0034
-0.01652
-0.02279
-0.03075
-0.04228
-0.04182
-0.01298
0.03225
0.06104
0.05743
0.03943
0.03457
0.04159
0.03801
0.01755
-0.00027
-0.00224
-0.00104
-0.00756
-0.01829
-0.02919
-0.03397
-0.02398
-0.00565
0.00616
0.01481
0.03211
0.05462
0.06572
0.05495
0.03019
0.00768
-0.00326
-0.01194
-0.02834
-0.04841
-0.05844
-0.05083
-0.03243
-0.01652
-0.00801
0.00035
0.01512
0.02928
0.03051
0.01721
0.00066
-0.00713
-0.00653
-0.00703
-0.00938
-0.00384
0.01163
0.02379
0.02073
0.00785
-0.00107
0.00162
0.01154
0.02183
0.0262
0.01918
0.00353
-0.01144
-0.01627
-0.00999
-0.00553
-0.01071
-0.01924
-0.02584
-0.03255
-0.03601
-0.03092
-0.02429
-0.02141
-0.0148
-0.00121
0.01415
0.02483
0.02605
0.01868
0.01018
0.00549
0.00021
-0.00578
-0.00359
0.00829
0.01754
0.01589
0.00949
0.00841
0.01104
0.00875
0.00122
-0.0032
-0.00331
-0.00852
-0.02324
-0.03564
-0.03425
-0.02533
-0.01929
-0.01468
-0.0051
0.00902
0.02093
0.02566
0.02057
0.00505
-0.01769
-0.03436
-0.02997
-0.0094
0.00899
0.01518
0.0124
0.00881
0.0066
0.00399
0.00263
0.00486
0.00643
0.00238
-0.0052
-0.01526
-0.02785
-0.03477
-0.03011
-0.01845
-0.00635
0.00413
0.01172
0.0157
0.02008
0.02553
0.02623
0.02116
0.01571
0.00891
-0.00311
-0.01314
-0.01075
-0.00079
0.00494
0.00271
-0.00451
-0.01117
-0.01234
-0.01079
-0.01181
-0.0149
-0.01781
-0.01956
-0.01614
-0.00445
0.01049
0.02126
0.02542
0.02696
0.02766
0.02474
0.01459
0.00098
-0.00479
0.00362
0.01648
0.02057
0.01846
0.01528
0.00856
-0.00302
-0.01642
-0.02909
-0.03726
-0.03614
-0.02821
-0.01701
0.00011
0.01995
0.03167
0.03149
0.02176
0.00671
-0.00656
-0.01393
-0.01714
-0.01609
-0.00949
-0.00194
0.00053
-0.00138
-0.00391
-0.00538
-0.00309
0.00538
0.01761
0.02505
0.01855
0.00088
-0.01472
-0.02143
-0.02262
-0.01982
-0.01102
0.00127
0.01129
0.02043
0.03153
0.03745
0.0293
0.01211
-0.00222
-0.01176
-0.02109
-0.02678
-0.02175
-0.00919
0.00353
0.01386
0.02414
0.03683
0.04723
0.04429
0.02624
0.00622
-0.00805
-0.02117
-0.0323
-0.03117
-0.01597
-0.00001
0.00769
0.01322
0.02335
0.02916
0.01841
-0.00063
-0.00786
-0.00294
-0.00241
-0.00951
-0.01101
-0.00396
0.00129
-0.004
-0.01886
-0.03164
-0.03005
-0.0181
-0.00784
-0.00033
0.00855
0.01678
0.02288
0.02992
0.03871
0.0435
0.03771
0.02352
0.00535
-0.01449
-0.03049
-0.03668
-0.0358
-0.03447
-0.02952
-0.01311
0.00713
0.01278
0.00275
-0.00633
-0.00657
-0.00609
-0.00627
0.00544
0.02802
0.03934
0.02614
0.00151
-0.0137
-0.01937
-0.02459
-0.02182
-0.00502
0.01087
0.01065
0.00167
-0.00079
0.00439
0.00948
0.01041
0.00904
0.00799
0.00608
0.00009
-0.01082
-0.02236
-0.02702
-0.02086
-0.00772
0.00644
0.01918
0.02939
0.03231
0.02324
0.00294
-0.02012
-0.03135
-0.02817
-0.01858
-0.01098
-0.00693
-0.00157
0.00513
0.00833
0.00856
0.00915
0.00587
-0.00558
-0.01633
-0.01517
-0.00353
0.00857
0.01291
0.0067
-0.00483
-0.01276
-0.01379
-0.01024
-0.00532
-0.00135
0.00131
0.00367
0.00527
0.00429
0.00426
0.01321
0.03067
0.04512
0.04556
0.03541
0.02822
0.02152
0.00301
-0.02286
-0.03874
-0.03682
-0.02351
-0.00806
0.00493
0.01512
0.0226
0.02486
0.02008
0.01134
0.00406
-0.00079
-0.00515
-0.0073
-0.00039
0.01705
0.03595
0.04548
0.04225
0.0272
0.00644
-0.00671
-0.00805
-0.00542
-0.00828
-0.01886
-0.0308
-0.03312
-0.02293
-0.01111
-0.00437
0.00327
0.01297
0.01583
0.00882
0.00001
-0.00567
-0.00737
-0.00214
0.01151
0.02479
0.02645
0.0195
0.01533
0.01453
0.0064
-0.01201
-0.03066
-0.03816
-0.03195
-0.01582
0.00415
0.02012
0.02464
0.01682
0.00617
0.00202
0.00621
0.01578
0.02289
0.01359
-0.01519
-0.04025
-0.04043
-0.02063
-0.00417
-0.00553
-0.0121
-0.00637
0.00914
0.01887
0.01714
0.01253
0.00939
0.00156
-0.01533
-0.0354
-0.04517
-0.0366
-0.01794
-0.00591
-0.00693
-0.01417
-0.01386
0.00236
0.02729
0.04403
0.04076
0.02551
0.00929
-0.00419
-0.01299
-0.01649
-0.01667
-0.0145
-0.00857
0.00004
0.0069
0.01074
0.01581
0.021
0.01577
-0.00352
-0.02114
-0.02088
-0.0102
-0.00706
-0.01259
-0.01235
-0.00024
0.01397
0.02053
0.01671
0.00648
-0.00434
-0.0117
-0.01679
-0.02246
-0.02575
-0.0218
-0.01283
-0.005
0.00407
0.01821
0.03127
0.03516
0.02952
0.01848
0.00564
-0.00288
-0.00223
0.00208
0.00124
-0.00516
-0.01028
-0.01179
-0.01374
-0.01572
-0.01327
-0.00727
-0.00357
-0.00605
-0.01235
-0.01722
-0.01492
-0.00435
0.00716
0.0148
0.01968
0.02238
0.01791
0.00133
-0.02182
-0.03566
-0.03141
-0.02035
-0.01641
-0.0183
-0.01847
-0.0158
-0.01381
-0.01249
-0.00816
0.00083
0.01162
0.01995
0.02481
0.02755
0.02723
0.02163
0.01312
0.00775
0.00538
0.00275
0.00038
-0.00013
-0.00091
-0.00571
-0.01478
-0.02502
-0.03362
-0.03771
-0.03399
-0.02202
-0.00728
0.00317
0.00768
0.00762
0.00379
-0.00307
-0.00954
-0.01195
-0.01128
-0.00994
-0.00701
-0.00303
-0.00284
-0.00602
-0.00639
-0.00083
0.00779
0.014
0.01384
0.00856
0.0015
-0.0061
-0.0121
-0.01081
-0.00048
0.0115
0.01886
0.02326
0.02252
0.01149
-0.00556
-0.01728
-0.01985
-0.01802
-0.01347
-0.00436
0.00579
0.00988
0.00718
0.00047
-0.00727
-0.01285
-0.0147
-0.01389
-0.01275
-0.01411
-0.01736
-0.01744
-0.01282
-0.00789
-0.00559
-0.00294
0.0026
0.00776
0.00951
0.00888
0.00831
0.00901
0.00971
0.0085
0.00661
0.00874
0.01662
0.02281
0.01624
-0.00184
-0.017
-0.01862
-0.01206
-0.00941
-0.01079
-0.00683
0.00393
0.0144
0.01725
0.0108
0.00044
-0.00739
-0.011
-0.01396
-0.0165
-0.01623
-0.01176
0
0.01943
0.0351
0.03576
0.02869
0.02405
0.01846
0.00672
-0.00556
-0.00985
-0.00922
-0.01687
-0.03306
-0.04193
-0.03715
-0.02279
0.0029
0.03553
0.05066
0.03456
0.007
-0.01027
-0.01806
-0.02212
-0.02074
-0.01502
-0.00997
-0.00527
0.00139
0.00632
0.00918
0.0149
0.02128
0.01992
0.01007
-0.00095
-0.00754
-0.00812
-0.00336
0.00237
0.00225
-0.00642
-0.01665
-0.01733
-0.00751
0.00065
0.00027
-0.0028
-0.00099
0.00574
0.01181
0.01431
0.01543
0.01565
0.00912
-0.00748
-0.02439
-0.02603
-0.01101
0.00562
0.0128
0.01543
0.01839
0.01558
0.00359
-0.00951
-0.01279
-0.00564
0.0008
-0.00061
-0.00416
-0.00216
0.00332
0.00509
0.00205
0.00013
0.00142
-0.00086
-0.00852
-0.00971
-0.00126
0.00496
0.00299
-0.00071
-0.00208
-0.00444
-0.00739
-0.00378
0.00867
0.02221
0.02702
0.01787
-0.00052
-0.0161
-0.02149
-0.01646
-0.00578
0.00643
0.01797
0.02476
0.02159
0.01125
0.00496
0.00584
0.00177
-0.01173
-0.02045
-0.01099
0.01173
0.03107
0.03502
0.02571
0.01269
0.00145
-0.00796
-0.01285
-0.00854
0.00159
0.0044
-0.00365
-0.00807
-0.00094
0.00679
0.00357
-0.00714
-0.0132
-0.0117
-0.00707
0.00042
0.01152
0.0196
0.01427
-0.00336
-0.01873
-0.01716
0.00121
0.01844
0.02009
0.01314
0.01048
0.009
0.00149
-0.00446
0.00327
0.01365
0.0056
-0.00926
-0.00738
0.0069
0.01222
0.00557
0.00117
0.00291
-0.00004
-0.01065
-0.01698
-0.01182
-0.00605
-0.01027
-0.01659
-0.01065
0.00459
0.01434
0.012
0.00095
-0.01357
-0.02414
-0.02426
-0.0154
-0.00732
-0.00638
-0.00331
0.00873
0.01818
0.0124
0.00109
0.00031
0.01255
0.02821
0.0349
0.02941
0.01495
-0.00192
-0.01273
-0.01193
-0.00288
0.00494
0.00822
0.01169
0.01517
0.01165
0.00104
-0.00738
-0.00768
-0.00225
0.00259
0.00238
-0.00262
-0.00667
-0.00538
-0.00265
-0.00178
0.0008
0.00486
0.00275
-0.00496
-0.00754
-0.00067
0.00632
0.00307
-0.00864
-0.01824
-0.02076
-0.01771
-0.00822
0.00721
0.01839
0.01571
0.0047
-0.00194
-0.00036
-0.00047
-0.00861
-0.01581
-0.01083
0.00017
0.00281
-0.0027
-0.00189
0.01033
0.02212
0.02143
0.01043
-0.00075
-0.00425
0.00167
0.01156
0.01678
0.01397
0.00527
-0.00843
-0.02253
-0.02633
-0.01707
-0.00385
0.00392
0.00513
0.00087
-0.00463
-0.00433
0.0018
0.00812
0.011
0.0087
0.00185
-0.00426
-0.00424
-0.00002
0.00242
-0.00045
-0.00583
-0.00759
-0.00598
-0.00648
-0.00899
-0.0104
-0.01146
-0.01404
-0.01407
-0.00692
0.00392
0.01306
0.01852
0.01845
0.01398
0.01131
0.01276
0.012
0.00336
-0.00783
-0.01395
-0.01364
-0.00965
-0.00223
0.01038
0.0249
0.03146
0.02285
0.00228
-0.01879
-0.02671
-0.01684
-0.00337
-0.00537
-0.01796
-0.02123
-0.01447
-0.00642
0.00296
0.01449
0.02202
0.02044
0.00996
-0.00308
-0.00961
-0.01113
-0.01587
-0.02472
-0.02905
-0.02181
-0.00724
0.00432
0.00912
0.01165
0.0154
0.0175
0.01305
0.00402
-0.0021
-0.00505
-0.00738
-0.00385
0.00644
0.00803
-0.00943
-0.02812
-0.02871
-0.01244
0.00914
0.02488
0.0284
0.01643
-0.00422
-0.01983
-0.02076
-0.00843
0.00477
0.01079
0.01459
0.0186
0.01893
0.01596
0.01235
0.00619
-0.00336
-0.01022
-0.01128
-0.00963
-0.00855
-0.00678
-0.00125
0.00683
0.00954
0.00209
-0.00629
-0.00657
-0.0024
-0.0026
-0.00805
-0.01266
-0.01162
-0.00508
0.00196
0.00553
0.00827
0.0128
0.0136
0.00463
-0.00778
-0.01091
-0.00369
-0.00018
-0.00541
-0.00703
0.00388
0.01528
0.01203
-0.00141
-0.00933
-0.00954
-0.01135
-0.01487
-0.01199
-0.00323
0.00451
0.01035
0.01749
0.02018
0.0121
0.0029
0.00655
0.01643
0.01136
-0.01195
-0.02933
-0.02093
-0.00323
0.00412
0.00362
0.00407
0.00648
0.00902
0.01081
0.00997
0.00433
-0.00543
-0.01376
-0.0148
-0.00956
-0.00308
0.00169
0.00251
-0.00232
-0.0075
-0.00507
0.00315
0.00546
-0.00161
-0.00436
0.0045
0.01266
0.01074
0.00367
0.00046
0.0051
0.01693
0.03507
0.05208
0.04849
0.01567
-0.02983
-0.06482
-0.07682
-0.06161
-0.02546
0.00887
0.01838
0.00842
0.00043
-0.00547
-0.02341
-0.04426
-0.03926
0.00281
0.05518
0.07706
0.07043
0.05157
0.01635
-0.03461
-0.07263
-0.0748
-0.052
-0.02409
0.01181
0.06011
0.09233
0.07842
0.03091
-0.01132
-0.0333
-0.05296
-0.06705
-0.04534
0.01059
0.05973
0.07093
0.05307
0.03455
0.01872
-0.01314
-0.05902
-0.08472
-0.06256
-0.00654
0.03941
0.05093
0.03318
0.00739
-0.00414
-0.00011
0.01069
0.02308
0.03077
0.02319
-0.00117
-0.02281
-0.0264
-0.02387
-0.02675
-0.02204
-0.00087
0.01696
0.00741
-0.01903
-0.02554
-0.00397
0.02178
0.03163
0.0301
0.03276
0.03905
0.03365
0.01339
-0.00578
-0.01667
-0.0212
-0.01995
-0.01202
0.00214
0.01681
0.02045
0.01104
-0.00211
-0.01581
-0.0307
-0.03374
-0.01378
0.01332
0.02334
0.01269
-0.00189
-0.01126
-0.01714
-0.01639
-0.00406
0.01422
0.02151
0.01135
0.00366
0.01502
0.03372
0.03416
0.01014
-0.02053
-0.03826
-0.03951
-0.03054
-0.0123
0.01637
0.04223
0.04352
0.02076
-0.00082
-0.0111
-0.02094
-0.03246
-0.03396
-0.02399
-0.01398
-0.00694
0.00605
0.02362
0.02864
0.01794
0.00959
0.01023
0.00672
-0.00547
-0.01212
-0.00209
0.01434
0.01749
0.00213
-0.01709
-0.02388
-0.01432
0.00037
0.00742
0.01075
0.01842
0.02066
0.00437
-0.02132
-0.03169
-0.0183
0.00345
0.00998
-0.00425
-0.01609
-0.01188
-0.00469
-0.00844
-0.0196
-0.0266
-0.02241
-0.00871
0.0076
0.02155
0.0308
0.03181
0.02196
0.00601
-0.00742
-0.01303
-0.01132
-0.01277
-0.02576
-0.0395
-0.03422
-0.01225
0.00596
0.01223
0.01662
0.0253
0.03145
0.0294
0.02313
0.01668
0.00937
0.00005
-0.00935
-0.01383
-0.01109
-0.00611
-0.0048
-0.00597
-0.00384
0.00361
0.01112
0.01213
0.00808
0.00116
-0.01014
-0.02308
-0.02673
-0.01491
0.00347
0.01309
0.01158
0.00724
0.00266
-0.00015
0.00612
0.01861
0.01951
0.00091
-0.02216
-0.03242
-0.02731
-0.01194
0.00592
0.01716
0.01572
0.00298
-0.01081
-0.01713
-0.01581
-0.00983
-0.00097
0.00718
0.00943
0.00677
0.00705
0.01225
0.0147
0.00684
-0.0092
-0.02405
-0.02819
-0.01801
-0.00033
0.01142
0.00959
-0.00109
-0.01046
-0.01091
-0.00322
0.00496
0.01039
0.01296
0.01132
0.00713
0.00705
0.01011
0.00546
-0.00838
-0.01748
-0.0131
-0.00651
-0.00811
-0.01166
-0.00785
0.00053
0.00493
0.00291
-0.0017
-0.00687
-0.01308
-0.01657
-0.01275
-0.00436
0.00271
0.01012
0.02039
0.02666
0.02675
0.02741
0.02855
0.01944
-0.00152
-0.02122
-0.02589
-0.01563
-0.00313
0.00616
0.01403
0.01775
0.0129
0.00213
-0.00929
-0.02118
-0.0301
-0.02687
-0.01216
0.00375
0.01474
0.0206
0.01846
0.00595
-0.00828
-0.01364
-0.0104
-0.00701
-0.00958
-0.01516
-0.01706
-0.01288
-0.00681
-0.00299
0.00118
0.00729
0.01131
0.01048
0.00751
0.00619
0.00506
0.00072
-0.00398
-0.00291
0.0019
0.00347
0.00327
0.00873
0.01653
0.01534
0.00538
-0.00591
-0.01473
-0.01932
-0.01774
-0.00971
-0.00048
0.00061
-0.00717
-0.01252
-0.00713
0.00391
0.01211
0.01368
0.00893
0.00042
-0.00786
-0.01145
-0.01037
-0.00984
-0.01206
-0.01235
-0.00684
0.00018
0.00298
0.00534
0.01161
0.01828
0.02018
0.01848
0.01739
0.01893
0.01992
0.01375
-0.00021
-0.01293
-0.01545
-0.01014
-0.0078
-0.01315
-0.01837
-0.01665
-0.01356
-0.01448
-0.01355
-0.00148
0.02053
0.03904
0.04067
0.02621
0.01133
0.0042
0.00068
-0.00332
-0.00817
-0.01323
-0.01793
-0.02125
-0.01979
-0.00923
0.00882
0.02365
0.027
0.02024
0.00913
-0.00123
-0.00771
-0.01136
-0.01244
-0.00686
0.00546
0.01589
0.01536
0.00411
-0.00746
-0.01235
-0.01277
-0.01046
-0.00343
0.00328
0.0005
-0.0072
-0.00515
0.00613
0.01441
0.0159
0.01403
0.00855
0.00004
-0.00831
-0.01686
-0.02355
-0.0224
-0.01588
-0.01015
-0.00518
-0.00138
-0.00367
-0.0077
-0.00289
0.00616
0.00813
0.00353
0.00053
0.00098
0.00078
-0.00219
-0.00664
-0.01048
-0.01294
-0.01323
-0.00916
0.00067
0.012
0.01688
0.01172
0.0016
-0.00473
-0.00547
-0.0039
-0.00292
-0.00475
-0.00901
-0.01259
-0.01328
-0.01265
-0.01279
-0.01316
-0.01031
-0.00372
0.00099
-0.00155
-0.00621
-0.00254
0.00765
0.01495
0.01737
0.01879
0.01911
0.01374
0.00178
-0.00879
-0.00878
-0.00049
0.00463
-0.00041
-0.0096
-0.01331
-0.0142
-0.01983
-0.02509
-0.02111
-0.01055
-0.00222
0.00242
0.00704
0.00982
0.00587
-0.00186
-0.00775
-0.01003
-0.00889
-0.00283
0.00756
0.01459
0.00969
-0.00225
-0.00758
-0.00402
-0.00074
-0.00153
-0.00062
0.00712
0.01923
0.02568
0.01915
0.00387
-0.00769
-0.00832
-0.00377
-0.00183
-0.00423
-0.00687
-0.00385
0.00434
0.01049
0.0094
0.00409
0.00139
0.00152
-0.00232
-0.00958
-0.01131
-0.0056
0.00312
0.00994
0.0084
-0.00537
-0.02447
-0.03344
-0.02689
-0.01048
0.00544
0.01185
0.00996
0.0066
0.00382
0.0012
0.00113
0.00171
-0.00099
-0.00149
0.0079
0.02083
0.02393
0.01557
0.00337
-0.00744
-0.01556
-0.02052
-0.02143
-0.01795
-0.01135
-0.00218
0.00989
0.02113
0.02193
0.0082
-0.00843
-0.01406
-0.01146
-0.01207
-0.01701
-0.01925
-0.01813
-0.01634
-0.01358
-0.00859
-0.00186
0.00426
0.01023
0.01788
0.02178
0.016
0.00647
0.00262
0.00227
-0.00317
-0.01182
-0.01326
-0.00565
0.00518
0.01364
0.01624
0.01312
0.00727
0.00089
-0.00476
-0.00767
-0.00875
-0.01103
-0.01344
-0.0104
-0.00017
0.01136
0.01669
0.01383
0.00828
0.00687
0.00915
0.01011
0.00973
0.01278
0.01443
0.00398
-0.01239
-0.02083
-0.01852
-0.01108
-0.00413
0.00033
0.00275
0.0035
0.00359
0.00777
0.01906
0.03071
0.03331
0.02203
-0.00232
-0.02616
-0.03053
-0.01829
-0.00817
-0.00265
0.00785
0.02088
0.02395
0.01577
0.00796
0.00498
0.00194
-0.00226
-0.00342
-0.00148
-0.00131
-0.0058
-0.01087
-0.00963
-0.00264
0.00492
0.01096
0.01565
0.01565
0.00731
-0.0051
-0.0142
-0.02006
-0.02465
-0.02515
-0.0198
-0.0116
-0.00108
0.01222
0.02199
0.0231
0.01657
0.00724
-0.00003
-0.00448
-0.00831
-0.01141
-0.01264
-0.01393
-0.01589
-0.01355
-0.00369
0.00842
0.01451
0.0132
0.01029
0.00731
0.00063
-0.00781
-0.01047
-0.00606
-0.00299
-0.00758
-0.01341
-0.01182
-0.00651
-0.0015
0.00572
0.01458
0.01907
0.01687
0.01134
0.00549
-0.00106
-0.00954
-0.01763
-0.02285
-0.02675
-0.0297
-0.02685
-0.01683
-0.00689
-0.00112
0.00492
0.01445
0.02499
0.03306
0.03753
0.03721
0.02987
0.01531
-0.00521
-0.0266
-0.04026
-0.04199
-0.03325
-0.01737
-0.00231
0.00371
0.00544
0.00939
0.01219
0.00918
0.00317
0.00069
0.00359
0.00587
0.00245
-0.00156
0.0003
0.00448
0.00365
-0.00325
-0.01227
-0.01596
-0.00972
0.00296
0.01345
0.01886
0.02302
0.02502
0.01755
0.0014
-0.01187
-0.01898
-0.02079
-0.0146
-0.00222
0.00701
0.00727
0.00381
0.00323
0.0027
-0.00407
-0.01481
-0.01885
-0.01116
-0.00058
0.0043
0.00521
0.00667
0.00763
0.00668
0.00469
0.00138
-0.00339
-0.00654
-0.00542
-0.00108
0.00271
0.0012
-0.00484
-0.00697
-0.00136
0.00414
0.0046
0.00607
0.01051
0.0112
0.00706
0.00456
0.00652
0.00852
0.00641
0.00149
-0.00266
-0.00684
-0.01396
-0.01908
-0.01397
-0.00209
0.00382
0.00087
-0.00013
0.00467
0.00784
0.00447
-0.00234
-0.00789
-0.00944
-0.00646
-0.00153
0.00137
0.00175
0.0022
0.0027
0.00026
-0.0046
-0.00631
-0.00219
0.00212
0.00227
0.00114
0.00183
0.00226
0.00025
-0.00261
-0.00355
-0.00299
-0.0024
-0.00015
0.00502
0.01105
0.01546
0.01603
0.01234
0.00768
0.00446
0.00079
-0.00289
-0.00407
-0.00577
-0.01094
-0.01177
-0.00276
0.00755
0.01321
0.01472
0.01193
0.00684
0.00182
-0.00256
-0.00484
-0.00419
-0.00497
-0.01033
-0.01434
-0.00986
0.00032
0.00649
0.00464
0.0017
0.00232
0.00085
-0.00555
-0.01067
-0.01016
-0.00628
-0.00069
0.00432
0.00429
0.00162
0.00444
0.01273
0.01784
0.01556
0.00585
-0.00706
-0.01247
-0.00858
-0.00464
-0.00617
-0.008
-0.0037
0.004
0.00576
0.00116
0.00222
0.01242
0.02003
0.01621
0.00585
-0.00485
-0.01352
-0.01404
-0.00674
-0.00044
0.00166
0.00444
0.00682
0.00154
-0.00834
-0.0109
-0.00468
-0.00053
-0.00427
-0.00811
-0.00195
0.01208
0.02029
0.01665
0.01105
0.01049
0.0078
-0.0024
-0.01197
-0.01211
-0.00846
-0.01229
-0.02314
-0.02812
-0.02121
-0.00989
0.00161
0.01852
0.03895
0.04656
0.03399
0.01796
0.00719
-0.00351
-0.01109
-0.00804
-0.0021
-0.00657
-0.01613
-0.01754
-0.01147
-0.00592
-0.00415
-0.0044
-0.00209
0.00571
0.01349
0.01491
0.01346
0.01069
0.00363
-0.00429
-0.0075
-0.006
-0.00116
0.0029
-0.00009
-0.0031
0.00444
0.01424
0.01228
0.00181
-0.0038
-0.0011
0.0022
-0.00035
-0.006
-0.0083
-0.00779
-0.01084
-0.01532
-0.01243
-0.0035
0.00232
0.00385
0.00411
0.00184
-0.00207
-0.00178
0.00514
0.01215
0.01171
0.00623
0.00155
-0.00233
-0.00736
-0.01118
-0.01181
-0.01223
-0.01473
-0.01617
-0.0116
-0.00039
0.01386
0.02628
0.03119
0.02629
0.01704
0.00983
0.00423
-0.00322
-0.01232
-0.01913
-0.02156
-0.02102
-0.01721
-0.00779
0.00666
0.02072
0.02827
0.0274
0.02001
0.00934
0.00186
0.0019
0.00194
-0.00537
-0.01403
-0.01579
-0.01299
-0.01225
-0.01059
-0.00157
0.0091
0.01072
0.00256
-0.00588
-0.00768
-0.00465
-0.00077
0.00094
-0.0021
-0.00757
-0.00863
-0.00175
0.00827
0.01222
0.00649
-0.00207
-0.00628
-0.00643
-0.00342
0.00599
0.01944
0.02605
0.01833
0.00244
-0.00769
-0.00936
-0.00783
-0.00692
-0.00994
-0.01738
-0.02379
-0.02266
-0.01388
-0.00227
0.00827
0.01203
0.00765
0.00228
0.00293
0.00839
0.01217
0.00886
-0.00007
-0.00699
-0.00659
-0.00227
-0.00114
-0.00607
-0.01319
-0.01573
-0.01179
-0.00367
0.00418
0.00679
0.0025
-0.00487
-0.00708
-0.00135
0.00412
0.00373
-0.00012
-0.004
-0.00693
-0.00827
-0.00809
-0.00752
-0.00547
-0.00116
0.00148
-0.00027
-0.00284
-0.00212
0.00254
0.00978
0.01541
0.01574
0.01108
0.00563
0.00327
0.00294
0.00046
-0.00858
-0.02149
-0.02499
-0.01476
-0.00098
0.00647
0.00705
0.00372
0.00099
0.00178
0.002
-0.00127
-0.00442
-0.00857
-0.01533
-0.01635
-0.00605
0.00546
0.00702
0.00444
0.00471
0.006
0.00641
0.00597
0.00326
-0.00063
-0.0008
0.00322
0.00669
0.00727
0.00697
0.00766
0.00867
0.00829
0.00574
0.00042
-0.00527
-0.00507
0.00232
0.00924
0.00894
0.00208
-0.00717
-0.01285
-0.01257
-0.0081
-0.00052
0.00942
0.015
0.00964
-0.00182
-0.00917
-0.00987
-0.00435
0.00804
0.01731
0.00996
-0.00809
-0.01728
-0.01578
-0.01549
-0.01522
-0.00854
-0.00135
-0.00068
-0.00263
-0.0015
0.00052
-0.00143
-0.00606
-0.00657
0.00036
0.00808
0.00852
0.00286
-0.00256
-0.00438
-0.00354
-0.00227
-0.00117
0.00258
0.00988
0.01459
0.012
0.00801
0.00725
0.00512
-0.00183
-0.01054
-0.01603
-0.01663
-0.01506
-0.0105
0.0015
0.0172
0.02396
0.01583
0.00241
-0.00505
-0.00898
-0.01205
-0.00738
0.0044
0.01177
0.00953
0.00589
0.00722
0.00977
0.00659
-0.0049
-0.01808
-0.02258
-0.01876
-0.01618
-0.01633
-0.01155
-0.00305
-0.00075
-0.00331
0.00155
0.01345
0.01873
0.01062
-0.00194
-0.00966
-0.01177
-0.01026
-0.0067
-0.00419
-0.00335
0.00221
0.01514
0.0242
0.0181
0.00415
-0.00418
-0.00705
-0.0093
-0.00804
0.00025
0.01114
0.01528
0.00849
-0.0026
-0.00877
-0.00924
-0.00881
-0.00956
-0.00978
-0.00885
-0.00682
-0.00178
0.00545
0.01045
0.01165
0.01082
0.00638
-0.0025
-0.00931
-0.00923
-0.00645
-0.00383
0.00082
0.00634
0.00741
0.00178
-0.00674
-0.01049
-0.00406
0.00622
0.00997
0.00402
-0.00581
-0.01087
-0.00771
-0.00135
-0.00023
-0.00408
-0.00478
-0.00111
0.00006
-0.00249
-0.00398
-0.00423
-0.00737
-0.01295
-0.01698
-0.01718
-0.01263
-0.00476
0.00196
0.00554
0.00752
0.00742
0.00453
0.00096
-0.00037
0.00171
0.00388
0.00031
-0.00876
-0.01532
-0.01466
-0.00959
-0.00267
0.00405
0.00703
0.00621
0.00647
0.01016
0.01301
0.0112
0.00664
0.00183
-0.00419
-0.01204
-0.01743
-0.01402
-0.00112
0.01222
0.01721
0.01485
0.01206
0.0103
0.0047
-0.00644
-0.01594
-0.01575
-0.00836
-0.00201
-0.00285
-0.00914
-0.01102
-0.00349
0.00516
0.00703
0.00383
-0.00142
-0.00764
-0.01016
-0.0051
0.00224
0.00467
0.0024
-0.00025
-0.00182
-0.00098
0.00374
0.00942
0.01251
0.0134
0.01325
0.00958
0.00154
-0.00458
-0.00435
-0.00309
-0.00577
-0.00673
-0.00098
0.00284
-0.00264
-0.0088
-0.00614
0.00206
0.00649
0.00232
-0.0077
-0.01444
-0.01157
-0.0016
0.0065
0.00876
0.01031
0.01297
0.01301
0.0115
0.01152
0.0071
-0.00719
-0.0221
-0.02577
-0.01852
-0.00838
-0.00269
-0.0028
-0.00216
0.00332
0.00937
0.01244
0.01483
0.01782
0.01868
0.01644
0.01349
0.00934
0.00227
-0.00564
-0.0099
-0.00877
-0.00479
-0.00138
0.00113
0.00298
0.00103
-0.00582
-0.01154
-0.00903
0.00075
0.00975
0.01218
0.0089
0.00354
-0.00073
-0.00159
-0.00009
0.0001
-0.00313
-0.00594
-0.00108
0.01134
0.01924
0.0111
-0.00708
-0.01981
-0.0196
-0.01155
-0.00437
-0.00011
0.00106
-0.0004
-0.00053
0.00381
0.00993
0.01383
0.01446
0.01168
0.00627
0.00154
-0.00042
-0.00143
-0.004
-0.00726
-0.00994
-0.01298
-0.01443
-0.00995
-0.00239
-0.00007
-0.00158
0.00247
0.00978
0.00825
0.0009
-0.00005
0.00479
0.00594
0.0036
0.00523
0.00909
0.00719
0.00048
-0.00359
-0.0026
-0.00101
-0.00421
-0.01196
-0.01755
-0.01616
-0.01266
-0.0112
-0.00934
-0.00308
0.00766
0.01914
0.02388
0.01632
0.00265
-0.00636
-0.00653
-0.00276
-0.00246
-0.00736
-0.0115
-0.01011
-0.00637
-0.00431
-0.00346
-0.00317
-0.00116
0.00647
0.0161
0.01721
0.00657
-0.00527
-0.01017
-0.00916
-0.00662
-0.00645
-0.00918
-0.00867
0.00078
0.01229
0.01582
0.0111
0.00592
0.00335
-0.00033
-0.00682
-0.01013
-0.00487
0.00486
0.01167
0.0129
0.00948
0.00383
-0.00087
-0.00334
-0.00534
-0.00764
-0.00688
-0.00161
0.00251
0.00055
-0.00418
-0.00397
0.00323
0.01026
0.01152
0.00765
0.00263
0.00004
0.00017
-0.00109
-0.00576
-0.00836
-0.00432
0.0016
0.00336
0.00084
-0.00316
-0.00703
-0.00901
-0.0074
-0.00346
0.00203
0.00818
0.01067
0.00793
0.00436
0.00396
0.00426
0.0001
-0.00715
-0.01082
-0.00751
-0.00022
0.00485
0.00428
-0.0009
-0.00785
-0.01169
-0.00826
-0.0012
0.0017
0.00098
0.00386
0.00863
0.00689
0.00093
-0.00213
-0.00209
-0.0016
-0.00143
-0.00315
-0.00674
-0.00849
-0.00734
-0.00599
-0.00505
-0.00319
0.00079
0.00763
0.0144
0.01523
0.01048
0.00593
0.00174
-0.00436
-0.00858
-0.00754
-0.00497
-0.00247
0.00196
0.00454
0.00105
-0.00471
-0.00806
-0.00891
-0.00632
-0.00197
-0.00218
-0.00626
-0.00727
-0.0037
0.00008
0.00043
-0.00354
-0.00866
-0.00846
-0.00206
0.00424
0.00753
0.01023
0.01199
0.00963
0.00373
-0.00124
-0.00297
-0.00402
-0.0051
-0.00398
-0.00119
-0.00034
-0.00297
-0.00642
-0.0056
0.00107
0.00711
0.00446
-0.0041
-0.00864
-0.00567
0.00014
0.003
0.0011
-0.00364
-0.00825
-0.01167
-0.01264
-0.00796
0.0026
0.01137
0.01013
0.0035
0.00001
0.0022
0.00722
0.01029
0.00944
0.00699
0.00627
0.00706
0.00546
-0.00141
-0.01058
-0.01463
-0.00957
0.00047
0.00684
0.0052
-0.00028
-0.0037
-0.00555
-0.00862
-0.01117
-0.00908
-0.00288
0.00237
0.00431
0.00417
0.00449
0.00715
0.01088
0.01313
0.01043
0.00082
-0.00983
-0.01405
-0.01072
-0.00602
-0.00444
-0.00389
-0.00075
0.00181
-0.00058
-0.0032
-0.00084
0.00249
0.00137
-0.00168
-0.00075
0.00292
0.00389
0.00375
0.00597
0.00755
0.00498
0.00145
0.00073
0.00241
0.00484
0.00556
0.00109
-0.00706
-0.01189
-0.01111
-0.00787
-0.00444
-0.00295
-0.00408
-0.00267
0.00512
0.01413
0.01668
0.01341
0.0114
0.01252
0.01203
0.00675
-0.00104
-0.00662
-0.00988
-0.01455
-0.01935
-0.01786
-0.00912
-0.00051
0.0044
0.00712
0.00852
0.0075
0.00437
0.00149
-0.00116
-0.00561
-0.01069
-0.01356
-0.01457
-0.0138
-0.00926
-0.0025
0.00343
0.00981
0.01769
0.02083
0.01569
0.01078
0.01209
0.01083
-0.00173
-0.01424
-0.00969
0.00303
0.00458
-0.00571
-0.01537
-0.01605
-0.00902
-0.00069
0.00609
0.01126
0.01214
0.00738
0.00331
0.00601
0.00978
0.00599
-0.00417
-0.01402
-0.01927
-0.01648
-0.00576
0.00395
0.00445
-0.00089
-0.00167
0.00476
0.00876
0.00398
0.00002
0.00594
0.01395
0.0109
-0.0005
-0.00595
-0.00175
0.00265
0.00094
-0.00241
0.001
0.01091
0.01783
0.0159
0.01092
0.0066
0.00068
-0.00649
-0.01092
-0.01227
-0.01291
-0.01183
-0.00584
0.00299
0.00842
0.00807
0.00591
0.00507
0.00373
0.00062
-0.00114
-0.00106
-0.0022
-0.00398
-0.00267
0.00165
0.0051
0.00395
-0.00142
-0.00426
-0.00038
0.00463
0.00395
0.00008
-0.00172
-0.00286
-0.0056
-0.00703
-0.00557
-0.00326
-0.00152
-0.00053
-0.00064
-0.0012
-0.00154
-0.00124
0.00122
0.00443
0.00397
0.00001
-0.00205
-0.00095
0.00211
0.00785
0.01305
0.01071
0.00201
-0.00595
-0.01165
-0.0153
-0.00928
0.00836
0.02138
0.01892
0.0071
-0.0015
-0.00328
-0.00332
-0.00416
-0.00182
0.00402
0.00542
-0.00055
-0.00524
-0.00234
0.00278
0.00505
0.00687
0.00836
0.00761
0.00563
0.00228
-0.00226
-0.00326
0.0013
0.00734
0.01051
0.0083
0.00204
-0.00193
0.00024
0.00217
-0.00242
-0.00722
-0.00426
0.00165
0.00371
0.00506
0.00921
0.01276
0.01209
0.00631
-0.00263
-0.00778
-0.00514
0.00183
0.0066
0.0048
-0.00268
-0.01041
-0.01221
-0.00952
-0.01096
-0.01684
-0.01818
-0.01073
0.00191
0.0151
0.02458
0.02406
0.01193
-0.00145
-0.00532
-0.00188
-0.00117
-0.0055
-0.00486
0.00368
0.00688
0.00012
-0.00473
-0.0005
0.00627
0.00939
0.01023
0.00804
0.00061
-0.00703
-0.01136
-0.01304
-0.01139
-0.00697
-0.00375
-0.00258
0.00023
0.00548
0.00994
0.01148
0.00859
0.00093
-0.00579
-0.00257
0.0081
0.01247
0.00776
0.00259
0.0015
0.00175
0.00049
-0.0024
-0.00543
-0.0062
-0.00331
0.00227
0.00605
0.00481
0.00182
0.00097
0.0024
0.00405
0.00381
-0.0008
-0.00685
-0.00981
-0.00829
-0.00203
0.00749
0.01459
0.01265
0.00589
0.00265
0.0034
0.00314
0.00106
0.00005
0.00111
0.00212
0.00152
0.00217
0.0032
-0.00165
-0.01035
-0.01254
-0.00655
-0.00242
-0.00488
-0.00813
-0.00643
-0.00278
-0.00266
-0.00495
-0.00391
-0.00011
0.00277
0.00749
0.01668
0.02242
0.01663
0.00486
-0.00204
-0.00232
-0.00266
-0.00522
-0.00551
-0.00428
-0.00467
-0.00589
-0.00557
-0.00345
-0.00228
-0.00332
-0.00469
-0.00485
-0.00121
0.00737
0.01484
0.01283
0.00322
-0.00325
-0.00557
-0.00836
-0.00875
-0.00241
0.00456
0.00556
0.00473
0.00652
0.00708
0.00343
0.00097
0.00182
0.00095
-0.00292
-0.00639
-0.00818
-0.00708
-0.00405
-0.00362
-0.00554
-0.00475
-0.00109
0.00197
0.00554
0.00924
0.00834
0.00246
-0.00225
-0.00322
-0.00203
0.00073
0.00426
0.00634
0.00721
0.00929
0.01109
0.00944
0.00592
0.00459
0.00511
0.00264
-0.00414
-0.00929
-0.00879
-0.00549
-0.00259
-0.00084
-0.00087
-0.00215
-0.00373
-0.00483
-0.00344
-0.00032
0.00218
0.00376
0.00657
0.0097
0.00828
0.00386
0.00336
0.00679
0.00757
0.00277
-0.00339
-0.00443
-0.00108
0.0005
-0.00038
0.00044
0.00153
0.00034
-0.00041
0.00209
0.00375
-0.00064
-0.00722
-0.01004
-0.00867
-0.00541
-0.00164
0.00116
0.00265
0.00468
0.00727
0.00838
0.00676
0.00343
0.0008
0.0015
0.00512
0.00645
0.00038
-0.0101
-0.01828
-0.01894
-0.00844
0.01018
0.02369
0.01901
0.00181
-0.00711
-0.00039
0.00998
0.01018
-0.00069
-0.01239
-0.01367
-0.00489
0.00242
0.00417
0.00427
0.00509
0.00567
0.00552
0.0066
0.00851
0.00686
0.00061
-0.00442
-0.00451
-0.00365
-0.00553
-0.00534
0.00205
0.01064
0.01135
0.00509
0.00084
0.00231
0.00377
-0.00014
-0.0056
-0.00467
0.00066
0.00148
-0.00282
-0.00405
0.00022
0.00429
0.00383
0.00294
0.00463
0.00513
0.00334
0.00295
0.00552
0.00698
0.003
-0.00348
-0.00606
-0.00458
-0.00311
-0.00244
-0.00161
-0.00163
-0.0014
0.00123
0.00361
0.00164
-0.00047
0.00254
0.00678
0.00636
0.00254
0.00029
0.00061
0.00062
-0.0008
-0.00153
-0.00104
-0.00114
-0.00248
-0.00232
-0.00028
-0.0007
-0.00357
-0.00428
-0.0012
0.00243
0.0032
0.00192
0.00114
0.00028
-0.00146
-0.00273
-0.00204
-0.00014
0.00089
0.00075
0.00139
0.00213
0.00047
-0.00216
-0.003
-0.00229
-0.00108
0.00095
0.00359
0.00458
0.00199
-0.00213
-0.00419
-0.00325
-0.00091
0.00154
0.00329
0.00319
0.00073
-0.00196
-0.00228
-0.00066
0.00001
-0.00097
-0.00194
-0.00198
-0.00097
0.00061
0.00193
0.00249
0.00278
0.00269
0.00181
0.0004
-0.00094
-0.00169
-0.00222
-0.00243
-0.00213
-0.00166
-0.00107
-0.00009
0.00083
0.00147
0.00254
0.00375
0.00371
0.00208
-0.00034
-0.0022
-0.00237
-0.00149
-0.00096
-0.00106
-0.00082
0.0002
0.00142
0.00207
0.00201
0.00175
0.00161
0.00159
0.00132
0.00098
0.00104
0.00087
-0.00028
-0.00167
-0.00192
-0.00101
-0.00048
-0.00071
-0.00057
0.00004
0.00051
0.00104
0.00182
0.00177
0.00025
-0.00159
-0.00202
-0.00091
0
-0.00011
-0.0002
0.00035
0.00054
-0.00016
-0.00076
-0.00013
0.001
0.00123
0.00053
-0.00005
0.00005
0.00009
-0.00045
-0.00104
-0.00109
-0.00073
-0.00029
0.00002
0.00002
-0.00021
-0.00016
0.0002
0.0004
0.0004
0.00029
0.00002
-0.00032
-0.00047
-0.00041
-0.00037
-0.0001
0.00055
0.00102
0.00085
0.00052
0.00045
0.00023
-0.00024
-0.00061
-0.0008
-0.00095
-0.00097
-0.00079
-0.00044
-0.00009
-0.00001
-0.00025
-0.00037
0.00004
0.00049
0.00046
0.00025
0.00012
-0.00008
-0.00041
-0.00065
-0.0007
-0.00067
-0.00049
-0.00015
0.00005
0.00008
0.00013
0.00034
0.00054
0.00048
0.00014
-0.00018
-0.00028
-0.00031
-0.00042
-0.00048
-0.00039
-0.00033
-0.00035
-0.00028
-0.0001
-0.00003
-0.00012
-0.00018
-0.00013
-0.00013
-0.00032
-0.00054
-0.00054
-0.00034
-0.00015
-0.00005
-0.00001
-0.00009
-0.00032
-0.00047
-0.00031
-0.00011
-0.00023
-0.00045
-0.00047
-0.00036
-0.00034
-0.00037
-0.00031
-0.00027
-0.00037
-0.00055
-0.00062
-0.00052
-0.00032
-0.0002
-0.00022
-0.00031
-0.00035
-0.00034
-0.00035
-0.00038
-0.00038
-0.00037
-0.00036
-0.00036
-0.00036
-0.00036
-0.00035
-0.00033
-0.00029
-0.00027
-0.00028
-0.00033
-0.0004
-0.00044
-0.00043
-0.00039
-0.00038
-0.00039
-0.00038
-0.00034
-0.00033
-0.00036
-0.00039
-0.00042
-0.00047
-0.00054
-0.00056
-0.00048
-0.00036
-0.0003
-0.00036
-0.00045
-0.00049
-0.00046
-0.00042
-0.00041
-0.00045
-0.00049
-0.0005
-0.00047
-0.00039
-0.00033
-0.00035
-0.00044
-0.00054
-0.00057
-0.00055
-0.0005
-0.00046
-0.00044
-0.00043
-0.00045
-0.00046
-0.00046
-0.00045
-0.00045
-0.00047
-0.00049
-0.00051
-0.00052
-0.00053
-0.00052
-0.00051
-0.0005
-0.00051
-0.00051
-0.00052
-0.00051
-0.00049
-0.00048
-0.00049
-0.0005
-0.00051
-0.00052
-0.00052
-0.00052
-0.00052
-0.00052
-0.00052
-0.00053
-0.00054
-0.00054
-0.00054
-0.00054
-0.00054
-0.00053
-0.00053
-0.00053
-0.00054
-0.00054
-0.00054
-0.00054
-0.00054
-0.00054
-0.00054
-0.00055
-0.00055
-0.00055
-0.00055
-0.00055
-0.00055
-0.00055
-0.00056
-0.00056
-0.00056
-0.00056
-0.00056
-0.00056
-0.00056
-0.00056
-0.00056
-0.00057
-0.00057
-0.00057
-0.00057
-0.00057
-0.00057
-0.00057
-0.00057
-0.00057
-0.00058
-0.00058
-0.00058
-0.00058
-0.00058
-0.00058
-0.00058
-0.00058
-0.00058
-0.00058
-0.00058
-0.00058
-0.00058
-0.00058
-0.00059
-0.00059
-0.00059
-0.00059
-0.00059
-0.00059
-0.00059
-0.00059
-0.00059
-0.00059
-0.00059
-0.00059
-0.00059
-0.00059
-0.00059
-0.00059
-0.00059
-0.00059
-0.00059
-0.00059
-0.0006
-0.0006
-0.0006
-0.0006
-0.0006
-0.0006
-0.0006
-0.0006
-0.0006
-0.0006
-0.0006
-0.0006
-0.0006
-0.0006
-0.0006
-0.0006
-0.0006
-0.0006
-0.0006
-0.0006
-0.0006
-0.0006
-0.0006
-0.0006
-0.0006
-0.0006
-0.0006
-0.0006
-0.0006
-0.0006
-0.0006
-0.0006
-0.0006
-0.00059