0.01
-0.00256
-0.00253
-0.00245
-0.00215
-0.00177
-0.00146
-0.00165
-0.00274
-0.00382
-0.0034
-0.00217
-0.00186
-0.00303
-0.00481
-0.0056
-0.00515
-0.00455
-0.00426
-0.00518
-0.00831
-0.01112
-0.00997
-0.00616
-0.00356
-0.00231
-0.00233
-0.007
-0.01496
-0.01676
-0.01111
-0.0037
0.00625
0.01682
0.02182
0.02246
0.02046
0.01519
0.00731
0.00307
0.01064
0.00972
-0.01017
-0.01865
-0.01735
-0.01328
0.01103
0.02752
0.02492
0.03075
0.03692
0.02891
0.02553
0.03157
0.02418
-0.00983
-0.0384
-0.03156
-0.01485
-0.02202
-0.03918
-0.03489
-0.0225
-0.03804
-0.07807
-0.10923
-0.09082
-0.01108
0.06553
0.07586
0.02794
-0.01478
-0.0139
0.01389
0.02053
-0.00877
-0.02881
-0.02421
-0.03779
-0.09451
-0.16187
-0.19659
-0.16519
-0.07349
0.00731
0.0454
0.02787
0.00302
0.00733
0.0115
0.01245
0.02127
0.02779
0.0231
0.02048
0.04019
0.0621
0.05755
0.03533
0.02828
0.03315
0.0178
0.01106
0.0253
0.00675
-0.07686
-0.14307
-0.14944
-0.13622
-0.10113
-0.02326
0.04624
0.05709
0.02856
0.00392
-0.00895
0.01501
0.14062
0.27461
0.2564
0.06371
-0.08569
-0.06867
-0.01014
-0.02088
-0.04234
-0.01715
-0.03271
-0.06836
-0.06034
-0.0285
-0.03571
-0.08311
-0.1219
-0.15055
-0.16206
-0.14433
-0.0987
-0.02493
0.04148
0.06306
0.06383
0.06981
0.07327
0.06191
0.05076
0.03204
-0.04
-0.13004
-0.16249
-0.13647
-0.08501
-0.01495
0.0565
0.10442
0.14393
0.17453
0.1738
0.13609
0.08366
0.04933
0.05607
0.08975
0.09102
0.04281
-0.00707
-0.00243
0.05497
0.09923
0.08674
0.02645
-0.04937
-0.10771
-0.12903
-0.10004
-0.05925
-0.05583
-0.06981
-0.04008
0.03494
0.08137
0.08531
0.08383
0.08627
0.08401
0.08857
0.11236
0.13443
0.11274
0.05306
0.01676
0.03203
0.07467
0.1075
0.11435
0.10832
0.10045
0.09486
0.09096
0.08173
0.07692
0.09835
0.14507
0.18782
0.20816
0.20762
0.20789
0.21894
0.22575
0.21553
0.199
0.21052
0.25967
0.31086
0.30639
0.25214
0.19796
0.18143
0.18876
0.19859
0.22641
0.27088
0.303
0.3239
0.34923
0.37267
0.37933
0.37557
0.3717
0.37453
0.38832
0.40621
0.41929
0.4289
0.43697
0.43828
0.43338
0.42809
0.424
0.42153
0.42557
0.43687
0.45204
0.43684
0.36534
0.24594
0.04373
-0.14324
-0.26277
-0.37486
-0.49052
-0.58408
-0.68368
-0.76668
-0.80398
-0.83538
-0.87093
-0.87406
-0.85969
-0.85021
-0.84268
-0.8287
-0.80971
-0.78847
-0.76581
-0.74079
-0.71636
-0.70138
-0.69648
-0.69711
-0.69928
-0.6974
-0.6911
-0.6934
-0.7195
-0.76212
-0.79456
-0.77654
-0.71606
-0.64096
-0.52914
-0.41709
-0.32733
-0.24464
-0.17389
-0.12276
-0.07384
-0.01737
0.03417
0.05891
0.05427
0.02279
-0.01374
-0.02199
-0.01148
0.00094
0.02592
0.11468
0.23799
0.37358
0.52609
0.64257
0.67571
0.55985
0.43104
0.36324
0.32909
0.302
0.28078
0.28867
0.32037
0.35241
0.37543
0.38435
0.37475
0.34089
0.27523
0.22165
0.20579
0.20809
0.21128
0.20727
0.19933
0.19422
0.19079
0.18192
0.16253
0.13848
0.11315
0.07921
0.03731
0.00965
0.01219
0.05276
0.12813
0.2036
0.24959
0.27715
0.30612
0.33089
0.34512
0.34314
0.32156
0.28927
0.25992
0.23074
0.18793
0.14086
0.07498
-0.02007
-0.08973
-0.12335
-0.14979
-0.18029
-0.21276
-0.25633
-0.29723
-0.31556
-0.32726
-0.34367
-0.34951
-0.33
-0.2969
-0.28019
-0.27341
-0.25233
-0.21417
-0.18043
-0.1693
-0.18377
-0.23038
-0.30425
-0.33929
-0.28887
-0.15395
-0.02895
0.03307
0.06685
0.08522
0.09416
0.10128
0.10014
0.08387
0.06486
0.05294
0.04588
0.04151
0.04055
0.0479
0.07575
0.13919
0.19708
0.20286
0.18299
0.15346
0.09681
0.01978
-0.0557
-0.12723
-0.19764
-0.24787
-0.26113
-0.25883
-0.25919
-0.26046
-0.25871
-0.25438
-0.25072
-0.253
-0.27401
-0.28973
-0.20101
-0.01539
0.12083
0.20201
0.3156
0.4671
0.55013
0.55468
0.51105
0.39925
0.22467
0.0922
0.03946
0.0227
-0.02391
-0.10827
-0.19371
-0.25598
-0.27257
-0.27166
-0.29444
-0.33776
-0.38315
-0.41717
-0.42907
-0.41555
-0.36434
-0.30616
-0.28199
-0.23181
-0.10507
0.01668
0.07687
0.1088
0.14346
0.18911
0.21545
0.22682
0.2632
0.33383
0.3636
0.33105
0.24189
0.14687
0.08196
0.05094
0.06021
0.09703
0.13893
0.16264
0.14295
0.0624
-0.03602
-0.10925
-0.12776
-0.10139
-0.06177
-0.02672
0.02063
0.07565
0.10237
0.09545
0.04108
-0.03876
-0.0771
-0.05268
-0.01014
0.0228
0.06685
0.11823
0.14672
0.13292
0.0948
0.07464
0.07552
0.08229
0.08761
0.10407
0.14861
0.19808
0.22515
0.2229
0.19663
0.1635
0.13653
0.12276
0.12534
0.15017
0.1806
0.19715
0.18227
0.10896
0.00839
-0.08493
-0.1566
-0.17597
-0.16532
-0.1603
-0.16449
-0.17302
-0.17692
-0.16071
-0.11895
-0.04538
0.03338
0.0674
0.05361
0.01867
-0.005
-0.0197
-0.04098
-0.06714
-0.09213
-0.10852
-0.12022
-0.14567
-0.1855
-0.19665
-0.15528
-0.06454
0.01795
0.05934
0.08884
0.10484
0.10289
0.09849
0.09723
0.09293
0.08418
0.08152
0.09437
0.11747
0.1406
0.15662
0.15714
0.1334
0.07805
0.01638
-0.01856
-0.0198
-0.00242
0.00825
-0.0041
-0.04418
-0.09422
-0.14097
-0.18198
-0.20567
-0.20929
-0.197
-0.17838
-0.16314
-0.1575
-0.1669
-0.19052
-0.22326
-0.25271
-0.27031
-0.25117
-0.17256
-0.07694
0.00235
0.03381
0.02573
0.02327
0.03748
0.04347
0.02522
-0.01212
-0.03925
-0.03557
-0.01107
0.00649
0.01208
0.01889
0.02571
0.02543
0.02337
0.02884
0.04346
0.06446
0.09583
0.12556
0.13565
0.1197
0.08372
0.04738
0.02884
0.04124
0.0753
0.11912
0.15742
0.18558
0.22003
0.26852
0.3161
0.35499
0.39122
0.42583
0.46016
0.4894
0.50671
0.51289
0.50601
0.48637
0.46261
0.44001
0.40028
0.31128
0.15293
0.01215
-0.03568
-0.0354
-0.05925
-0.1261
-0.19729
-0.23398
-0.23606
-0.23335
-0.23481
-0.21775
-0.17207
-0.12193
-0.09625
-0.0806
-0.03994
0.00745
0.02335
0.01264
-0.00664
-0.02091
-0.01644
0.01327
0.03466
0.03085
0.01588
0.00287
0.00692
0.03073
0.06005
0.07658
0.08132
0.08091
0.07849
0.08458
0.10244
0.11384
0.0932
0.0204
-0.07149
-0.13057
-0.15012
-0.17406
-0.20033
-0.20638
-0.19989
-0.19326
-0.18988
-0.18963
-0.19927
-0.22645
-0.27222
-0.31952
-0.3618
-0.41147
-0.45139
-0.46097
-0.44834
-0.40147
-0.31661
-0.21059
-0.10046
0.00335
0.08155
0.12771
0.16716
0.2186
0.25465
0.25512
0.2214
0.13785
0.0443
0.00863
0.00699
-0.00271
-0.03088
-0.08463
-0.14999
-0.17927
-0.17739
-0.17075
-0.1584
-0.11962
-0.03364
0.03855
0.04932
0.03897
0.03094
0.0132
-0.02189
-0.05303
-0.06833
-0.08406
-0.11594
-0.14325
-0.15611
-0.16895
-0.18614
-0.19745
-0.19358
-0.15762
-0.08405
0.00954
0.08555
0.12671
0.15766
0.16062
0.08214
-0.05129
-0.14982
-0.17929
-0.17423
-0.16268
-0.13874
-0.08046
-0.00367
0.0511
0.09497
0.14255
0.1666
0.16962
0.1726
0.17628
0.16892
0.11192
0.00085
-0.08042
-0.08428
-0.06159
-0.05631
-0.06079
-0.04927
0.00279
0.08427
0.13434
0.13846
0.13838
0.15441
0.17161
0.18268
0.20557
0.23957
0.25906
0.26091
0.23771
0.16905
0.08164
0.02571
0.0007
-0.03864
-0.0826
-0.09563
-0.0882
-0.07354
-0.06042
-0.05366
-0.0369
0.00747
0.05783
0.09503
0.11163
0.10445
0.08207
0.05209
0.02286
0.0012
-0.01481
-0.02675
-0.03226
-0.0259
0.00352
0.04077
0.06104
0.06176
0.05148
0.0358
0.01189
-0.01643
-0.05179
-0.09256
-0.12359
-0.14063
-0.14745
-0.14818
-0.14653
-0.13643
-0.11218
-0.08464
-0.05799
-0.03068
-0.00001
0.03535
0.0685
0.0982
0.13412
0.15984
0.15875
0.13706
0.09764
0.06063
0.04731
0.04919
0.05037
0.0497
0.04751
0.04035
0.03233
0.03099
0.03305
0.03336
0.03011
0.01656
-0.01401
-0.04717
-0.0657
-0.07429
-0.07832
-0.07821
-0.06973
-0.04808
-0.02098
0.00703
0.02366
0.02339
0.02074
0.02459
0.02829
0.02767
0.03169
0.04803
0.07399
0.11057
0.14752
0.16683
0.16566
0.14531
0.11977
0.10881
0.11857
0.1366
0.14953
0.15772
0.16502
0.17064
0.17273
0.1717
0.17005
0.16889
0.16564
0.15355
0.11722
0.05402
0.00111
-0.02838
-0.04371
-0.05002
-0.05287
-0.05713
-0.06643
-0.08618
-0.12004
-0.15031
-0.15957
-0.14883
-0.12674
-0.10966
-0.10512
-0.11156
-0.12594
-0.14843
-0.17307
-0.19424
-0.21981
-0.25057
-0.26932
-0.27445
-0.27473
-0.27277
-0.25727
-0.17279
-0.01978
0.11645
0.16917
0.17725
0.18171
0.17727
0.15873
0.13459
0.11001
0.08941
0.06848
0.04588
0.02363
0.00197
-0.01957
-0.04099
-0.06295
-0.08563
-0.09909
-0.08881
-0.05335
-0.00183
0.03948
0.04719
0.02082
-0.04038
-0.10135
-0.14516
-0.18162
-0.20789
-0.22779
-0.25192
-0.27775
-0.30334
-0.32354
-0.32439
-0.29201
-0.19831
-0.08025
-0.01388
0.01375
0.05118
0.09435
0.13139
0.15655
0.17187
0.1843
0.19304
0.19125
0.17606
0.14085
0.09139
0.03654
-0.01282
-0.04035
-0.05532
-0.06799
-0.07289
-0.06976
-0.06187
-0.05089
-0.0396
-0.02663
-0.01602
-0.01478
-0.0193
-0.02502
-0.03197
-0.04385
-0.06259
-0.07994
-0.09367
-0.10578
-0.11163
-0.11132
-0.10856
-0.10372
-0.09529
-0.06767
-0.01087
0.0421
0.07417
0.09089
0.09944
0.10408
0.10531
0.1027
0.09884
0.09708
0.09588
0.08628
0.05162
-0.00743
-0.0515
-0.06332
-0.06311
-0.05898
-0.04835
-0.03216
-0.01336
0.00916
0.03988
0.068
0.08181
0.08766
0.08419
0.06198
0.01473
-0.03853
-0.05872
-0.05403
-0.04491
-0.03342
-0.02054
-0.01081
-0.00864
-0.00957
-0.00524
0.0093
0.02629
0.03493
0.0316
0.01998
0.00126
-0.02365
-0.0453
-0.0601
-0.0677
-0.06438
-0.04695
-0.01562
0.01349
0.03345
0.06032
0.08961
0.10729
0.12277
0.13849
0.14722
0.15081
0.15063
0.14788
0.14383
0.13943
0.13461
0.12941
0.12268
0.11432
0.10457
0.09
0.06853
0.04077
0.00783
-0.0125
-0.01241
0.00182
0.02138
0.0352
0.03848
0.02682
-0.00318
-0.04677
-0.0833
-0.09702
-0.09138
-0.06263
-0.01351
0.03173
0.06456
0.08799
0.09833
0.09957
0.09955
0.09912
0.09863
0.10285
0.11354
0.12372
0.1276
0.12227
0.10595
0.07079
0.02657
-0.00072
-0.00952
-0.00958
-0.00583
-0.00332
-0.00712
-0.01635
-0.02743
-0.04225
-0.06104
-0.08015
-0.09662
-0.1065
-0.10951
-0.10723
-0.09701
-0.07695
-0.04832
-0.02127
-0.0056
0.00617
0.02003
0.03424
0.04686
0.05081
0.04432
0.02878
0.00462
-0.029
-0.05961
-0.07961
-0.09269
-0.09774
-0.09443
-0.08306
-0.06496
-0.04813
-0.0359
-0.02771
-0.02319
-0.02144
-0.02081
-0.0217
-0.02696
-0.039
-0.05458
-0.06638
-0.07172
-0.07025
-0.06301
-0.04861
-0.02884
-0.00667
0.02125
0.0515
0.0779
0.10451
0.12791
0.13925
0.14213
0.14271
0.14178
0.139
0.13564
0.1301
0.11796
0.09402
0.06166
0.02957
-0.00187
-0.0316
-0.05552
-0.06863
-0.06855
-0.06322
-0.06063
-0.06359
-0.07065
-0.07899
-0.08645
-0.09281
-0.09997
-0.10824
-0.11555
-0.1205
-0.11972
-0.10578
-0.07001
-0.02058
0.01522
0.03338
0.04831
0.0615
0.07073
0.07992
0.08835
0.09227
0.09251
0.09018
0.08606
0.07908
0.06632
0.0445
0.01132
-0.02264
-0.04623
-0.05561
-0.05617
-0.05141
-0.04415
-0.03623
-0.02961
-0.02571
-0.02505
-0.02698
-0.03377
-0.04391
-0.05758
-0.0717
-0.08225
-0.0905
-0.09445
-0.0916
-0.07935
-0.05219
-0.01565
0.01872
0.03598
0.03625
0.03155
0.02513
0.01869
0.01498
0.01676
0.02234
0.0273
0.02806
0.021
0.0059
-0.01533
-0.03329
-0.0423
-0.04428
-0.03865
-0.02407
-0.00453
0.01442
0.0241
0.02231
0.0126
-0.00312
-0.01671
-0.02227
-0.0204
-0.01462
-0.00728
0.00216
0.01061
0.01482
0.01468
0.01042
0.00393
-0.0012
-0.00274
-0.00138
0.00135
0.00385
0.00601
0.01134
0.02067
0.03204
0.04362
0.05407
0.05921
0.05874
0.05231
0.03444
0.00383
-0.03161
-0.05825
-0.07212
-0.07801
-0.07633
-0.06686
-0.05169
-0.03589
-0.02874
-0.031
-0.03674
-0.03907
-0.03453
-0.02111
-0.00259
0.01036
0.01743
0.02273
0.02428
0.01905
0.00269
-0.01765
-0.02864
-0.02906
-0.0237
-0.01815
-0.01603
-0.01913
-0.02808
-0.04139
-0.05136
-0.05344
-0.04848
-0.03761
-0.02644
-0.01932
-0.01651
-0.01496
-0.00822
0.0065
0.02049
0.02636
0.02446
0.01668
0.00571
-0.00664
-0.01889
-0.03141
-0.04352
-0.05678
-0.06895
-0.07591
-0.07896
-0.07896
-0.07554
-0.06591
-0.04526
-0.01745
0.00337
0.01094
0.01171
0.01223
0.0108
0.00387
-0.00915
-0.02731
-0.04104
-0.04558
-0.04578
-0.04372
-0.0406
-0.03679
-0.03249
-0.02685
-0.01739
-0.00433
0.0082
0.02073
0.03636
0.05103
0.06028
0.06581
0.06717
0.06313
0.04817
0.01948
-0.01752
-0.04607
-0.05462
-0.04583
-0.02854
-0.00454
0.02191
0.04003
0.04838
0.05205
0.05311
0.05284
0.05282
0.05345
0.05496
0.0585
0.06415
0.07036
0.07786
0.08483
0.08879
0.09121
0.09346
0.09483
0.09585
0.09637
0.09529
0.09271
0.08854
0.08257
0.07257
0.05576
0.03558
0.01552
-0.00201
-0.01185
-0.01446
-0.01422
-0.014
-0.01517
-0.02024
-0.02875
-0.03597
-0.04082
-0.04376
-0.04263
-0.03674
-0.02774
-0.02065
-0.01969
-0.02413
-0.02819
-0.02778
-0.0209
-0.00691
0.01128
0.02916
0.0395
0.03949
0.03036
0.00877
-0.01984
-0.04105
-0.04934
-0.04691
-0.03609
-0.01452
0.00967
0.02137
0.02275
0.02292
0.02431
0.02861
0.03502
0.0389
0.03855
0.03406
0.02774
0.02012
0.0117
0.00414
-0.00451
-0.01412
-0.02215
-0.02592
-0.02524
-0.01965
-0.00922
0.00285
0.01347
0.01838
0.01674
0.01005
-0.00197
-0.01496
-0.02522
-0.02999
-0.03082
-0.03144
-0.03242
-0.03179
-0.02885
-0.02223
-0.01044
0.00726
0.03145
0.05761
0.07713
0.08717
0.08928
0.08574
0.07658
0.06236
0.04832
0.03602
0.02046
0.00351
-0.01229
-0.02856
-0.04407
-0.05672
-0.06526
-0.06669
-0.06262
-0.05516
-0.04592
-0.03676
-0.02886
-0.02584
-0.02767
-0.02932
-0.02912
-0.02924
-0.02926
-0.02928
-0.03101
-0.03661
-0.04789
-0.06054
-0.07036
-0.07786
-0.08227
-0.08367
-0.08311
-0.07817
-0.06432
-0.03694
-0.01336
-0.01106
-0.01823
-0.02097
-0.01817
-0.0097
0.00767
0.0302
0.04809
0.05564
0.05396
0.0486
0.04405
0.04295
0.0432
0.04161
0.03765
0.02946
0.0154
-0.00861
-0.04247
-0.07647
-0.09325
-0.09272
-0.07972
-0.05901
-0.02786
0.00682
0.03485
0.04541
0.03611
0.02079
0.01015
0.00688
0.0103
0.01857
0.02552
0.02503
0.02262
0.02194
0.02384
0.02857
0.032
0.0316
0.02987
0.02864
0.02788
0.02761
0.02956
0.03427
0.039
0.04251
0.04265
0.03657
0.02125
0.00361
-0.00919
-0.02148
-0.03277
-0.03812
-0.038
-0.03226
-0.02085
-0.00134
0.01903
0.0285
0.02905
0.02977
0.03391
0.03698
0.03641
0.03333
0.02971
0.02717
0.02597
0.02234
0.0145
0.00007
-0.0186
-0.02989
-0.03488
-0.04268
-0.05518
-0.06799
-0.07511
-0.07663
-0.07691
-0.07509
-0.06906
-0.05737
-0.04015
-0.01995
-0.00579
0.00004
0.00378
0.00869
0.01449
0.02298
0.036
0.04726
0.05205
0.0464
0.03067
0.00852
-0.01526
-0.02665
-0.02986
-0.03297
-0.03367
-0.03139
-0.02626
-0.01526
0.00601
0.0306
0.04261
0.04099
0.03589
0.03131
0.02662
0.02062
0.01597
0.0125
0.00854
0.00434
0.00088
0.00136
0.00586
0.0117
0.0186
0.02555
0.0327
0.03952
0.04324
0.03422
0.01554
-0.00009
-0.00732
-0.00753
-0.00721
-0.01128
-0.0177
-0.02262
-0.02536
-0.02606
-0.02541
-0.02503
-0.02583
-0.0255
-0.02298
-0.01992
-0.01606
-0.00886
-0.00133
0.00394
0.00718
0.00978
0.01345
0.01819
0.02607
0.0379
0.04725
0.05043
0.05023
0.04659
0.03719
0.02091
-0.00419
-0.028
-0.03488
-0.03133
-0.0266
-0.0223
-0.01793
-0.01653
-0.01855
-0.02171
-0.02342
-0.02477
-0.0265
-0.02911
-0.03369
-0.04143
-0.0483
-0.05057
-0.04847
-0.04041
-0.0225
0.00174
0.02
0.02821
0.03273
0.03956
0.04988
0.0612
0.07067
0.07703
0.0758
0.06396
0.03888
0.0097
-0.00628
-0.01077
-0.01498
-0.02251
-0.03208
-0.0402
-0.04477
-0.0469
-0.04909
-0.05359
-0.05993
-0.06616
-0.06919
-0.06765
-0.06179
-0.05143
-0.03606
-0.01609
0.00197
0.01466
0.02578
0.0343
0.03648
0.03382
0.02976
0.02703
0.0251
0.02471
0.02508
0.02594
0.02684
0.02609
0.02509
0.02522
0.02731
0.0302
0.03363
0.03821
0.04116
0.04121
0.0388
0.03547
0.03285
0.03159
0.03171
0.0321
0.03222
0.03069
0.02765
0.02459
0.02246
0.02336
0.0278
0.03278
0.03432
0.03237
0.02837
0.02214
0.01334
0.00445
-0.00177
-0.00664
-0.01142
-0.01414
-0.01495
-0.01464
-0.0123
-0.00856
-0.00168
0.00476
0.00843
0.0119
0.01587
0.022
0.03052
0.03612
0.03691
0.0345
0.03054
0.02531
0.01971
0.01739
0.01751
0.01475
0.00672
-0.00397
-0.01444
-0.02229
-0.02669
-0.02781
-0.02673
-0.02577
-0.02529
-0.02281
-0.01806
-0.01147
-0.00456
0.00012
0.00924
0.01606
0.02534
0.03384
0.03796
0.03639
0.02838
0.01456
0.00221
-0.00634
-0.01481
-0.02153
-0.02403
-0.02179
-0.01457
-0.00237
0.00898
0.01579
0.02035
0.02632
0.03349
0.03859
0.03983
0.03801
0.03462
0.03105
0.02836
0.02724
0.02693
0.02606
0.02511
0.02421
0.02269
0.02041
0.01734
0.01206
0.00152
-0.01331
-0.02979
-0.04469
-0.0534
-0.05519
-0.05139
-0.0419
-0.02782
-0.01101
0.00358
0.01058
0.01182
0.00975
0.00435
-0.00256
-0.00873
-0.01305
-0.01574
-0.01782
-0.01996
-0.02242
-0.02559
-0.03035
-0.03682
-0.04193
-0.04479
-0.04451
-0.04144
-0.03562
-0.02725
-0.01927
-0.01212
-0.00659
-0.00443
-0.00416
-0.00313
-0.00089
0.00128
0.00194
0.0011
0.00021
-0.00016
0.00011
0.00026
-0.00034
-0.00205
-0.00579
-0.01068
-0.01588
-0.02135
-0.02589
-0.02802
-0.02789
-0.02653
-0.02467
-0.02316
-0.02217
-0.02168
-0.02
-0.01639
-0.01277
-0.00956
-0.00731
-0.00617
-0.0045
-0.00315
-0.00448
-0.0111
-0.0209
-0.02702
-0.02757
-0.02414
-0.01621
-0.00392
0.00819
0.01392
0.01498
0.01554
0.01546
0.01386
0.01164
0.00974
0.00849
0.00739
0.00529
0.00075
-0.00537
-0.01112
-0.0156
-0.01912
-0.02102
-0.02033
-0.01768
-0.01347
-0.00836
-0.00324
0.00146
0.00414
0.00441
0.00354
0.00228
0.00112
0.00055
0.00049
0.00035
-0.00033
-0.00139
-0.00237
-0.00299
-0.00327
-0.00336
-0.00329
-0.00313
-0.00291
-0.00259
-0.00222
-0.00187
-0.00144
-0.0009
-0.00025
0.00047
0.00111
0.00165
0.00221
0.00283
0.00347
0.00394
0.00415
0.0042
0.00421
0.00425
0.00433
0.00445
0.00457
0.00467
0.00475
0.00481
0.00487
0.00494
0.00501
0.00507
0.00514
0.00519
0.00524
0.00529
0.00533
0.00538
0.00542
0.00546
0.0055
0.00555
0.0056
0.00565
0.00569
0.00573
0.00576
0.00579
0.00581
0.00583
0.00584
0.00585
0.00586