0.01
-8.777599E-06
-9.024665E-05
-0.0004494364
0.0001928893
0.002479393
0.004655462
0.003794022
0.0005637519
-0.003048882
-0.00525949
-0.005532166
-0.003828387
0.004099651
0.01236545
0.002871638
-0.01673833
-0.02724176
-0.02463304
-0.01495192
0.003815091
0.0265538
0.0317088
0.02794198
0.02392745
0.005246413
-0.02329125
-0.01731474
0.02782085
0.03521784
0.001872638
0.01644068
0.05357135
0.02013066
-0.04088388
-0.05783696
-0.06840995
-0.1015577
-0.09291813
0.004774047
0.09907361
0.1148201
0.09163593
0.04813748
0.01699999
0.0379434
0.07239566
0.07855725
0.04723255
-0.02438657
-0.125828
-0.197226
-0.1840831
-0.06069999
0.07264666
0.08901614
0.0494021
0.05317365
0.01507414
-0.1199992
-0.2060964
-0.118423
0.04812271
0.1429421
0.1361824
0.03175801
-0.09510919
-0.1568344
-0.08287963
0.02521574
0.05944689
0.04084084
-0.004368594
-0.09941489
-0.1718403
-0.08628934
0.1629015
0.3653446
0.3642942
0.2407536
0.1366354
-0.02266193
-0.2472404
-0.4560468
-0.5769823
-0.4081724
-0.03489188
0.2020944
0.4046232
0.4418105
0.1816107
-0.07141158
-0.002159798
0.2121859
0.2468659
0.05317179
-0.3105463
-0.556269
-0.5571124
-0.3730375
0.08375022
0.6631192
0.8775668
0.572968
0.1493847
-0.157685
-0.2655688
-0.2862989
-0.2381483
-0.08564868
0.2196746
0.422554
0.1825319
-0.3086964
-0.7217029
-0.7566357
-0.462599
0.06721888
0.6144678
0.8201869
0.4115133
-0.2273757
-0.5552976
-0.1711289
0.4190534
0.3375136
-0.3169396
-0.3576158
0.04039333
0.3234365
0.4434634
0.3454616
0.03524736
-0.2439213
-0.3549542
-0.3381675
-0.2293375
0.04148481
0.2768869
0.1694127
-0.1002497
-0.2320542
-0.2096847
-0.04872355
0.2569266
0.3980988
0.2688857
0.07213447
-0.1018202
-0.2621738
-0.3911923
-0.4293739
-0.3263352
-0.0416176
0.3392383
0.5281714
0.3364456
-0.05208715
-0.3441393
-0.4196321
-0.2907975
-0.04204316
0.1054778
0.1202066
0.1202646
0.1356984
0.06797659
-0.100842
-0.2012157
-0.2074855
-0.192295
-0.1202907
0.06553522
0.2206446
0.2555135
0.2159771
0.1321033
-0.03734424
-0.2427279
-0.3415023
-0.3343722
-0.2575247
-0.08836294
0.102786
0.2696442
0.4166121
0.4346611
0.2504176
0.01562681
-0.09453876
-0.1160021
-0.1360249
-0.1013552
0.06271944
0.2692667
0.3665442
0.3198714
0.1539445
-0.07088953
-0.2458233
-0.2706364
-0.1502707
0.04931865
0.2057951
0.2604389
0.2325293
0.1620753
0.05089472
-0.1153724
-0.2639248
-0.2416972
-0.06283699
0.07941136
0.03521095
-0.0915044
-0.1331575
-0.100608
-0.07755919
-0.08848501
-0.079967
-0.0004640374
0.0581163
0.0463731
0.02075901
0.015225
0.00375165
-0.02566497
-0.0405389
-0.02321581
0.01591417
0.0458742
0.05342873
0.04265042
0.02071033
-0.006406033
-0.04560288
-0.06613243
-0.0654918
-0.06060343
-0.03114827
0.03407526
0.1209828
0.1782259
0.1721275
0.1727972
0.2292242
0.2812443
0.3123567
0.3595956
0.3929223
0.3686146
0.2804096
0.1634098
0.06555445
0.01839936
-0.0007323259
-0.03077678
-0.06866308
-0.1026951
-0.1407244
-0.1878096
-0.2343407
-0.2718528
-0.2859285
-0.2751145
-0.2475957
-0.2066616
-0.1628459
-0.1207626
-0.09673209
-0.09903163
-0.1190897
-0.1339839
-0.1156919
-0.04924546
0.04320247
0.08473417
0.06113736
-0.002299968
-0.06001421
-0.08713704
-0.1120417
-0.1848094
-0.3543662
-0.5534729
-0.676915
-0.6951279
-0.6173127
-0.4606053
-0.2819869
-0.1708598
-0.1238694
-0.08324931
0.03653832
0.2588461
0.4842565
0.6731763
0.8441694
0.9581689
0.9061879
0.6895825
0.432605
0.2101828
0.0097727
-0.1800199
-0.3545716
-0.482787
-0.4902005
-0.4037969
-0.2833423
-0.1604958
0.04987245
0.3947131
0.6048037
0.5348608
0.362763
0.2081581
0.04232922
-0.0195893
-0.004962927
-0.009735614
-0.03141939
-0.03934967
-0.03670306
-0.03067603
-0.003164397
0.06281298
0.1351932
0.1226462
0.04704053
-0.0385496
-0.1308781
-0.2039528
-0.240289
-0.238021
-0.2193421
-0.1880967
-0.114835
-0.002103026
0.1002625
0.1419551
0.1034473
0.04673374
-0.01626362
-0.156566
-0.3383756
-0.3516603
-0.1519912
0.09409899
0.2247889
0.2377535
0.1768391
0.05607148
-0.07508953
-0.151832
-0.1380971
-0.05549029
0.03227179
0.05859315
0.02095169
-0.01341578
0.01617524
0.08502005
0.07455501
-0.01471587
-0.05044578
-0.04132303
-0.04042861
-0.04655052
-0.03252038
0.01459561
0.03194319
-0.0252283
-0.09500047
-0.09082236
-0.04559747
-0.07317251
-0.1995592
-0.2765747
-0.2580938
-0.2056494
-0.1396341
-0.05361991
0.0461555
0.1364894
0.1696284
0.1575914
0.1338707
0.09710523
0.006371273
-0.1225739
-0.2093037
-0.215526
-0.1322377
-0.002178066
0.1624092
0.3438444
0.4220083
0.4132938
0.3732067
0.297478
0.2044957
0.07509967
-0.07355726
-0.2577236
-0.4246976
-0.4796412
-0.4159205
-0.2648381
-0.004108278
0.2856326
0.5529804
0.6979246
0.6803544
0.5916082
0.445981
0.2434456
0.02785464
-0.1674642
-0.31828
-0.3767295
-0.3217664
-0.1625885
0.002831082
0.1338745
0.2279276
0.2360454
0.2038259
0.2013513
0.2115377
0.176915
0.09862225
0.0278461
-0.01558964
-0.1043
-0.2717318
-0.4254582
-0.4333654
-0.3299188
-0.1773991
-0.1040029
-0.1505798
-0.2725983
-0.3746316
-0.4127199
-0.3225206
-0.02998335
0.3351448
0.5772814
0.6154564
0.4915032
0.3067407
0.1022441
-0.08469632
-0.242268
-0.3723797
-0.3913682
-0.29854
-0.1225153
0.1151209
0.3017844
0.3531073
0.2960033
0.1292961
-0.1024064
-0.3045992
-0.4175335
-0.4530373
-0.4119764
-0.2404579
-0.02083886
0.149397
0.3013137
0.4345949
0.4333711
0.2085962
-0.08153236
-0.2521367
-0.2488626
-0.1431106
-0.02412733
0.1007575
0.1765422
0.1601898
0.06288776
-0.07212415
-0.1782714
-0.2186494
-0.1409598
0.009480704
0.1156716
0.1235827
0.05927299
-0.05540352
-0.1860605
-0.265268
-0.2674683
-0.228122
-0.1483105
0.02349021
0.2542109
0.3471517
0.264497
0.1255892
-0.04174827
-0.1843663
-0.2573069
-0.2388121
-0.1192631
0.04721116
0.1925731
0.2896853
0.3308909
0.2811681
0.1324425
-0.03103659
-0.1619583
-0.2479792
-0.2753277
-0.2550513
-0.1854119
-0.0771395
0.02402662
0.09323151
0.1411594
0.1719813
0.1559756
0.09053268
0.007816449
-0.06421385
-0.106248
-0.1183843
-0.07163754
0.03378462
0.1197504
0.1393013
0.09608847
0.01857682
-0.07498424
-0.1476272
-0.1624696
-0.1139813
-0.02652768
0.03508672
0.04492388
0.0596274
0.09585252
0.0777861
-0.007931489
-0.07724843
-0.06615815
-0.01983951
0.0005073673
0.005943664
0.04330463
0.1152381
0.1505068
0.1189258
0.0504326
-0.02699464
-0.09375606
-0.1386529
-0.1129464
-0.03143244
0.02340293
0.03034238
0.03500638
0.03850812
-0.003013787
-0.05859218
-0.05726117
0.00316007
0.03611163
-0.01020257
-0.07571179
-0.07489699
-0.02109024
0.001972135
-0.03763154
-0.06271764
-0.02188968
0.04354297
0.07084382
0.06716426
0.06381189
0.06086381
0.0459389
0.02712859
0.02993555
0.06040862
0.0914362
0.09650853
0.07837795
0.05134717
0.02683838
0.0104588
-0.01484267
-0.05300301
-0.06512699
-0.03909846
-0.002248644
0.01470223
0.01556616
0.01453615
0.0160801
0.02491212
0.05606426
0.1075363
0.1506344
0.1796949
0.1928347
0.1796633
0.1192677
0.01388007
-0.07370791
-0.1212121
-0.1836643
-0.2350441
-0.1880605
-0.0457908
0.0501715
0.02776616
0.01821092
0.1381448
0.2663209
0.2659226
0.1690806
0.0718094
0.01543492
-0.03684995
-0.09810106
-0.1340133
-0.08948848
0.05886955
0.2147832
0.2723806
0.2262408
0.1303174
-0.003530383
-0.1427039
-0.2376781
-0.2449444
-0.1473027
-0.0209107
0.05830772
0.06712238
0.02537946
-0.02800666
-0.06675531
-0.06270107
-0.004742006
0.05474483
0.04898031
0.003795699
-0.02596343
-0.04971716
-0.1145358
-0.2086083
-0.2392904
-0.1873787
-0.09677966
0.009117144
0.1225322
0.1758203
0.1385402
0.04687992
-0.02519831
-0.0762196
-0.1377083
-0.1827389
-0.178201
-0.1260162
-0.06018724
-0.01094574
0.03488338
0.07313102
0.0730569
0.02958422
-0.03243221
-0.07847198
-0.1003976
-0.1000508
-0.0527238
0.07513317
0.2159461
0.2712554
0.1982195
0.06826654
-0.004910402
-0.04342078
-0.0872042
-0.1529574
-0.2546879
-0.2984013
-0.2183233
-0.07535635
0.03081744
0.04931734
0.02787099
-0.01515182
-0.07727655
-0.1032267
-0.08952259
-0.07229912
-0.06525687
-0.06158561
-0.05023312
-0.02155803
0.01657088
0.03392693
0.009246681
-0.03669526
-0.07656036
-0.1036089
-0.1308476
-0.1535903
-0.1468249
-0.09475406
0.001518862
0.1027613
0.1897047
0.2581188
0.2718793
0.2167762
0.1341879
0.07210523
0.03828058
-0.01270438
-0.07296893
-0.0744249
-0.01162578
0.06618791
0.07578622
0.02556802
-0.0317865
-0.05067461
-0.04205523
-0.01413713
0.04680747
0.1183563
0.1751812
0.1981542
0.184653
0.1367148
0.04591389
-0.03664038
-0.06020383
-0.05734681
-0.0559398
-0.04990027
-0.02368248
0.01587213
0.03027784
0.02726706
0.02897472
0.03553459
0.04900068
0.08954638
0.1466549
0.1779457
0.161717
0.1105401
0.03664021
-0.06331394
-0.1523469
-0.1740305
-0.1446395
-0.09262634
-0.03284482
0.0150162
0.02088916
-0.002520553
-0.01791362
0.002006977
0.04397768
0.05781934
0.04558601
0.03820785
0.03855289
0.02449613
-0.0268547
-0.09493978
-0.1504161
-0.1938223
-0.2062113
-0.1850205
-0.1316346
-0.05194089
0.01903075
0.06037549
0.05961451
0.0193906
-0.05732964
-0.1165384
-0.1130166
-0.07070696
-0.009491805
0.04030013
0.07727216
0.1000195
0.09329306
0.0509089
-0.0204029
-0.07729507
-0.1064071
-0.1338678
-0.1571503
-0.152841
-0.106984
-0.002049896
0.127443
0.2256441
0.2434667
0.2042812
0.1310258
0.02253601
-0.07515817
-0.1413901
-0.1593271
-0.1288289
-0.05704916
0.02670803
0.09444417
0.1415627
0.1583263
0.1528574
0.1329238
0.09506975
0.04248817
0.008799019
0.009808134
0.01970938
0.02393267
0.03395322
0.06811842
0.1137129
0.1209921
0.0851587
0.02292353
-0.03356812
-0.05847256
-0.05520097
-0.03174535
-0.00279411
0.02461232
0.05250827
0.07033359
0.07332376
0.06907905
0.06111107
0.05152583
0.04489
0.04330966
0.0430752
0.03932326
0.03072615
0.01842494
0.0008295331
-0.01847978
-0.03761079
-0.06458728
-0.08600146
-0.07831615
-0.03933632
0.02352182
0.06742356
0.06919946
0.04699689
0.008060958
-0.03239226
-0.05116632
-0.04222131
-0.02464649
-0.01568777
-0.01723816
-0.02428418
-0.03688238
-0.05578956
-0.06872281
-0.07143306
-0.07554855
-0.08611093
-0.09060658
-0.06924896
-0.02503247
0.0001376796
-0.004522645
-0.01569008
-0.01845547
-0.01348821
-0.003933123
0.004819165
0.007064088
-0.007401981
-0.0511952
-0.1237023
-0.1732304
-0.1651779
-0.1136536
-0.03940955
0.02434549
0.06766327
0.08099792
0.0661252
0.03472465
-0.01098333
-0.05550179
-0.0867596
-0.1142469
-0.1210997
-0.08192864
-0.02795682
0.01602957
0.05041255
0.0644279
0.05075718
0.02375365
0.008593972
0.005674107
0.002481562
-0.003097515
-0.003705744
0.004475835
0.01495146
0.02045808
0.01813432
0.01065727
-0.00131315
-0.01629474
-0.02820502
-0.03788898
-0.04450883
-0.04376092
-0.03571417
-0.0211017
0.0008098109
0.03081472
0.05642639
0.06147417
0.05266769
0.04202144
0.03644976
0.0342424
0.02829868
0.01802155
0.01086891
0.01575825
0.03104801
0.03768287
0.02300552
0.001547251
-0.002727679
0.007056799
0.01405135
0.01345788
0.01294836
0.01248342
0.003499786
-0.01171041
-0.01675413
-0.003036337
0.01586192
0.02967782
0.03580741
0.03380065
0.01855939
-0.01009573
-0.02814271
-0.02539873
-0.009700712
0.006694375
0.01824972
0.02471204
0.02479268
0.01639011
0.0005909149
-0.007890548
0.002123012
0.02187474
0.02732479
0.01614636
0.003930433
-0.001617871
-0.002460144
-0.0006640015
0.006169096
0.02001337
0.03329517
0.03860242
0.02915891
0.004427548
-0.01942899
-0.02469319
-0.0146662
0.008059246
0.03771482
0.04840961
0.03962158
0.0273348
0.01765002
0.009555758
0.005684702
0.01662582
0.04243235
0.06104556
0.05881665
0.04820029
0.03981127
0.0285675
0.01046874
-0.00614875
-0.007445491
0.007008009
0.02120242
0.02099326
0.00804577
-0.007360134
-0.0149298
-0.01136787
-0.003643017
0.003143822
0.006939819
0.006884257
0.001219461
-0.01214014
-0.02915495
-0.04489589
-0.05999791
-0.06978658
-0.06787676
-0.04797054
-0.01382479
0.01362093
0.01779779
-0.001091714
-0.02600075
-0.03836404
-0.0359396
-0.03135598
-0.0301444
-0.02928877
-0.02588747
-0.01769239
-0.004562824
0.0106658
0.02141393
0.02293769
0.01947434
0.01578395
0.01373912
0.01296599
0.01253223
0.01041213
0.00220554
-0.01903862
-0.04614227
-0.05635557
-0.05212991
-0.03437186
-0.004871376
0.007221303
-0.004101785
-0.01078395
-0.001209566
-0.001687846
-0.04397407
-0.08348442
-0.06109428
-0.004008119
0.02445442
0.02700294
0.03764031
0.04522547
0.02515599
-0.01012452
-0.02842614
-0.02541006
-0.01543913
0.005481312
0.04055754
0.06604683
0.06640231
0.04566134
0.01360028
-0.02899891
-0.06419089
-0.07376463
-0.06616253
-0.04813275
-0.02294027
0.007921597
0.03273443
0.03302548
0.006188849
-0.03969723
-0.07403546
-0.08278097
-0.07666688
-0.0604029
-0.02922475
0.01460978
0.04714952
0.06110545
0.07115074
0.07489289
0.06488725
0.04632081
0.02611758
0.005691592
-0.006333125
-0.0006426347
0.02171104
0.03424658
0.02347175
0.002443967
-0.008592714
-0.007415402
-0.0007856382
0.01138578
0.02280664
0.02569244
0.01822295
0.006665134
-0.00824013
-0.02481296
-0.03280646
-0.02982389
-0.02023382
-0.008549462
0.004202355
0.01288534
0.01111121
-0.00216754
-0.01984772
-0.02892125
-0.02863744
-0.01822812
0.00425274
0.03080903
0.04360917
0.03157944
0.003211073
-0.02670758
-0.03946863
-0.03579453
-0.0194164
0.01429518
0.05057118
0.06839115
0.06129899
0.03833877
0.008984766
-0.02362196
-0.04938232
-0.06001149
-0.05365221
-0.03061182
0.003715821
0.03527015
0.04290277
0.02856635
0.008135042
-0.004274902
-0.00630076
-0.005256603
-0.005469035
-0.008731257
-0.01426654
-0.01533346
-0.003332383
0.02609061
0.05368853
0.05701498
0.04262866
0.02424938
0.01212897
0.008047431
0.009498696
0.01269827
0.01218861
0.005954908
-0.002204123
-0.00573056
-0.005336183
-0.005788873
-0.009889385
-0.01653363
-0.0213664
-0.0203055
-0.01283652
-0.001850935
0.006266537
0.007605421
0.005703775
0.000407705
-0.006670984
-0.01282116
-0.01741456
-0.01990629
-0.01939108
-0.01395519
-0.005633581
0.002430862
0.007438681
0.003063931
-0.01588176
-0.0424599
-0.0529603
-0.04450874
-0.02498967
0.003278288
0.03467469
0.05737158
0.05806489
0.04025889
0.01101358
-0.01913832
-0.03284152
-0.02850756
-0.01094437
0.006579543
0.01324125
0.0132251
0.01158096
0.005796195
-0.008272426
-0.02236451
-0.02470271
-0.01449303
0.003610373
0.01867733
0.02431927
0.02476069
0.01659189
-0.006259153
-0.03686183
-0.05363654
-0.04992169
-0.03142878
0.004761247
0.04215705
0.05614388
0.04744834
0.02938441
0.01018734
-0.006690508
-0.01573657
-0.0153339
-0.005461289
0.01241604
0.02326347
0.01887385
0.00295161
-0.0146469
-0.02835279
-0.03657572
-0.03729926
-0.02702521
0.001951912
0.03229876
0.04157428
0.03449395
0.02040388
-0.0004542099
-0.02507943
-0.0379891
-0.0349674
-0.02307677
-0.00759238
0.002814378
0.006487639
0.005971181
0.00113967
-0.007843859
-0.01641412
-0.01775741
-0.01229804
-0.004041434
0.005915347
0.01737545
0.02716444
0.02616383
0.01289345
-0.003961747
-0.01571656
-0.01837563
-0.01616228
-0.01120532
-0.003390085
0.005169769
0.01072947
0.01024875
0.008109271
0.006740429
0.004091064
-0.0009875326
-0.004944975
-0.003744669
0.001295695
0.007944711
0.01346767
0.01476059
0.009257038
-0.003570197
-0.01538934
-0.01769066
-0.01055672
0.001964481
0.01527188
0.02348655
0.02450001
0.01968914
0.01052703
-0.005071834
-0.02212335
-0.03244884
-0.03596248
-0.032969
-0.02483444
-0.01323207
-0.00269378
-0.0006478148
-0.007808844
-0.01817024
-0.02195965
-0.01949507
-0.01692397
-0.01437891
-0.01122586
-0.008516664
-0.008678152
-0.008431729
-0.002135643
0.00871142
0.01581827
0.0185738
0.01998703
0.01772879
0.006561155
-0.00981441
-0.01774525
-0.0174208
-0.0164771
-0.01326401
-0.0002756045
0.02161642
0.03564452
0.04037259
0.04590628
0.05313495
0.05357642
0.04463239
0.03286546
0.02617843
0.02386191
0.02250869
0.02178491
0.02410975
0.02775124
0.02564962
0.01402149
-0.00138079
-0.009967145
-0.01039254
-0.008578717
-0.006175718
-0.003423077
-0.000930236
0.001526669
0.003910947
0.007416595
0.01186388
0.01285914
0.008387091
-0.00155733
-0.01112911
-0.01512913
-0.01584193
-0.01637972
-0.01828036
-0.01957831
-0.01813447
-0.01358014
-0.005797694
0.004310115
0.01111457
0.01118438
0.007389155
0.007291947
0.01504989
0.0263698
0.02958569
0.01656148
-0.009295624
-0.03479565
-0.04285614
-0.03703079
-0.02257216
-0.002958906
0.014768
0.02707196
0.02939293
0.02319671
0.01460687
0.006872138
0.000160763
-0.00444058
-0.003884563
0.001822838
0.00654561
0.004475601
-0.004920815
-0.01836243
-0.02798051
-0.02804125
-0.02176424
-0.01565829
-0.01479776
-0.01674203
-0.01712849
-0.01660345
-0.01936706
-0.02376376
-0.02453413
-0.02044908
-0.01251032
-0.002030778
0.007550064
0.009476244
-0.0005460727
-0.01506267
-0.01845883
-0.01077061
-0.002954548
-0.0003971683
-0.0005628695
-0.001085721
-0.002574647
-0.003168676
-0.0005936967
0.002277614
0.0030218
0.003914635
0.00707899
0.01067439
0.01026752
0.003886306
-0.004911631
-0.01249282
-0.01408462
-0.007952835
0.01016571
0.04014212
0.06232407
0.06427307
0.05233391
0.03397806
0.01117545
-0.01355631
-0.02804274
-0.02815131
-0.0185815
0.00167274
0.02970517
0.05335484
0.05608103
0.04220094
0.02599234
0.007177541
-0.02610927
-0.06697165
-0.07506641
-0.03171008
0.02162347
0.04491308
0.04432421
0.03415651
0.009928002
-0.02632444
-0.04992544
-0.05452502
-0.04827451
-0.03060377
0.002004761
0.02855415
0.02576165
0.002879614
-0.02437882
-0.04338495
-0.05588801
-0.06529272
-0.06647952
-0.05823224
-0.03868979
-0.006777665
0.02174354
0.02943345
0.01642286
-0.0007049242
-0.01257389
-0.02378989
-0.03794598
-0.04937312
-0.04973899
-0.03883327
-0.02032094
-0.000565092
0.009824721
0.009694278
0.002983693
-0.009035701
-0.01971028
-0.02294357
-0.02050111
-0.01395281
-0.005445692
0.0054591
0.01680239
0.02629827
0.03363082
0.03826297
0.04072026
0.04006056
0.0367988
0.03192193
0.02626297
0.02090461
0.01601464
0.01169495
0.009429745
0.01016869
0.01203928
0.01326533
0.01490508
0.01594018
0.01727785
0.01943892
0.01967371
0.018636
0.01628711
0.01269998
0.009914114
0.01125939
0.01468622
0.01485059
0.01067704
0.003862865
-0.002048142
-0.006607036
-0.005924602
0.002487435
0.01574873
0.02412801
0.02399688
0.01775112
0.009562914
0.003630262
0.001387144
0.004437018
0.01085936
0.01433879
0.01236959
0.002287918
-0.01048753
-0.01272636
-0.0002985268
0.01827016
0.0278862
0.02428086
0.01231908
-0.001191024
-0.01084749
-0.01453481
-0.01186866
-0.005755693
0.001347121
0.006049108
0.005620767
0.0008153181
-0.006146544
-0.01296412
-0.0164553
-0.01461232
-0.01069686
-0.009900785
-0.0120462
-0.01662946
-0.02735057
-0.04123457
-0.04349307
-0.02914222
-0.004440307
0.01602498
0.02469434
0.01974898
0.003680318
-0.0130911
-0.02143084
-0.0205975
-0.01535312
-0.007158229
0.001752725
0.001980193
-0.007761429
-0.01818099
-0.02119328
-0.01664513
-0.009961056
-0.003314629
0.0007564657
0.002277579
0.001856139
0.001314995
0.001957789
0.002169222
0.002171516
0.002231877
0.001669201
0.0006638468
-0.0004647758
-0.0008415673
-0.001961785
-0.003163942
-0.002691091
0.0007861241
0.005392028
0.004720569
0.005019819
0.008628524
0.005090115
-0.001321212
-0.001732167
0.002587044
0.007680107
0.01035965
0.009365301
0.004521416
-0.001758778
-0.007286382
-0.01076341
-0.008697399
-0.0002124015
0.01281673
0.02329067
0.02761443
0.02526924
0.01617407
0.004265402
-0.004312688
-0.002295398
0.007720114
0.01424855
0.01428334
0.01198734
0.007739735
0.002716435
-0.0007802193
-0.0007657716
0.0002180414
-0.002293243
-0.009606595
-0.01687245
-0.01807348
-0.01549302
-0.01281008
-0.01038059
-0.007936103
-0.005746167
-0.006545045
-0.01126443
-0.0165566
-0.02024981
-0.02190633
-0.02152233
-0.01758516
-0.01149384
-0.008291415
-0.008831493
-0.009484625
-0.008307926
-0.006472359
-0.00521467
-0.00240007
0.003048233
0.01070737
0.0158478
0.01410735
0.006797102
-4.5406E-05
-0.00340919
-0.005715144
-0.01007146
-0.01388634
-0.01281861
-0.002733502
0.01256865
0.02250028
0.02202987
0.01538618
0.008190838
0.003697953
-4.748031E-05
-0.005966179
-0.01350024
-0.01843505
-0.01823604
-0.01372544
-0.004298616
0.00696091
0.009847399
-0.0004589894
-0.01344935
-0.01684936
-0.01519234
-0.01442921
-0.009934222
-0.0001714176
0.01187976
0.01869437
0.01716287
0.01390137
0.01127533
0.006406144
-0.0004347148
-0.002733156
0.001297631
0.008438146
0.01740318
0.02453755
0.02447891
0.01699975
0.005708729
-0.004193596
-0.009627136
-0.007923055
-0.001309147
0.003983385
0.003878528
0.0003229187
5.00501E-05
0.004310669
0.009537071
0.01265271
0.01295993
0.01184983
0.01140167
0.01319931
0.01485119
0.01492992
0.01650221
0.020482
0.02322217
0.02268556
0.01963962
0.01417465
0.007829269
0.002688509
-0.0001644825
2.325481E-05
0.002656365
0.004318175
0.001072255
-0.005971142
-0.01023283
-0.009780453
-0.009854045
-0.01310554
-0.01549386
-0.01419585
-0.0136686
-0.01624145
-0.01782002
-0.01553852
-0.01268416
-0.01301754
-0.01454548
-0.01352239
-0.00883407
-0.001838169
0.008146981
0.01397477
0.009716578
0.0006229645
-0.007490362
-0.01339251
-0.01838356
-0.02111211
-0.01953862
-0.01495651
-0.009358325
-0.002315275
0.006674121
0.01506024
0.01911932
0.01927298
0.01865933
0.0172146
0.012834
0.005970022
-0.0003891926
-0.002886126
0.000282169
0.00606207
0.01015585
0.01300399
0.0163602
0.0174364
0.01479647
0.010774
0.008601043
0.006820706
0.003156037
-0.0005573797
-0.003114646
-0.005256879
-0.006500015
-0.005707846
-0.002099314
0.002771
0.005048663
0.003624189
0.001979609
0.0006840339
-0.00159889
-0.004545309
-0.006053369
-0.004285944
-0.001502696
-0.0007572783
-0.0003401917
0.001857402
0.004997037
0.005112693
0.001095572
-0.004572626
-0.008374898
-0.008845809
-0.007545697
-0.004834021
-0.00103406
0.003278713
0.005728152
0.00559331
0.003004842
-0.002177184
-0.008718504
-0.01268066
-0.0120333
-0.008139372
-0.003889821
-0.0008941982
-0.0007508289
-0.003931096
-0.009692321
-0.01613234
-0.02065679
-0.02237689
-0.01903733
-0.01135031
-0.006059982
-0.004364419
-0.005181135
-0.009280637
-0.01641871
-0.02050655
-0.01857438
-0.01506357
-0.01135049
-0.006953465
-0.001811353
0.00213268
0.002933768
0.002976111
0.002757639
0.00083249
-0.001685843
-0.002892084
-0.002832461
-0.002113212
-0.0008330246
0.0002974731
0.0007737037
0.0007958566
0.0009724202
0.001425136
0.001745653
0.002218624
0.002654898
0.002559764
0.002168889
0.002477833
0.003178371
0.003861128
0.005005187
0.006355419
0.006312608
0.005032927
0.003480437
0.002392673
0.002443984
0.003841427
0.005683122
0.007066428
0.008273703
0.009580031
0.01026493
0.01023218
0.009050509
0.005166625
-0.002432576
-0.009252802
-0.01050039
-0.006106432
0.002851608
0.01268988
0.01737992
0.01496494
0.008719897
0.001500509
-0.003946223
-0.005214641
-0.002850813
0.001894129
0.006740827
0.01005861
0.0107748
0.007859131
0.002698198
-0.002196876
-0.004751054
-0.004726334
-0.002414388
0.002133433
0.005792242
0.006009279
0.004359186
0.002429318
0.0001543834
-0.002621418
-0.004298856
-0.004009422
-0.002709206
-0.0009672255
0.0009863629
0.00226352
0.002088749
0.0009713603
-0.0002786898
-0.001379626
-0.001886302
-0.001766134
-0.001298464
-0.000770443
-0.0004372361
-0.0003915908
-0.0005835476
-0.00090328
-0.001221757
-0.00132326
-0.001200976
-0.001012185
-0.00082672
-0.0006908174
-0.0006419363
-0.0006852292
-0.000759593
-0.0008071877
-0.0008156404
-0.0007840369
-0.0007232835
-0.0006581254
-0.0006020385
-0.0005615979
-0.000537677
-0.0005250516
-0.0005138131
-0.000495702
-0.0004663245
-0.0004274661
-0.0003848899
-0.0003437155
-0.0003053124
-0.0002693587
-0.0002345588
-0.0002004915
-0.0001673277
-0.000135162
-0.000104144
-7.442471E-05
-4.609233E-05
-1.919655E-05
6.243671E-06
