0.01
-0.00149
-0.00148
-0.00135
-0.001
-0.00087
-0.00128
-0.00182
-0.00158
-0.00069
-0.00095
-0.00251
-0.0031
-0.00152
0.00055
-0.00044
-0.00503
-0.00845
-0.00885
-0.00748
-0.00268
0.00114
-0.0043
-0.01119
-0.0034
0.00405
0.00035
-0.00356
-0.00095
0.00061
0.00336
0.00918
0.00198
-0.01012
-0.00997
-0.00956
-0.01895
-0.01844
0.00511
0.02548
-0.00745
-0.05112
-0.05033
-0.03944
-0.04518
-0.03743
-0.02539
-0.02407
-0.02078
-0.00331
0.02729
0.05145
0.05747
0.04172
-0.00349
-0.03165
0.01555
0.07701
0.0694
0.03623
0.03307
0.04161
0.053
0.08326
0.08813
0.00328
-0.0978
-0.10583
-0.05628
-0.04799
-0.08448
-0.09513
-0.05407
0.00461
0.04468
0.07086
0.0929
0.1027
0.09418
0.06527
0.02901
-0.0244
-0.08705
-0.10804
-0.08521
-0.07926
-0.10542
-0.11694
-0.08344
-0.07562
-0.10293
-0.06478
-0.01136
-0.00639
0.02991
0.09669
0.09465
0.04031
0.02128
0.0561
0.10076
0.12349
0.07383
-0.05686
-0.14997
-0.06
0.05601
0.02571
-0.02232
-0.04925
-0.12364
-0.16964
-0.09358
0.01382
0.05155
0.055
0.07707
0.16746
0.26433
0.02755
-0.30921
-0.17474
0.10883
0.1819
0.0762
-0.02376
-0.01463
0.01549
0.00542
0.05207
0.14254
0.11486
0.0125
0.00069
0.01936
-0.05845
-0.15557
-0.16308
-0.14336
-0.17187
-0.20255
-0.17964
-0.12201
-0.05522
0.0255
0.05388
-0.01759
-0.06126
0.02269
0.10856
0.11848
0.08833
0.06226
0.0574
0.07068
0.0679
0.03364
-0.00638
-0.02515
-0.02483
-0.01298
-0.00359
-0.05019
-0.13418
-0.135
-0.05893
-0.0056
0.00689
0.03229
0.07215
0.10087
0.11781
0.11759
0.07415
-0.01802
-0.09821
-0.12181
-0.10228
-0.04666
0.03721
0.10254
0.12489
0.14167
0.17078
0.17435
0.13591
0.07143
-0.01914
-0.10252
-0.11385
-0.05669
0.01368
0.07393
0.11222
0.08857
0.01439
-0.0141
0.02989
0.08481
0.12898
0.17962
0.23421
0.2694
0.27731
0.26478
0.23404
0.19197
0.12899
0.02724
-0.08373
-0.15514
-0.16424
-0.13556
-0.12633
-0.17855
-0.26541
-0.317
-0.32343
-0.32822
-0.33156
-0.31914
-0.30265
-0.29974
-0.30524
-0.30104
-0.28456
-0.26462
-0.23852
-0.20681
-0.18814
-0.18441
-0.18494
-0.18348
-0.18019
-0.17394
-0.16361
-0.1459
-0.11743
-0.08686
-0.03723
0.0423
0.12609
0.20343
0.27939
0.35323
0.3921
0.38852
0.37911
0.37326
0.36821
0.36415
0.36353
0.36671
0.35453
0.30518
0.23381
0.17403
0.12016
0.06476
0.02612
0.01107
0.00909
0.02249
0.06161
0.12327
0.18106
0.2295
0.28504
0.33264
0.34775
0.34516
0.33891
0.32645
0.2994
0.25809
0.20935
0.18627
0.22759
0.29184
0.34643
0.39471
0.41146
0.3935
0.34755
0.28336
0.21322
0.14635
0.0976
0.03808
-0.06681
-0.1844
-0.2906
-0.35891
-0.35163
-0.29094
-0.24542
-0.29085
-0.39764
-0.42695
-0.37928
-0.32387
-0.26742
-0.19482
-0.11918
-0.04802
0.02167
0.09104
0.1583
0.20042
0.18787
0.14786
0.13606
0.16863
0.21458
0.22314
0.18921
0.13661
0.07332
-0.04408
-0.1917
-0.31645
-0.36119
-0.31163
-0.23354
-0.17641
-0.15058
-0.14319
-0.14686
-0.1954
-0.33043
-0.42246
-0.4269
-0.41661
-0.40336
-0.36132
-0.30589
-0.26457
-0.22844
-0.18558
-0.16129
-0.16021
-0.16234
-0.14425
-0.05481
0.04974
0.07681
0.07679
0.09619
0.10834
0.06285
-0.05687
-0.16398
-0.18755
-0.14295
-0.0907
-0.07496
-0.07346
-0.05624
0.00375
0.07715
0.10348
0.09513
0.05473
-0.02971
-0.07581
-0.05108
-0.01317
-0.01146
-0.0256
-0.02145
-0.00968
-0.03012
-0.12124
-0.18633
-0.17471
-0.15025
-0.15927
-0.18863
-0.20205
-0.19305
-0.18622
-0.20398
-0.25095
-0.2817
-0.29232
-0.31829
-0.34746
-0.34819
-0.31137
-0.25345
-0.19264
-0.11111
-0.00893
0.09604
0.24304
0.36331
0.34108
0.21575
0.1335
0.1358
0.19196
0.25501
0.27029
0.23898
0.17214
0.11157
0.07911
0.05346
0.02606
0.0021
-0.06465
-0.19292
-0.27999
-0.29301
-0.30098
-0.3413
-0.371
-0.34552
-0.26288
-0.12965
0.04998
0.23982
0.39645
0.47235
0.46728
0.38753
0.31694
0.3135
0.36317
0.38635
0.35929
0.31965
0.29741
0.2788
0.24914
0.20632
0.18505
0.23574
0.32092
0.2752
0.11707
-0.03466
-0.15748
-0.22021
-0.22213
-0.20969
-0.18436
-0.14706
-0.13642
-0.16814
-0.20134
-0.17518
-0.12265
-0.09815
-0.06689
0.02632
0.16197
0.27925
0.34669
0.35494
0.30099
0.21615
0.12034
-0.01398
-0.16182
-0.21255
-0.1584
-0.03944
0.07471
0.15343
0.18415
0.12321
0.02125
-0.02229
-0.01534
-0.03682
-0.06988
-0.04514
0.01068
0.04943
0.05952
0.04742
0.01333
-0.0266
-0.01675
0.05879
0.14101
0.15814
0.11808
0.05579
-0.00341
-0.05586
-0.10126
-0.12657
-0.13024
-0.09604
-0.01843
0.04618
0.0685
0.06996
0.07127
0.05174
-0.05532
-0.18348
-0.25693
-0.28032
-0.22667
-0.13717
-0.05553
-0.01323
0.00269
0.06142
0.15081
0.24047
0.32412
0.3355
0.2689
0.20031
0.17548
0.18104
0.18985
0.19592
0.19604
0.19211
0.19092
0.18963
0.18155
0.16715
0.15697
0.156
0.1511
0.1315
0.11311
0.11743
0.13219
0.12262
0.07786
0.0061
-0.05612
-0.09317
-0.09871
-0.06137
0.00461
0.06219
0.10268
0.12844
0.13928
0.11271
0.00541
-0.12867
-0.15584
-0.05088
0.03683
0.04692
0.03742
0.03739
0.03923
0.04124
0.04733
0.04543
0.01672
-0.01456
-0.02852
-0.03142
-0.03514
-0.04375
-0.05736
-0.06556
-0.05668
-0.00089
0.12224
0.20074
0.13546
-0.00661
-0.07652
-0.0551
0.00817
0.05792
0.0707
0.05111
0.00455
-0.05691
-0.11783
-0.16913
-0.202
-0.22712
-0.26549
-0.31167
-0.35245
-0.39151
-0.4251
-0.44363
-0.44547
-0.42103
-0.37558
-0.32476
-0.29261
-0.28473
-0.28124
-0.2726
-0.26519
-0.26384
-0.26436
-0.26204
-0.25551
-0.24183
-0.22116
-0.19517
-0.16698
-0.15096
-0.14387
-0.13479
-0.1235
-0.11152
-0.08652
-0.04991
-0.02755
-0.02643
-0.04025
-0.06114
-0.08714
-0.10906
-0.12865
-0.16354
-0.19451
-0.14138
-0.00218
0.11834
0.14714
0.13136
0.11397
0.06886
-0.01163
-0.07069
-0.08122
-0.07601
-0.07424
-0.07288
-0.07135
-0.0732
-0.07678
-0.0663
-0.02249
0.0209
0.02732
0.01585
0.01433
0.04075
0.08374
0.12518
0.14572
0.14669
0.13991
0.12952
0.12233
0.13558
0.15835
0.16739
0.1617
0.11619
0.01747
-0.05694
-0.06235
-0.03911
-0.0271
-0.03247
-0.03173
0.00983
0.05687
0.07016
0.06522
0.05575
0.04305
0.02749
0.01821
0.03073
0.07195
0.10573
0.11414
0.12051
0.14383
0.20073
0.2612
0.26401
0.21021
0.12664
0.07667
0.07302
0.08998
0.0532
-0.06638
-0.1796
-0.19024
-0.09811
0.02117
0.09726
0.10708
0.09347
0.08031
0.07877
0.10495
0.16451
0.24344
0.29662
0.28807
0.20552
0.10991
0.04387
-0.01197
-0.08111
-0.18365
-0.26587
-0.26369
-0.19865
-0.13726
-0.11856
-0.11559
-0.10113
-0.06954
-0.01506
0.09118
0.22972
0.32408
0.33158
0.3076
0.29249
0.2833
0.25591
0.20973
0.1579
0.07874
-0.02026
-0.12732
-0.18177
-0.17382
-0.1531
-0.13625
-0.12677
-0.11504
-0.06542
0.02193
0.11146
0.16298
0.16725
0.14088
0.06424
-0.06639
-0.11866
-0.08093
-0.04037
-0.02616
-0.02031
-0.01065
0.00085
0.00821
0.01176
0.01083
0.00394
-0.00589
-0.01103
-0.00331
0.01658
0.04975
0.08242
0.11174
0.13907
0.1519
0.12441
0.00217
-0.16804
-0.24339
-0.1956
-0.05961
0.09429
0.20127
0.2204
0.16819
0.11035
0.08606
0.0794
0.0608
-0.00045
-0.05617
-0.06876
-0.06078
-0.0446
-0.02729
-0.01446
-0.00962
-0.00933
0.00624
0.0676
0.11098
0.1083
0.09521
0.08845
0.0822
0.07021
0.05235
0.02501
-0.02678
-0.0725
-0.0866
-0.08709
-0.08904
-0.09755
-0.12296
-0.16697
-0.19342
-0.19397
-0.18075
-0.15203
-0.07698
0.04001
0.09331
0.07588
0.02745
-0.03108
-0.07068
-0.08723
-0.08943
-0.09022
-0.10128
-0.11556
-0.11607
-0.0812
0.00557
0.08221
0.09224
0.07686
0.06671
0.05401
0.03156
-0.0053
-0.05322
-0.09673
-0.14083
-0.17619
-0.18443
-0.17541
-0.15487
-0.12522
-0.09066
-0.02431
0.07911
0.1681
0.20148
0.19138
0.1708
0.15169
0.13782
0.13044
0.12345
0.11111
0.08744
0.03722
-0.02627
-0.05338
-0.03752
-0.00173
0.01885
0.01693
0.00622
-0.00559
-0.01591
-0.02444
-0.033
-0.03861
-0.04194
-0.04955
-0.06482
-0.09884
-0.16691
-0.22428
-0.23422
-0.21511
-0.18474
-0.15961
-0.14143
-0.122
-0.0934
-0.03558
0.04795
0.12204
0.17845
0.20139
0.19779
0.19219
0.19279
0.19522
0.19689
0.19996
0.20211
0.19957
0.19022
0.17383
0.1532
0.1299
0.10417
0.06507
-0.0054
-0.05143
-0.04526
-0.02315
-0.00706
0.00391
0.02558
0.05478
0.06841
0.06777
0.06174
0.0411
0.00085
-0.05098
-0.09797
-0.11743
-0.11069
-0.10093
-0.09685
-0.0949
-0.08744
-0.06517
-0.00771
0.09444
0.17779
0.18935
0.14391
0.06528
0.01815
0.01553
0.02591
0.03081
0.02855
0.01621
-0.00869
-0.04883
-0.09531
-0.14797
-0.21395
-0.24651
-0.23464
-0.21569
-0.20105
-0.17898
-0.12331
-0.03559
0.02201
0.03123
0.01514
-0.01816
-0.04672
-0.05575
-0.05039
-0.038
-0.01618
0.01183
0.03503
0.05649
0.07655
0.08919
0.0935
0.08452
0.0548
0.01288
-0.02727
-0.05239
-0.06212
-0.0644
-0.05652
-0.03566
-0.00695
0.01196
0.01759
0.01972
0.01971
0.01795
0.01992
0.03438
0.06231
0.09416
0.11448
0.11938
0.11836
0.11804
0.11844
0.11835
0.11665
0.10765
0.08666
0.05336
0.02066
0.00103
-0.01685
-0.05395
-0.09309
-0.10618
-0.10341
-0.0951
-0.07403
-0.02808
0.02024
0.03789
0.03615
0.03331
0.03267
0.03219
0.02806
0.01368
-0.00689
-0.02373
-0.02954
-0.03092
-0.03839
-0.05832
-0.0825
-0.09709
-0.09966
-0.09609
-0.09054
-0.07888
-0.05492
-0.00965
0.05059
0.08824
0.09181
0.0786
0.05689
0.03095
0.0043
-0.01821
-0.03361
-0.04497
-0.05221
-0.05109
-0.03278
0.00748
0.04571
0.06736
0.07694
0.08004
0.07946
0.07221
0.05713
0.03698
0.01909
0.00943
0.00236
-0.00684
-0.01594
-0.02312
-0.03003
-0.03886
-0.04846
-0.05937
-0.07207
-0.07963
-0.0784
-0.0667
-0.04599
-0.01689
0.00075
-0.00509
-0.02198
-0.03606
-0.03873
-0.03502
-0.02224
-0.00022
0.01445
0.01263
0.0037
-0.00014
0.00089
-0.0013
-0.00686
-0.00878
-0.00595
-0.00424
-0.0074
-0.01582
-0.03249
-0.05528
-0.07065
-0.06322
-0.03015
0.00487
0.01922
0.0156
0.00675
-0.00204
-0.00732
-0.00181
0.0176
0.0391
0.04945
0.05286
0.05347
0.05116
0.05117
0.0607
0.07989
0.10369
0.12202
0.12987
0.13288
0.1367
0.13838
0.13701
0.13464
0.13115
0.1254
0.11716
0.10094
0.07053
0.03505
0.00782
-0.00811
-0.01722
-0.02726
-0.04184
-0.05859
-0.07386
-0.08451
-0.08819
-0.08373
-0.06985
-0.05274
-0.03934
-0.03105
-0.02628
-0.02311
-0.01984
-0.01755
-0.0174
-0.01862
-0.02035
-0.01973
-0.00941
0.01888
0.04896
0.06252
0.06527
0.06223
0.04879
0.01999
-0.01444
-0.04275
-0.06916
-0.09294
-0.11596
-0.14324
-0.16085
-0.16297
-0.15603
-0.14305
-0.12183
-0.08165
-0.03785
-0.01927
-0.01725
-0.01534
-0.00937
0.00743
0.04706
0.0842
0.09441
0.08898
0.07883
0.06504
0.04293
0.01299
-0.02152
-0.05756
-0.08252
-0.09311
-0.09893
-0.10022
-0.08696
-0.04382
0.00966
0.02832
0.02176
0.01059
-0.00061
-0.01063
-0.01629
-0.01382
-0.00693
-0.0007
0.00167
0.00008
0.00158
0.01385
0.03067
0.03915
0.0289
-0.0047
-0.05176
-0.09288
-0.11137
-0.11339
-0.11321
-0.11473
-0.11685
-0.11882
-0.11704
-0.10604
-0.07299
-0.00857
0.05688
0.08836
0.09312
0.08931
0.08366
0.08002
0.08194
0.08591
0.08649
0.08121
0.06991
0.04409
0.0093
-0.0097
-0.01333
-0.01241
-0.0131
-0.01481
-0.01217
-0.0043
0.00351
0.00715
0.00372
-0.00601
-0.01638
-0.02485
-0.02528
-0.01712
-0.00608
0.00348
0.01047
0.01613
0.01942
0.01949
0.01661
0.01233
0.00862
0.00632
0.00556
0.00371
-0.00498
-0.02037
-0.03517
-0.04268
-0.04081
-0.03174
-0.02148
-0.01181
-0.00436
-0.00185
-0.00502
-0.01162
-0.01516
-0.01325
-0.01052
-0.01115
-0.01244
-0.01076
-0.00858
-0.01057
-0.0189
-0.03062
-0.04004
-0.04458
-0.04225
-0.03632
-0.02968
-0.01945
-0.00782
0.00159
0.01073
0.01605
0.01534
0.01711
0.02704
0.03719
0.04256
0.04176
0.03514
0.02605
0.01902
0.01669
0.01637
0.01494
0.01376
0.01556
0.02076
0.02643
0.02958
0.02681
0.01883
0.01308
0.01771
0.03269
0.0497
0.06427
0.07563
0.08545
0.09507
0.10212
0.10441
0.10294
0.09866
0.09334
0.08788
0.083
0.07824
0.07285
0.06435
0.04646
0.01492
-0.01181
-0.02249
-0.02444
-0.02555
-0.02838
-0.03469
-0.04783
-0.06796
-0.08551
-0.09285
-0.09495
-0.09734
-0.09876
-0.0977
-0.09377
-0.08645
-0.06765
-0.02639
0.01668
0.03718
0.04466
0.04999
0.05128
0.04708
0.03789
0.02343
-0.00466
-0.05013
-0.0888
-0.10076
-0.08502
-0.04677
-0.00822
0.01531
0.02646
0.02928
0.02565
0.01915
0.01304
0.00893
0.00675
0.00527
0.00317
-0.00088
-0.0062
-0.00994
-0.01118
-0.011
-0.01172
-0.01511
-0.02091
-0.02644
-0.03361
-0.04263
-0.05143
-0.0594
-0.06861
-0.07718
-0.0842
-0.09085
-0.09325
-0.08918
-0.078
-0.06039
-0.04187
-0.02639
-0.01775
-0.01767
-0.02314
-0.03081
-0.03814
-0.04292
-0.04428
-0.04282
-0.03934
-0.03576
-0.03158
-0.02546
-0.01213
0.01257
0.03536
0.05118
0.07107
0.09227
0.104
0.10481
0.09622
0.07529
0.03466
-0.01285
-0.03771
-0.03886
-0.02891
-0.01938
-0.0134
-0.0132
-0.01719
-0.0201
-0.01591
-0.00196
0.01604
0.0299
0.03202
0.02532
0.0117
-0.01196
-0.04155
-0.0627
-0.07033
-0.0731
-0.07501
-0.07131
-0.05717
-0.03309
-0.0005
0.03653
0.06001
0.06688
0.06514
0.05754
0.04759
0.03733
0.02876
0.02247
0.01451
0.00213
-0.01639
-0.03909
-0.05436
-0.0602
-0.06074
-0.05598
-0.04609
-0.03009
-0.0116
-0.00012
0.00333
0.0011
-0.00415
-0.00898
-0.00921
-0.00289
0.01056
0.03814
0.06383
0.07236
0.07295
0.07259
0.07043
0.06465
0.05603
0.04856
0.04392
0.03359
0.0048
-0.02893
-0.04305
-0.03982
-0.03095
-0.01219
0.02006
0.04551
0.0537
0.05085
0.04288
0.03302
0.02476
0.02364
0.02913
0.03617
0.04162
0.04702
0.05396
0.05657
0.04345
0.01084
-0.0149
-0.0199
-0.01794
-0.01858
-0.02085
-0.02171
-0.02075
-0.02147
-0.02793
-0.0374
-0.0437
-0.04154
-0.02419
0.00259
0.0225
0.03406
0.0426
0.04728
0.04523
0.03608
0.02405
0.01753
0.02094
0.02935
0.03598
0.03445
0.02321
0.00311
-0.02169
-0.04155
-0.04916
-0.04277
-0.02813
-0.01318
-0.0008
0.00853
0.01296
0.01404
0.01325
0.01014
0.00766
0.01098
0.01839
0.0215
0.01445
-0.00206
-0.01431
-0.03311
-0.04919
-0.04868
-0.04436
-0.04503
-0.04349
-0.0356
-0.02714
-0.02279
-0.01963
-0.01223
-0.00035
0.01138
0.02345
0.03109
0.03275
0.03371
0.03621
0.03757
0.03782
0.04101
0.04637
0.04452
0.03169
0.00168
-0.03139
-0.04537
-0.04448
-0.03817
-0.02812
-0.01122
0.00645
0.01636
0.01964
0.02014
0.01974
0.01867
0.01708
0.01535
0.01262
0.00826
0.00331
-0.00113
-0.005
-0.00763
-0.00878
-0.00734
-0.00342
-0.00082
-0.00184
-0.00401
-0.00443
0.00068
0.00953
0.01599
0.0192
0.01759
0.01291
0.01226
0.01613
0.02071
0.02359
0.02434
0.02085
0.01412
0.00663
-0.0018
-0.00962
-0.01373
-0.01159
-0.00536
0.00439
0.01496
0.02725
0.03401
0.03113
0.02434
0.01301
-0.00333
-0.01597
-0.0301
-0.04626
-0.05084
-0.0468
-0.04089
-0.03074
-0.01313
0.00352
0.02344
0.04595
0.05208
0.04727
0.03813
0.02837
0.02281
0.02166
0.02057
0.021
0.02557
0.03061
0.03391
0.03379
0.02971
0.02385
0.02084
0.02365
0.02496
0.01692
0.00375
-0.00838
-0.01506
-0.01041
-0.00008
0.00787
0.01601
0.0224
0.02535
0.03162
0.04011
0.05113
0.06408
0.07921
0.08029
0.06565
0.04439
0.02568
0.01467
0.00585
-0.00362
-0.01311
-0.02245
-0.03166
-0.03805
-0.04173
-0.04385
-0.04514
-0.0457
-0.04444
-0.03786
-0.02328
-0.00444
0.00889
0.01327
0.01285
0.01224
0.01363
0.01506
0.01314
0.00638
-0.00192
-0.01016
-0.0155
-0.017
-0.01814
-0.02234
-0.02861
-0.03303
-0.0336
-0.02882
-0.02084
-0.01248
-0.00597
-0.00415
-0.00763
-0.01278
-0.01489
-0.01203
-0.0063
-0.00133
0.00321
0.0077
0.01006
0.00995
0.0107
0.01321
0.01646
0.02141
0.02673
0.02972
0.02914
0.02295
0.01297
-0.00275
-0.02422
-0.04054
-0.04815
-0.04958
-0.04725
-0.04307
-0.03599
-0.02834
-0.02198
-0.01455
-0.00726
-0.00348
-0.00377
-0.00594
-0.00742
-0.00779
-0.00746
-0.00708
-0.00767
-0.00963
-0.01134
-0.00983
-0.00477
0.00008
0.00229
0.00178
0.00027
0.00134
0.00519
0.00851
0.00807
0.00469
0.00027
-0.00367
-0.00648
-0.00811
-0.0094
-0.0112
-0.01443
-0.01783
-0.02122
-0.0225
-0.02002
-0.01504
-0.0114
-0.00938
-0.0078
-0.00688
-0.00696
-0.00439
0.00112
0.00582
0.0088
0.0099
0.00873
0.00663
0.00502
0.00417
0.00386
0.0044
0.00564
0.00919
0.01513
0.02052
0.02471
0.02926
0.03266
0.03365
0.03103
0.02664
0.0185
0.00119
-0.02438
-0.04419
-0.05272
-0.05141
-0.04457
-0.03451
-0.02078
-0.00507
0.0126
0.02869
0.03816
0.04313
0.0454
0.04325
0.03733
0.03102
0.02469
0.01742
0.00926
0.00001
-0.01088
-0.02662
-0.0442
-0.05477
-0.05756
-0.05685
-0.05619
-0.05518
-0.05212
-0.04779
-0.04388
-0.0394
-0.03245
-0.02382
-0.01414
-0.00116
0.01211
0.02174
0.02939
0.03364
0.03411
0.03163
0.02661
0.01982
0.01224
0.00593
0.00135
-0.00288
-0.0077
-0.01154
-0.01424
-0.01597
-0.01681
-0.0167
-0.01577
-0.01385
-0.01059
-0.00642
-0.0015
0.00243
0.0033
0.00181
-0.00031
-0.00136
-0.00201
-0.00237
-0.00066
0.00419
0.01018
0.01489
0.01804
0.02056
0.02157
0.02006
0.01686
0.01368
0.01068
0.00752
0.00471
0.00234
-0.00061
-0.00278
-0.00256
-0.00154
-0.00093
0.00056
0.00551
0.01311
0.02127
0.02907
0.03493
0.03752
0.03788
0.03533
0.02903
0.02151
0.0147
0.00875
0.00389
-0.00163
-0.00771
-0.01285
-0.01644
-0.0181
-0.01774
-0.01601
-0.01463
-0.01476
-0.01637
-0.01774
-0.01765
-0.01664
-0.01491
-0.01076
-0.00285
0.00519
0.00831
0.00686
0.00405
0.00138
-0.0012
-0.00459
-0.01074
-0.0171
-0.01907
-0.01802
-0.01623
-0.01412
-0.0117
-0.00909
-0.00678
-0.00482
-0.00306
-0.00122
0.00027
0.00107
0.00078
-0.00033
-0.00127
-0.00201
-0.00307
-0.00441
-0.00559
-0.00614
-0.0061
-0.00571
-0.00516
-0.00461
-0.00414
-0.00367
-0.00326
-0.00289
-0.00257
-0.00232
-0.00217
-0.00211
-0.00205
-0.00192
-0.00167
-0.00127
-0.00082
-0.00037
0.00005
0.00044
0.00081
0.00115
0.00144
0.00169
0.00194
0.0022
0.00245
0.00267
0.00288
0.00307
0.00325
0.00343
0.0036
0.00377
0.00394
0.0041
0.00425
0.0044
0.00454
0.00467
0.00479
0.0049
0.00501
0.00512
0.00522
0.00531
0.00539
0.00547
0.00554
0.00561